  0.350000   0.0122145
  0.350466   0.0122129
  0.350932   0.0122114
  0.351400   0.0122098
  0.351867   0.0122083
  0.352336   0.0122067
  0.352805   0.0122051
  0.353274   0.0122035
  0.353745   0.0122019
  0.354216   0.0122003
  0.354687   0.0121987
  0.355159   0.0121971
  0.355632   0.0121955
  0.356105   0.0121939
  0.356580   0.0121923
  0.357054   0.0121906
  0.357530   0.0121890
  0.358005   0.0121873
  0.358482   0.0121857
  0.358959   0.0121840
  0.359437   0.0121824
  0.359916   0.0121807
  0.360395   0.0121790
  0.360874   0.0121773
  0.361355   0.0121757
  0.361836   0.0121740
  0.362317   0.0121718
  0.362800   0.0121693
  0.363283   0.0121668
  0.363766   0.0121643
  0.364251   0.0121617
  0.364735   0.0121592
  0.365221   0.0121566
  0.365707   0.0121541
  0.366194   0.0121515
  0.366681   0.0121490
  0.367170   0.0121464
  0.367658   0.0121439
  0.368148   0.0121413
  0.368638   0.0121388
  0.369129   0.0121362
  0.369620   0.0121336
  0.370112   0.0121311
  0.370605   0.0121285
  0.371098   0.0121259
  0.371592   0.0121233
  0.372087   0.0121208
  0.372582   0.0121182
  0.373078   0.0121156
  0.373575   0.0121130
  0.374072   0.0121104
  0.374570   0.0121078
  0.375068   0.0121052
  0.375568   0.0121026
  0.376068   0.0121000
  0.376568   0.0120974
  0.377070   0.0120948
  0.377572   0.0120922
  0.378074   0.0120896
  0.378577   0.0120870
  0.379081   0.0120844
  0.379586   0.0120818
  0.380091   0.0120791
  0.380597   0.0120765
  0.381104   0.0120739
  0.381611   0.0120713
  0.382119   0.0120686
  0.382628   0.0120660
  0.383137   0.0120634
  0.383647   0.0120607
  0.384158   0.0120581
  0.384669   0.0120554
  0.385181   0.0120528
  0.385694   0.0120502
  0.386208   0.0120475
  0.386722   0.0120449
  0.387236   0.0120419
  0.387752   0.0120381
  0.388268   0.0120343
  0.388785   0.0120306
  0.389303   0.0120268
  0.389821   0.0120231
  0.390340   0.0120193
  0.390859   0.0120156
  0.391380   0.0120118
  0.391901   0.0120081
  0.392422   0.0120044
  0.392945   0.0120007
  0.393468   0.0119970
  0.393992   0.0119933
  0.394516   0.0119896
  0.395041   0.0119859
  0.395567   0.0119822
  0.396094   0.0119785
  0.396621   0.0119749
  0.397149   0.0119712
  0.397678   0.0119675
  0.398207   0.0119639
  0.398737   0.0119602
  0.399268   0.0119566
  0.399799   0.0119529
  0.400332   0.0119493
  0.400864   0.0119457
  0.401398   0.0119420
  0.401932   0.0119384
  0.402467   0.0119348
  0.403003   0.0119312
  0.403540   0.0119275
  0.404077   0.0119239
  0.404615   0.0119203
  0.405153   0.0119167
  0.405693   0.0119081
  0.406233   0.0118983
  0.406773   0.0118961
  0.407315   0.0118970
  0.407857   0.0118970
  0.408400   0.0118950
  0.408944   0.0118903
  0.409488   0.0118855
  0.410033   0.0118793
  0.410579   0.0118740
  0.411126   0.0118714
  0.411673   0.0118668
  0.412221   0.0118621
  0.412770   0.0118575
  0.413319   0.0118529
  0.413869   0.0118483
  0.414420   0.0118437
  0.414972   0.0118391
  0.415524   0.0118345
  0.416077   0.0118296
  0.416631   0.0118254
  0.417186   0.0118209
  0.417741   0.0118164
  0.418297   0.0118119
  0.418854   0.0118041
  0.419412   0.0117942
  0.419970   0.0117856
  0.420529   0.0117833
  0.421089   0.0117830
  0.421650   0.0117851
  0.422211   0.0117807
  0.422773   0.0117763
  0.423336   0.0117719
  0.423899   0.0117675
  0.424463   0.0117632
  0.425029   0.0117588
  0.425594   0.0117544
  0.426161   0.0117499
  0.426728   0.0117451
  0.427296   0.0117404
  0.427865   0.0117357
  0.428435   0.0117310
  0.429005   0.0117264
  0.429576   0.0117217
  0.430148   0.0117156
  0.430720   0.0117125
  0.431294   0.0117060
  0.431868   0.0117002
  0.432443   0.0116939
  0.433018   0.0116871
  0.433595   0.0116787
  0.434172   0.0116719
  0.434750   0.0116678
  0.435329   0.0116630
  0.435908   0.0116561
  0.436489   0.0116462
  0.437070   0.0116404
  0.437651   0.0116397
  0.438234   0.0116412
  0.438817   0.0116394
  0.439402   0.0116226
  0.439986   0.0115842
  0.440572   0.0115399
  0.441159   0.0115188
  0.441746   0.0115305
  0.442334   0.0115567
  0.442923   0.0115821
  0.443512   0.0115960
  0.444103   0.0116015
  0.444694   0.0116054
  0.445286   0.0116021
  0.445879   0.0115990
  0.446472   0.0115959
  0.447067   0.0115928
  0.447662   0.0115897
  0.448258   0.0115866
  0.448854   0.0115835
  0.449452   0.0115804
  0.450050   0.0115756
  0.450649   0.0115716
  0.451249   0.0115678
  0.451850   0.0115637
  0.452451   0.0115600
  0.453054   0.0115549
  0.453657   0.0115485
  0.454261   0.0115428
  0.454865   0.0115371
  0.455471   0.0115326
  0.456077   0.0115272
  0.456684   0.0115200
  0.457292   0.0115118
  0.457901   0.0115007
  0.458510   0.0114808
  0.459121   0.0114601
  0.459732   0.0114482
  0.460344   0.0114684
  0.460957   0.0114913
  0.461570   0.0115038
  0.462185   0.0115106
  0.462800   0.0115112
  0.463416   0.0115065
  0.464033   0.0115037
  0.464651   0.0114997
  0.465269   0.0114929
  0.465889   0.0114882
  0.466509   0.0114882
  0.467130   0.0114893
  0.467752   0.0114897
  0.468374   0.0114897
  0.468998   0.0114900
  0.469622   0.0114881
  0.470247   0.0114846
  0.470873   0.0114845
  0.471500   0.0114813
  0.472128   0.0114777
  0.472756   0.0114760
  0.473386   0.0114734
  0.474016   0.0114727
  0.474647   0.0114670
  0.475279   0.0114610
  0.475911   0.0114562
  0.476545   0.0114493
  0.477179   0.0114395
  0.477814   0.0114265
  0.478450   0.0114148
  0.479087   0.0113959
  0.479725   0.0113705
  0.480364   0.0113444
  0.481003   0.0113191
  0.481643   0.0112891
  0.482285   0.0112649
  0.482927   0.0112473
  0.483569   0.0112149
  0.484213   0.0111003
  0.484858   0.0108491
  0.485503   0.0107250
  0.486149   0.0107499
  0.486797   0.0110344
  0.487445   0.0112231
  0.488093   0.0113323
  0.488743   0.0113971
  0.489394   0.0114246
  0.490045   0.0114330
  0.490698   0.0114355
  0.491351   0.0114337
  0.492005   0.0114362
  0.492660   0.0114345
  0.493316   0.0114350
  0.493972   0.0114356
  0.494630   0.0114347
  0.495288   0.0114338
  0.495948   0.0114311
  0.496608   0.0114288
  0.497269   0.0114246
  0.497931   0.0114220
  0.498594   0.0114141
  0.499257   0.0114083
  0.499922   0.0114037
  0.500588   0.0113958
  0.501254   0.0113896
  0.501921   0.0113775
  0.502589   0.0113647
  0.503258   0.0113471
  0.503928   0.0113307
  0.504599   0.0113166
  0.505271   0.0112960
  0.505943   0.0112715
  0.506617   0.0112428
  0.507291   0.0112057
  0.507967   0.0111548
  0.508643   0.0111075
  0.509320   0.0110753
  0.509998   0.0110545
  0.510677   0.0110638
  0.511357   0.0111342
  0.512037   0.0112246
  0.512719   0.0112969
  0.513401   0.0113513
  0.514085   0.0113827
  0.514769   0.0113967
  0.515455   0.0114036
  0.516141   0.0114018
  0.516828   0.0114013
  0.517516   0.0113886
  0.518205   0.0113746
  0.518894   0.0113549
  0.519585   0.0113274
  0.520277   0.0113057
  0.520969   0.0112812
  0.521663   0.0112627
  0.522357   0.0112535
  0.523053   0.0112612
  0.523749   0.0112788
  0.524446   0.0113008
  0.525144   0.0113214
  0.525843   0.0113375
  0.526543   0.0113580
  0.527244   0.0113603
  0.527946   0.0113605
  0.528649   0.0113551
  0.529353   0.0113457
  0.530057   0.0113387
  0.530763   0.0113195
  0.531470   0.0112784
  0.532177   0.0112311
  0.532885   0.0111831
  0.533595   0.0111326
  0.534305   0.0110824
  0.535016   0.0110046
  0.535729   0.0108988
  0.536442   0.0107193
  0.537156   0.0105600
  0.537871   0.0103128
  0.538587   0.0101319
  0.539304   0.0099433
  0.540022   0.0096149
  0.540741   0.0091782
  0.541460   0.0086678
  0.542181   0.0081959
  0.542903   0.0080340
  0.543626   0.0081854
  0.544349   0.0087458
  0.545074   0.0095413
  0.545800   0.0102560
  0.546526   0.0107608
  0.547254   0.0110817
  0.547982   0.0112613
  0.548712   0.0113580
  0.549442   0.0114054
  0.550173   0.0114327
  0.550906   0.0114459
  0.551639   0.0114519
  0.552373   0.0114478
  0.553109   0.0114356
  0.553845   0.0114180
  0.554582   0.0113949
  0.555321   0.0113742
  0.556060   0.0113595
  0.556800   0.0113524
  0.557541   0.0113600
  0.558283   0.0113709
  0.559027   0.0113755
  0.559771   0.0113932
  0.560516   0.0114023
  0.561262   0.0114075
  0.562009   0.0113944
  0.562757   0.0113902
  0.563506   0.0113785
  0.564257   0.0113576
  0.565008   0.0113258
  0.565760   0.0112717
  0.566513   0.0112147
  0.567267   0.0111583
  0.568022   0.0110819
  0.568778   0.0110302
  0.569536   0.0109883
  0.570294   0.0109087
  0.571053   0.0108202
  0.571813   0.0107511
  0.572574   0.0106510
  0.573336   0.0104834
  0.574100   0.0102832
  0.574864   0.0100869
  0.575629   0.0099681
  0.576395   0.0100080
  0.577163   0.0101454
  0.577931   0.0102161
  0.578700   0.0104283
  0.579471   0.0107042
  0.580242   0.0109420
  0.581014   0.0111288
  0.581788   0.0112603
  0.582562   0.0113577
  0.583338   0.0114260
  0.584114   0.0114734
  0.584892   0.0115121
  0.585671   0.0115426
  0.586450   0.0115534
  0.587231   0.0115640
  0.588013   0.0115674
  0.588795   0.0115557
  0.589579   0.0115067
  0.590364   0.0114463
  0.591150   0.0113572
  0.591937   0.0112587
  0.592725   0.0111343
  0.593514   0.0109865
  0.594304   0.0107932
  0.595095   0.0105910
  0.595887   0.0104373
  0.596680   0.0104648
  0.597475   0.0105035
  0.598270   0.0105672
  0.599066   0.0106603
  0.599864   0.0107803
  0.600662   0.0109178
  0.601462   0.0110462
  0.602263   0.0111879
  0.603064   0.0112844
  0.603867   0.0113317
  0.604671   0.0113296
  0.605476   0.0112411
  0.606282   0.0110850
  0.607089   0.0108664
  0.607897   0.0105800
  0.608706   0.0102651
  0.609517   0.0101972
  0.610328   0.0100119
  0.611140   0.0095651
  0.611954   0.0087291
  0.612769   0.0076010
  0.613584   0.0061583
  0.614401   0.0052941
  0.615219   0.0048839
  0.616038   0.0044900
  0.616858   0.0041902
  0.617679   0.0033963
  0.618501   0.0028203
  0.619325   0.0026656
  0.620149   0.0028021
  0.620975   0.0031435
  0.621801   0.0035271
  0.622629   0.0043493
  0.623458   0.0053862
  0.624288   0.0067875
  0.625119   0.0080113
  0.625951   0.0091375
  0.626784   0.0099596
  0.627619   0.0104379
  0.628454   0.0109800
  0.629291   0.0112458
  0.630128   0.0114584
  0.630967   0.0116037
  0.631807   0.0116697
  0.632648   0.0117251
  0.633490   0.0117117
  0.634334   0.0117159
  0.635178   0.0116969
  0.636024   0.0116369
  0.636870   0.0115731
  0.637718   0.0115392
  0.638567   0.0114194
  0.639417   0.0113030
  0.640268   0.0111828
  0.641121   0.0109357
  0.641974   0.0107334
  0.642829   0.0106326
  0.643684   0.0107364
  0.644541   0.0108940
  0.645399   0.0108953
  0.646258   0.0108555
  0.647119   0.0109767
  0.647980   0.0108666
  0.648843   0.0105089
  0.649706   0.0102835
  0.650571   0.0101602
  0.651437   0.0101773
  0.652304   0.0101842
  0.653173   0.0099581
  0.654042   0.0095931
  0.654913   0.0093212
  0.655785   0.0088233
  0.656658   0.0085723
  0.657532   0.0087277
  0.658407   0.0084874
  0.659283   0.0082136
  0.660161   0.0081491
  0.661040   0.0081030
  0.661920   0.0077422
  0.662801   0.0072710
  0.663683   0.0071637
  0.664567   0.0070683
  0.665451   0.0067163
  0.666337   0.0060597
  0.667224   0.0061681
  0.668113   0.0062968
  0.669002   0.0066216
  0.669892   0.0072240
  0.670784   0.0079769
  0.671677   0.0087221
  0.672571   0.0096222
  0.673467   0.0103460
  0.674363   0.0107999
  0.675261   0.0113866
  0.676160   0.0117052
  0.677060   0.0118909
  0.677961   0.0119746
  0.678864   0.0118365
  0.679767   0.0112891
  0.680672   0.0108444
  0.681578   0.0103766
  0.682486   0.0093009
  0.683394   0.0094370
  0.684304   0.0097491
  0.685215   0.0099925
  0.686127   0.0103047
  0.687040   0.0102357
  0.687955   0.0109582
  0.688871   0.0107939
  0.689788   0.0113399
  0.690706   0.0113124
  0.691625   0.0113414
  0.692546   0.0112750
  0.693468   0.0110623
  0.694391   0.0107335
  0.695315   0.0100198
  0.696241   0.0088461
  0.697168   0.0075819
  0.698096   0.0071232
  0.699025   0.0060643
  0.699956   0.0046922
  0.700887   0.0040981
  0.701820   0.0034839
  0.702755   0.0034256
  0.703690   0.0036798
  0.704627   0.0035613
  0.705565   0.0048411
  0.706504   0.0051121
  0.707445   0.0056452
  0.708386   0.0065943
  0.709329   0.0068858
  0.710274   0.0074117
  0.711219   0.0084533
  0.712166   0.0081733
  0.713114   0.0082726
  0.714063   0.0084996
  0.715014   0.0071912
  0.715965   0.0047955
  0.716919   0.0027650
  0.717873   0.0017917
  0.718829   0.0013805
  0.719785   0.0010449
  0.720744   0.0009029
  0.721703   0.0008108
  0.722664   0.0007651
  0.723626   0.0006371
  0.724589   0.0004727
  0.725554   0.0003281
  0.726519   0.0002811
  0.727487   0.0002713
  0.728455   0.0003591
  0.729425   0.0004208
  0.730396   0.0004919
  0.731368   0.0006741
  0.732342   0.0007793
  0.733316   0.0009172
  0.734293   0.0011969
  0.735270   0.0014747
  0.736249   0.0019547
  0.737229   0.0023897
  0.738210   0.0033914
  0.739193   0.0048442
  0.740177   0.0066067
  0.741162   0.0085601
  0.742149   0.0099113
  0.743137   0.0109652
  0.744126   0.0117563
  0.745117   0.0119496
  0.746109   0.0120554
  0.747102   0.0119607
  0.748096   0.0120409
  0.749092   0.0121494
  0.750089   0.0119242
  0.751088   0.0122582
  0.752088   0.0121608
  0.753089   0.0123334
  0.754091   0.0124480
  0.755095   0.0121656
  0.756100   0.0118880
  0.757107   0.0113113
  0.758115   0.0106901
  0.759124   0.0100288
  0.760134   0.0082931
  0.761146   0.0080177
  0.762159   0.0069096
  0.763174   0.0063574
  0.764190   0.0060618
  0.765207   0.0058606
  0.766226   0.0059943
  0.767246   0.0052664
  0.768267   0.0061571
  0.769290   0.0059070
  0.770314   0.0059413
  0.771339   0.0055797
  0.772366   0.0050590
  0.773394   0.0036208
  0.774424   0.0039903
  0.775455   0.0035759
  0.776487   0.0030935
  0.777521   0.0027977
  0.778556   0.0023507
  0.779592   0.0018743
  0.780630   0.0013213
  0.781669   0.0011510
  0.782710   0.0011123
  0.783752   0.0009305
  0.784795   0.0012643
  0.785840   0.0012523
  0.786886   0.0012781
  0.787933   0.0014339
  0.788982   0.0015572
  0.790032   0.0016069
  0.791084   0.0014836
  0.792137   0.0011883
  0.793191   0.0010040
  0.794247   0.0009781
  0.795305   0.0008535
  0.796363   0.0008627
  0.797423   0.0007880
  0.798485   0.0008063
  0.799548   0.0008611
  0.800612   0.0009650
  0.801678   0.0010001
  0.802745   0.0011453
  0.803814   0.0012742
  0.804884   0.0014157
  0.805955   0.0016080
  0.807028   0.0020427
  0.808102   0.0022730
  0.809178   0.0021848
  0.810255   0.0025389
  0.811334   0.0028996
  0.812414   0.0037701
  0.813495   0.0043366
  0.814578   0.0049487
  0.815663   0.0056158
  0.816748   0.0066297
  0.817836   0.0072145
  0.818924   0.0081809
  0.820015   0.0089481
  0.821106   0.0096040
  0.822199   0.0097216
  0.823294   0.0107471
  0.824390   0.0106704
  0.825487   0.0102503
  0.826586   0.0107777
  0.827686   0.0109061
  0.828788   0.0112392
  0.829891   0.0116986
  0.830996   0.0122478
  0.832102   0.0119443
  0.833210   0.0107163
  0.834319   0.0081798
  0.835430   0.0043885
  0.836542   0.0025035
  0.837655   0.0016099
  0.838770   0.0009424
  0.839887   0.0011944
  0.841005   0.0008348
  0.842125   0.0008410
  0.843246   0.0016001
  0.844368   0.0011663
  0.845492   0.0020466
  0.846618   0.0026498
  0.847745   0.0025536
  0.848873   0.0032094
  0.850003   0.0031554
  0.851135   0.0025170
  0.852268   0.0019174
  0.853402   0.0011924
  0.854538   0.0008123
  0.855676   0.0007055
  0.856815   0.0004972
  0.857955   0.0003556
  0.859097   0.0003170
  0.860241   0.0002342
  0.861386   0.0001669
  0.862533   0.0001360
  0.863681   0.0001364
  0.864831   0.0001453
  0.865982   0.0001657
  0.867135   0.0001868
  0.868289   0.0002701
  0.869445   0.0003233
  0.870602   0.0003717
  0.871761   0.0004753
  0.872922   0.0005537
  0.874084   0.0005715
  0.875247   0.0005913
  0.876412   0.0005404
  0.877579   0.0004777
  0.878747   0.0004108
  0.879917   0.0001986
  0.881088   0.0000831
  0.882261   0.0000284
  0.883436   0.0000198
  0.884612   0.0000279
  0.885789   0.0000315
  0.886968   0.0000154
  0.888149   0.0000161
  0.889331   0.0000226
  0.890515   0.0000225
  0.891701   0.0000237
  0.892888   0.0000242
  0.894076   0.0000196
  0.895267   0.0000208
  0.896458   0.0000256
  0.897652   0.0000402
  0.898847   0.0000363
  0.900043   0.0000437
  0.901241   0.0000643
  0.902441   0.0000892
  0.903642   0.0001396
  0.904845   0.0001886
  0.906050   0.0002821
  0.907256   0.0003880
  0.908464   0.0005013
  0.909673   0.0006829
  0.910884   0.0006351
  0.912096   0.0005272
  0.913311   0.0004748
  0.914526   0.0005986
  0.915744   0.0006515
  0.916963   0.0007301
  0.918183   0.0011468
  0.919406   0.0012540
  0.920630   0.0015973
  0.921855   0.0022057
  0.923082   0.0027879
  0.924311   0.0037626
  0.925541   0.0045993
  0.926773   0.0048300
  0.928007   0.0061783
  0.929243   0.0079317
  0.930480   0.0086282
  0.931718   0.0096673
  0.932958   0.0099953
  0.934200   0.0119148
  0.935444   0.0127409
  0.936689   0.0127616
  0.937936   0.0130947
  0.939185   0.0133297
  0.940435   0.0126092
  0.941687   0.0113842
  0.942940   0.0091794
  0.944196   0.0079286
  0.945452   0.0064190
  0.946711   0.0038989
  0.947971   0.0021141
  0.949233   0.0040080
  0.950497   0.0033631
  0.951762   0.0015547
  0.953029   0.0030177
  0.954298   0.0032148
  0.955568   0.0023671
  0.956840   0.0015435
  0.958114   0.0013233
  0.959389   0.0009734
  0.960666   0.0006125
  0.961945   0.0003913
  0.963226   0.0002322
  0.964508   0.0001895
  0.965792   0.0001415
  0.967078   0.0001332
  0.968365   0.0001410
  0.969654   0.0001144
  0.970945   0.0000674
  0.972237   0.0001047
  0.973531   0.0001100
  0.974827   0.0001072
  0.976125   0.0001356
  0.977424   0.0001241
  0.978726   0.0001258
  0.980028   0.0001135
  0.981333   0.0000819
  0.982639   0.0000574
  0.983947   0.0000423
  0.985257   0.0000497
  0.986569   0.0000457
  0.987882   0.0000278
  0.989197   0.0000235
  0.990514   0.0000301
  0.991833   0.0000336
  0.993153   0.0000382
  0.994475   0.0000373
  0.995799   0.0000299
  0.997124   0.0000407
  0.998452   0.0000434
  0.999781   0.0000486
