0.3 0.5624389
0.30035 0.563723
0.3007 0.5640088000000001
0.30105 0.5640088000000001
0.3014 0.5636736999999999
0.30175 0.5630703
0.3021 0.5620985
0.30245 0.560375
0.3028 0.5570116999999999
0.30315 0.5487728000000001
0.3035 0.5487728000000001
0.30385 0.5491559
0.3042 0.5558313
0.30455 0.5582489
0.3049 0.5591361
0.30525 0.5593517
0.3056 0.5593517
0.30595 0.5591149000000001
0.3063 0.5587544
0.30665 0.5582991999999999
0.307 0.5577619
0.30735 0.5571353
0.3077 0.5563977
0.30805 0.5555032
0.3084 0.5543606
0.30875 0.5528224
0.3091 0.5504239000000001
0.30945 0.5461908000000001
0.3098 0.5374139
0.31015 0.5329469
0.3105 0.5329469
0.31085 0.5428313
0.3112 0.5464989
0.31155 0.5479719
0.3119 0.5484611
0.31225 0.5484611
0.3126 0.5481895999999999
0.31295 0.5477548000000001
0.3133 0.5472121999999999
0.31365 0.5465996
0.314 0.5459241
0.31435 0.5452094
0.3147 0.544446
0.31505 0.5436555000000001
0.3154 0.5428321
0.31575 0.5419761
0.3161 0.5410883000000001
0.31645 0.5401674
0.3168 0.5392121
0.31715 0.5382209
0.3175 0.5371901
0.31785 0.5361156
0.3182 0.5350096
0.31855 0.5338264
0.3189 0.5325918000000001
0.31925 0.531239
0.3196 0.5297768
0.31995 0.5281099
0.3203 0.5260889
0.32065 0.5233625
0.321 0.518942
0.32135 0.5087984999999999
0.3217 0.5035655
0.32205 0.5035655
0.3224 0.5138802
0.32275 0.5158471
0.3231 0.5158471
0.32345 0.5149139
0.3238 0.5135463
0.32415 0.5119471999999999
0.3245 0.5101571
0.32485 0.5081492
0.3252 0.5060026
0.32555 0.5036596999999999
0.3259 0.5010884
0.32625 0.4982439
0.3266 0.4950662999999999
0.32695 0.4915744000000001
0.3273 0.4874956
0.32765 0.4827976
0.328 0.4774989
0.32835 0.4711501
0.3287 0.4638607
0.32905 0.4549462
0.3294 0.4425064999999999
0.32975 0.4240654
0.3301 0.3975942999999999
0.33045 0.3975942999999999
0.3308 0.423608
0.33115 0.4399588
0.3315 0.4503342999999999
0.33185 0.4578058
0.3322 0.4637604999999999
0.33255 0.4685212
0.3329 0.4726426999999999
0.33325 0.4759535
0.3336 0.4788279
0.33395 0.481143
0.3343 0.4831779
0.33465 0.4848337
0.335 0.4862541
0.33535 0.4874825
0.3357 0.4885531
0.33605 0.489541
0.3364 0.4903215999999999
0.33675 0.4910568
0.3371 0.4917095
0.33745 0.492287
0.3378 0.4927978
0.33815 0.4932127
0.3385 0.4936021
0.33885 0.4939007
0.3392 0.4941664
0.33955 0.4943372
0.3399 0.4944550999999999
0.34025 0.4944550999999999
0.3406 0.4943569
0.34095 0.4941166
0.3413 0.493697
0.34165 0.4930364
0.342 0.4920429
0.34235 0.4905792999999999
0.3427 0.4884380999999999
0.34305 0.4853009
0.3434 0.4808135
0.34375 0.4737017
0.3441 0.4608504
0.34445 0.4318149999999999
0.3448 0.4318149999999999
0.34515 0.4536808
0.3455 0.4680943
0.34585 0.4756717
0.3462 0.4803714
0.34655 0.4837232
0.3469 0.4862069999999999
0.34725 0.4880911
0.3476 0.4895451
0.34795 0.490683
0.3483 0.4915834
0.34865 0.4923034
0.349 0.4928819
0.34935 0.4933147
0.3497 0.4936952
0.35005 0.4940023
0.3504 0.4942213
0.35075 0.4944182
0.3511 0.4945474
0.35145 0.4946422
0.3518 0.4947284
0.35215 0.4947652
0.3525 0.4947707999999999
0.35285 0.4947707999999999
0.3532 0.4947442
0.35355 0.4947004
0.3539 0.4946407
0.35425 0.4945666
0.3546 0.4944782
0.35495 0.4943781
0.3553 0.4942662
0.35565 0.4941242999999999
0.356 0.4939424
0.35635 0.4938357
0.3567 0.4936872999999999
0.35705 0.4933374
0.3574 0.4932233
0.35775 0.4931199
0.3581 0.4928733
0.35845 0.4927149999999999
0.3588 0.4924901
0.35915 0.4923151
0.3595 0.4917639
0.35985 0.4915852
0.3602 0.4913139
0.36055 0.4910522
0.3609 0.4908402
0.36125 0.4908402
0.3616 0.4905779999999999
0.36195 0.4903499
0.3623 0.4899809
0.36265 0.4897747
0.363 0.4894920999999999
0.36335 0.4891864
0.3637 0.4888873999999999
0.36405 0.4884827999999999
0.3644 0.488272
0.36475 0.4879505
0.3651 0.4876225999999999
0.36545 0.4872765
0.3658 0.4868925
0.36615 0.4865888
0.3665 0.4862588
0.36685 0.485886
0.3672 0.4855185999999999
0.36755 0.4851659
0.3679 0.4847712
0.36825 0.4843974
0.3686 0.4839262
0.36895 0.4836362
0.3693 0.483199
0.36965 0.4828222
0.37 0.4823035
0.37035 0.4819486
0.3707 0.4813952
0.37105 0.4810441
0.3714 0.4806939
0.37175 0.4801838
0.3721 0.4796816
0.37245 0.4793188
0.3728 0.478733
0.37315 0.4783943
0.3735 0.4777094
0.37385 0.4773749
0.3742 0.4768524999999999
0.37455 0.4762654999999999
0.3749 0.4753970999999999
0.37525 0.4752616
0.3756 0.4744135
0.37595 0.4743219
0.3763 0.4731945999999999
0.37665 0.4725642
0.377 0.4725642
0.37735 0.4720528
0.3777 0.4713373999999999
0.37805 0.4706822
0.3784 0.4702615
0.37875 0.4687981
0.3791 0.468778
0.37945 0.4673279999999999
0.3798 0.4668497
0.38015 0.4668497
0.3805 0.465988
0.38085 0.4656571
0.3812 0.4650027
0.38155 0.4642713
0.3819 0.4631948
0.38225 0.4623477
0.3826 0.4619316
0.38295 0.4612924
0.3833 0.4602694
0.38365 0.4597210999999999
0.384 0.4587495
0.38435 0.4580824
0.3847 0.4571859
0.38505 0.4563364
0.3854 0.4554121
0.38575 0.4544752999999999
0.3861 0.4535353
0.38645 0.4525272
0.3868 0.4515224
0.38715 0.4504497999999999
0.3875 0.4493585999999999
0.38785 0.4483016999999999
0.3882 0.4472589
0.38855 0.4460459
0.3889 0.4447047999999999
0.38925 0.4432866
0.3896 0.4423542
0.38995 0.4409499
0.3903 0.4396468
0.39065 0.4384263
0.391 0.4369622999999999
0.39135 0.4355795
0.3917 0.4338874
0.39205 0.4323880999999999
0.3924 0.4308880999999999
0.39275 0.4290653
0.3931 0.4274997
0.39345 0.4257969
0.3938 0.4239496
0.39415 0.4218039
0.3945 0.4201238
0.39485 0.4178670999999999
0.3952 0.4159806
0.39555 0.413866
0.3959 0.4113020999999999
0.39625 0.4088715
0.3966 0.4066409
0.39695 0.4043977
0.3973 0.4017364
0.39765 0.3990448
0.398 0.3960145
0.39835 0.3936964
0.3987 0.3901477
0.39905 0.3872765999999999
0.3994 0.3845735
0.39975 0.3812582
0.4001 0.3778482999999999
0.40045 0.3742419
0.4008 0.3702767
0.40115 0.3644516
0.4015 0.3623311999999999
0.40185 0.3577241
0.4022 0.3518393
0.40255 0.3464011
0.4029 0.3389123
0.40325 0.3291744
0.4036 0.3164167
0.40395 0.3019042
0.4043 0.2655119999999999
0.40465 0.2655119999999999
0.405 0.2931742
0.40535 0.3097913
0.4057 0.3213324999999999
0.40605 0.3302403
0.4064 0.3371714
0.40675 0.3422126
0.4071 0.3462177
0.40745 0.3496093
0.4078 0.3525459
0.40815 0.355178
0.4085 0.355178
0.40885 0.3575798
0.4092 0.362002
0.40955 0.3640644
0.4099 0.3659215
0.41025 0.3678215999999999
0.4106 0.3694487999999999
0.41095 0.3710756
0.4113 0.3724841
0.41165 0.3740962
0.412 0.3751693
0.41235 0.3767087
0.4127 0.3778333
0.41305 0.3778333
0.4134 0.3790976
0.41375 0.3806274
0.4141 0.3821759
0.41445 0.3830703
0.4148 0.3836249
0.41515 0.3843187
0.4155 0.3843187
0.41585 0.3815981
0.4162 0.3815981
0.41655 0.3867857999999999
0.4169 0.3877347
0.41725 0.3878663
0.4176 0.3884500999999999
0.41795 0.3885429
0.4183 0.38896
0.41865 0.3892658
0.419 0.38964
0.41935 0.3903645
0.4197 0.38964
0.42005 0.3883912
0.4204 0.3883912
0.42075 0.3907180999999999
0.4211 0.3916706
0.42145 0.3907180999999999
0.4218 0.3906979
0.42215 0.3906979
0.4225 0.3910967
0.42285 0.3919755
0.4232 0.3919755
0.42355 0.3909807
0.4239 0.3909807
0.42425 0.3914563
0.4246 0.3919467
0.42495 0.3923930999999999
0.4253 0.3927786
0.42565 0.3927786
0.426 0.3906728
0.42635 0.3906728
0.4267 0.3914264
0.42705 0.3926594
0.4274 0.3927627
0.42775 0.3927627
0.4281 0.3924934
0.42845 0.3914997
0.4288 0.3912327
0.42915 0.3883738
0.4295 0.3897200999999999
0.42985 0.3897200999999999
0.4302 0.3897200999999999
0.43055 0.3908279
0.4309 0.3882806
0.43125 0.3891051
0.4316 0.3890563
0.43195 0.3891051
0.4323 0.3904395
0.43265 0.3904395
0.433 0.3899604
0.43335 0.3898902999999999
0.4337 0.3890037
0.43405 0.3889962
0.4344 0.3885473
0.43475 0.3885085
0.4351 0.3885085
0.43545 0.3882620999999999
0.4358 0.38764
0.43615 0.3874263
0.4365 0.3863695
0.43685 0.3857774
0.4372 0.3858561
0.43755 0.3857774
0.4379 0.3855857
0.43825 0.3853029
0.4386 0.3852929
0.43895 0.3847537
0.4393 0.3846045999999999
0.43965 0.3830439
0.44 0.3823665999999999
0.44035 0.3803777
0.4407 0.3798547
0.44105 0.3798547
0.4414 0.3797225
0.44175 0.378748
0.4421 0.378748
0.44245 0.378748
0.4428 0.3800396
0.44315 0.379668
0.4435 0.379668
0.44385 0.3758121
0.4442 0.3758121
0.44455 0.3776738
0.4449 0.3776738
0.44525 0.3746425
0.4456 0.3746425
0.44595 0.3750482
0.4463 0.3754818
0.44665 0.3754818
0.447 0.375206
0.44735 0.3744987999999999
0.4477 0.3742882999999999
0.44805 0.3742435999999999
0.4484 0.3717896
0.44875 0.3737488
0.4491 0.3727051
0.44945 0.3727051
0.4498 0.3721304
0.45015 0.3718844
0.4505 0.3715765
0.45085 0.3699999
0.4512 0.3689069
0.45155 0.3686915999999999
0.4519 0.3681117
0.45225 0.3684607
0.4526 0.3680437
0.45295 0.3680437
0.4533 0.3675209
0.45365 0.3666414
0.454 0.3666414
0.45435 0.3650959
0.4547 0.3647017
0.45505 0.3647017
0.4554 0.3645636
0.45575 0.3625011
0.4561 0.3607294
0.45645 0.3625011
0.4568 0.3604575999999999
0.45715 0.3611394
0.4575 0.3605556
0.45785 0.3605556
0.4582 0.3597768
0.45855 0.359756
0.4589 0.3590488
0.45925 0.3572885
0.4596 0.3561603
0.45995 0.3565781
0.4603 0.3565781
0.46065 0.3565781
0.461 0.3563078
0.46135 0.3558502999999999
0.4617 0.3554264
0.46205 0.3545494
0.4624 0.3538591
0.46275 0.3538002
0.4631 0.3533125
0.46345 0.3522125
0.4638 0.3514364
0.46415 0.3512336
0.4645 0.3503433
0.46485 0.3500902
0.4652 0.3477580999999999
0.46555 0.3477580999999999
0.4659 0.3470325999999999
0.46625 0.3451113
0.4666 0.3443466
0.46695 0.3443466
0.4673 0.343567
0.46765 0.3393317999999999
0.468 0.3385289
0.46835 0.3378685999999999
0.4687 0.3320697999999999
0.46905 0.3241401
0.4694 0.3320697999999999
0.46975 0.3371956
0.4701 0.3371956
0.47045 0.3371956
0.4708 0.3362343
0.47115 0.3347941
0.4715 0.3336755
0.47185 0.330467
0.4722 0.3241467999999999
0.47255 0.3239835
0.4729 0.3239835
0.47325 0.3297355
0.4736 0.3306958
0.47395 0.3297355
0.4743 0.3293154
0.47465 0.3264942999999999
0.475 0.3289710999999999
0.47535 0.2934263
0.4757 0.3284239
0.47605 0.3233457
0.4764 0.3233457
0.47675 0.3233457
0.4771 0.3200004
0.47745 0.3238445
0.4778 0.320939
0.47815 0.3219386
0.4785 0.3211895999999999
0.47885 0.3211895999999999
0.4792 0.3196179
0.47955 0.3189985
0.4799 0.3179995999999999
0.48025 0.3175310999999999
0.4806 0.3165924
0.48095 0.3154578
0.4813 0.3146080999999999
0.48165 0.3125439
0.482 0.3107907
0.48235 0.3092200999999999
0.4827 0.3092200999999999
0.48305 0.3071337
0.4834 0.3027594
0.48375 0.2974374
0.4841 0.2974374
0.48445 0.2954850999999999
0.4848 0.2868071
0.48515 0.2908654
0.4855 0.2908654
0.48585 0.2908654
0.4862 0.2925294
0.48655 0.2925294
0.4869 0.2956769
0.48725 0.2956769
0.4876 0.2861142
0.48795 0.2852571
0.4883 0.2861142
0.48865 0.2919495
0.489 0.2949005
0.48935 0.2919495
0.4897 0.2936914
0.49005 0.2910164
0.4904 0.2910164
0.49075 0.2856608
0.4911 0.2856608
0.49145 0.2856608
0.4918 0.2876305999999999
0.49215 0.2845425
0.4925 0.2836474
0.49285 0.2763616
0.4932 0.2763616
0.49355 0.2763616
0.4939 0.2760077
0.49425 0.2760077
0.4946 0.2755553
0.49495 0.2778133
0.4953 0.2757423
0.49565 0.2760192999999999
0.496 0.2757423
0.49635 0.2747705
0.4967 0.2745852
0.49705 0.273623
0.4974 0.2715883
0.49775 0.2698892
0.4981 0.2679515999999999
0.49845 0.2660929999999999
0.4988 0.2655249
0.49915 0.2655249
0.4995 0.2658753
0.49985 0.2658753
0.50055 0.2642677
0.5009 0.259738
0.50125 0.2580739
0.5016 0.2580739
0.50195 0.2563404
0.5023 0.2550127
0.50265 0.2472956
0.503 0.2028688
0.50335 0.2202875
0.5037 0.2202875
0.50405 0.2205816
0.5044 0.2445494999999999
0.50475 0.2445494999999999
0.5051 0.2458192999999999
0.50545 0.2458192999999999
0.5058 0.2457198
0.50615 0.2437432
0.5065 0.2377372
0.50685 0.22895
0.5072 0.22895
0.50755 0.2318101
0.5079 0.2318101
0.50825 0.2318101
0.5086 0.2336485
0.50895 0.2336485
0.5093 0.23189
0.50965 0.230261
0.51 0.230261
0.51035 0.2311261
0.5107 0.2311261
0.51105 0.2298106
0.5114 0.2291332
0.51175 0.2283639
0.5121 0.2283639
0.51245 0.2319221
0.5128 0.2319221
0.51315 0.2262448
0.5135 0.2262448
0.51385 0.2253941
0.5142 0.2253941
0.51455 0.2253941
0.5149 0.2223436
0.51525 0.225715
0.5156 0.2259161
0.51595 0.2259161
0.5163 0.2236206
0.51665 0.223412
0.517 0.223412
0.51735 0.2224502999999999
0.5177 0.2214567999999999
0.51805 0.2203828999999999
0.5184 0.2200272
0.51875 0.2199134
0.5191 0.2192335
0.51945 0.2170362
0.5198 0.2170362
0.52015 0.2168412
0.5205 0.2158436
0.52085 0.2157047
0.5212 0.2141429999999999
0.52155 0.2137958999999999
0.5219 0.2120505
0.52225 0.2113572
0.5226 0.2101703
0.52295 0.2101377999999999
0.5233 0.1964553
0.52365 0.1964553
0.524 0.1946744
0.52435 0.2051502999999999
0.5247 0.2046697999999999
0.52505 0.2046697999999999
0.5254 0.2033553
0.52575 0.2031721
0.5261 0.2033553
0.52645 0.2008419
0.5268 0.1989213
0.52715 0.1969197999999999
0.5275 0.1961972
0.52785 0.1961972
0.5282 0.1957501
0.52855 0.1957501
0.5289 0.1935614
0.52925 0.1920152999999999
0.5296 0.1888692
0.52995 0.1907392
0.5303 0.1883747999999999
0.53065 0.1868578
0.531 0.1868578
0.53135 0.1871221
0.5317 0.1871221
0.53205 0.1825553999999999
0.5324 0.181296
0.53275 0.1816497
0.5331 0.1814461
0.53345 0.1814785
0.5338 0.1814461
0.53415 0.1808961
0.5345 0.1800764
0.53485 0.1778487
0.5352 0.1770559
0.53555 0.1761793999999999
0.5359 0.1743135
0.53625 0.1743135
0.5366 0.1733502
0.53695 0.1712215
0.5373 0.1712215
0.53765 0.1699122
0.538 0.1690904
0.53835 0.1676371
0.5387 0.1649712
0.53905 0.1640631
0.5394 0.1631087
0.53975 0.1606083999999999
0.5401 0.1606083999999999
0.54045 0.1542801
0.5408 0.1530244
0.54115 0.1530244
0.5415 0.1521641
0.54185 0.150531
0.5422 0.1475943
0.54255 0.1475124
0.5429 0.1473552
0.54325 0.1450057
0.5436 0.1448265
0.54395 0.1450057
0.5443 0.1459095
0.54465 0.1470305
0.545 0.1470305
0.54535 0.1470305
0.5457 0.1492881
0.54605 0.1492881
0.5464 0.1423914
0.54675 0.1423914
0.5471 0.1423914
0.54745 0.1465602
0.5478 0.1449734
0.54815 0.1449734
0.5485 0.1430442999999999
0.54885 0.1430442999999999
0.5492 0.1421094
0.54955 0.144669
0.5499 0.1395795
0.55025 0.144669
0.5506 0.1419236
0.55095 0.1419236
0.5513 0.1412412
0.55165 0.1402236
0.552 0.1386079
0.55235 0.1384994
0.5527 0.138009
0.55305 0.1377293999999999
0.5534 0.1364764
0.55375 0.1364764
0.5541 0.1353642
0.55445 0.1329755
0.5548 0.1329755
0.55515 0.1329755
0.5555 0.1310223999999999
0.55585 0.1327477
0.5562 0.1309735
0.55655 0.1309735
0.5569 0.1269312
0.55725 0.1269312
0.5576 0.1275584
0.55795 0.1278787
0.5583 0.1275584
0.55865 0.1269597999999999
0.559 0.1265227
0.55935 0.1262083
0.5597 0.1254871
0.56005 0.1247484999999999
0.5604 0.1235578
0.56075 0.1234355
0.5611 0.1224446
0.56145 0.1218966999999999
0.5618 0.1207039999999999
0.56215 0.1206561999999999
0.5625 0.1193612
0.56285 0.1187537
0.5632 0.1186999
0.56355 0.1176931
0.5639 0.1169767
0.56425 0.1156738
0.5646 0.1147956999999999
0.56495 0.1147956999999999
0.5653 0.1134938999999999
0.56565 0.1130723
0.566 0.1129628999999999
0.56635 0.1095399
0.5667 0.1089143
0.56705 0.1089143
0.5674 0.1081309999999999
0.56775 0.1081309999999999
0.5681 0.0978362
0.56845 0.0978362
0.5688 0.0982069
0.56915 0.1034606
0.5695 0.0982069
0.56985 0.0859978
0.5702 0.0859978
0.57055 0.1019409
0.5709 0.1019409
0.57125 0.1002969
0.5716 0.0993447
0.57195 0.0993447
0.5723 0.0999355
0.57265 0.0999355
0.573 0.0966733999999999
0.57335 0.0966733999999999
0.5737 0.1021233
0.57405 0.1021233
0.5744 0.0924741
0.57475 0.0919768
0.5751 0.0879578
0.57545 0.0919768
0.5758 0.0979218
0.57615 0.0979218
0.5765 0.0954596
0.57685 0.0880068
0.5772 0.0926852
0.57755 0.0926852
0.5779 0.0926852
0.57825 0.0926294
0.5786 0.0896123
0.57895 0.089964
0.5793 0.0898842
0.57965 0.0898842
0.58 0.0887183
0.58035 0.0878477
0.5807 0.0846325
0.58105 0.0846325
0.5814 0.0855909
0.58175 0.0855909
0.5821 0.0850039
0.58245 0.0838952999999999
0.5828 0.0818756
0.58315 0.08066
0.5835 0.080053
0.58385 0.0792987
0.5842 0.0791558
0.58455 0.0791558
0.5849 0.0766697
0.58525 0.0766697
0.5856 0.0774486
0.58595 0.0774486
0.5863 0.0773005
0.58665 0.0761362
0.587 0.0765968
0.58735 0.0761362
0.5877 0.0686257
0.58805 0.0597835
0.5884 0.0597835
0.58875 0.0583899
0.5891 0.0583899
0.58945 0.0583899
0.5898 0.0427628
0.59015 0.0427628
0.5905 0.0660823
0.59085 0.0660823
0.5912 0.0704106999999999
0.59155 0.0708966
0.5919 0.0717493999999999
0.59225 0.0717493999999999
0.5926 0.0717493999999999
0.59295 0.0716891
0.5933 0.0711448
0.59365 0.041453
0.594 0.041453
0.59435 0.0319022999999999
0.5947 0.0554018
0.59505 0.0617585
0.5954 0.0664726
0.59575 0.0664726
0.5961 0.0664726
0.59645 0.0738618
0.5968 0.0738618
0.59715 0.0738618
0.5975 0.0737376
0.59785 0.0711853
0.5982 0.0711853
0.59855 0.0678261999999999
0.5989 0.0678261999999999
0.59925 0.0678261999999999
0.5996 0.077716
0.59995 0.077716
0.6003 0.0735965
0.60065 0.0506165
0.601 0.0506165
0.60135 0.0743766
0.6017 0.0743766
0.60205 0.0743766
0.6024 0.0801291
0.60275 0.0801291
0.6031 0.0823617
0.60345 0.082282
0.6038 0.0847633
0.60415 0.082282
0.6045 0.0810837
0.60485 0.0697855
0.6052 0.0810837
0.60555 0.0780096
0.6059 0.0810797
0.60625 0.0810797
0.6066 0.0810797
0.60695 0.0819533
0.6073 0.0819533
0.60765 0.0846613
0.608 0.0846613
0.60835 0.0832091
0.6087 0.0809819
0.60905 0.0832091
0.6094 0.0820355
0.60975 0.0820355
0.6101 0.0820355
0.61045 0.0806041
0.6108 0.0831327
0.61115 0.0792125
0.6115 0.0832255
0.61185 0.0819429999999999
0.6122 0.0819429999999999
0.61255 0.0782636999999999
0.6129 0.0782636999999999
0.61325 0.0796968
0.6136 0.0796968
0.61395 0.0777636999999999
0.6143 0.0769796
0.61465 0.0743093
0.615 0.0737385
0.61535 0.0743093
0.6157 0.0788529
0.61605 0.0788529
0.6164 0.0732241999999999
0.61675 0.0728848
0.6171 0.0728848
0.61745 0.0728131
0.6178 0.0713406
0.61815 0.0680783
0.6185 0.0680783
0.61885 0.0683894999999999
0.6192 0.0683894999999999
0.61955 0.0677791
0.6199 0.066519
0.62025 0.0677791
0.6206 0.0686998
0.62095 0.0690441
0.6213 0.0694692
0.62165 0.0713184999999999
0.622 0.0732008
0.62235 0.0748867
0.6227 0.0762783
0.62305 0.0772412
0.6234 0.0779808
0.62375 0.0784314
0.6241 0.0809727
0.62445 0.0809727
0.6248 0.0818729
0.62515 0.0832414
0.6255 0.0832414
0.62585 0.0836034
0.6262 0.0845988999999999
0.62655 0.0845988999999999
0.6269 0.0846007
0.62725 0.0849659
0.6276 0.0849659
0.62795 0.0857508
0.6283 0.0847502
0.62865 0.0858152
0.629 0.0860286999999999
0.62935 0.0860286999999999
0.6297 0.0862111
0.63005 0.0865449
0.6304 0.0865449
0.63075 0.0854331
0.6311 0.084614
0.63145 0.0798984
0.6318 0.0760181
0.63215 0.0760181
0.6325 0.0836372
0.63285 0.0842075
0.6332 0.0842075
0.63355 0.0829365
0.6339 0.0829365
0.63425 0.0847348
0.6346 0.0847348
0.63495 0.0845565
0.6353 0.0845565
0.63565 0.0845565
0.636 0.0834003999999999
0.63635 0.0834003999999999
0.6367 0.0832706
0.63705 0.0832706
0.6374 0.0832706
0.63775 0.0736286999999999
0.6381 0.0740988
0.63845 0.0740988
0.6388 0.0740988
0.63915 0.0807363
0.6395 0.0804973
0.63985 0.0807363
0.6402 0.0836151999999999
0.64055 0.0836151999999999
0.6409 0.0798528
0.64125 0.0798528
0.6416 0.0798528
0.64195 0.079473
0.6423 0.079473
0.64265 0.0823236
0.643 0.0823236
0.64335 0.0823236
0.6437 0.0747099
0.64405 0.0627993
0.6444 0.0627993
0.64475 0.0764673999999999
0.6451 0.0764673999999999
0.64545 0.0764673999999999
0.6458 0.0489080999999999
0.64615 0.025575
0.6465 0.025575
0.64685 0.0526576
0.6472 0.0599604
0.64755 0.0653201
0.6479 0.0653201
0.64825 0.0568206
0.6486 0.0568206
0.64895 0.0703607
0.6493 0.0737107
0.64965 0.0798352
0.65 0.0798352
0.65035 0.0802211
0.6507 0.0725024
0.65105 0.0613505
0.6514 0.0613505
0.65175 0.0613505
0.6521 0.0683974
0.65245 0.0732753999999999
0.6528 0.0732753999999999
0.65315 0.0747814
0.6535 0.0546095
0.65385 0.0785361
0.6542 0.0775194
0.65455 0.0775194
0.6549 0.0775194
0.65525 0.0744078
0.6556 0.0555809999999999
0.65595 0.0515321
0.6563 0.0515321
0.65665 0.0687555
0.657 0.0687555
0.65735 0.0628951
0.6577 0.0628951
0.65805 0.0747162
0.6584 0.0747162
0.65875 0.0701497
0.6591 0.0701497
0.65945 0.0701497
0.6598 0.0733553
0.66015 0.0733553
0.6605 0.0733553
0.66085 0.0514083
0.6612 0.0514083
0.66155 0.0661703999999999
0.6619 0.0718665
0.66225 0.0724843999999999
0.6626 0.0760817
0.66295 0.0735658
0.6633 0.0735658
0.66365 0.072166
0.664 0.072166
0.66435 0.0740991999999999
0.6647 0.0740991999999999
0.66505 0.0680779
0.6654 0.0670743
0.66575 0.0680779
0.6661 0.0691146
0.66645 0.0732666
0.6668 0.0732666
0.66715 0.0732666
0.6675 0.0722536
0.66785 0.0722536
0.6682 0.0722536
0.66855 0.0657929999999999
0.6689 0.0657929999999999
0.66925 0.0744084
0.6696 0.074737
0.66995 0.074737
0.6703 0.074737
0.67065 0.0754755
0.671 0.0754755
0.67135 0.0780415
0.6717 0.0765069
0.67205 0.0765069
0.6724 0.0757086
0.67275 0.0739408
0.6731 0.0757086
0.67345 0.0763852
0.6738 0.0786363
0.67415 0.0790587
0.6745 0.0790587
0.67485 0.079336
0.6752 0.0766121
0.67555 0.0766121
0.6759 0.0753541
0.67625 0.0712066
0.6766 0.0740863
0.67695 0.0738025
0.6773 0.0740863
0.67765 0.0753481999999999
0.678 0.0753481999999999
0.67835 0.0753481999999999
0.6787 0.0747024999999999
0.67905 0.0747024999999999
0.6794 0.0747024999999999
0.67975 0.0753872
0.6801 0.0755336
0.68045 0.0755336
0.6808 0.0767207
0.68115 0.0716855
0.6815 0.0716855
0.68185 0.0713254
0.6822 0.0713254
0.68255 0.0713254
0.6829 0.0713478
0.68325 0.0705838
0.6836 0.0713478
0.68395 0.0705838
0.6843 0.0657272
0.68465 0.0657272
0.685 0.0689453999999999
0.68535 0.0701638999999999
0.6857 0.0701667
0.68605 0.070875
0.6864 0.070875
0.68675 0.0651922
0.6871 0.0651922
0.68745 0.067326
0.6878 0.0702112
0.68815 0.0702112
0.6885 0.0702112
0.68885 0.0688434999999999
0.6892 0.0688434999999999
0.68955 0.0532221
0.6899 0.0657702
0.69025 0.0650324
0.6906 0.0657702
0.69095 0.0687078
0.6913 0.0687078
0.69165 0.0564013
0.692 0.0320925
0.69235 0.0320925
0.6927 0.0428608
0.69305 0.0428608
0.6934 0.0325429
0.69375 0.0325429
0.6941 0.0373127
0.69445 0.0486
0.6948 0.0576456
0.69515 0.0576456
0.6955 0.0476953
0.69585 0.0476953
0.6962 0.0488486
0.69655 0.0518916999999999
0.6969 0.0488486
0.69725 0.0518916999999999
0.6976 0.0467668
0.69795 0.0505678
0.6983 0.0505678
0.69865 0.0505678
0.699 0.0523595
0.69935 0.0542095
0.6997 0.0542095
0.70005 0.035761
0.7004 0.035761
0.70075 0.0362051
0.7011 0.0498135
0.70145 0.0498135
0.7018 0.0415684
0.70215 0.0415684
0.7025 0.0415684
0.70285 0.030732
0.7032 0.030732
0.70355 0.0381135
0.7039 0.0507528
0.70425 0.0381135
0.7046 0.0422878
0.70495 0.0366974
0.7053 0.0422878
0.70565 0.0293042
0.706 0.028343
0.70635 0.028343
0.7067 0.0442885
0.70705 0.0442885
0.7074 0.0483261
0.70775 0.0307964999999999
0.7081 0.0472126999999999
0.70845 0.0307964999999999
0.7088 0.0338657
0.70915 0.028706
0.7095 0.0338657
0.70985 0.0399316999999999
0.7102 0.0493161
0.71055 0.0493161
0.7109 0.0207146
0.71125 0.0207146
0.7116 0.0326329999999999
0.71195 0.0464626
0.7123 0.0464626
0.71265 0.0357496
0.713 0.0356948
0.71335 0.0356948
0.7137 0.0356948
0.71405 0.0284962999999999
0.7144 0.0271166
0.71475 0.0284962999999999
0.7151 0.0443559
0.71545 0.0443559
0.7158 0.0398141
0.71615 0.0252157
0.7165 0.0091688
0.71685 0.0091688
0.7172 0.0105028
0.71755 0.0105028
0.7179 0.0105028
0.71825 0.02295
0.7186 0.02295
0.71895 0.0074078
0.7193 0.0066649
0.71965 0.0074078
0.72 0.0078734
0.72035 0.0136118
0.7207 0.0194673
0.72105 0.0194673
0.7214 0.0214993
0.72175 0.0095377
0.7221 0.0258875999999999
0.72245 0.0208644
0.7228 0.0208644
0.72315 0.010733
0.7235 0.0068407
0.72385 0.0068407
0.7242 0.0068407
0.72455 0.0106246
0.7249 0.0106246
0.72525 0.0106246
0.7256 0.0097552
0.72595 0.0081626
0.7263 0.0056954
0.72665 0.0081626
0.727 0.004352
0.72735 0.0139273
0.7277 0.0122032999999999
0.72805 0.0139273
0.7284 0.0161648
0.72875 0.0190354
0.7291 0.0190354
0.72945 0.0135685
0.7298 0.0110642
0.73015 0.0123377999999999
0.7305 0.0123377999999999
0.73085 0.0123377999999999
0.7312 0.0164059
0.73155 0.0119491
0.7319 0.0164059
0.73225 0.0109062
0.7326 0.0109062
0.73295 0.0085702
0.7333 0.0085702
0.73365 0.029722
0.734 0.029722
0.73435 0.017749
0.7347 0.017749
0.73505 0.0276806
0.7354 0.0304844
0.73575 0.0304844
0.7361 0.0239667
0.73645 0.0189916
0.7368 0.0189916
0.73715 0.0189916
0.7375 0.0139881
0.73785 0.0389345
0.7382 0.0268
0.73855 0.0268
0.7389 0.0179958
0.73925 0.0179958
0.7396 0.0175553
0.73995 0.0175553
0.7403 0.0175553
0.74065 0.0300998
0.741 0.0300998
0.74135 0.0300998
0.7417 0.0364940999999999
0.74205 0.0394621
0.7424 0.0394621
0.74275 0.0381759
0.7431 0.0381759
0.74345 0.0391615
0.7438 0.0391615
0.74415 0.0352182
0.7445 0.0352182
0.74485 0.0420445999999999
0.7452 0.0420445999999999
0.74555 0.0423604
0.7459 0.028204
0.74625 0.0331218
0.7466 0.0331218
0.74695 0.0331218
0.7473 0.0270115
0.74765 0.0270115
0.748 0.0308406
0.74835 0.0322114
0.7487 0.0375263
0.74905 0.0375263
0.7494 0.0375263
0.74975 0.0460174
0.7501 0.0460174
0.75045 0.0400843
0.7508 0.0400843
0.75115 0.0443736
0.7515 0.0443736
0.75185 0.0460724
0.7522 0.0401696
0.75255 0.0418166
0.7529 0.0406929
0.75325 0.0418166
0.7536 0.0414833
0.75395 0.0430479
0.7543 0.0415032
0.75465 0.0443911
0.755 0.0415032
0.75535 0.0432093
0.7557 0.0403654
0.75605 0.0426625
0.7564 0.0403654
0.75675 0.0426625
0.7571 0.0387147
0.75745 0.036566
0.7578 0.036566
0.75815 0.0356566
0.7585 0.0385853
0.75885 0.0392823
0.7592 0.0396995
0.75955 0.0392823
0.7599 0.0389394999999999
0.76025 0.0382168
0.7606 0.0358113
0.76095 0.0358113
0.7613 0.0362926
0.76165 0.0362926
0.762 0.0354598999999999
0.76235 0.0348167
0.7627 0.0341611999999999
0.76305 0.0337626
0.7634 0.0328722
0.76375 0.0323484
0.7641 0.0321548
0.76445 0.0310084
0.7648 0.0308913
0.76515 0.0297252
0.7655 0.0281214999999999
0.76585 0.0285127
0.7662 0.0252949999999999
0.76655 0.0275692999999999
0.7669 0.0266957
0.76725 0.0275692999999999
0.7676 0.0289345
0.76795 0.0289345
0.7683 0.0293050999999999
0.76865 0.0293050999999999
0.769 0.0293055
0.76935 0.0293055
0.7697 0.0287129
0.77005 0.0287129
0.7704 0.0288316
0.77075 0.0301270999999999
0.7711 0.0308086
0.77145 0.0308086
0.7718 0.0313473
0.77215 0.0315889
0.7725 0.0320354
0.77285 0.0320354
0.7732 0.0317442
0.77355 0.0317442
0.7739 0.0334781
0.77425 0.0336732
0.7746 0.0340085
0.77495 0.0343739
0.7753 0.0345523
0.77565 0.0348131
0.776 0.0348131
0.77635 0.0343889999999999
0.7767 0.0343889999999999
0.77705 0.0345603
0.7774 0.0355696
0.77775 0.0355696
0.7781 0.0334308
0.77845 0.0330769
0.7788 0.0334308
0.77915 0.0350191
0.7795 0.0358369
0.77985 0.0358369
0.7802 0.0358369
0.78055 0.0314385
0.7809 0.0341404
0.78125 0.0308427
0.7816 0.0308427
0.78195 0.0308427
0.7823 0.0297325999999999
0.78265 0.029298
0.783 0.029298
0.78335 0.0320692999999999
0.7837 0.0323558
0.78405 0.0320692999999999
0.7844 0.0295759999999999
0.78475 0.0295759999999999
0.7851 0.0358468
0.78545 0.0358468
0.7858 0.0358608
0.78615 0.0229222
0.7865 0.0186227
0.78685 0.0186227
0.7872 0.0219212999999999
0.78755 0.0268086999999999
0.7879 0.029536
0.78825 0.0268086999999999
0.7886 0.0288630999999999
0.78895 0.0288630999999999
0.7893 0.0319732
0.78965 0.0333878
0.79 0.0327664
0.79035 0.0333878
0.7907 0.0331580999999999
0.79105 0.0331580999999999
0.7914 0.0331580999999999
0.79175 0.0337296999999999
0.7921 0.0345585
0.79245 0.0345585
0.7928 0.0329895
0.79315 0.0149758999999999
0.7935 0.0149758999999999
0.79385 0.0240805999999999
0.7942 0.0321845
0.79455 0.0321845
0.7949 0.0263320999999999
0.79525 0.0190095999999999
0.7956 0.0263320999999999
0.79595 0.0134479999999999
0.7963 0.0134479999999999
0.79665 0.0134479999999999
0.797 0.0205336
0.79735 0.0205336
0.7977 0.0282950999999999
0.79805 0.0273634
0.7984 0.0293278
0.79875 0.0280104
0.7991 0.0293278
0.79945 0.0280104
0.7998 0.0226000999999999
0.80015 0.0226000999999999
0.8005 0.0299252
0.80085 0.0310568
0.8012 0.0299252
0.80155 0.0253577
0.8019 0.0207778
0.80225 0.0183655
0.8026 0.0183655
0.80295 0.0278387
0.8033 0.0278387
0.80365 0.0258486
0.804 0.0258486
0.80435 0.0258486
0.8047 0.0269565
0.80505 0.0331738
0.8054 0.0331738
0.80575 0.0316747
0.8061 0.0127052
0.80645 0.0127052
0.8068 0.0130113
0.80715 0.0199754
0.8075 0.0199754
0.80785 0.0155846
0.8082 0.0155846
0.80855 0.0293955999999999
0.8089 0.0293955999999999
0.80925 0.0106657999999999
0.8096 0.0106657999999999
0.80995 0.0120482
0.8103 0.0197193
0.81065 0.0197193
0.811 0.0176588
0.81135 0.0164274
0.8117 0.0164274
0.81205 0.0146281
0.8124 0.0124087
0.81275 0.0146281
0.8131 0.008889
0.81345 0.0132823999999999
0.8138 0.0132823999999999
0.81415 0.0132823999999999
0.8145 0.0090558
0.81485 0.0037223
0.8152 0.0037223
0.81555 0.0151674
0.8159 0.0176083
0.81625 0.0151674
0.8166 0.0174472
0.81695 0.0174472
0.8173 0.0205064
0.81765 0.0205064
0.818 0.019294
0.81835 0.019294
0.8187 0.019294
0.81905 0.0267096
0.8194 0.026417
0.81975 0.026417
0.8201 0.0237492
0.82045 0.018129
0.8208 0.0192487
0.82115 0.0192487
0.8215 0.0271507
0.82185 0.0294702999999999
0.8222 0.0294702999999999
0.82255 0.0276503
0.8229 0.0096871
0.82325 0.0037887
0.8236 0.0037887
0.82395 0.0037887
0.8243 0.0214607
0.82465 0.0214607
0.825 0.0290468
0.82535 0.0244657
0.8257 0.0331491
0.82605 0.0244657
0.8264 0.0244328
0.82675 0.0244328
0.8271 0.0244328
0.82745 0.0192592
0.8278 0.0106991
0.82815 0.0192592
0.8285 0.0211605999999999
0.82885 0.0211605999999999
0.8292 0.0211605999999999
0.82955 0.0238081
0.8299 0.0238081
0.83025 0.0093341
0.8306 0.0093341
0.83095 0.0130718
0.8313 0.024388
0.83165 0.0130718
0.832 0.0111358999999999
0.83235 0.0111358999999999
0.8327 0.0122892
0.83305 0.0190102
0.8334 0.0166074
0.83375 0.0166074
0.8341 0.0042626999999999
0.83445 0.0042626999999999
0.8348 0.0042626999999999
0.83515 0.0212446
0.8355 0.0175867
0.83585 0.0175867
0.8362 0.0148361999999999
0.83655 0.0131837999999999
0.8369 0.0131837999999999
0.83725 0.0084846
0.8376 0.0057883
0.83795 0.0057883
0.8383 0.0118567
0.83865 0.0215216
0.839 0.0215216
0.83935 0.0215216
0.8397 0.0195734
0.84005 0.0182909
0.8404 0.0150428
0.84075 0.0150428
0.8411 0.020058
0.84145 0.020058
0.8418 0.0155335
0.84215 0.0155335
0.8425 0.0222479
0.84285 0.0246507999999999
0.8432 0.0252399
0.84355 0.0278776
0.8439 0.0252399
0.84425 0.0227712
0.8446 0.0227712
0.84495 0.0275294
0.8453 0.0275294
0.84565 0.0275294
0.846 0.0305647999999999
0.84635 0.0305647999999999
0.8467 0.0305647999999999
0.84705 0.0248759
0.8474 0.0183679
0.84775 0.0183679
0.8481 0.0207354
0.84845 0.0266466
0.8488 0.0309079
0.84915 0.0309079
0.8495 0.0309079
0.84985 0.0230352999999999
0.8502 0.0230352999999999
0.85055 0.0321494
0.8509 0.0327723
0.85125 0.0328512
0.8516 0.0367370999999999
0.85195 0.0367370999999999
0.8523 0.0339747
0.85265 0.0314794
0.853 0.0314794
0.85335 0.0249592
0.8537 0.0311492999999999
0.85405 0.0308440999999999
0.8544 0.0311492999999999
0.85475 0.0308440999999999
0.8551 0.0289327
0.85545 0.0289327
0.8558 0.0312796
0.85615 0.0428463
0.8565 0.0312796
0.85685 0.0287724
0.8572 0.0256038
0.85755 0.0211197
0.8579 0.0211197
0.85825 0.0188979
0.8586 0.0213807
0.85895 0.0186345999999999
0.8593 0.0208107
0.85965 0.0186345999999999
0.86 0.0154462
0.86035 0.0139352999999999
0.8607 0.013711
0.86105 0.0123937
0.8614 0.0115117999999999
0.86175 0.0110914
0.8621 0.0100355
0.86245 0.0100355
0.8628 0.0091778
0.86315 0.0100067
0.8635 0.0100067
0.86385 0.0100067
0.8642 0.009469
0.86455 0.0093412
0.8649 0.009469
0.86525 0.0087137999999999
0.8656 0.0099617
0.86595 0.0120194999999999
0.8663 0.0120194999999999
0.86665 0.0114022
0.867 0.0106115
0.86735 0.0106115
0.8677 0.0110795
0.86805 0.0110795
0.8684 0.0159615
0.86875 0.0166651
0.8691 0.0192741
0.86945 0.019185
0.8698 0.0192741
0.87015 0.019185
0.8705 0.0189138
0.87085 0.0189138
0.8712 0.0184775999999999
0.87155 0.0193935999999999
0.8719 0.0185727999999999
0.87225 0.0261286
0.8726 0.0261286
0.87295 0.0261286
0.8733 0.0228318
0.87365 0.0214823
0.874 0.0228318
0.87435 0.0233476
0.8747 0.0233476
0.87505 0.0230047
0.8754 0.0230047
0.87575 0.0187467999999999
0.8761 0.0232865999999999
0.87645 0.0198905999999999
0.8768 0.0198905999999999
0.87715 0.0187781
0.8775 0.0136616
0.87785 0.0136616
0.8782 0.0123526
0.87855 0.0123526
0.8789 0.0169796
0.87925 0.0169796
0.8796 0.0072797
0.87995 0.0070762
0.8803 0.0061876999999999
0.88065 0.006129
0.881 0.0045486
0.88135 0.0044453999999999
0.8817 0.0029646
0.88205 0.0020843
0.8824 0.0013383
0.88275 0.0013383
0.8831 0.0013383
0.88345 0.0013273
0.8838 0.0013127
0.88415 0.0013273
0.8845 0.0016035
0.88485 0.0018541
0.8852 0.0021291
0.88555 0.0021291
0.8859 0.0019422999999999
0.88625 0.0015354
0.8866 0.0009094
0.88695 0.0007904
0.8873 0.0007904
0.88765 0.0007904
0.888 0.0008695
0.88835 0.0009782
0.8887 0.0011932
0.88905 0.0009782
0.8894 0.0012781
0.88975 0.00132
0.8901 0.0014874
0.89045 0.0013950999999999
0.8908 0.0013950999999999
0.89115 0.0013652
0.8915 0.0013652
0.89185 0.0012301999999999
0.8922 0.0013866
0.89255 0.0013866
0.8929 0.0014348
0.89325 0.0014348
0.8936 0.0013899
0.89395 0.0013083
0.8943 0.0012591
0.89465 0.0012591
0.895 0.0012591
0.89535 0.0012173
0.8957 0.0012173
0.89605 0.0013224999999999
0.8964 0.001421
0.89675 0.0017180999999999
0.8971 0.0017180999999999
0.89745 0.0017724
0.8978 0.0017724
0.89815 0.0020408
0.8985 0.0020408
0.89885 0.0017222
0.8992 0.0007126
0.89955 0.0007126
0.8999 0.0005294
0.90025 0.0005294
0.9006 0.0005294
0.90095 0.001417
0.9013 0.0024955
0.90165 0.0035341
0.902 0.0035341
0.90235 0.0034945
0.9027 0.0034945
0.90305 0.0031804
0.9034 0.003843
0.90375 0.003843
0.9041 0.0057126999999999
0.90445 0.0061857
0.9048 0.0090289
0.90515 0.0090289
0.9055 0.0067527
0.90585 0.0067527
0.9062 0.0062453
0.90655 0.0084359
0.9069 0.0062453
0.90725 0.0083214
0.9076 0.0083214
0.90795 0.0083214
0.9083 0.0089265
0.90865 0.0040436
0.909 0.0089834
0.90935 0.0040436
0.9097 0.0042513
0.91005 0.0031918
0.9104 0.003296
0.91075 0.003296
0.9111 0.0037195
0.91145 0.0039291
0.9118 0.0037195
0.91215 0.0039291
0.9125 0.0080813999999999
0.91285 0.0080813999999999
0.9132 0.0080813999999999
0.91355 0.0047123999999999
0.9139 0.0087702999999999
0.91425 0.0020405
0.9146 0.0075656
0.91495 0.0032375999999999
0.9153 0.0039223
0.91565 0.0039223
0.916 0.0039223
0.91635 0.0051401
0.9167 0.0023733
0.91705 0.0021103
0.9174 0.0018141
0.91775 0.0018141
0.9181 0.0015381
0.91845 0.0004843
0.9188 0.0015381
0.91915 0.0011522
0.9195 0.0011522
0.91985 0.0011522
0.9202 0.010938
0.92055 0.010938
0.9209 0.0102159
0.92125 0.0058332
0.9216 0.0036229999999999
0.92195 0.0058332
0.9223 0.0066926999999999
0.92265 0.0078339
0.923 0.0078339
0.92335 0.0041563999999999
0.9237 0.0029038
0.92405 0.0041563999999999
0.9244 0.0026718
0.92475 0.0080325
0.9251 0.0080325
0.92545 0.0080325
0.9258 0.0073647999999999
0.92615 0.0041173
0.9265 0.0040089
0.92685 0.0040089
0.9272 0.0029603
0.92755 0.0029603
0.9279 0.0016504
0.92825 0.0035238
0.9286 0.002791
0.92895 0.0044344
0.9293 0.0033379
0.92965 0.0033379
0.93 0.0009544999999999
0.93035 0.0009544999999999
0.9307 0.0006259
0.93105 0.0017242999999999
0.9314 0.0012253
0.93175 0.0018169
0.9321 0.0021233
0.93245 0.0021233
0.9328 0.0025405
0.93315 0.0026398
0.9335 0.0026398
0.93385 0.0009945
0.9342 0.000755
0.93455 0.0006096
0.9349 0.000755
0.93525 0.0006096
0.9356 0.0012035
0.93595 0.0018524
0.9363 0.0018992
0.93665 0.0018524
0.937 0.0015694
0.93735 0.0015694
0.9377 0.0008087999999999
0.93805 0.0008087999999999
0.9384 0.0008087999999999
0.93875 0.0023186
0.9391 0.0023186
0.93945 0.0024313
0.9398 0.0015952
0.94015 0.0025280999999999
0.9405 0.001037
0.94085 0.0025280999999999
0.9412 0.0031707
0.94155 0.0031707
0.9419 0.0030984
0.94225 0.0027503
0.9426 0.0027503
0.94295 0.0006566
0.9433 0.0006566
0.94365 0.0009708999999999
0.944 0.0009708999999999
0.94435 0.0003275
0.9447 0.0003275
0.94505 0.0023916
0.9454 0.0023916
0.94575 0.0023916
0.9461 0.0013744
0.94645 0.0013744
0.9468 0.0013744
0.94715 0.0016120999999999
0.9475 0.0016120999999999
0.94785 0.0020598
0.9482 0.0025904
0.94855 0.002782
0.9489 0.002782
0.94925 0.0005034
0.9496 0.0005034
0.94995 0.0006597
0.9503 0.0011453
0.95065 0.0033335
0.951 0.0033335
0.95135 0.0015411
0.9517 0.0015411
0.95205 0.001753
0.9524 0.001753
0.95275 0.0011657
0.9531 0.0007821
0.95345 0.0007821
0.9538 0.0015327
0.95415 0.002242
0.9545 0.002242
0.95485 0.0023466999999999
0.9552 0.0018518
0.95555 0.0024006
0.9559 0.0024006
0.95625 0.0024006
0.9566 0.0023436999999999
0.95695 0.000875
0.9573 0.000875
0.95765 0.0034534999999999
0.958 0.0034534999999999
0.95835 0.0028644
0.9587 0.0028191999999999
0.95905 0.0028191999999999
0.9594 0.0009193
0.95975 0.0009193
0.9601 0.002696
0.96045 0.002696
0.9608 0.0018026
0.96115 0.0018026
0.9615 0.002258
0.96185 0.0033391999999999
0.9622 0.002258
0.96255 0.0007159
0.9629 0.0007159
0.96325 0.0012973
0.9636 0.0012973
0.96395 0.0011972999999999
0.9643 0.0011972999999999
0.96465 0.0031031999999999
0.965 0.0031031999999999
0.96535 0.0019741
0.9657 0.0013284
0.96605 0.0019741
0.9664 0.0013284
0.96675 0.0011683
0.9671 0.000964
0.96745 0.000964
0.9678 0.0027758
0.96815 0.0027758
0.9685 0.0020888
0.96885 0.0011978
0.9692 0.0011978
0.96955 0.0025754
0.9699 0.0033411
0.97025 0.0033411
0.9706 0.0031909
0.97095 0.0031909
0.9713 0.0032014
0.97165 0.0034842
0.972 0.0034842
0.97235 0.0026609999999999
0.9727 0.0023322
0.97305 0.0018644
0.9734 0.001424
0.97375 0.0012728
0.9741 0.0012728
0.97445 0.0012728
0.9748 0.0021138999999999
0.97515 0.0022128
0.9755 0.0027243
0.97585 0.0027243
0.9762 0.0021143
0.97655 0.0021143
0.9769 0.0027174
0.97725 0.0034443
0.9776 0.0034443
0.97795 0.0021663
0.9783 0.001178
0.97865 0.001178
0.979 0.001178
0.97935 0.001626
0.9797 0.0017852999999999
0.98005 0.0018405
0.9804 0.0017852999999999
0.98075 0.0014916999999999
0.9811 0.0014916999999999
0.98145 0.0019395
0.9818 0.0019395
0.98215 0.0016876999999999
0.9825 0.0012015999999999
0.98285 0.0009267
0.9832 0.0012015999999999
0.98355 0.0016799
0.9839 0.0016912
0.98425 0.0017882999999999
0.9846 0.0017882999999999
0.98495 0.0018219999999999
0.9853 0.0014367
0.98565 0.0013138
0.986 0.0012655
0.98635 0.0012655
0.9867 0.0009259
0.98705 0.0010686
0.9874 0.0010686
0.98775 0.0010686
0.9881 0.0005842
0.98845 0.0003989
0.9888 0.0003989
0.98915 0.0006253999999999
0.9895 0.0013504
0.98985 0.0008818999999999
0.9902 0.0014642
0.99055 0.0009106
0.9909 0.0014818
0.99125 0.0011956
0.9916 0.0014162
0.99195 0.0011956
0.9923 0.0014162
0.99265 0.0014167
0.993 0.0014835999999999
0.99335 0.0014835999999999
0.9937 0.0015019
0.99405 0.0015019
0.9944 0.0016659
0.99475 0.0014215
0.9951 0.0014215
0.99545 0.0014215
0.9958 0.0006693
0.99615 0.0015440999999999
0.9965 0.0006693
0.99685 0.0015440999999999
0.9972 0.0020479
0.99755 0.0020479
0.9979 0.001702
0.99825 0.0013074999999999
0.9986 0.0014585999999999
0.99895 0.0012299
0.9993 0.0012299
