0.3 0.1985501
0.30035 0.1985501
0.3007 0.1985449
0.30105 0.1985395
0.3014 0.1985338999999999
0.30175 0.1985280999999999
0.3021 0.1985221
0.30245 0.1985159
0.3028 0.1985095
0.30315 0.1985029
0.3035 0.1984961
0.30385 0.1984891
0.3042 0.1984803
0.30455 0.1984713
0.3049 0.1984622
0.30525 0.1984527999999999
0.3056 0.1984433
0.30595 0.1984336
0.3063 0.1984237999999999
0.30665 0.1984138
0.307 0.1984036
0.30735 0.1983933
0.3077 0.1983828
0.30805 0.1983722
0.3084 0.1983614
0.30875 0.1983503999999999
0.3091 0.1983392999999999
0.30945 0.1983281
0.3098 0.1983167
0.31015 0.1983051
0.3105 0.1982934
0.31085 0.1982816
0.3112 0.1982696
0.31155 0.1982575
0.3119 0.1982452
0.31225 0.1982328
0.3126 0.1982203
0.31295 0.1982076
0.3133 0.1981947999999999
0.31365 0.1981818
0.314 0.1981687
0.31435 0.1981555
0.3147 0.1981422
0.31505 0.1981287
0.3154 0.1981152
0.31575 0.1981013999999999
0.3161 0.1980876
0.31645 0.1980737
0.3168 0.1980596
0.31715 0.1980453999999999
0.3175 0.1980311
0.31785 0.1980167
0.3182 0.1980021
0.31855 0.1979875
0.3189 0.1979727
0.31925 0.1979579
0.3196 0.1979428999999999
0.31995 0.1979278
0.3203 0.1979126
0.32065 0.1978973
0.321 0.1978819
0.32135 0.1978664
0.3217 0.1978507
0.32205 0.1978349999999999
0.3224 0.1978192
0.32275 0.1978033
0.3231 0.1977872999999999
0.32345 0.1977712
0.3238 0.197755
0.32415 0.1977387
0.3245 0.1977223
0.32485 0.1977058
0.3252 0.1976892
0.32555 0.1976725
0.3259 0.1976558
0.32625 0.1976388999999999
0.3266 0.197622
0.32695 0.197605
0.3273 0.1975877999999999
0.32765 0.1975706
0.328 0.1975533
0.32835 0.1975359
0.3287 0.1975184
0.32905 0.1975006
0.3294 0.1974826
0.32975 0.1974634
0.3301 0.1974382999999999
0.33045 0.1974217
0.3308 0.19741
0.33115 0.1973934
0.3315 0.1973758
0.33185 0.1973579
0.3322 0.1973397999999999
0.33255 0.1973216
0.3329 0.1973034
0.33325 0.197285
0.3336 0.1972664999999999
0.33395 0.197248
0.3343 0.1972294
0.33465 0.1972107
0.335 0.197192
0.33535 0.1971732
0.3357 0.1971542999999999
0.33605 0.1971354
0.3364 0.1971164
0.33675 0.1970974
0.3371 0.1970784
0.33745 0.1970598999999999
0.3378 0.1970414
0.33815 0.1970227999999999
0.3385 0.1970041
0.33885 0.1969854
0.3392 0.1969666
0.33955 0.1969477999999999
0.3399 0.1969289
0.34025 0.1969099
0.3406 0.1968908999999999
0.34095 0.1968717999999999
0.3413 0.1968527
0.34165 0.1968335
0.342 0.1968142999999999
0.34235 0.196795
0.3427 0.1967756
0.34305 0.1967562
0.3434 0.1967368
0.34375 0.1967172999999999
0.3441 0.1966977
0.34445 0.1966781
0.3448 0.1966585
0.34515 0.1966388
0.3455 0.196619
0.34585 0.1965992
0.3462 0.1965794
0.34655 0.1965595
0.3469 0.1965396
0.34725 0.1965196
0.3476 0.1964996
0.34795 0.1964795
0.3483 0.1964594
0.34865 0.1964392
0.349 0.196419
0.34935 0.1963987999999999
0.3497 0.1963785
0.35005 0.1963581
0.3504 0.1963378
0.35075 0.1963174
0.3511 0.1962969
0.35145 0.1962764
0.3518 0.1962558999999999
0.35215 0.1962352999999999
0.3525 0.1962147
0.35285 0.1961941
0.3532 0.1961734
0.35355 0.1961527
0.3539 0.1961319
0.35425 0.1961111
0.3546 0.1960892999999999
0.35495 0.1960684
0.3553 0.1960473999999999
0.35565 0.1960262
0.356 0.1959783
0.35635 0.1959774
0.3567 0.1959636
0.35705 0.195918
0.3574 0.1959168
0.35775 0.1958861
0.3581 0.1958484999999999
0.35845 0.1958381
0.3588 0.1958051
0.35915 0.1958047
0.3595 0.1957458999999999
0.35985 0.1956987
0.3602 0.195693
0.36055 0.1956727
0.3609 0.1956663
0.36125 0.1956663
0.3616 0.1956537
0.36195 0.1956411
0.3623 0.1956051
0.36265 0.1955925
0.363 0.1955719
0.36335 0.19555
0.3637 0.1955252999999999
0.36405 0.1954972999999999
0.3644 0.195482
0.36475 0.19546
0.3651 0.1954368
0.36545 0.1954122999999999
0.3658 0.1953772
0.36615 0.1953632
0.3665 0.195343
0.36685 0.1953162999999999
0.3672 0.1952912
0.36755 0.1952715
0.3679 0.1952429
0.36825 0.1952211
0.3686 0.1951793
0.36895 0.195177
0.3693 0.1951469
0.36965 0.1951252
0.37 0.1950928999999999
0.37035 0.1950614
0.3707 0.1950032
0.37105 0.1950032
0.3714 0.1949976
0.37175 0.1949646
0.3721 0.1949394
0.37245 0.1949196
0.3728 0.1948761
0.37315 0.194846
0.3735 0.194846
0.37385 0.1948063
0.3742 0.1948063
0.37455 0.194763
0.3749 0.194721
0.37525 0.1946665
0.3756 0.1946736
0.37595 0.1945697
0.3763 0.1946263
0.37665 0.1945734999999999
0.377 0.1945734999999999
0.37735 0.1945662
0.3777 0.1944895999999999
0.37805 0.1944895999999999
0.3784 0.1944565
0.37875 0.1944134
0.3791 0.1943955
0.37945 0.1943316
0.3798 0.1942904
0.38015 0.1943237
0.3805 0.1943171
0.38085 0.1943171
0.3812 0.1943045
0.38155 0.1942889
0.3819 0.1941869
0.38225 0.1941445
0.3826 0.1941445
0.38295 0.1941727
0.3833 0.1941727
0.38365 0.1941624
0.384 0.1941288
0.38435 0.194122
0.3847 0.1941039
0.38505 0.1940828
0.3854 0.1940573
0.38575 0.194036
0.3861 0.19401
0.38645 0.1939813
0.3868 0.19396
0.38715 0.1939266
0.3875 0.193907
0.38785 0.1938798
0.3882 0.1938687999999999
0.38855 0.1938176
0.3889 0.1937786
0.38925 0.1937629
0.3896 0.1937603
0.38995 0.1937277
0.3903 0.1936902999999999
0.39065 0.1936705
0.391 0.193661
0.39135 0.1936356
0.3917 0.1935757
0.39205 0.1935672999999999
0.3924 0.1935513999999999
0.39275 0.1934992
0.3931 0.193491
0.39345 0.193491
0.3938 0.1934539
0.39415 0.193403
0.3945 0.1933302
0.39485 0.1933204
0.3952 0.1933171
0.39555 0.1932684
0.3959 0.1932142999999999
0.39625 0.1931751
0.3966 0.1931751
0.39695 0.1931751
0.3973 0.1931436
0.39765 0.1930906
0.398 0.1931436
0.39835 0.1930906
0.3987 0.1930777999999999
0.39905 0.1930775
0.3994 0.1930674
0.39975 0.1930477
0.4001 0.1930349999999999
0.40045 0.1930188
0.4008 0.192947
0.40115 0.192947
0.4015 0.1929477999999999
0.40185 0.1929477999999999
0.4022 0.1928701
0.40255 0.1928501
0.4029 0.1928518
0.40325 0.1928501
0.4036 0.19279
0.40395 0.1927807
0.4043 0.1927807
0.40465 0.1927491
0.405 0.1927347999999999
0.40535 0.1927344
0.4057 0.192691
0.40605 0.192634
0.4064 0.1926067
0.40675 0.1925967999999999
0.4071 0.1925967999999999
0.40745 0.1925967999999999
0.4078 0.1925819
0.40815 0.192563
0.4085 0.1925445
0.40885 0.1925034
0.4092 0.192482
0.40955 0.192482
0.4099 0.1924496
0.41025 0.192419
0.4106 0.1924016
0.41095 0.1923825
0.4113 0.1923394
0.41165 0.192338
0.412 0.1922776
0.41235 0.1922352
0.4127 0.1922352
0.41305 0.1921952
0.4134 0.192077
0.41375 0.192077
0.4141 0.1920967
0.41445 0.1920967
0.4148 0.1919644
0.41515 0.1918219
0.4155 0.1918071
0.41585 0.1915324
0.4162 0.1915324
0.41655 0.1917811
0.4169 0.1917811
0.41725 0.1915865
0.4176 0.1913496
0.41795 0.1915865
0.4183 0.1917701
0.41865 0.1917701
0.419 0.1916762
0.41935 0.1916078
0.4197 0.1912804
0.42005 0.1914249
0.4204 0.1914249
0.42075 0.1916571
0.4211 0.1916571
0.42145 0.1916382
0.4218 0.1915152999999999
0.42215 0.1914431
0.4225 0.1914431
0.42285 0.1914431
0.4232 0.1913135
0.42355 0.1908997
0.4239 0.1908997
0.42425 0.1909627
0.4246 0.1909627
0.42495 0.1911657
0.4253 0.1912286
0.42565 0.1912286
0.426 0.1906135
0.42635 0.1906135
0.4267 0.1908632
0.42705 0.1911336
0.4274 0.1911008
0.42775 0.1911494
0.4281 0.1911008
0.42845 0.1910868
0.4288 0.1910151
0.42915 0.1908479
0.4295 0.1908932
0.42985 0.1908932
0.4302 0.1908932
0.43055 0.1909145
0.4309 0.1909256
0.43125 0.1909256
0.4316 0.1909256
0.43195 0.1909997
0.4323 0.1910249
0.43265 0.1910249
0.433 0.1909816
0.43335 0.190973
0.4337 0.1909063999999999
0.43405 0.1908796
0.4344 0.1908285
0.43475 0.1908285
0.4351 0.1908285
0.43545 0.1907839
0.4358 0.1907708
0.43615 0.1907164
0.4365 0.1905141
0.43685 0.1905141
0.4372 0.1905297
0.43755 0.1905345
0.4379 0.1905494999999999
0.43825 0.1905494999999999
0.4386 0.1905494999999999
0.43895 0.1905315
0.4393 0.1904235
0.43965 0.1903522
0.44 0.1902112999999999
0.44035 0.1897467
0.4407 0.1895072
0.44105 0.1895484
0.4414 0.1895072
0.44175 0.1894297
0.4421 0.1894297
0.44245 0.1894297
0.4428 0.1898592999999999
0.44315 0.1901316
0.4435 0.1901316
0.44385 0.18952
0.4442 0.18952
0.44455 0.1900471
0.4449 0.1900471
0.44525 0.1897727
0.4456 0.1897622
0.44595 0.1897622
0.4463 0.1898472
0.44665 0.1900657
0.447 0.1899856
0.44735 0.190048
0.4477 0.1899856
0.44805 0.190048
0.4484 0.18999
0.44875 0.1900715
0.4491 0.190045
0.44945 0.190045
0.4498 0.1899666
0.45015 0.1899666
0.4505 0.1899666
0.45085 0.1898253999999999
0.4512 0.1896139
0.45155 0.1895622
0.4519 0.1895472
0.45225 0.1895622
0.4526 0.189673
0.45295 0.189673
0.4533 0.1896984
0.45365 0.18966
0.454 0.18966
0.45435 0.1895145
0.4547 0.1894149
0.45505 0.1895125
0.4554 0.1894208999999999
0.45575 0.1894208999999999
0.4561 0.1892829999999999
0.45645 0.1892829999999999
0.4568 0.1891732
0.45715 0.1894102
0.4575 0.1893667
0.45785 0.1893667
0.4582 0.1893379
0.45855 0.189305
0.4589 0.1892635
0.45925 0.1891305
0.4596 0.1890519
0.45995 0.1891305
0.4603 0.1891958999999999
0.46065 0.1893037
0.461 0.1893214
0.46135 0.1893258
0.4617 0.1893243
0.46205 0.1893243
0.4624 0.1893243
0.46275 0.1893176
0.4631 0.1893127
0.46345 0.1892828
0.4638 0.1892749
0.46415 0.1892323
0.4645 0.1891739
0.46485 0.1891737999999999
0.4652 0.1889568999999999
0.46555 0.1889568999999999
0.4659 0.1888372999999999
0.46625 0.1887716
0.4666 0.1886914999999999
0.46695 0.18873
0.4673 0.1886914999999999
0.46765 0.1886092999999999
0.468 0.1883953
0.46835 0.1881378
0.4687 0.1874595
0.46905 0.1874382999999999
0.4694 0.1874382999999999
0.46975 0.1876911
0.4701 0.1877357
0.47045 0.1882129
0.4708 0.1882129
0.47115 0.1882697
0.4715 0.1879019
0.47185 0.1879019
0.4722 0.1874159
0.47255 0.1874159
0.4729 0.1877617
0.47325 0.1878341
0.4736 0.1880319
0.47395 0.1880319
0.4743 0.1883297999999999
0.47465 0.1877474999999999
0.475 0.188322
0.47535 0.1872299
0.4757 0.188322
0.47605 0.1879897
0.4764 0.1879897
0.47675 0.1879897
0.4771 0.1880368
0.47745 0.188305
0.4778 0.1880502
0.47815 0.188263
0.4785 0.1881855
0.47885 0.1881855
0.4792 0.1881142
0.47955 0.1880763999999999
0.4799 0.1879851
0.48025 0.187963
0.4806 0.1878888
0.48095 0.1878362
0.4813 0.1877322
0.48165 0.1876577999999999
0.482 0.1873833999999999
0.48235 0.1873833999999999
0.4827 0.1873833999999999
0.48305 0.1873735
0.4834 0.1869237999999999
0.48375 0.1865819
0.4841 0.1862212
0.48445 0.1853947
0.4848 0.1848717999999999
0.48515 0.1848717999999999
0.4855 0.1848717999999999
0.48585 0.1850799
0.4862 0.1854978
0.48655 0.1858937
0.4869 0.1864249
0.48725 0.1864249
0.4876 0.1859242
0.48795 0.1859242
0.4883 0.186857
0.48865 0.186857
0.489 0.1872563
0.48935 0.1863322
0.4897 0.1872563
0.49005 0.1870677
0.4904 0.1870677
0.49075 0.1870677
0.4911 0.1870753
0.49145 0.1872417
0.4918 0.1873059
0.49215 0.1872417
0.4925 0.1870575
0.49285 0.1870373
0.4932 0.1870373
0.49355 0.1870373
0.4939 0.18739
0.49425 0.18739
0.4946 0.18739
0.49495 0.1874813
0.4953 0.1874132
0.49565 0.1875722
0.496 0.1874491
0.49635 0.1875162
0.4967 0.1874694999999999
0.49705 0.1874694999999999
0.4974 0.1874152999999999
0.49775 0.1873919
0.4981 0.1873852999999999
0.49845 0.1872521
0.4988 0.1872521
0.49915 0.1870844
0.4995 0.1872723
0.49985 0.1870568
0.50055 0.1863769
0.5009 0.1863769
0.50125 0.1866006
0.5016 0.1866006
0.50195 0.1864524
0.5023 0.1863322
0.50265 0.1853594
0.503 0.1840437999999999
0.50335 0.1844335
0.5037 0.1844335
0.50405 0.1844335
0.5044 0.1853889
0.50475 0.1859747
0.5051 0.1860112
0.50545 0.1860112
0.5058 0.1855515
0.50615 0.1855515
0.5065 0.1844362999999999
0.50685 0.1848604
0.5072 0.1848604
0.50755 0.1853224
0.5079 0.1853224
0.50825 0.1852609
0.5086 0.1852609
0.50895 0.1852609
0.5093 0.1851707
0.50965 0.1850006
0.51 0.1850006
0.51035 0.185382
0.5107 0.1855562
0.51105 0.1856245
0.5114 0.1856245
0.51175 0.1856245
0.5121 0.185861
0.51245 0.1864079
0.5128 0.1864079
0.51315 0.1863231
0.5135 0.1863231
0.51385 0.1863108
0.5142 0.1863108
0.51455 0.1863108
0.5149 0.1864562
0.51525 0.1867743999999999
0.5156 0.1868008
0.51595 0.1868008
0.5163 0.1868008
0.51665 0.1866944999999999
0.517 0.1868224
0.51735 0.1867912999999999
0.5177 0.1867912999999999
0.51805 0.1867912999999999
0.5184 0.1867873
0.51875 0.1867873
0.5191 0.1867744999999999
0.51945 0.1866500999999999
0.5198 0.1866500999999999
0.52015 0.1866500999999999
0.5205 0.1866032
0.52085 0.1865766
0.5212 0.1865039
0.52155 0.1865013999999999
0.5219 0.1863655
0.52225 0.1863553
0.5226 0.1862478
0.52295 0.1861566
0.5233 0.1850401
0.52365 0.1850401
0.524 0.1848272
0.52435 0.1858557
0.5247 0.1858557
0.52505 0.1860397
0.5254 0.1861083999999999
0.52575 0.1862526
0.5261 0.1862594
0.52645 0.1862526
0.5268 0.1857572
0.52715 0.1856394
0.5275 0.1856394
0.52785 0.1856394
0.5282 0.1859861
0.52855 0.1859861
0.5289 0.1856284
0.52925 0.1855897
0.5296 0.1855383
0.52995 0.1855383
0.5303 0.1855383
0.53065 0.1850966
0.531 0.1850966
0.53135 0.185716
0.5317 0.185716
0.53205 0.185673
0.5324 0.185295
0.53275 0.185295
0.5331 0.185295
0.53345 0.1854967
0.5338 0.1854967
0.53415 0.1854967
0.5345 0.1854834
0.53485 0.1853261
0.5352 0.1850549
0.53555 0.1849482999999999
0.5359 0.1846507999999999
0.53625 0.1846507999999999
0.5366 0.1845653
0.53695 0.1841872
0.5373 0.1841872
0.53765 0.1838416
0.538 0.1837282
0.53835 0.1835043999999999
0.5387 0.1831912
0.53905 0.1830063999999999
0.5394 0.1825874
0.53975 0.1821649
0.5401 0.1821649
0.54045 0.1814311
0.5408 0.1808995
0.54115 0.1801461
0.5415 0.1800161
0.54185 0.1791722
0.5422 0.1789675
0.54255 0.1789675
0.5429 0.1790186
0.54325 0.179059
0.5436 0.1791188
0.54395 0.1794726
0.5443 0.1802704
0.54465 0.1814071
0.545 0.1814071
0.54535 0.1818115
0.5457 0.1823924
0.54605 0.1823924
0.5464 0.1827183
0.54675 0.1830184
0.5471 0.1837096
0.54745 0.1838483
0.5478 0.1840981
0.54815 0.1843337
0.5485 0.184426
0.54885 0.1845612
0.5492 0.184426
0.54955 0.1845661
0.5499 0.1842251
0.55025 0.1848291
0.5506 0.1848291
0.55095 0.1848291
0.5513 0.1849636
0.55165 0.1844771
0.552 0.1849012
0.55235 0.1847976
0.5527 0.1847976
0.55305 0.1847976
0.5534 0.1848481
0.55375 0.1848481
0.5541 0.1848184
0.55445 0.1847741
0.5548 0.1847741
0.55515 0.1847808
0.5555 0.1847808
0.55585 0.1849922
0.5562 0.185006
0.55655 0.185006
0.5569 0.1848125
0.55725 0.1848125
0.5576 0.1849902999999999
0.55795 0.1850025
0.5583 0.1849902999999999
0.55865 0.1850025
0.559 0.1849054
0.55935 0.1850099999999999
0.5597 0.1849054
0.56005 0.1848864
0.5604 0.1848864
0.56075 0.1848232
0.5611 0.1849152999999999
0.56145 0.1849139
0.5618 0.1849139
0.56215 0.1847948999999999
0.5625 0.1847948999999999
0.56285 0.1848908
0.5632 0.1848908
0.56355 0.1846346
0.5639 0.1845152999999999
0.56425 0.1846346
0.5646 0.1845196
0.56495 0.1845196
0.5653 0.1844878999999999
0.56565 0.1844666
0.566 0.1839824
0.56635 0.1835214
0.5667 0.1835082999999999
0.56705 0.1835214
0.5674 0.1835082999999999
0.56775 0.1832562
0.5681 0.1823215
0.56845 0.1823215
0.5688 0.1821041
0.56915 0.1822142999999999
0.5695 0.1813698999999999
0.56985 0.1816967
0.5702 0.1816967
0.57055 0.1830355
0.5709 0.1830355
0.57125 0.1825019
0.5716 0.1823158999999999
0.57195 0.1824831
0.5723 0.1824831
0.57265 0.1824831
0.573 0.1827956
0.57335 0.181421
0.5737 0.1819973
0.57405 0.181421
0.5744 0.1809209
0.57475 0.1809209
0.5751 0.1802162999999999
0.57545 0.1818962
0.5758 0.1819020999999999
0.57615 0.1819020999999999
0.5765 0.181582
0.57685 0.1811354
0.5772 0.181582
0.57755 0.18195
0.5779 0.1821626
0.57825 0.1823962
0.5786 0.1825002
0.57895 0.1826999
0.5793 0.1826999
0.57965 0.1827724
0.58 0.1827967
0.58035 0.1828662999999999
0.5807 0.1831043
0.58105 0.1834017999999999
0.5814 0.1834017999999999
0.58175 0.1835172999999999
0.5821 0.1834131
0.58245 0.1834131
0.5828 0.1834131
0.58315 0.1834287999999999
0.5835 0.1836072
0.58385 0.1836072
0.5842 0.1836072
0.58455 0.1837642
0.5849 0.1837642
0.58525 0.1834756
0.5856 0.1834756
0.58595 0.1834756
0.5863 0.183289
0.58665 0.1832705
0.587 0.1830745
0.58735 0.1830543
0.5877 0.1826467
0.58805 0.1817708999999999
0.5884 0.1817708999999999
0.58875 0.1817708999999999
0.5891 0.18206
0.58945 0.18206
0.5898 0.1810351
0.59015 0.1810351
0.5905 0.1819342
0.59085 0.1819342
0.5912 0.1819051
0.59155 0.1816053
0.5919 0.1816877999999999
0.59225 0.1816053
0.5926 0.1816877999999999
0.59295 0.1820782
0.5933 0.1820782
0.59365 0.1814243999999999
0.594 0.1808757999999999
0.59435 0.1774017999999999
0.5947 0.1774017999999999
0.59505 0.1807737
0.5954 0.1809059
0.59575 0.1809059
0.5961 0.1809059
0.59645 0.1807162
0.5968 0.1812562
0.59715 0.1812562
0.5975 0.1812562
0.59785 0.1806421
0.5982 0.1806421
0.59855 0.1812427999999999
0.5989 0.1812427999999999
0.59925 0.1812427999999999
0.5996 0.1812872
0.59995 0.1816094
0.6003 0.1816094
0.60065 0.1807095
0.601 0.1807095
0.60135 0.1816058
0.6017 0.1820176
0.60205 0.1820176
0.6024 0.1824083
0.60275 0.1824083
0.6031 0.1825458999999999
0.60345 0.1828524
0.6038 0.1828524
0.60415 0.1827094
0.6045 0.1827094
0.60485 0.1825663
0.6052 0.1828464
0.60555 0.1827415
0.6059 0.1827415
0.60625 0.182727
0.6066 0.182584
0.60695 0.1826654
0.6073 0.182584
0.60765 0.1825036
0.608 0.1821075
0.60835 0.1820852999999999
0.6087 0.1820589
0.60905 0.181971
0.6094 0.1819269
0.60975 0.181971
0.6101 0.1819319999999999
0.61045 0.1819319999999999
0.6108 0.1815611
0.61115 0.1813760999999999
0.6115 0.1809223
0.61185 0.1802889
0.6122 0.179571
0.61255 0.1795558
0.6129 0.1786114
0.61325 0.1774452
0.6136 0.176059
0.61395 0.1750142999999999
0.6143 0.1740736
0.61465 0.1732955
0.615 0.172943
0.61535 0.1729277
0.6157 0.1725464
0.61605 0.1717006
0.6164 0.1711727999999999
0.61675 0.1707461
0.6171 0.169517
0.61745 0.167282
0.6178 0.1650168
0.61815 0.1650076
0.6185 0.1632467
0.61885 0.1623079
0.6192 0.1617979
0.61955 0.1617979
0.6199 0.1625348999999999
0.62025 0.1637988
0.6206 0.1651906
0.62095 0.165197
0.6213 0.1659572999999999
0.62165 0.1669247
0.622 0.1686433
0.62235 0.1705217999999999
0.6227 0.1719977999999999
0.62305 0.1734792
0.6234 0.1748906
0.62375 0.1749651
0.6241 0.1764944
0.62445 0.1777015
0.6248 0.1783644
0.62515 0.1792772
0.6255 0.1799763
0.62585 0.1805582999999999
0.6262 0.1808991
0.62655 0.1808991
0.6269 0.1809030999999999
0.62725 0.1813266
0.6276 0.1813266
0.62795 0.1815511
0.6283 0.1818235
0.62865 0.1819368999999999
0.629 0.182201
0.62935 0.182286
0.6297 0.1823639
0.63005 0.1825695
0.6304 0.1826635
0.63075 0.1826635
0.6311 0.1822445
0.63145 0.1821234
0.6318 0.1807127
0.63215 0.1807127
0.6325 0.1820811
0.63285 0.1821369
0.6332 0.1822755
0.63355 0.1823855
0.6339 0.1824874
0.63425 0.1825256
0.6346 0.1824874
0.63495 0.1822542
0.6353 0.1822542
0.63565 0.1820317
0.636 0.1820317
0.63635 0.1820317
0.6367 0.1816614
0.63705 0.1816614
0.6374 0.1816614
0.63775 0.1814274
0.6381 0.1816
0.63845 0.1816
0.6388 0.1816
0.63915 0.1815072999999999
0.6395 0.1815072999999999
0.63985 0.1816917
0.6402 0.1818036
0.64055 0.1816917
0.6409 0.1816723999999999
0.64125 0.1815977
0.6416 0.1813632
0.64195 0.1813632
0.6423 0.1812365
0.64265 0.1814101
0.643 0.1812365
0.64335 0.1812522
0.6437 0.1811787999999999
0.64405 0.1810325
0.6444 0.1810325
0.64475 0.1810031
0.6451 0.1809951
0.64545 0.1809951
0.6458 0.1803202
0.64615 0.1788138
0.6465 0.1788138
0.64685 0.1791943
0.6472 0.1802205
0.64755 0.1802205
0.6479 0.1799661
0.64825 0.1795269
0.6486 0.1799522
0.64895 0.1797387
0.6493 0.1799522
0.64965 0.180309
0.65 0.1803126
0.65035 0.1804314
0.6507 0.1803126
0.65105 0.1783001
0.6514 0.1783001
0.65175 0.1783001
0.6521 0.1791241
0.65245 0.1802272
0.6528 0.1802272
0.65315 0.1799598
0.6535 0.1796994999999999
0.65385 0.1799296
0.6542 0.1783148
0.65455 0.1794542999999999
0.6549 0.1794542999999999
0.65525 0.1794542999999999
0.6556 0.1785675
0.65595 0.1784946
0.6563 0.1784946
0.65665 0.1787036
0.657 0.1787291
0.65735 0.1787291
0.6577 0.1787291
0.65805 0.1788076
0.6584 0.1788076
0.65875 0.1786646
0.6591 0.1786384
0.65945 0.1786384
0.6598 0.1782849
0.66015 0.1782849
0.6605 0.1786776
0.66085 0.1786776
0.6612 0.1783128
0.66155 0.1781902999999999
0.6619 0.1781263
0.66225 0.1780207999999999
0.6626 0.1777172999999999
0.66295 0.1776969
0.6633 0.1775526
0.66365 0.1775516
0.664 0.1775305
0.66435 0.1775305
0.6647 0.1774216
0.66505 0.1773566
0.6654 0.1769162999999999
0.66575 0.1767365
0.6661 0.1763904
0.66645 0.1761505
0.6668 0.1761505
0.66715 0.1762908
0.6675 0.1763191
0.66785 0.1764526
0.6682 0.1764526
0.66855 0.1767224
0.6689 0.1768244
0.66925 0.177095
0.6696 0.1775537
0.66995 0.1780055
0.6703 0.1783102
0.67065 0.1787358
0.671 0.1787358
0.67135 0.1790896
0.6717 0.1794954
0.67205 0.1798641
0.6724 0.1799554
0.67275 0.1803902999999999
0.6731 0.1806466
0.67345 0.1809145
0.6738 0.1810501
0.67415 0.1811968
0.6745 0.1813102
0.67485 0.1814697
0.6752 0.1817907
0.67555 0.1817907
0.6759 0.1818766
0.67625 0.1819418
0.6766 0.1819418
0.67695 0.1819922
0.6773 0.1819922
0.67765 0.182101
0.678 0.182101
0.67835 0.1818672999999999
0.6787 0.1817262999999999
0.67905 0.1815926
0.6794 0.1815926
0.67975 0.1815192
0.6801 0.1813992999999999
0.68045 0.1812891
0.6808 0.1809667
0.68115 0.1806532
0.6815 0.1806532
0.68185 0.1800565
0.6822 0.179941
0.68255 0.1797472
0.6829 0.1797472
0.68325 0.1798445
0.6836 0.1798445
0.68395 0.1796984999999999
0.6843 0.1796984999999999
0.68465 0.179825
0.685 0.1800646
0.68535 0.180392
0.6857 0.1804529
0.68605 0.1805161
0.6864 0.1805161
0.68675 0.1796742999999999
0.6871 0.1796742999999999
0.68745 0.1806917999999999
0.6878 0.1807037999999999
0.68815 0.1807602
0.6885 0.1807602
0.68885 0.1805403
0.6892 0.1805403
0.68955 0.1792138999999999
0.6899 0.1807447
0.69025 0.1805954
0.6906 0.1806797
0.69095 0.1805954
0.6913 0.1803958999999999
0.69165 0.1802637
0.692 0.1797811
0.69235 0.1797771
0.6927 0.179765
0.69305 0.1795481
0.6934 0.1792128
0.69375 0.1790975
0.6941 0.1790975
0.69445 0.1790975
0.6948 0.1785081
0.69515 0.1785081
0.6955 0.1784868
0.69585 0.1774469
0.6962 0.1774469
0.69655 0.1778977
0.6969 0.1778977
0.69725 0.1774075
0.6976 0.1755827
0.69795 0.1762582999999999
0.6983 0.1758401
0.69865 0.1758401
0.699 0.1749241
0.69935 0.1739541
0.6997 0.1739541
0.70005 0.1709697
0.7004 0.1698013
0.70075 0.1698013
0.7011 0.1701591
0.70145 0.1701591
0.7018 0.1693007
0.70215 0.168809
0.7025 0.168809
0.70285 0.168809
0.7032 0.170422
0.70355 0.170422
0.7039 0.1698232
0.70425 0.1698232
0.7046 0.1703824
0.70495 0.1703991
0.7053 0.1703991
0.70565 0.1735544
0.706 0.1735544
0.70635 0.1735544
0.7067 0.1739181
0.70705 0.1739181
0.7074 0.1746662
0.70775 0.1747662999999999
0.7081 0.1751566
0.70845 0.1756524
0.7088 0.176034
0.70915 0.1756524
0.7095 0.1763916
0.70985 0.176495
0.7102 0.1770929
0.71055 0.1770929
0.7109 0.1773848999999999
0.71125 0.1772694
0.7116 0.1776289
0.71195 0.1778699
0.7123 0.1778699
0.71265 0.1777247
0.713 0.1776896
0.71335 0.1776896
0.7137 0.1778043
0.71405 0.1778043
0.7144 0.1776801
0.71475 0.1765447999999999
0.7151 0.1763942
0.71545 0.1750642
0.7158 0.1732881
0.71615 0.1731049
0.7165 0.1705
0.71685 0.1670681
0.7172 0.1634127
0.71755 0.1584072
0.7179 0.1574707
0.71825 0.1540832
0.7186 0.1540832
0.71895 0.1514637999999999
0.7193 0.148988
0.71965 0.148988
0.72 0.1423668
0.72035 0.1423668
0.7207 0.1419566
0.72105 0.1419566
0.7214 0.1405531
0.72175 0.1397227999999999
0.7221 0.1405531
0.72245 0.1385934
0.7228 0.1380752
0.72315 0.1349875999999999
0.7235 0.1245886
0.72385 0.1213974999999999
0.7242 0.1213974999999999
0.72455 0.1134366
0.7249 0.1130733999999999
0.72525 0.1021746
0.7256 0.0993473
0.72595 0.1021138
0.7263 0.0993473
0.72665 0.0901123
0.727 0.0901123
0.72735 0.0916723999999999
0.7277 0.0970354
0.72805 0.0970354
0.7284 0.1074478
0.72875 0.1113014
0.7291 0.1147301999999999
0.72945 0.1148529
0.7298 0.1159068
0.73015 0.1171239
0.7305 0.1212307
0.73085 0.1281392
0.7312 0.1331762
0.73155 0.1331762
0.7319 0.1361175
0.73225 0.1359921
0.7326 0.1402874
0.73295 0.1402874
0.7333 0.1479454
0.73365 0.1491799
0.734 0.1492791
0.73435 0.1509905
0.7347 0.1565678999999999
0.73505 0.1577167
0.7354 0.1600835
0.73575 0.1600835
0.7361 0.1600835
0.73645 0.1640891
0.7368 0.1640891
0.73715 0.1643062
0.7375 0.1681436
0.73785 0.1683695
0.7382 0.1700596
0.73855 0.1710688
0.7389 0.1701881
0.73925 0.1723125
0.7396 0.1745594
0.73995 0.1748817
0.7403 0.175989
0.74065 0.1771235
0.741 0.1771235
0.74135 0.1776662999999999
0.7417 0.1779392
0.74205 0.1786017999999999
0.7424 0.1786017999999999
0.74275 0.1788462999999999
0.7431 0.1793956
0.74345 0.1795796
0.7438 0.1796297
0.74415 0.179654
0.7445 0.1796884
0.74485 0.1796884
0.7452 0.1796792
0.74555 0.1796792
0.7459 0.1796792
0.74625 0.1798392
0.7466 0.1798165
0.74695 0.1798165
0.7473 0.1798165
0.74765 0.1796991
0.748 0.1798095
0.74835 0.1798095
0.7487 0.1798095
0.74905 0.1798257
0.7494 0.1797792
0.74975 0.1797792
0.7501 0.179754
0.75045 0.1797256
0.7508 0.179754
0.75115 0.1799035
0.7515 0.1799035
0.75185 0.1798473
0.7522 0.1797825
0.75255 0.1797515
0.7529 0.1797515
0.75325 0.179947
0.7536 0.179947
0.75395 0.1799469
0.7543 0.1799041
0.75465 0.1797934
0.755 0.1797925
0.75535 0.1797545
0.7557 0.1797292999999999
0.75605 0.1796674
0.7564 0.1795776
0.75675 0.1794184
0.7571 0.1793458999999999
0.75745 0.1789434
0.7578 0.1789434
0.75815 0.1789197
0.7585 0.1789093
0.75885 0.1786926
0.7592 0.1785086
0.75955 0.177682
0.7599 0.177499
0.76025 0.1772009
0.7606 0.176873
0.76095 0.176873
0.7613 0.1771379
0.76165 0.1771379
0.762 0.1763045
0.76235 0.1759144
0.7627 0.1757335
0.76305 0.1755708999999999
0.7634 0.1755708999999999
0.76375 0.1755369
0.7641 0.1754058
0.76445 0.1750115
0.7648 0.1749575
0.76515 0.1749575
0.7655 0.1751196
0.76585 0.1751196
0.7662 0.1749276
0.76655 0.1749082
0.7669 0.1743054
0.76725 0.1743054
0.7676 0.1746857
0.76795 0.1751704999999999
0.7683 0.1751704999999999
0.76865 0.1749344
0.769 0.1748575
0.76935 0.1748575
0.7697 0.1749343
0.77005 0.1749343
0.7704 0.1748033
0.77075 0.1745233
0.7711 0.1744297
0.77145 0.1743823
0.7718 0.1742683
0.77215 0.1742551
0.7725 0.1736126
0.77285 0.1723887999999999
0.7732 0.1712321
0.77355 0.1712321
0.7739 0.1713474999999999
0.77425 0.1718438
0.7746 0.1718438
0.77495 0.1717947
0.7753 0.1713896
0.77565 0.1706621
0.776 0.1700699
0.77635 0.1697037
0.7767 0.1695256
0.77705 0.1691509
0.7774 0.1686359
0.77775 0.1686013999999999
0.7781 0.1679055
0.77845 0.1672197
0.7788 0.166608
0.77915 0.1658585
0.7795 0.1643248
0.77985 0.1627171
0.7802 0.1607694
0.78055 0.1606269
0.7809 0.1574583999999999
0.78125 0.1569559999999999
0.7816 0.1569559999999999
0.78195 0.1566766
0.7823 0.1554221
0.78265 0.1549031
0.783 0.1549031
0.78335 0.1548455
0.7837 0.1529581
0.78405 0.1529581
0.7844 0.1551602
0.78475 0.1585967
0.7851 0.1591319
0.78545 0.1591319
0.7858 0.1582364
0.78615 0.1582272
0.7865 0.1582364
0.78685 0.1583871
0.7872 0.1589261
0.78755 0.1600239
0.7879 0.1601437
0.78825 0.1614005
0.7886 0.1614497999999999
0.78895 0.1618457
0.7893 0.1618642
0.78965 0.1620749
0.79 0.1620749
0.79035 0.1619775
0.7907 0.1617428
0.79105 0.1607644
0.7914 0.1597215
0.79175 0.1591168
0.7921 0.1584081
0.79245 0.1563805
0.7928 0.1551992999999999
0.79315 0.1551992999999999
0.7935 0.1551876
0.79385 0.1551876
0.7942 0.1535467999999999
0.79455 0.153533
0.7949 0.1515842
0.79525 0.1508186
0.7956 0.1472263999999999
0.79595 0.1472263999999999
0.7963 0.1473808
0.79665 0.1481063999999999
0.797 0.148675
0.79735 0.148675
0.7977 0.148675
0.79805 0.1493576
0.7984 0.1497227
0.79875 0.1499014
0.7991 0.1504319999999999
0.79945 0.1516828
0.7998 0.1523168999999999
0.80015 0.1524609999999999
0.8005 0.15342
0.80085 0.1547922
0.8012 0.1547922
0.80155 0.1548507999999999
0.8019 0.1553204
0.80225 0.1557588
0.8026 0.1561356
0.80295 0.1575312
0.8033 0.1575312
0.80365 0.1584936
0.804 0.1588006
0.80435 0.1594222
0.8047 0.1604331
0.80505 0.1613555
0.8054 0.1617588
0.80575 0.1617588
0.8061 0.1617588
0.80645 0.1625937999999999
0.8068 0.1638987
0.80715 0.1651135
0.8075 0.1651135
0.80785 0.1658044
0.8082 0.1662407
0.80855 0.166255
0.8089 0.166255
0.80925 0.1654167
0.8096 0.1654167
0.80995 0.166653
0.8103 0.1671171
0.81065 0.1671171
0.811 0.1672227999999999
0.81135 0.1676302
0.8117 0.1679243
0.81205 0.168173
0.8124 0.1686329
0.81275 0.1696263999999999
0.8131 0.1686329
0.81345 0.1706101
0.8138 0.1708167
0.81415 0.1711089999999999
0.8145 0.1711089999999999
0.81485 0.1605576
0.8152 0.1605576
0.81555 0.170399
0.8159 0.1710987
0.81625 0.1710987
0.8166 0.1721922999999999
0.81695 0.1715487
0.8173 0.1723211
0.81765 0.1715487
0.818 0.1713319999999999
0.81835 0.1713319999999999
0.8187 0.1717607
0.81905 0.1734445
0.8194 0.1734445
0.81975 0.1734445
0.8201 0.1740009
0.82045 0.174615
0.8208 0.174615
0.82115 0.1743285
0.8215 0.1743285
0.82185 0.1743285
0.8222 0.1735966
0.82255 0.1735838999999999
0.8229 0.1711108999999999
0.82325 0.1609551
0.8236 0.1655239
0.82395 0.1655239
0.8243 0.1736912
0.82465 0.1752342999999999
0.825 0.1755732
0.82535 0.1755732
0.8257 0.1747235
0.82605 0.1747235
0.8264 0.1753732999999999
0.82675 0.1755041
0.8271 0.1753732999999999
0.82745 0.1740846
0.8278 0.1705377
0.82815 0.1735259999999999
0.8285 0.1735259999999999
0.82885 0.1735259999999999
0.8292 0.1746522999999999
0.82955 0.1749565
0.8299 0.1749565
0.83025 0.1746427
0.8306 0.1746427
0.83095 0.1750362999999999
0.8313 0.1754898999999999
0.83165 0.1750362999999999
0.832 0.1726642
0.83235 0.1726642
0.8327 0.1731722
0.83305 0.1750434
0.8334 0.1735909
0.83375 0.1735909
0.8341 0.1686831
0.83445 0.1686831
0.8348 0.1686831
0.83515 0.1701619999999999
0.8355 0.168722
0.83585 0.168722
0.8362 0.1675131
0.83655 0.1674269
0.8369 0.165981
0.83725 0.1649698
0.8376 0.1598923
0.83795 0.159821
0.8383 0.1580312999999999
0.83865 0.157627
0.839 0.157627
0.83935 0.1577856
0.8397 0.1590707
0.84005 0.1590707
0.8404 0.1589894
0.84075 0.1551178999999999
0.8411 0.1524569
0.84145 0.1524569
0.8418 0.1529101
0.84215 0.1530027
0.8425 0.157961
0.84285 0.1628726
0.8432 0.1628726
0.84355 0.1626057
0.8439 0.1604894
0.84425 0.1604894
0.8446 0.1614232
0.84495 0.1621132
0.8453 0.1641572999999999
0.84565 0.1648094
0.846 0.1666519
0.84635 0.1682006
0.8467 0.1682006
0.84705 0.1681205
0.8474 0.167895
0.84775 0.167895
0.8481 0.167895
0.84845 0.1668314
0.8488 0.1686653
0.84915 0.1695513
0.8495 0.1695513
0.84985 0.1693284
0.8502 0.1677148
0.85055 0.1641023999999999
0.8509 0.1641023999999999
0.85125 0.1641023999999999
0.8516 0.1656686
0.85195 0.165
0.8523 0.165
0.85265 0.1629148
0.853 0.1605257
0.85335 0.1600825
0.8537 0.1590728
0.85405 0.1574801
0.8544 0.1546183
0.85475 0.1530151
0.8551 0.1527711
0.85545 0.1478846
0.8558 0.1478846
0.85615 0.1454848
0.8565 0.144846
0.85685 0.1423122
0.8572 0.1374177
0.85755 0.133298
0.8579 0.1197211
0.85825 0.1197211
0.8586 0.1198241999999999
0.85895 0.1198241999999999
0.8593 0.1193438
0.85965 0.1180500999999999
0.86 0.1154823999999999
0.86035 0.108307
0.8607 0.1053926999999999
0.86105 0.0991295
0.8614 0.09747
0.86175 0.0939924
0.8621 0.0899713
0.86245 0.0899713
0.8628 0.0885596999999999
0.86315 0.0881529
0.8635 0.0877342
0.86385 0.0877342
0.8642 0.079298
0.86455 0.071349
0.8649 0.079298
0.86525 0.0881966
0.8656 0.0904813999999999
0.86595 0.0955794
0.8663 0.0989514
0.86665 0.0989514
0.867 0.0833391
0.86735 0.0823307
0.8677 0.0833391
0.86805 0.1020674999999999
0.8684 0.1100714999999999
0.86875 0.1120931
0.8691 0.1193309999999999
0.86945 0.1214443
0.8698 0.1214443
0.87015 0.1213591999999999
0.8705 0.1208665
0.87085 0.1114565
0.8712 0.1097553
0.87155 0.1114565
0.8719 0.1113576
0.87225 0.131674
0.8726 0.1142924999999999
0.87295 0.1142924999999999
0.8733 0.1142924999999999
0.87365 0.12434
0.874 0.1345137
0.87435 0.1345137
0.8747 0.1345137
0.87505 0.1339237
0.8754 0.138628
0.87575 0.1281134
0.8761 0.1304601
0.87645 0.1304336999999999
0.8768 0.1304336999999999
0.87715 0.1261825
0.8775 0.1008816
0.87785 0.1008816
0.8782 0.0948653
0.87855 0.0948653
0.8789 0.1239431
0.87925 0.1239431
0.8796 0.0749202
0.87995 0.0466799
0.8803 0.0641725
0.88065 0.0485685999999999
0.881 0.0485685999999999
0.88135 0.0448423
0.8817 0.0358635999999999
0.88205 0.0202109
0.8824 0.0091728
0.88275 0.0091728
0.8831 0.0091728
0.88345 0.0095171
0.8838 0.0075749
0.88415 0.0095171
0.8845 0.0201263
0.88485 0.0209604
0.8852 0.0201263
0.88555 0.0182092999999999
0.8859 0.0118888
0.88625 0.0118888
0.8866 0.0033204
0.88695 0.0021642
0.8873 0.0021642
0.88765 0.0032075
0.888 0.0044859999999999
0.88835 0.0044859999999999
0.8887 0.0069468
0.88905 0.0035424999999999
0.8894 0.0083896
0.88975 0.0076634
0.8901 0.0116332
0.89045 0.0116332
0.8908 0.0116332
0.89115 0.0095712
0.8915 0.0095712
0.89185 0.013003
0.8922 0.013003
0.89255 0.0123667999999999
0.8929 0.0123667999999999
0.89325 0.0135271
0.8936 0.0135271
0.89395 0.0095267999999999
0.8943 0.0095267999999999
0.89465 0.0095285
0.895 0.0095285
0.89535 0.0080697
0.8957 0.0080697
0.89605 0.0104363999999999
0.8964 0.0144963
0.89675 0.0220067
0.8971 0.0220067
0.89745 0.0264493
0.8978 0.0249865999999999
0.89815 0.0264493
0.8985 0.0249865999999999
0.89885 0.0241813
0.8992 0.020824
0.89955 0.021015
0.8999 0.021015
0.90025 0.0413904
0.9006 0.0446214
0.90095 0.0484374
0.9013 0.0521485
0.90165 0.0616949
0.902 0.0616949
0.90235 0.0604043
0.9027 0.0604043
0.90305 0.0724295
0.9034 0.0827891
0.90375 0.0724295
0.9041 0.0886648999999999
0.90445 0.098152
0.9048 0.1003613
0.90515 0.1003613
0.9055 0.1111005
0.90585 0.123734
0.9062 0.123734
0.90655 0.1122818
0.9069 0.1122818
0.90725 0.1140549
0.9076 0.1140549
0.90795 0.1283599
0.9083 0.1034038999999999
0.90865 0.1283599
0.909 0.1186021
0.90935 0.1186021
0.9097 0.1048066
0.91005 0.1048066
0.9104 0.1313733
0.91075 0.1326301
0.9111 0.1369432
0.91145 0.1408654
0.9118 0.1408654
0.91215 0.1372295
0.9125 0.1344696
0.91285 0.1344696
0.9132 0.1344696
0.91355 0.1121168999999999
0.9139 0.1404072
0.91425 0.1428767
0.9146 0.1465534
0.91495 0.1460692999999999
0.9153 0.1460692999999999
0.91565 0.1373225
0.916 0.1373225
0.91635 0.1387448999999999
0.9167 0.1387448999999999
0.91705 0.1394351
0.9174 0.1487996
0.91775 0.1487996
0.9181 0.1487996
0.91845 0.1494628999999999
0.9188 0.1494628999999999
0.91915 0.1457985
0.9195 0.138365
0.91985 0.1383857
0.9202 0.1383857
0.92055 0.1425523
0.9209 0.1500559
0.92125 0.1425523
0.9216 0.1261607
0.92195 0.1261607
0.9223 0.0952517
0.92265 0.1329684
0.923 0.150794
0.92335 0.150794
0.9237 0.1440049
0.92405 0.1440049
0.9244 0.1440049
0.92475 0.139492
0.9251 0.1348941
0.92545 0.139492
0.9258 0.1394022999999999
0.92615 0.1394022999999999
0.9265 0.1394022999999999
0.92685 0.0706909
0.9272 0.1409594
0.92755 0.1409594
0.9279 0.1409594
0.92825 0.1411986
0.9286 0.1363618
0.92895 0.1411986
0.9293 0.1490909
0.92965 0.1490909
0.93 0.1407476
0.93035 0.1101453
0.9307 0.0993303
0.93105 0.09106
0.9314 0.09106
0.93175 0.09106
0.9321 0.1201525
0.93245 0.1201525
0.9328 0.1311011
0.93315 0.1401482
0.9335 0.1401482
0.93385 0.1124354
0.9342 0.1124354
0.93455 0.1124354
0.9349 0.1180287
0.93525 0.1042289
0.9356 0.1481848
0.93595 0.1301448999999999
0.9363 0.1470374
0.93665 0.1470374
0.937 0.1470374
0.93735 0.1424472
0.9377 0.1322886
0.93805 0.1161367
0.9384 0.1161367
0.93875 0.1173122
0.9391 0.137514
0.93945 0.1439384
0.9398 0.1439384
0.94015 0.1448615
0.9405 0.1020778
0.94085 0.1508109
0.9412 0.1472508
0.94155 0.1567957
0.9419 0.1581364
0.94225 0.1589972
0.9426 0.1589972
0.94295 0.1348916
0.9433 0.1348916
0.94365 0.1397837
0.944 0.1397837
0.94435 0.137797
0.9447 0.137797
0.94505 0.1456337
0.9454 0.1456337
0.94575 0.1456337
0.9461 0.1505927
0.94645 0.1505927
0.9468 0.1422207999999999
0.94715 0.1296165
0.9475 0.1296165
0.94785 0.1310006
0.9482 0.1513714
0.94855 0.1535378
0.9489 0.1513714
0.94925 0.1406128999999999
0.9496 0.1406128999999999
0.94995 0.1451334
0.9503 0.1453122
0.95065 0.156505
0.951 0.156505
0.95135 0.1483689
0.9517 0.1483689
0.95205 0.149792
0.9524 0.149792
0.95275 0.147223
0.9531 0.147223
0.95345 0.1482361
0.9538 0.1574801
0.95415 0.1577777
0.9545 0.1577777
0.95485 0.1577777
0.9552 0.149694
0.95555 0.1539672999999999
0.9559 0.1539672999999999
0.95625 0.1539672999999999
0.9566 0.1525717999999999
0.95695 0.1446717
0.9573 0.1446717
0.95765 0.1548029
0.958 0.1548029
0.95835 0.1548029
0.9587 0.1533146
0.95905 0.1533146
0.9594 0.1430852999999999
0.95975 0.1430852999999999
0.9601 0.1474766
0.96045 0.1474766
0.9608 0.1438219
0.96115 0.1438219
0.9615 0.1438219
0.96185 0.1399064
0.9622 0.1365352
0.96255 0.1247591
0.9629 0.1247591
0.96325 0.1176712999999999
0.9636 0.1176712999999999
0.96395 0.1176712999999999
0.9643 0.1189093
0.96465 0.1189093
0.965 0.1140013999999999
0.96535 0.1132958
0.9657 0.1102597999999999
0.96605 0.1063361
0.9664 0.1061907
0.96675 0.1015544999999999
0.9671 0.1003038
0.96745 0.1014511999999999
0.9678 0.1014511999999999
0.96815 0.1101394
0.9685 0.1101394
0.96885 0.1063857
0.9692 0.1026406999999999
0.96955 0.1014048
0.9699 0.0970294
0.97025 0.0869698
0.9706 0.0762665
0.97095 0.0756643
0.9713 0.0762665
0.97165 0.0839661999999999
0.972 0.0898368
0.97235 0.0982441
0.9727 0.098869
0.97305 0.098869
0.9734 0.0972623999999999
0.97375 0.0954117
0.9741 0.0928041999999999
0.97445 0.0954117
0.9748 0.0999937
0.97515 0.0999937
0.9755 0.0999937
0.97585 0.1061443
0.9762 0.1061443
0.97655 0.0943341
0.9769 0.0683786
0.97725 0.0943341
0.9776 0.0895604
0.97795 0.0895604
0.9783 0.0772909
0.97865 0.0772909
0.979 0.0853628
0.97935 0.0904145
0.9797 0.0904145
0.98005 0.0603916999999999
0.9804 0.0587443999999999
0.98075 0.0587443999999999
0.9811 0.0587443999999999
0.98145 0.0606443999999999
0.9818 0.0611299
0.98215 0.0606443999999999
0.9825 0.059544
0.98285 0.0101839
0.9832 0.0446830999999999
0.98355 0.042445
0.9839 0.0436362
0.98425 0.0436362
0.9846 0.0436362
0.98495 0.0504874
0.9853 0.0110281
0.98565 0.0254573
0.986 0.0153747
0.98635 0.0254573
0.9867 0.0243487
0.98705 0.0243487
0.9874 0.0240866
0.98775 0.0240866
0.9881 0.0240866
0.98845 0.0005654
0.9888 0.0005654
0.98915 0.0032715
0.9895 0.024115
0.98985 0.0100819999999999
0.9902 0.0226746
0.99055 0.0100819999999999
0.9909 0.0226746
0.99125 0.0238112
0.9916 0.024959
0.99195 0.024959
0.9923 0.0274783
0.99265 0.0333933
0.993 0.0373449999999999
0.99335 0.0373449999999999
0.9937 0.0321749
0.99405 0.0321669
0.9944 0.0321669
0.99475 0.0321669
0.9951 0.0170745
0.99545 0.0170745
0.9958 0.0008330999999999
0.99615 0.0248748
0.9965 0.0002903
0.99685 0.0248748
0.9972 0.0298327
0.99755 0.0298327
0.9979 0.0337948
0.99825 0.0222845999999999
0.9986 0.0257639
0.99895 0.0222845999999999
0.9993 0.0197358
