0.3 0.3923236
0.30035 0.3931527
0.3007 0.393339
0.30105 0.393339
0.3014 0.3931239
0.30175 0.3927357
0.3021 0.3921099
0.30245 0.3909993
0.3028 0.3888307
0.30315 0.3835148
0.3035 0.3835148
0.30385 0.3837642
0.3042 0.3880728
0.30455 0.3896330999999999
0.3049 0.390206
0.30525 0.3903464
0.3056 0.3903464
0.30595 0.3901943
0.3063 0.3899624
0.30665 0.3896695
0.307 0.3893235
0.30735 0.38892
0.3077 0.3884449
0.30805 0.3878685
0.3084 0.3871321
0.30875 0.3861404
0.3091 0.3845936
0.30945 0.3818624
0.3098 0.3761950999999999
0.31015 0.3733095999999999
0.3105 0.3733095999999999
0.31085 0.3796965
0.3112 0.3820645
0.31155 0.3830157
0.3119 0.3833322999999999
0.31225 0.3833322999999999
0.3126 0.3831578
0.31295 0.3828778
0.3133 0.3825282
0.31365 0.3821335
0.314 0.3816981
0.31435 0.3812374
0.3147 0.3807453
0.31505 0.3802355999999999
0.3154 0.3797047
0.31575 0.3791527999999999
0.3161 0.3785802
0.31645 0.3779862
0.3168 0.3773700999999999
0.31715 0.3767305999999999
0.3175 0.3760656
0.31785 0.3753722
0.3182 0.3746585
0.31855 0.3738949
0.3189 0.3730979
0.31925 0.3722245
0.3196 0.3712803
0.31995 0.3702035999999999
0.3203 0.3688979
0.32065 0.3671357
0.321 0.3642764
0.32135 0.3577063
0.3217 0.3543144
0.32205 0.3543144
0.3224 0.361002
0.32275 0.3622767
0.3231 0.3622767
0.32345 0.3616729
0.3238 0.3607877
0.32415 0.3597524
0.3245 0.3585929
0.32485 0.3572919
0.3252 0.3559004
0.32555 0.354381
0.3259 0.3527126
0.32625 0.350866
0.3266 0.3488019
0.32695 0.3465324999999999
0.3273 0.34388
0.32765 0.3408226
0.328 0.3373716
0.32835 0.3332322
0.3287 0.3284723
0.32905 0.3226375
0.3294 0.3144692999999999
0.32975 0.3023172999999999
0.3301 0.284757
0.33045 0.284757
0.3308 0.3020187
0.33115 0.312806
0.3315 0.3196288
0.33185 0.3245278
0.3322 0.3284238
0.33255 0.3315348
0.3329 0.3342262
0.33325 0.3363874
0.3336 0.3382633
0.33395 0.3397741
0.3343 0.3411017
0.33465 0.342182
0.335 0.3431087
0.33535 0.3439099
0.3357 0.3446082
0.33605 0.3452524
0.3364 0.3457615
0.33675 0.3462408
0.3371 0.3466663
0.33745 0.3470428
0.3378 0.3473757999999999
0.33815 0.3476462999999999
0.3385 0.3479003
0.33885 0.3480950999999999
0.3392 0.3482686
0.33955 0.3483804
0.3399 0.3484579
0.34025 0.3484579
0.3406 0.3483961
0.34095 0.3482412
0.3413 0.3479700999999999
0.34165 0.3475427
0.342 0.3468993
0.34235 0.3459509
0.3427 0.3445627
0.34305 0.3425272
0.3434 0.3396127
0.34375 0.3349857999999999
0.3441 0.3266027
0.34445 0.3075941
0.3448 0.3075941
0.34515 0.3219222
0.3455 0.3313390999999999
0.34585 0.3362772999999999
0.3462 0.3393344
0.34655 0.3415118
0.3469 0.3431244
0.34725 0.3443470999999999
0.3476 0.3452905
0.34795 0.3460287
0.3483 0.3466127
0.34865 0.3470799
0.349 0.3474552
0.34935 0.347736
0.3497 0.347983
0.35005 0.3481824
0.3504 0.3483247
0.35075 0.3484527
0.3511 0.3485368
0.35145 0.3485986
0.3518 0.3486549
0.35215 0.3486790999999999
0.3525 0.3486835
0.35285 0.3486835
0.3532 0.3486667
0.35355 0.3486387
0.3539 0.3486004
0.35425 0.3485527
0.3546 0.3484958
0.35495 0.3484314
0.3553 0.3483592
0.35565 0.3482673
0.356 0.3481485
0.35635 0.3480808
0.3567 0.3479857
0.35705 0.3477595
0.3574 0.3476646
0.35775 0.3476172
0.3581 0.3474564
0.35845 0.347356
0.3588 0.3472097
0.35915 0.3470986
0.3595 0.3467195
0.35985 0.3466159
0.3602 0.3464292
0.36055 0.3462784
0.3609 0.3461439
0.36125 0.3461439
0.3616 0.3459739
0.36195 0.345828
0.3623 0.3455843
0.36265 0.3454556
0.363 0.3452729
0.36335 0.3450745999999999
0.3637 0.3448813
0.36405 0.3446121
0.3644 0.3444832
0.36475 0.3442752
0.3651 0.3440629
0.36545 0.3438382
0.3658 0.3435887
0.36615 0.3433924
0.3665 0.3431797
0.36685 0.3429377
0.3672 0.3426995
0.36755 0.3424715
0.3679 0.3422153
0.36825 0.341973
0.3686 0.3416656
0.36895 0.3414804
0.3693 0.3411958
0.36965 0.3409526
0.37 0.3406114
0.37035 0.3403850999999999
0.3707 0.3400230999999999
0.37105 0.3397964
0.3714 0.3395723
0.37175 0.3392394999999999
0.3721 0.3389107
0.37245 0.3386795999999999
0.3728 0.3382958
0.37315 0.3380804
0.3735 0.3376285999999999
0.37385 0.3374178
0.3742 0.337076
0.37455 0.3366929
0.3749 0.336135
0.37525 0.3360207
0.3756 0.3354835
0.37595 0.3354371
0.3763 0.334703
0.37665 0.3342914
0.377 0.3342914
0.37735 0.3339624
0.3777 0.3334938
0.37805 0.3330616
0.3784 0.3327975999999999
0.37875 0.3318375
0.3791 0.3317723
0.37945 0.3308665999999999
0.3798 0.3305727
0.38015 0.3305727
0.3805 0.3300071
0.38085 0.3298021
0.3812 0.3293776
0.38155 0.3289015999999999
0.3819 0.3281814
0.38225 0.3276385
0.3826 0.3273788
0.38295 0.3269666
0.3833 0.3262903
0.38365 0.3259446
0.384 0.3253046
0.38435 0.324879
0.3847 0.3242935999999999
0.38505 0.3237427
0.3854 0.3231404
0.38575 0.3225290999999999
0.3861 0.3219187
0.38645 0.3212599
0.3868 0.3206055
0.38715 0.3199055999999999
0.3875 0.3191916999999999
0.38785 0.3185049
0.3882 0.3178272
0.38855 0.3170344
0.3889 0.3161474
0.38925 0.3152171
0.3896 0.3146233
0.38995 0.3137032999999999
0.3903 0.3128494
0.39065 0.3120614
0.391 0.3111035
0.39135 0.3102011
0.3917 0.3090882
0.39205 0.3081098
0.3924 0.3071332
0.39275 0.3059349
0.3931 0.3049094
0.39345 0.3038019
0.3938 0.302591
0.39415 0.3011753
0.3945 0.3000839
0.39485 0.2985943
0.3952 0.2973679
0.39555 0.2959833
0.3959 0.2942745999999999
0.39625 0.2926769
0.3966 0.2912277
0.39695 0.289761
0.3973 0.2880074999999999
0.39765 0.2862336
0.398 0.2842206
0.39835 0.2827945
0.3987 0.2803492
0.39905 0.278465
0.3994 0.2767097
0.39975 0.274525
0.4001 0.2722744
0.40045 0.269892
0.4008 0.2672524
0.40115 0.2632118
0.4015 0.2619827
0.40185 0.2589161
0.4022 0.2549484
0.40255 0.2513422999999999
0.4029 0.2461887999999999
0.40325 0.2397672
0.4036 0.2311717999999999
0.40395 0.2213582
0.4043 0.1961847
0.40465 0.1961847
0.405 0.2154017
0.40535 0.2267304
0.4057 0.23451
0.40605 0.2405138
0.4064 0.245176
0.40675 0.2485629
0.4071 0.251251
0.40745 0.2535239
0.4078 0.2554853
0.40815 0.2572385
0.4085 0.2572385
0.40885 0.2588344999999999
0.4092 0.2617683
0.40955 0.2631366
0.4099 0.2643592
0.41025 0.2656191
0.4106 0.2667474
0.41095 0.2677672
0.4113 0.2690412
0.41165 0.2697695
0.412 0.2704672
0.41235 0.2714897999999999
0.4127 0.2722288
0.41305 0.2722288
0.4134 0.2730794
0.41375 0.2740328
0.4141 0.2750937
0.41445 0.2756973
0.4148 0.2760282
0.41515 0.2764913
0.4155 0.2764913
0.41585 0.2742734
0.4162 0.2742734
0.41655 0.2781121
0.4169 0.2787052
0.41725 0.2788277999999999
0.4176 0.2791942999999999
0.41795 0.2792397
0.4183 0.2794939
0.41865 0.2797228
0.419 0.2799417999999999
0.41935 0.2804551
0.4197 0.2799417999999999
0.42005 0.2789132
0.4204 0.2789132
0.42075 0.280631
0.4211 0.2813097
0.42145 0.280631
0.4218 0.2805875
0.42215 0.2805875
0.4225 0.2808124
0.42285 0.281471
0.4232 0.281471
0.42355 0.2807707
0.4239 0.2807707
0.42425 0.2810872
0.4246 0.281413
0.42495 0.2817485999999999
0.4253 0.2820170999999999
0.42565 0.2820170999999999
0.426 0.2804982
0.42635 0.2804982
0.4267 0.2810554999999999
0.42705 0.2819294
0.4274 0.282008
0.42775 0.282008
0.4281 0.2818236
0.42845 0.2811245999999999
0.4288 0.2809494999999999
0.42915 0.2788308
0.4295 0.2799118
0.42985 0.2799118
0.4302 0.2799118
0.43055 0.2806775999999999
0.4309 0.2789133
0.43125 0.2795152999999999
0.4316 0.2794268
0.43195 0.2795152999999999
0.4323 0.2804513
0.43265 0.2804513
0.433 0.2801269
0.43335 0.2800841
0.4337 0.279476
0.43405 0.2794662
0.4344 0.279182
0.43475 0.2791591
0.4351 0.2791591
0.43545 0.2789944
0.4358 0.2785705999999999
0.43615 0.2784267
0.4365 0.2777080999999999
0.43685 0.2772985
0.4372 0.2773714
0.43755 0.2772985
0.4379 0.2771944
0.43825 0.2770176
0.4386 0.2769993
0.43895 0.2766505999999999
0.4393 0.276533
0.43965 0.2754553
0.44 0.2749975999999999
0.44035 0.2736109
0.4407 0.2732785
0.44105 0.2732785
0.4414 0.2732027
0.44175 0.2725494
0.4421 0.2725494
0.44245 0.2725494
0.4428 0.2734925
0.44315 0.2732384
0.4435 0.2732384
0.44385 0.2705037
0.4442 0.2705037
0.44455 0.271912
0.4449 0.271912
0.44525 0.2697277
0.4456 0.2697277
0.44595 0.2701299
0.4463 0.2704438
0.44665 0.2704438
0.447 0.2702613
0.44735 0.2697847
0.4477 0.2696475
0.44805 0.2696410999999999
0.4484 0.2679244
0.44875 0.2693227
0.4491 0.2686095
0.44945 0.2686095
0.4498 0.2682154
0.45015 0.2680577
0.4505 0.2678557
0.45085 0.2667612
0.4512 0.266042
0.45155 0.2659085
0.4519 0.2654929
0.45225 0.2657546
0.4526 0.2654915
0.45295 0.2654915
0.4533 0.2651519
0.45365 0.2645565
0.454 0.2645565
0.45435 0.2634869999999999
0.4547 0.2632365
0.45505 0.2632365
0.4554 0.2631598
0.45575 0.2617357999999999
0.4561 0.2605327
0.45645 0.2617357999999999
0.4568 0.260283
0.45715 0.2608557
0.4575 0.2604577
0.45785 0.2604577
0.4582 0.2599302
0.45855 0.2599215
0.4589 0.2594476
0.45925 0.2582491
0.4596 0.2574644
0.45995 0.2577857999999999
0.4603 0.2577857999999999
0.46065 0.2577857999999999
0.461 0.2576349
0.46135 0.2573314
0.4617 0.2570553
0.46205 0.2564575
0.4624 0.2559922999999999
0.46275 0.2559682
0.4631 0.2556437
0.46345 0.2548925999999999
0.4638 0.2543689
0.46415 0.2542417999999999
0.4645 0.253629
0.46485 0.2534759
0.4652 0.2518551
0.46555 0.2518551
0.4659 0.251363
0.46625 0.2500439
0.4666 0.2495487
0.46695 0.2495487
0.4673 0.2490444
0.46765 0.2461286
0.468 0.2454356
0.46835 0.2451385
0.4687 0.2409546
0.46905 0.2350695
0.4694 0.2409546
0.46975 0.2447037
0.4701 0.2447037
0.47045 0.2447037
0.4708 0.2439772
0.47115 0.2431018999999999
0.4715 0.2422154
0.47185 0.2401265
0.4722 0.2353323
0.47255 0.235458
0.4729 0.235458
0.47325 0.2397036
0.4736 0.2403655999999999
0.47395 0.2397036
0.4743 0.2394351
0.47465 0.2373448
0.475 0.2392166
0.47535 0.2130046
0.4757 0.2389089
0.47605 0.2352701
0.4764 0.2352701
0.47675 0.2352701
0.4771 0.2329958
0.47745 0.2358045
0.4778 0.2337775
0.47815 0.2345032
0.4785 0.2340009
0.47885 0.2340009
0.4792 0.2329188999999999
0.47955 0.2324578999999999
0.4799 0.2318377999999999
0.48025 0.2314217999999999
0.4806 0.2308627999999999
0.48095 0.2300784
0.4813 0.2295121
0.48165 0.2280063
0.482 0.2268811
0.48235 0.2258142
0.4827 0.2258142
0.48305 0.2243522999999999
0.4834 0.2213435
0.48375 0.2191866
0.4841 0.2191866
0.48445 0.2161081
0.4848 0.2098986
0.48515 0.2128257999999999
0.4855 0.2128257999999999
0.48585 0.2128257999999999
0.4862 0.2141486
0.48655 0.2141486
0.4869 0.2164402
0.48725 0.2164402
0.4876 0.2098792
0.48795 0.2088032
0.4883 0.2098792
0.48865 0.2140449
0.489 0.216212
0.48935 0.2140449
0.4897 0.215394
0.49005 0.2136147999999999
0.4904 0.2136147999999999
0.49075 0.2097444
0.4911 0.2097444
0.49145 0.2097444
0.4918 0.2112337999999999
0.49215 0.2089672
0.4925 0.2084469
0.49285 0.2028969
0.4932 0.2028969
0.49355 0.2030988
0.4939 0.2030988
0.49425 0.2030988
0.4946 0.2027951
0.49495 0.2043616
0.4953 0.2029393
0.49565 0.2035462999999999
0.496 0.2029393
0.49635 0.2025566
0.4967 0.2023447
0.49705 0.2016835
0.4974 0.2003202
0.49775 0.1989497999999999
0.4981 0.1977237999999999
0.49845 0.1963819
0.4988 0.1963819
0.49915 0.1966677999999999
0.4995 0.1966677999999999
0.49985 0.1954594
0.50055 0.1843168
0.5009 0.1843168
0.50125 0.1854332
0.5016 0.1896737
0.50195 0.1886808
0.5023 0.1886808
0.50265 0.1832387
0.503 0.1499058
0.50335 0.1624292
0.5037 0.1624292
0.50405 0.1632761
0.5044 0.1809172
0.50475 0.1809172
0.5051 0.1827463
0.50545 0.1827463
0.5058 0.1824859999999999
0.50615 0.1808088
0.5065 0.1764526
0.50685 0.1700668
0.5072 0.1700668
0.50755 0.1724875
0.5079 0.1724875
0.50825 0.1724875
0.5086 0.17365
0.50895 0.17365
0.5093 0.1724238
0.50965 0.1713517999999999
0.51 0.1713517999999999
0.51035 0.1719812
0.5107 0.1719812
0.51105 0.1712697
0.5114 0.1708061
0.51175 0.1703589999999999
0.5121 0.1703589999999999
0.51245 0.1732012
0.5128 0.1732012
0.51315 0.1686263999999999
0.5135 0.1686263999999999
0.51385 0.1670343
0.5142 0.1670343
0.51455 0.1670343
0.5149 0.1642967
0.51525 0.1693546
0.5156 0.1688243999999999
0.51595 0.1688243999999999
0.5163 0.1674261
0.51665 0.1664907
0.517 0.1664907
0.51735 0.1659277
0.5177 0.1657432
0.51805 0.1650773999999999
0.5184 0.1650773999999999
0.51875 0.1649672999999999
0.5191 0.1647275
0.51945 0.1626201
0.5198 0.1625825
0.52015 0.1625402
0.5205 0.161884
0.52085 0.1616868
0.5212 0.1607662
0.52155 0.1606185
0.5219 0.1593818
0.52225 0.1591423
0.5226 0.1581829
0.52295 0.1580064
0.5233 0.1476333999999999
0.52365 0.1476333999999999
0.524 0.1463085
0.52435 0.1544362
0.5247 0.1542492
0.52505 0.1542492
0.5254 0.1533599
0.52575 0.153172
0.5261 0.15147
0.52645 0.1511995
0.5268 0.1502006
0.52715 0.1485082999999999
0.5275 0.1481631
0.52785 0.1481631
0.5282 0.1479189
0.52855 0.1479189
0.5289 0.1462875
0.52925 0.1452035
0.5296 0.1428861
0.52995 0.1444481
0.5303 0.1424838
0.53065 0.1414662
0.531 0.1414662
0.53135 0.141786
0.5317 0.141786
0.53205 0.1383703
0.5324 0.1373575
0.53275 0.1377777999999999
0.5331 0.1376638
0.53345 0.1377481
0.5338 0.1376638
0.53415 0.1373493
0.5345 0.1367612999999999
0.53485 0.1351386
0.5352 0.1344789
0.53555 0.1339427
0.5359 0.1325607
0.53625 0.1325607
0.5366 0.1318961
0.53695 0.1303061999999999
0.5373 0.1303061999999999
0.53765 0.1293313999999999
0.538 0.1287438
0.53835 0.1276707
0.5387 0.1256521
0.53905 0.1250133
0.5394 0.1243515
0.53975 0.1224898
0.5401 0.1224898
0.54045 0.1179019999999999
0.5408 0.116175
0.54115 0.116175
0.5415 0.1144198
0.54185 0.1135308999999999
0.5422 0.1130224
0.54255 0.1122101999999999
0.5429 0.1098198999999999
0.54325 0.1098198999999999
0.5436 0.1095341999999999
0.54395 0.1103216
0.5443 0.1103216
0.54465 0.1121144
0.545 0.1121144
0.54535 0.1149996
0.5457 0.1145988
0.54605 0.1145988
0.5464 0.1091256
0.54675 0.1091256
0.5471 0.1091256
0.54745 0.1122589
0.5478 0.1113216
0.54815 0.1122589
0.5485 0.1119993
0.54885 0.112242
0.5492 0.1119993
0.54955 0.1100836
0.5499 0.1069924999999999
0.55025 0.1089956999999999
0.5506 0.1088474
0.55095 0.1088474
0.5513 0.1083805
0.55165 0.1076263999999999
0.552 0.1065097
0.55235 0.1064173
0.5527 0.1059478
0.55305 0.1059091999999999
0.5534 0.1049208
0.55375 0.1049208
0.5541 0.1040843
0.55445 0.1024077
0.5548 0.1024077
0.55515 0.1024077
0.5555 0.1009518999999999
0.55585 0.1021003
0.5562 0.1008601
0.55655 0.1008601
0.5569 0.0976391
0.55725 0.0976391
0.5576 0.0982594
0.55795 0.0986327999999999
0.5583 0.0982594
0.55865 0.0978612
0.559 0.0974848
0.55935 0.0972363999999999
0.5597 0.0966315
0.56005 0.09622
0.5604 0.0952953999999999
0.56075 0.0952563999999999
0.5611 0.0944854
0.56145 0.0940563
0.5618 0.0931983
0.56215 0.0931355
0.5625 0.0921939
0.56285 0.0917056
0.5632 0.0917056
0.56355 0.0909394999999999
0.5639 0.0903963999999999
0.56425 0.0894247
0.5646 0.0887603
0.56495 0.0887603
0.5653 0.0877536999999999
0.56565 0.0874881999999999
0.566 0.0873693
0.56635 0.0847129
0.5667 0.0842551
0.56705 0.0842551
0.5674 0.0837299
0.56775 0.0837299
0.5681 0.076305
0.56845 0.076305
0.5688 0.0766208999999999
0.56915 0.0798683
0.5695 0.0766208999999999
0.56985 0.0712291
0.5702 0.0712291
0.57055 0.0802768999999999
0.5709 0.0802768999999999
0.57125 0.0802768999999999
0.5716 0.079052
0.57195 0.0815915
0.5723 0.079052
0.57265 0.0779664
0.573 0.0761441
0.57335 0.0741467
0.5737 0.0761441
0.57405 0.0724059
0.5744 0.0772193
0.57475 0.0769982
0.5751 0.0769982
0.57545 0.0763688999999999
0.5758 0.0763688999999999
0.57615 0.0763688999999999
0.5765 0.0733641
0.57685 0.0686862
0.5772 0.0713183999999999
0.57755 0.0713183999999999
0.5779 0.0713183999999999
0.57825 0.0714513999999999
0.5786 0.0696092
0.57895 0.0703567
0.5793 0.0700319
0.57965 0.0700319
0.58 0.0687077
0.58035 0.0684549
0.5807 0.06573
0.58105 0.06573
0.5814 0.0666871
0.58175 0.0666871
0.5821 0.0663066
0.58245 0.0654344
0.5828 0.0638461
0.58315 0.0629826
0.5835 0.0624331
0.58385 0.0619865
0.5842 0.0619263
0.58455 0.0619263
0.5849 0.0599496999999999
0.58525 0.0599496999999999
0.5856 0.0603916
0.58595 0.0603916
0.5863 0.0579785999999999
0.58665 0.0579785999999999
0.587 0.0579785999999999
0.58735 0.0579764
0.5877 0.053809
0.58805 0.046778
0.5884 0.046778
0.58875 0.0454331
0.5891 0.0454331
0.58945 0.0454331
0.5898 0.0323337
0.59015 0.0323337
0.5905 0.0521135999999999
0.59085 0.0521135999999999
0.5912 0.0535866
0.59155 0.0535866
0.5919 0.0559204
0.59225 0.0559204
0.5926 0.0569165999999999
0.59295 0.0559531999999999
0.5933 0.0559531999999999
0.59365 0.0559531999999999
0.594 0.0383265999999999
0.59435 0.0383265999999999
0.5947 0.0383265999999999
0.59505 0.0473065
0.5954 0.0515427
0.59575 0.0515427
0.5961 0.0515427
0.59645 0.0514544
0.5968 0.0572033
0.59715 0.0572033
0.5975 0.0572033
0.59785 0.0552601999999999
0.5982 0.0552601999999999
0.59855 0.0525439
0.5989 0.0525439
0.59925 0.0515394
0.5996 0.0515394
0.59995 0.058844
0.6003 0.058844
0.60065 0.0465351
0.601 0.0465351
0.60135 0.0586790999999999
0.6017 0.0594226999999999
0.60205 0.0594226999999999
0.6024 0.0623995
0.60275 0.0623995
0.6031 0.0632117
0.60345 0.0632117
0.6038 0.0632117
0.60415 0.0606578
0.6045 0.0606578
0.60485 0.0638788
0.6052 0.0638931
0.60555 0.0638931
0.6059 0.0638931
0.60625 0.0635293
0.6066 0.0635293
0.60695 0.0635293
0.6073 0.0719749
0.60765 0.0723951999999999
0.608 0.0723951999999999
0.60835 0.0648516
0.6087 0.0623474
0.60905 0.0648516
0.6094 0.0634678
0.60975 0.0634678
0.6101 0.0634678
0.61045 0.0630747
0.6108 0.0635019
0.61115 0.0635019
0.6115 0.0649785
0.61185 0.0649785
0.6122 0.0628751
0.61255 0.0556669
0.6129 0.0556669
0.61325 0.0578864
0.6136 0.0601083
0.61395 0.0601083
0.6143 0.0601083
0.61465 0.0602623
0.615 0.0602623
0.61535 0.0602623
0.6157 0.0561031999999999
0.61605 0.055725
0.6164 0.055725
0.61675 0.0509665
0.6171 0.0614265
0.61745 0.0556187
0.6178 0.0556187
0.61815 0.0526332
0.6185 0.0525168
0.61885 0.0526332
0.6192 0.0527197
0.61955 0.0527197
0.6199 0.0528936
0.62025 0.0524016999999999
0.6206 0.0516783
0.62095 0.0516783
0.6213 0.0521598
0.62165 0.0541854
0.622 0.0556534999999999
0.62235 0.0569876
0.6227 0.0580815
0.62305 0.0588429
0.6234 0.0594187
0.62375 0.0598286999999999
0.6241 0.0617302
0.62445 0.0617302
0.6248 0.0624568999999999
0.62515 0.0635174999999999
0.6255 0.0635174999999999
0.62585 0.0638225
0.6262 0.0645479
0.62655 0.0645479
0.6269 0.0645479
0.62725 0.0650488
0.6276 0.0650488
0.62795 0.0654254
0.6283 0.0645654
0.62865 0.0656256
0.629 0.0656256
0.62935 0.0656256
0.6297 0.0657407
0.63005 0.0658928
0.6304 0.0658928
0.63075 0.0651736
0.6311 0.0645044
0.63145 0.0607547
0.6318 0.0576436
0.63215 0.0576436
0.6325 0.0635241
0.63285 0.0639211
0.6332 0.0639211
0.63355 0.0629605
0.6339 0.0629605
0.63425 0.0639182
0.6346 0.0639182
0.63495 0.0652259999999999
0.6353 0.0652259999999999
0.63565 0.0652259999999999
0.636 0.0641572
0.63635 0.0641572
0.6367 0.0629499
0.63705 0.0629499
0.6374 0.0629499
0.63775 0.0555965
0.6381 0.056192
0.63845 0.056192
0.6388 0.056192
0.63915 0.0611779999999999
0.6395 0.0613887
0.63985 0.0614491
0.6402 0.0639943999999999
0.64055 0.0639943999999999
0.6409 0.0624905999999999
0.64125 0.062234
0.6416 0.0606049999999999
0.64195 0.0599334
0.6423 0.0599334
0.64265 0.0625773
0.643 0.0625773
0.64335 0.0609663
0.6437 0.0564031
0.64405 0.0494193
0.6444 0.0494193
0.64475 0.057108
0.6451 0.057108
0.64545 0.0574212
0.6458 0.0322413999999999
0.64615 0.0194442
0.6465 0.0194442
0.64685 0.0501724
0.6472 0.0555895999999999
0.64755 0.0570793
0.6479 0.0570793
0.64825 0.0575822
0.6486 0.0552492
0.64895 0.0552492
0.6493 0.0552492
0.64965 0.0600616999999999
0.65 0.0600616999999999
0.65035 0.0629243
0.6507 0.0541159
0.65105 0.0439053
0.6514 0.0437641999999999
0.65175 0.0437641999999999
0.6521 0.0437641999999999
0.65245 0.0546245999999999
0.6528 0.0546245999999999
0.65315 0.0560890999999999
0.6535 0.0461643
0.65385 0.0593309
0.6542 0.0461643
0.65455 0.0559799999999999
0.6549 0.0559799999999999
0.65525 0.0559799999999999
0.6556 0.0491461
0.65595 0.0368844
0.6563 0.0368844
0.65665 0.0458537
0.657 0.0458537
0.65735 0.0451542
0.6577 0.0451542
0.65805 0.0546920999999999
0.6584 0.0546920999999999
0.65875 0.0558454
0.6591 0.0558454
0.65945 0.0558454
0.6598 0.047807
0.66015 0.047807
0.6605 0.0591183999999999
0.66085 0.0591183999999999
0.6612 0.0490313
0.66155 0.0490313
0.6619 0.053713
0.66225 0.0539317999999999
0.6626 0.0548981999999999
0.66295 0.0558231
0.6633 0.0558231
0.66365 0.053749
0.664 0.053749
0.66435 0.0558068
0.6647 0.0569661999999999
0.66505 0.0558068
0.6654 0.0504854
0.66575 0.0504854
0.6661 0.0510691999999999
0.66645 0.0536030999999999
0.6668 0.0536030999999999
0.66715 0.0536030999999999
0.6675 0.0547342
0.66785 0.0549509
0.6682 0.0549509
0.66855 0.0487538999999999
0.6689 0.0487538999999999
0.66925 0.0544312
0.6696 0.0544486999999999
0.66995 0.0544486999999999
0.6703 0.0567361999999999
0.67065 0.0535563
0.671 0.0535563
0.67135 0.0535563
0.6717 0.0564625999999999
0.67205 0.0571442999999999
0.6724 0.0571442999999999
0.67275 0.0571442999999999
0.6731 0.058619
0.67345 0.0566997
0.6738 0.0567208
0.67415 0.0567208
0.6745 0.0567208
0.67485 0.0563748
0.6752 0.0563748
0.67555 0.0503565
0.6759 0.0566415
0.67625 0.0506497
0.6766 0.0566415
0.67695 0.0546613
0.6773 0.0559237
0.67765 0.0555130999999999
0.678 0.0555130999999999
0.67835 0.0555130999999999
0.6787 0.0563769
0.67905 0.0563769
0.6794 0.0566975
0.67975 0.0562298
0.6801 0.0562298
0.68045 0.0547164
0.6808 0.0547164
0.68115 0.0547904
0.6815 0.0547904
0.68185 0.0547904
0.6822 0.0517331
0.68255 0.0515491999999999
0.6829 0.0515491999999999
0.68325 0.0522514
0.6836 0.0522514
0.68395 0.0518758
0.6843 0.049533
0.68465 0.049533
0.685 0.0520685
0.68535 0.0520685
0.6857 0.0521928
0.68605 0.0524737
0.6864 0.0524737
0.68675 0.0475954
0.6871 0.0475954
0.68745 0.0493292
0.6878 0.0513158
0.68815 0.0494712
0.6885 0.0503851
0.68885 0.0494712
0.6892 0.0503851
0.68955 0.0385448
0.6899 0.0479459999999999
0.69025 0.0472085
0.6906 0.0479459999999999
0.69095 0.0472085
0.6913 0.041706
0.69165 0.0388264
0.692 0.0242657999999999
0.69235 0.0242657999999999
0.6927 0.0295938
0.69305 0.0295938
0.6934 0.0296471
0.69375 0.0296471
0.6941 0.0296471
0.69445 0.0334374
0.6948 0.0371419
0.69515 0.0371419
0.6955 0.0318197
0.69585 0.0318197
0.6962 0.0315322
0.69655 0.0315322
0.6969 0.0315322
0.69725 0.0374334999999999
0.6976 0.0374334999999999
0.69795 0.034197
0.6983 0.034197
0.69865 0.0349216
0.699 0.0349216
0.69935 0.0349216
0.6997 0.0302747999999999
0.70005 0.027844
0.7004 0.025863
0.70075 0.027844
0.7011 0.0257389999999999
0.70145 0.0184960999999999
0.7018 0.0184960999999999
0.70215 0.0331748
0.7025 0.0331748
0.70285 0.0223983
0.7032 0.0223983
0.70355 0.0281449
0.7039 0.0365092
0.70425 0.0281449
0.7046 0.0281454999999999
0.70495 0.027429
0.7053 0.0281454999999999
0.70565 0.0316387999999999
0.706 0.0316387999999999
0.70635 0.0292985999999999
0.7067 0.0292985999999999
0.70705 0.0292985999999999
0.7074 0.033138
0.70775 0.0231007999999999
0.7081 0.033138
0.70845 0.0231007999999999
0.7088 0.0310762
0.70915 0.0205513
0.7095 0.0290057
0.70985 0.0290057
0.7102 0.0378043
0.71055 0.0378043
0.7109 0.0153679
0.71125 0.0153679
0.7116 0.0153679
0.71195 0.0239384
0.7123 0.026557
0.71265 0.026557
0.713 0.026557
0.71335 0.0240021
0.7137 0.0261704
0.71405 0.0240021
0.7144 0.0212263
0.71475 0.0212263
0.7151 0.0316636
0.71545 0.0316636
0.7158 0.0284468
0.71615 0.0187749
0.7165 0.0068688999999999
0.71685 0.0068688999999999
0.7172 0.0079503
0.71755 0.0079503
0.7179 0.0079503
0.71825 0.0169404
0.7186 0.0169404
0.71895 0.0053388
0.7193 0.004936
0.71965 0.0053388
0.72 0.0058318
0.72035 0.0101739999999999
0.7207 0.0144605
0.72105 0.0144605
0.7214 0.0154322999999999
0.72175 0.0071873
0.7221 0.0183618
0.72245 0.015104
0.7228 0.015104
0.72315 0.0078191
0.7235 0.0051138
0.72385 0.0051138
0.7242 0.0051138
0.72455 0.0079992
0.7249 0.0079992
0.72525 0.0079992
0.7256 0.0073355
0.72595 0.0059907
0.7263 0.0042436999999999
0.72665 0.0059907
0.727 0.0031097
0.72735 0.0101783999999999
0.7277 0.0089369
0.72805 0.0101783999999999
0.7284 0.0120262999999999
0.72875 0.0136727
0.7291 0.0136727
0.72945 0.010041
0.7298 0.0083445
0.73015 0.009249
0.7305 0.009249
0.73085 0.009249
0.7312 0.0120508
0.73155 0.0089546
0.7319 0.0120508
0.73225 0.0080833
0.7326 0.0080833
0.73295 0.0064662999999999
0.7333 0.0064662999999999
0.73365 0.0195997
0.734 0.0195997
0.73435 0.0133158999999999
0.7347 0.0133158999999999
0.73505 0.0199745
0.7354 0.0227690999999999
0.73575 0.0227690999999999
0.7361 0.0175720999999999
0.73645 0.0142526
0.7368 0.0142526
0.73715 0.0142526
0.7375 0.0105705
0.73785 0.0253761
0.7382 0.0192838
0.73855 0.0192838
0.7389 0.0133405
0.73925 0.0133405
0.7396 0.0130789
0.73995 0.0130789
0.7403 0.0130789
0.74065 0.0230323
0.741 0.0230323
0.74135 0.0230323
0.7417 0.0869147
0.74205 0.0869147
0.7424 0.0275808
0.74275 0.026434
0.7431 0.026434
0.74345 0.0328865
0.7438 0.0328865
0.74415 0.0243043
0.7445 0.0243043
0.74485 0.0291714
0.7452 0.0291714
0.74555 0.0284776999999999
0.7459 0.0202024
0.74625 0.0202024
0.7466 0.0179518
0.74695 0.0097849
0.7473 0.0179518
0.74765 0.027505
0.748 0.0346145
0.74835 0.0346145
0.7487 0.0305102
0.74905 0.0284909
0.7494 0.0284909
0.74975 0.0276022
0.7501 0.03033
0.75045 0.0259406999999999
0.7508 0.0311359
0.75115 0.0293989
0.7515 0.0293989
0.75185 0.0290352
0.7522 0.0276704999999999
0.75255 0.0281450999999999
0.7529 0.0281450999999999
0.75325 0.0292403
0.7536 0.0292403
0.75395 0.0312395
0.7543 0.0298151
0.75465 0.0305562
0.755 0.0298663
0.75535 0.0298663
0.7557 0.0297029
0.75605 0.02946
0.7564 0.0289589
0.75675 0.0289589
0.7571 0.0257409
0.75745 0.0257409
0.7578 0.0239857
0.75815 0.0239857
0.7585 0.0271233
0.75885 0.0271233
0.7592 0.02675
0.75955 0.0266002
0.7599 0.0261165
0.76025 0.0261165
0.7606 0.0244659
0.76095 0.0244659
0.7613 0.0249959
0.76165 0.0249959
0.762 0.0244149
0.76235 0.0240545
0.7627 0.0236270999999999
0.76305 0.0234409
0.7634 0.0229487
0.76375 0.022385
0.7641 0.022385
0.76445 0.0214349
0.7648 0.0214349
0.76515 0.0230627999999999
0.7655 0.0230627999999999
0.76585 0.0214355
0.7662 0.0209502999999999
0.76655 0.0209502999999999
0.7669 0.021041
0.76725 0.0220361
0.7676 0.021041
0.76795 0.0201164
0.7683 0.0192305
0.76865 0.0192305
0.769 0.0221882
0.76935 0.0221882
0.7697 0.0207497
0.77005 0.0207497
0.7704 0.0208636
0.77075 0.0208636
0.7711 0.0212495999999999
0.77145 0.0212495999999999
0.7718 0.0215771
0.77215 0.0216045999999999
0.7725 0.0216039999999999
0.77285 0.0216039999999999
0.7732 0.020928
0.77355 0.020928
0.7739 0.0218055
0.77425 0.0223663
0.7746 0.0227881
0.77495 0.0228196
0.7753 0.0229489
0.77565 0.0229587999999999
0.776 0.0229587999999999
0.77635 0.023423
0.7767 0.0229563
0.77705 0.022972
0.7774 0.022972
0.77775 0.022972
0.7781 0.0235534999999999
0.77845 0.0245155
0.7788 0.0245155
0.77915 0.0263867
0.7795 0.0210634
0.77985 0.0197054
0.7802 0.0197054
0.78055 0.0202200999999999
0.7809 0.0221606
0.78125 0.0221606
0.7816 0.0221606
0.78195 0.022908
0.7823 0.0205666
0.78265 0.0214895
0.783 0.0214895
0.78335 0.0214895
0.7837 0.0209765
0.78405 0.0209034
0.7844 0.0195146
0.78475 0.0149961
0.7851 0.0149961
0.78545 0.0152242
0.7858 0.0229415
0.78615 0.0182692
0.7865 0.0182692
0.78685 0.0161981
0.7872 0.0161981
0.78755 0.017502
0.7879 0.0213585
0.78825 0.0213585
0.7886 0.0244986999999999
0.78895 0.0244986999999999
0.7893 0.0242252
0.78965 0.0236765
0.79 0.0222365
0.79035 0.0219332
0.7907 0.0214638
0.79105 0.0199625
0.7914 0.0199625
0.79175 0.0207799
0.7921 0.0215401
0.79245 0.0215401
0.7928 0.0213779
0.79315 0.0192151
0.7935 0.0166147
0.79385 0.0183309
0.7942 0.0183309
0.79455 0.0183309
0.7949 0.0186749
0.79525 0.0130511
0.7956 0.0186749
0.79595 0.0094212999999999
0.7963 0.0094212999999999
0.79665 0.0094212999999999
0.797 0.014674
0.79735 0.014674
0.7977 0.0188839
0.79805 0.0188839
0.7984 0.0190242
0.79875 0.0203243
0.7991 0.0190671
0.79945 0.0190671
0.7998 0.0161022
0.80015 0.0161022
0.8005 0.0195715
0.80085 0.0195715
0.8012 0.017518
0.80155 0.017518
0.8019 0.0141305
0.80225 0.0127235
0.8026 0.0127235
0.80295 0.0208513
0.8033 0.0208513
0.80365 0.0165592
0.804 0.0165592
0.80435 0.0165592
0.8047 0.0187693
0.80505 0.021674
0.8054 0.021674
0.80575 0.0158159
0.8061 0.0087196
0.80645 0.0087196
0.8068 0.0093523
0.80715 0.0135447
0.8075 0.0135447
0.80785 0.0112487
0.8082 0.0112487
0.80855 0.0224683
0.8089 0.0224683
0.80925 0.0078316999999999
0.8096 0.0078316999999999
0.80995 0.0088121
0.8103 0.013923
0.81065 0.013923
0.811 0.0125738999999999
0.81135 0.011656
0.8117 0.011656
0.81205 0.0106202
0.8124 0.0092164
0.81275 0.0106202
0.8131 0.0067411999999999
0.81345 0.0097709
0.8138 0.0097709
0.81415 0.0097709
0.8145 0.0066262
0.81485 0.0027906999999999
0.8152 0.0027906999999999
0.81555 0.0107645
0.8159 0.0122208
0.81625 0.0107645
0.8166 0.012075
0.81695 0.012075
0.8173 0.0134140999999999
0.81765 0.0134140999999999
0.818 0.0131677
0.81835 0.0040055
0.8187 0.007864
0.81905 0.007864
0.8194 0.0154969
0.81975 0.0154969
0.8201 0.0154969
0.82045 0.0126262999999999
0.8208 0.0132597999999999
0.82115 0.0132597999999999
0.8215 0.0176723
0.82185 0.0204888
0.8222 0.0204888
0.82255 0.0179829
0.8229 0.0071667
0.82325 0.0028399999999999
0.8236 0.0028399999999999
0.82395 0.0028399999999999
0.8243 0.0153912999999999
0.82465 0.0153912999999999
0.825 0.0193967
0.82535 0.015882
0.8257 0.0223586
0.82605 0.015882
0.8264 0.0162164
0.82675 0.0162164
0.8271 0.0162164
0.82745 0.0131122
0.8278 0.0074943
0.82815 0.0131122
0.8285 0.0141734
0.82885 0.0141734
0.8292 0.0141734
0.82955 0.0161228
0.8299 0.0161228
0.83025 0.0067694999999999
0.8306 0.0067694999999999
0.83095 0.0092481
0.8313 0.0162373
0.83165 0.0092481
0.832 0.008105
0.83235 0.008105
0.8327 0.0085332
0.83305 0.0127923999999999
0.8334 0.0114428
0.83375 0.0114428
0.8341 0.0032191
0.83445 0.0032191
0.8348 0.0032191
0.83515 0.0141864
0.8355 0.0118542
0.83585 0.0118542
0.8362 0.0101405
0.83655 0.0094051
0.8369 0.0094051
0.83725 0.0063881
0.8376 0.0044098
0.83795 0.0044098
0.8383 0.0085444
0.83865 0.0142383999999999
0.839 0.0142383999999999
0.83935 0.0142383999999999
0.8397 0.0130229999999999
0.84005 0.0110546
0.8404 0.0103209
0.84075 0.0103209
0.8411 0.0130566
0.84145 0.0130566
0.8418 0.0106847
0.84215 0.0106847
0.8425 0.0159731
0.84285 0.0204597
0.8432 0.0204597
0.84355 0.0164226
0.8439 0.01636
0.84425 0.0146747999999999
0.8446 0.0146747999999999
0.84495 0.0174983
0.8453 0.0174983
0.84565 0.0174983
0.846 0.0134837
0.84635 0.0169164999999999
0.8467 0.0169164999999999
0.84705 0.0193895
0.8474 0.0193895
0.84775 0.0136077
0.8481 0.0136077
0.84845 0.0175005999999999
0.8488 0.0188716
0.84915 0.0188716
0.8495 0.0188716
0.84985 0.0194482
0.8502 0.0194482
0.85055 0.0220509
0.8509 0.0220509
0.85125 0.0212923
0.8516 0.0212923
0.85195 0.020775
0.8523 0.023207
0.85265 0.020775
0.853 0.0205283
0.85335 0.0110187999999999
0.8537 0.0187402
0.85405 0.0176758
0.8544 0.0187402
0.85475 0.0215535999999999
0.8551 0.0215535999999999
0.85545 0.0165962999999999
0.8558 0.0165962999999999
0.85615 0.0169796
0.8565 0.0169796
0.85685 0.0160631
0.8572 0.0155565
0.85755 0.0122594
0.8579 0.0122594
0.85825 0.0129047
0.8586 0.012962
0.85895 0.012962
0.8593 0.0127956
0.85965 0.0113012
0.86 0.0113012
0.86035 0.0087627
0.8607 0.0087627
0.86105 0.0076683
0.8614 0.0074474999999999
0.86175 0.0071732
0.8621 0.0064321
0.86245 0.0064321
0.8628 0.0060941
0.86315 0.0065718
0.8635 0.0065271999999999
0.86385 0.0065271999999999
0.8642 0.0060838
0.86455 0.0060157
0.8649 0.0060372
0.86525 0.0060372
0.8656 0.0069063999999999
0.86595 0.0070482
0.8663 0.0079263
0.86665 0.0079263
0.867 0.0066492999999999
0.86735 0.0066492999999999
0.8677 0.0070128
0.86805 0.0093148
0.8684 0.0109875
0.86875 0.0109875
0.8691 0.0113747
0.86945 0.0113747
0.8698 0.0121166
0.87015 0.0121166
0.8705 0.0121166
0.87085 0.0119248999999999
0.8712 0.0117408
0.87155 0.0117408
0.8719 0.0145712999999999
0.87225 0.0151897
0.8726 0.0151897
0.87295 0.0092244
0.8733 0.0092244
0.87365 0.0130783
0.874 0.0136102999999999
0.87435 0.0139134999999999
0.8747 0.0140021
0.87505 0.0140021
0.8754 0.0140021
0.87575 0.0133272
0.8761 0.0133272
0.87645 0.0125373999999999
0.8768 0.0125373999999999
0.87715 0.0115679
0.8775 0.0074757999999999
0.87785 0.0092446
0.8782 0.0074757999999999
0.87855 0.0092446
0.8789 0.0032189
0.87925 0.0043825
0.8796 0.0043825
0.87995 0.0043825
0.8803 0.0040898
0.88065 0.0040595
0.881 0.0030463
0.88135 0.0028719
0.8817 0.0021163
0.88205 0.0015185
0.8824 0.0009743
0.88275 0.0009743
0.8831 0.0009743
0.88345 0.000968
0.8838 0.0009562999999999
0.88415 0.000968
0.8845 0.0011715999999999
0.88485 0.0013564999999999
0.8852 0.0015505999999999
0.88555 0.0015505999999999
0.8859 0.001418
0.88625 0.0011207
0.8866 0.0006597
0.88695 0.0005722
0.8873 0.0005722
0.88765 0.0005722
0.888 0.0006303999999999
0.88835 0.0007056
0.8887 0.0008692
0.88905 0.0007056
0.8894 0.0009295999999999
0.88975 0.0009613
0.8901 0.0010869
0.89045 0.0010178
0.8908 0.0010178
0.89115 0.0009991
0.8915 0.0009991
0.89185 0.0008944
0.8922 0.0010194
0.89255 0.0010194
0.8929 0.0010552
0.89325 0.0010552
0.8936 0.0010173
0.89395 0.0009549
0.8943 0.0009230999999999
0.89465 0.0009230999999999
0.895 0.0009230999999999
0.89535 0.0008875
0.8957 0.0008875
0.89605 0.0009675
0.8964 0.0010425999999999
0.89675 0.0012672
0.8971 0.0012672
0.89745 0.0012848
0.8978 0.0012848
0.89815 0.0014911
0.8985 0.0014911
0.89885 0.0012645
0.8992 0.0005272
0.89955 0.0005272
0.8999 0.0003892
0.90025 0.0003892
0.9006 0.0003892
0.90095 0.0010514
0.9013 0.001836
0.90165 0.0025581999999999
0.902 0.0025581999999999
0.90235 0.0024795
0.9027 0.0024795
0.90305 0.0023448
0.9034 0.0028309
0.90375 0.0028309
0.9041 0.0036455
0.90445 0.0041993
0.9048 0.0057482
0.90515 0.0057482
0.9055 0.004535
0.90585 0.004535
0.9062 0.0043336
0.90655 0.0051797
0.9069 0.0043336
0.90725 0.0051797
0.9076 0.0053995
0.90795 0.0053995
0.9083 0.005428
0.90865 0.0030163
0.909 0.005428
0.90935 0.0030163
0.9097 0.0030079
0.91005 0.0023418
0.9104 0.0025093
0.91075 0.0025093
0.9111 0.0028196
0.91145 0.0029704
0.9118 0.0028196
0.91215 0.0029704
0.9125 0.0050002
0.91285 0.0050002
0.9132 0.0050002
0.91355 0.0034536
0.9139 0.0057644
0.91425 0.001536
0.9146 0.0053031999999999
0.91495 0.0024614999999999
0.9153 0.0029101999999999
0.91565 0.0029101999999999
0.916 0.0029101999999999
0.91635 0.0037865
0.9167 0.0017794
0.91705 0.0015890999999999
0.9174 0.0013599
0.91775 0.0013599
0.9181 0.0011035
0.91845 0.0011035
0.9188 0.0031623
0.91915 0.0031623
0.9195 0.0008607999999999
0.91985 0.0008607999999999
0.9202 0.0068251999999999
0.92055 0.0068251999999999
0.9209 0.0065
0.92125 0.0039445
0.9216 0.002575
0.92195 0.0039445
0.9223 0.00439
0.92265 0.004974
0.923 0.004974
0.92335 0.0030045
0.9237 0.0021999
0.92405 0.0030045
0.9244 0.0020069
0.92475 0.0055938
0.9251 0.0055938
0.92545 0.0055938
0.9258 0.0052447
0.92615 0.0029910999999999
0.9265 0.0029910999999999
0.92685 0.0029910999999999
0.9272 0.0022389
0.92755 0.0022389
0.9279 0.0012385
0.92825 0.0027156
0.9286 0.002126
0.92895 0.0033905999999999
0.9293 0.0025499
0.92965 0.0025499
0.93 0.0007057
0.93035 0.0007057
0.9307 0.0004673999999999
0.93105 0.0012955
0.9314 0.0009156
0.93175 0.0013609
0.9321 0.0015995999999999
0.93245 0.0015995999999999
0.9328 0.0019288
0.93315 0.0020006
0.9335 0.0020006
0.93385 0.0007434
0.9342 0.0005615
0.93455 0.0004493
0.9349 0.0005615
0.93525 0.0004493
0.9356 0.0008904999999999
0.93595 0.0013962
0.9363 0.0014276
0.93665 0.0013962
0.937 0.001175
0.93735 0.001175
0.9377 0.0005997999999999
0.93805 0.0005997999999999
0.9384 0.0005997999999999
0.93875 0.0017539
0.9391 0.0017539
0.93945 0.0018495999999999
0.9398 0.0011959
0.94015 0.001916
0.9405 0.0007618999999999
0.94085 0.001916
0.9412 0.0024028
0.94155 0.0024028
0.9419 0.0023732
0.94225 0.0020994
0.9426 0.0020994
0.94295 0.0004876
0.9433 0.0004876
0.94365 0.0007218999999999
0.944 0.0007218999999999
0.94435 0.0002437
0.9447 0.0002437
0.94505 0.0016856999999999
0.9454 0.0016856999999999
0.94575 0.0016856999999999
0.9461 0.0010211
0.94645 0.0010211
0.9468 0.0010211
0.94715 0.0012082
0.9475 0.0012082
0.94785 0.0015600999999999
0.9482 0.0019694
0.94855 0.0020988
0.9489 0.0020988
0.94925 0.00037
0.9496 0.00037
0.94995 0.0004932
0.9503 0.0008558999999999
0.95065 0.0025506
0.951 0.0025506
0.95135 0.0011575
0.9517 0.0011575
0.95205 0.00132
0.9524 0.00132
0.95275 0.0008693999999999
0.9531 0.0005846
0.95345 0.0005846
0.9538 0.0011499
0.95415 0.0017047999999999
0.9545 0.0017047999999999
0.95485 0.0017687
0.9552 0.0013981
0.95555 0.001827
0.9559 0.001827
0.95625 0.001827
0.9566 0.0017800999999999
0.95695 0.000654
0.9573 0.000654
0.95765 0.0026639
0.958 0.0026639
0.95835 0.0021784
0.9587 0.0021416
0.95905 0.0021416
0.9594 0.0006886
0.95975 0.0006886
0.9601 0.0020483
0.96045 0.0020483
0.9608 0.0013632
0.96115 0.0013632
0.9615 0.0017212
0.96185 0.0025042
0.9622 0.0017212
0.96255 0.0005343
0.9629 0.0005343
0.96325 0.0009628
0.9636 0.0009628
0.96395 0.0008982999999999
0.9643 0.0008982999999999
0.96465 0.0023248
0.965 0.0023248
0.96535 0.0014968
0.9657 0.0009948
0.96605 0.0014968
0.9664 0.0009948
0.96675 0.0008699999999999
0.9671 0.000655
0.96745 0.000655
0.9678 0.0019713
0.96815 0.0019713
0.9685 0.0015838
0.96885 0.0008991
0.9692 0.0008991
0.96955 0.0019439
0.9699 0.0024246
0.97025 0.0024246
0.9706 0.0023096
0.97095 0.0023096
0.9713 0.0023128
0.97165 0.0024793
0.972 0.0024793
0.97235 0.0019829
0.9727 0.0017456
0.97305 0.0014140999999999
0.9734 0.0010658
0.97375 0.0009417999999999
0.9741 0.0009417999999999
0.97445 0.0009417999999999
0.9748 0.0016129
0.97515 0.001667
0.9755 0.0020467
0.97585 0.0020467
0.9762 0.0015397
0.97655 0.0015397
0.9769 0.001977
0.97725 0.0023916
0.9776 0.0023916
0.97795 0.0016120999999999
0.9783 0.0008455
0.97865 0.0008455
0.979 0.0008455
0.97935 0.0012259
0.9797 0.0012831
0.98005 0.0013817999999999
0.9804 0.0012831
0.98075 0.0011163
0.9811 0.0011163
0.98145 0.0014015
0.9818 0.0014015
0.98215 0.0012651
0.9825 0.000898
0.98285 0.0006715
0.9832 0.000898
0.98355 0.0012530999999999
0.9839 0.0012652999999999
0.98425 0.0013216
0.9846 0.0013216
0.98495 0.0013645999999999
0.9853 0.0010609999999999
0.98565 0.0009782
0.986 0.0009425
0.98635 0.0009425
0.9867 0.0006797
0.98705 0.00079
0.9874 0.00079
0.98775 0.00079
0.9881 0.0004336999999999
0.98845 0.000291
0.9888 0.000291
0.98915 0.0004559999999999
0.9895 0.0010011
0.98985 0.0006497
0.9902 0.0010863
0.99055 0.0006647
0.9909 0.0010970999999999
0.99125 0.0008868999999999
0.9916 0.0010478
0.99195 0.0008868999999999
0.9923 0.0010478
0.99265 0.0010553
0.993 0.0011029
0.99335 0.0011029
0.9937 0.0011092
0.99405 0.0011092
0.9944 0.0011918
0.99475 0.0010126
0.9951 0.0010126
0.99545 0.0010126
0.9958 0.0004744
0.99615 0.0011032
0.9965 0.0004744
0.99685 0.0011032
0.9972 0.0014625
0.99755 0.0014625
0.9979 0.001224
0.99825 0.0009607
0.9986 0.0010792999999999
0.99895 0.0009067
0.9993 0.0009067
