0.3 0.246441
0.30035 0.246441
0.3007 0.2464150999999999
0.30105 0.2463889
0.3014 0.2463626
0.30175 0.246336
0.3021 0.2463092999999999
0.30245 0.2462822999999999
0.3028 0.2462551
0.30315 0.2462277
0.3035 0.2461997
0.30385 0.2461722999999999
0.3042 0.246142
0.30455 0.2461114
0.3049 0.2460807
0.30525 0.2460497
0.3056 0.2460185
0.30595 0.2459872
0.3063 0.2459557
0.30665 0.2459241
0.307 0.2458922
0.30735 0.2458602
0.3077 0.245828
0.30805 0.2457956
0.3084 0.245763
0.30875 0.2457302999999999
0.3091 0.2456974
0.30945 0.2456643
0.3098 0.245631
0.31015 0.2455962
0.3105 0.2455639
0.31085 0.2455302999999999
0.3112 0.2454964
0.31155 0.2454623
0.3119 0.2454280999999999
0.31225 0.2453937
0.3126 0.2453592999999999
0.31295 0.2453247
0.3133 0.2452898999999999
0.31365 0.2452549
0.314 0.2452198
0.31435 0.2451846
0.3147 0.2451491
0.31505 0.2451135
0.3154 0.2450777
0.31575 0.2450417999999999
0.3161 0.2450057
0.31645 0.2449695
0.3168 0.2449329999999999
0.31715 0.2448965
0.3175 0.2448597
0.31785 0.2448228
0.3182 0.2447857999999999
0.31855 0.2447485999999999
0.3189 0.2447112
0.31925 0.2446736
0.3196 0.2446359
0.31995 0.244598
0.3203 0.24456
0.32065 0.2445217999999999
0.321 0.2444833
0.32135 0.2444442999999999
0.3217 0.2443975
0.32205 0.2443665
0.3224 0.2443281
0.32275 0.2442889999999999
0.3231 0.2442497
0.32345 0.2442101
0.3238 0.2441703
0.32415 0.2441303
0.3245 0.2440900999999999
0.32485 0.2440495
0.3252 0.2440087
0.32555 0.2439676
0.3259 0.2439261
0.32625 0.2438841
0.3266 0.2438415
0.32695 0.2437982
0.3273 0.2437537
0.32765 0.2437076
0.328 0.2436592
0.32835 0.2436065
0.3287 0.2435472
0.32905 0.2434742
0.3294 0.243367
0.32975 0.2431559999999999
0.3301 0.2423504
0.33045 0.2423504
0.3308 0.2430457
0.33115 0.2431566
0.3315 0.2431639
0.33185 0.2431639
0.3322 0.2431395
0.33255 0.243108
0.3329 0.2430728999999999
0.33325 0.2430353
0.3336 0.2429962
0.33395 0.2429558999999999
0.3343 0.2429147999999999
0.33465 0.2428731
0.335 0.242831
0.33535 0.2427885
0.3357 0.2427456
0.33605 0.2427025
0.3364 0.2426591
0.33675 0.2426155
0.3371 0.2425719
0.33745 0.2425284999999999
0.3378 0.2424851
0.33815 0.2424413999999999
0.3385 0.2423976
0.33885 0.2423536
0.3392 0.2423096
0.33955 0.2422653
0.3399 0.242221
0.34025 0.2421765
0.3406 0.2421318999999999
0.34095 0.2420872
0.3413 0.2420423
0.34165 0.2419973
0.342 0.2419522
0.34235 0.241907
0.3427 0.2418616
0.34305 0.2418159999999999
0.3434 0.2417702
0.34375 0.2417238
0.3441 0.2416761
0.34445 0.2416176
0.3448 0.2415487999999999
0.34515 0.241537
0.3455 0.2414938
0.34585 0.2414485999999999
0.3462 0.2414027999999999
0.34655 0.2413567
0.3469 0.2413103999999999
0.34725 0.2412639
0.3476 0.2412174
0.34795 0.2411707
0.3483 0.2411239
0.34865 0.2410771
0.349 0.2410301
0.34935 0.240983
0.3497 0.2409358999999999
0.35005 0.2408887
0.3504 0.2408413999999999
0.35075 0.240794
0.3511 0.2407465
0.35145 0.2406989999999999
0.3518 0.2406514
0.35215 0.2406037
0.3525 0.2405558999999999
0.35285 0.240508
0.3532 0.2404601
0.35355 0.2404121
0.3539 0.2403641
0.35425 0.2403159
0.3546 0.2402667
0.35495 0.2402185
0.3553 0.2401701
0.35565 0.2401207
0.356 0.2400396
0.35635 0.2400157
0.3567 0.2399761
0.35705 0.2398741
0.3574 0.2398574
0.35775 0.2398098
0.3581 0.2397369999999999
0.35845 0.2397075
0.3588 0.2396486
0.35915 0.2396231
0.3595 0.2394839
0.35985 0.2394121
0.3602 0.2393759
0.36055 0.2393449
0.3609 0.2393147999999999
0.36125 0.2393147999999999
0.3616 0.2392717999999999
0.36195 0.2392365
0.3623 0.2391614999999999
0.36265 0.2391311
0.363 0.2390826
0.36335 0.2390317
0.3637 0.2389788
0.36405 0.2389083
0.3644 0.2388796
0.36475 0.2388296
0.3651 0.2387782
0.36545 0.2387242
0.3658 0.2386550999999999
0.36615 0.2386171
0.3665 0.2385711
0.36685 0.2385145
0.3672 0.2384606
0.36755 0.2384134
0.3679 0.2383545
0.36825 0.2383047
0.3686 0.2382272
0.36895 0.2382054
0.3693 0.2381431
0.36965 0.2380965
0.37 0.2380234
0.37035 0.2379727
0.3707 0.2378708
0.37105 0.2378482999999999
0.3714 0.237831
0.37175 0.2377567999999999
0.3721 0.2376957
0.37245 0.237659
0.3728 0.2375588
0.37315 0.2375554999999999
0.3735 0.2374816
0.37385 0.2374324
0.3742 0.2373951
0.37455 0.2373216
0.3749 0.2372362
0.37525 0.2371811999999999
0.3756 0.2371266
0.37595 0.2369982
0.3763 0.2370194
0.37665 0.2369339
0.377 0.2369339
0.37735 0.2369035
0.3777 0.2367905
0.37805 0.2367421
0.3784 0.2367139
0.37875 0.2365897
0.3791 0.2365017
0.37945 0.2364101
0.3798 0.236379
0.38015 0.236379
0.3805 0.236366
0.38085 0.2363639
0.3812 0.2363163
0.38155 0.2362708999999999
0.3819 0.236091
0.38225 0.2360436
0.3826 0.2360436
0.38295 0.2360436
0.3833 0.2360004
0.38365 0.2359728999999999
0.384 0.2358935
0.38435 0.2358802
0.3847 0.2358239999999999
0.38505 0.2357765
0.3854 0.2357207
0.38575 0.2356697
0.3861 0.2356172999999999
0.38645 0.2355554999999999
0.3868 0.2355071
0.38715 0.2354427999999999
0.3875 0.2353885
0.38785 0.2353402999999999
0.3882 0.2353029
0.38855 0.2352241
0.3889 0.2351282
0.38925 0.2350772999999999
0.3896 0.2350768999999999
0.38995 0.2350063999999999
0.3903 0.2349228
0.39065 0.2349143999999999
0.391 0.2348601
0.39135 0.2348106999999999
0.3917 0.2346994
0.39205 0.2346905
0.3924 0.2346421
0.39275 0.2345215
0.3931 0.2344978
0.39345 0.2344891
0.3938 0.2344224
0.39415 0.2343143999999999
0.3945 0.2342589
0.39485 0.2341889
0.3952 0.2341481
0.39555 0.2341329999999999
0.3959 0.2339880999999999
0.39625 0.2338877999999999
0.3966 0.2338877999999999
0.39695 0.2338877999999999
0.3973 0.2337806
0.39765 0.2337478
0.398 0.2337441
0.39835 0.2336788
0.3987 0.2335597
0.39905 0.2335597
0.3994 0.2335562
0.39975 0.2335489
0.4001 0.2334942
0.40045 0.2334482999999999
0.4008 0.2333237
0.40115 0.2332851
0.4015 0.2332529
0.40185 0.2332529
0.4022 0.2331123
0.40255 0.2330665
0.4029 0.2330665
0.40325 0.2330017
0.4036 0.2328288
0.40395 0.2328171
0.4043 0.2324090999999999
0.40465 0.2324090999999999
0.405 0.232633
0.40535 0.2326603
0.4057 0.2326603
0.40605 0.2325844
0.4064 0.2325395
0.40675 0.2325032
0.4071 0.2324766
0.40745 0.2324534999999999
0.4078 0.2324102
0.40815 0.2323642
0.4085 0.2323145
0.40885 0.2322201
0.4092 0.2321727
0.40955 0.2321727
0.4099 0.2321099
0.41025 0.232058
0.4106 0.2320146
0.41095 0.2319643
0.4113 0.231876
0.41165 0.2318612
0.412 0.2317469
0.41235 0.2317042999999999
0.4127 0.2316726
0.41305 0.2316242
0.4134 0.2313938999999999
0.41375 0.2313938999999999
0.4141 0.2314137
0.41445 0.2314137
0.4148 0.2312367
0.41515 0.231102
0.4155 0.2310188999999999
0.41585 0.2301045
0.4162 0.2301045
0.41655 0.2309322999999999
0.4169 0.2309322999999999
0.41725 0.2306667999999999
0.4176 0.230519
0.41795 0.2306667999999999
0.4183 0.2307505
0.41865 0.2307505
0.419 0.2306415
0.41935 0.2304812
0.4197 0.2300947
0.42005 0.2299636
0.4204 0.2299636
0.42075 0.2303735
0.4211 0.2303834
0.42145 0.2303735
0.4218 0.2301022
0.42215 0.2299462
0.4225 0.2299462
0.42285 0.2299462
0.4232 0.2298891
0.42355 0.2294125
0.4239 0.2294125
0.42425 0.2294186
0.4246 0.2294186
0.42495 0.2296913999999999
0.4253 0.2297259
0.42565 0.2297259
0.426 0.2288884
0.42635 0.2288884
0.4267 0.2290878999999999
0.42705 0.2295132999999999
0.4274 0.2294464
0.42775 0.2294464
0.4281 0.2294306
0.42845 0.2292775999999999
0.4288 0.2291585
0.42915 0.2286832
0.4295 0.2289188
0.42985 0.2289188
0.4302 0.2289188
0.43055 0.2289607
0.4309 0.2287712
0.43125 0.2287746
0.4316 0.2287746
0.43195 0.2288375
0.4323 0.2289312
0.43265 0.2289312
0.433 0.2288565
0.43335 0.2288246
0.4337 0.2286888
0.43405 0.2286783
0.4344 0.2285807
0.43475 0.2285732999999999
0.4351 0.22857
0.43545 0.2285004
0.4358 0.2284466
0.43615 0.2283627
0.4365 0.2281161
0.43685 0.2280989
0.4372 0.2281161
0.43755 0.2280989
0.4379 0.2280607
0.43825 0.2280607
0.4386 0.2280446
0.43895 0.2279695
0.4393 0.2278712999999999
0.43965 0.227742
0.44 0.2275733999999999
0.44035 0.2270906
0.4407 0.2268502
0.44105 0.2268831
0.4414 0.2268502
0.44175 0.2267046
0.4421 0.2267046
0.44245 0.2267046
0.4428 0.2271514
0.44315 0.2272683
0.4435 0.2272683
0.44385 0.2263529
0.4442 0.2263529
0.44455 0.2270703999999999
0.4449 0.2270703999999999
0.44525 0.226619
0.4456 0.226619
0.44595 0.2266712999999999
0.4463 0.2267757
0.44665 0.2269293999999999
0.447 0.2268143
0.44735 0.2268143
0.4477 0.2267998
0.44805 0.2267998
0.4484 0.2266153
0.44875 0.2267797999999999
0.4491 0.226702
0.44945 0.226702
0.4498 0.2265839
0.45015 0.2265815
0.4505 0.2265779
0.45085 0.2263587
0.4512 0.2261317
0.45155 0.2260941
0.4519 0.2260189
0.45225 0.2260941
0.4526 0.2261287
0.45295 0.2261287
0.4533 0.226133
0.45365 0.2260429
0.454 0.2260429
0.45435 0.2258508
0.4547 0.2257356
0.45505 0.2258183999999999
0.4554 0.2257356
0.45575 0.2256203999999999
0.4561 0.2254914999999999
0.45645 0.2254914999999999
0.4568 0.2252755
0.45715 0.2255413
0.4575 0.2254801
0.45785 0.2254801
0.4582 0.2254286
0.45855 0.2254107999999999
0.4589 0.2253363
0.45925 0.2251505999999999
0.4596 0.225025
0.45995 0.2251456
0.4603 0.2251456
0.46065 0.2252215
0.461 0.2252215
0.46135 0.2251925
0.4617 0.22519
0.46205 0.2251203
0.4624 0.2250938
0.46275 0.2250808999999999
0.4631 0.2250547
0.46345 0.2249855
0.4638 0.224958
0.46415 0.2248992
0.4645 0.2247976
0.46485 0.2247967
0.4652 0.2244884
0.46555 0.2244884
0.4659 0.2243449
0.46625 0.2241873999999999
0.4666 0.2241269
0.46695 0.2241873999999999
0.4673 0.2241269
0.46765 0.223828
0.468 0.2236929
0.46835 0.2233532999999999
0.4687 0.2220627999999999
0.46905 0.2214337
0.4694 0.2220627999999999
0.46975 0.2230317
0.4701 0.223096
0.47045 0.2233232999999999
0.4708 0.2233232999999999
0.47115 0.2232491
0.4715 0.2230041
0.47185 0.2223578999999999
0.4722 0.2223227
0.47255 0.2223578999999999
0.4729 0.2225219
0.47325 0.2229187
0.4736 0.223069
0.47395 0.223069
0.4743 0.2233078999999999
0.47465 0.2224347
0.475 0.2232732
0.47535 0.22024
0.4757 0.2232732
0.47605 0.2226752999999999
0.4764 0.2226752999999999
0.47675 0.2226752999999999
0.4771 0.2226762
0.47745 0.2231458999999999
0.4778 0.2227911
0.47815 0.2230501
0.4785 0.2229618
0.47885 0.2229618
0.4792 0.2228422
0.47955 0.2228369
0.4799 0.2227198
0.48025 0.2226553
0.4806 0.2225824
0.48095 0.2225549
0.4813 0.2223583
0.48165 0.2223244
0.482 0.2219776
0.48235 0.2219658
0.4827 0.2219658
0.48305 0.221863
0.4834 0.2212534
0.48375 0.2203525999999999
0.4841 0.2203525999999999
0.48445 0.2195474999999999
0.4848 0.2182558
0.48515 0.2184654
0.4855 0.2184654
0.48585 0.2184654
0.4862 0.2199739999999999
0.48655 0.2201722
0.4869 0.2207424
0.48725 0.2207424
0.4876 0.2190569
0.48795 0.2190569
0.4883 0.2203262
0.48865 0.2203262
0.489 0.2214989
0.48935 0.2201926
0.4897 0.2214989
0.49005 0.2212063
0.4904 0.2212063
0.49075 0.2209558999999999
0.4911 0.2209558999999999
0.49145 0.2209896999999999
0.4918 0.2212887999999999
0.49215 0.2209896999999999
0.4925 0.2208183999999999
0.49285 0.2204018
0.4932 0.2204018
0.49355 0.2204018
0.4939 0.2209716
0.49425 0.2209716
0.4946 0.2209716
0.49495 0.2210973
0.4953 0.2209746
0.49565 0.2212695999999999
0.496 0.2210703
0.49635 0.2211745
0.4967 0.2211107
0.49705 0.2211107
0.4974 0.2209936
0.49775 0.2209284999999999
0.4981 0.2208752
0.49845 0.220721
0.4988 0.220721
0.49915 0.2205538999999999
0.4995 0.2207357999999999
0.49985 0.2205538999999999
0.50055 0.2187567
0.5009 0.2187567
0.50125 0.2198921
0.5016 0.2198921
0.50195 0.2196683
0.5023 0.2195614
0.50265 0.2176515
0.503 0.2126614
0.50335 0.2145092
0.5037 0.2145092
0.50405 0.2145092
0.5044 0.2182007
0.50475 0.2187515
0.5051 0.2189779
0.50545 0.2189779
0.5058 0.218676
0.50615 0.218676
0.5065 0.2160945
0.50685 0.216475
0.5072 0.216475
0.50755 0.2176275
0.5079 0.2176275
0.50825 0.2176275
0.5086 0.2177849
0.50895 0.2177849
0.5093 0.2177009
0.50965 0.2173548
0.51 0.2173548
0.51035 0.2181501
0.5107 0.218415
0.51105 0.218415
0.5114 0.2181748999999999
0.51175 0.2181748999999999
0.5121 0.2185086
0.51245 0.2195105
0.5128 0.2195105
0.51315 0.2189962
0.5135 0.2189962
0.51385 0.2189127999999999
0.5142 0.2189127999999999
0.51455 0.2189127999999999
0.5149 0.2190031
0.51525 0.2196582
0.5156 0.2197619
0.51595 0.2197619
0.5163 0.2197619
0.51665 0.219652
0.517 0.2197732
0.51735 0.2197614999999999
0.5177 0.2197614999999999
0.51805 0.2197614999999999
0.5184 0.2197936999999999
0.51875 0.2198078999999999
0.5191 0.2198078999999999
0.51945 0.2196611
0.5198 0.2196611
0.52015 0.2196611
0.5205 0.2196392
0.52085 0.2196228999999999
0.5212 0.2195840999999999
0.52155 0.2195451
0.5219 0.2193804
0.52225 0.2193789
0.5226 0.2193001
0.52295 0.2191094
0.5233 0.2165107
0.52365 0.2165107
0.524 0.2162652
0.52435 0.2188811
0.5247 0.2188811
0.52505 0.2190264999999999
0.5254 0.2190452
0.52575 0.2190452
0.5261 0.2190686
0.52645 0.2190163
0.5268 0.2186467
0.52715 0.2181312
0.5275 0.2181312
0.52785 0.2181312
0.5282 0.2188311
0.52855 0.2188311
0.5289 0.2182179
0.52925 0.2179643999999999
0.5296 0.217925
0.52995 0.2179643999999999
0.5303 0.2177828999999999
0.53065 0.2171001
0.531 0.2171001
0.53135 0.2182956
0.5317 0.2182956
0.53205 0.2180808999999999
0.5324 0.2173187
0.53275 0.2175099
0.5331 0.2175099
0.53345 0.2180002999999999
0.5338 0.2180324
0.53415 0.2180556
0.5345 0.2180556
0.53485 0.2177002999999999
0.5352 0.2175393999999999
0.53555 0.2175021
0.5359 0.2170984
0.53625 0.2170984
0.5366 0.2170984
0.53695 0.2164854
0.5373 0.2164854
0.53765 0.216183
0.538 0.2161659
0.53835 0.2158826
0.5387 0.2152244999999999
0.53905 0.2151387
0.5394 0.2147737
0.53975 0.2140139
0.5401 0.2140139
0.54045 0.2126296
0.5408 0.2119001
0.54115 0.2119001
0.5415 0.2105502
0.54185 0.2105502
0.5422 0.2104848
0.54255 0.2104257999999999
0.5429 0.2104848
0.54325 0.2104257999999999
0.5436 0.2103888
0.54395 0.2103888
0.5443 0.2111948
0.54465 0.2129202
0.545 0.2129202
0.54535 0.2132143999999999
0.5457 0.2134495
0.54605 0.2134495
0.5464 0.2127055
0.54675 0.2127055
0.5471 0.2133562
0.54745 0.2146816
0.5478 0.2146816
0.54815 0.215005
0.5485 0.2154152
0.54885 0.2156311
0.5492 0.2154152
0.54955 0.2156311
0.5499 0.2143469999999999
0.55025 0.2156432
0.5506 0.2156432
0.55095 0.2156432
0.5513 0.2159746
0.55165 0.2150956
0.552 0.2157246
0.55235 0.2155594
0.5527 0.2155594
0.55305 0.2155594
0.5534 0.2155599
0.55375 0.2155599
0.5541 0.2155599
0.55445 0.2152721
0.5548 0.2152584
0.55515 0.2152584
0.5555 0.2152584
0.55585 0.2158888
0.5562 0.215687
0.55655 0.215687
0.5569 0.2151382999999999
0.55725 0.2151382999999999
0.5576 0.2154913
0.55795 0.2156557
0.5583 0.2154913
0.55865 0.2156557
0.559 0.2156149
0.55935 0.2156751999999999
0.5597 0.2156149
0.56005 0.2155007
0.5604 0.2155007
0.56075 0.2153841
0.5611 0.2153936
0.56145 0.2153936
0.5618 0.2153936
0.56215 0.2151788
0.5625 0.2151788
0.56285 0.2153798999999999
0.5632 0.2153798999999999
0.56355 0.2150175
0.5639 0.2148465
0.56425 0.2150175
0.5646 0.2148247
0.56495 0.2148247
0.5653 0.2147114999999999
0.56565 0.2147114999999999
0.566 0.2139849
0.56635 0.2129011
0.5667 0.2126646
0.56705 0.2129011
0.5674 0.2127671
0.56775 0.2127671
0.5681 0.2086195
0.56845 0.2086195
0.5688 0.2080187
0.56915 0.2101087999999999
0.5695 0.2077935
0.56985 0.2085311
0.5702 0.2085311
0.57055 0.2127239
0.5709 0.2127239
0.57125 0.2120141
0.5716 0.2110058
0.57195 0.212008
0.5723 0.212008
0.57265 0.212008
0.573 0.2125711
0.57335 0.2082512
0.5737 0.2111631
0.57405 0.2083211
0.5744 0.2083211
0.57475 0.2083211
0.5751 0.2066907
0.57545 0.2112195999999999
0.5758 0.211623
0.57615 0.211623
0.5765 0.2103099
0.57685 0.2080868
0.5772 0.2103099
0.57755 0.210915
0.5779 0.210915
0.57825 0.2119242999999999
0.5786 0.2115112999999999
0.57895 0.2117592
0.5793 0.2117592
0.57965 0.2117592
0.58 0.2117755999999999
0.58035 0.2114619999999999
0.5807 0.2117777
0.58105 0.2117777
0.5814 0.2117777
0.58175 0.2122851
0.5821 0.2118780999999999
0.58245 0.2118780999999999
0.5828 0.2114204999999999
0.58315 0.2114204999999999
0.5835 0.2115427999999999
0.58385 0.2115427999999999
0.5842 0.2115427999999999
0.58455 0.2119387
0.5849 0.2119387
0.58525 0.2116135
0.5856 0.2116135
0.58595 0.2116135
0.5863 0.21104
0.58665 0.2110232
0.587 0.2105117
0.58735 0.2103308
0.5877 0.2091295
0.58805 0.207252
0.5884 0.207252
0.58875 0.207252
0.5891 0.2075537
0.58945 0.2075537
0.5898 0.2049752
0.59015 0.2049752
0.5905 0.2075893999999999
0.59085 0.2075893999999999
0.5912 0.2078885
0.59155 0.2079688999999999
0.5919 0.2079721
0.59225 0.2079721
0.5926 0.2083834
0.59295 0.2096506
0.5933 0.2096506
0.59365 0.2074231
0.594 0.2072902999999999
0.59435 0.2035251
0.5947 0.2035251
0.59505 0.2070630999999999
0.5954 0.2072128999999999
0.59575 0.2072128999999999
0.5961 0.2072128999999999
0.59645 0.2066628999999999
0.5968 0.2077513
0.59715 0.2077513
0.5975 0.2077513
0.59785 0.2063982
0.5982 0.2063982
0.59855 0.2073625
0.5989 0.2073625
0.59925 0.2069166
0.5996 0.2069166
0.59995 0.2078274
0.6003 0.2078274
0.60065 0.2052077
0.601 0.2052077
0.60135 0.2069357
0.6017 0.2084256
0.60205 0.2084256
0.6024 0.2097319
0.60275 0.2097319
0.6031 0.2104181
0.60345 0.2108862999999999
0.6038 0.2108862999999999
0.60415 0.210126
0.6045 0.210126
0.60485 0.20944
0.6052 0.2109304
0.60555 0.2110135
0.6059 0.2110135
0.60625 0.2110135
0.6066 0.2108434
0.60695 0.2112325
0.6073 0.2108434
0.60765 0.2112325
0.608 0.2106434999999999
0.60835 0.2109228
0.6087 0.2106434999999999
0.60905 0.2107085
0.6094 0.21045
0.60975 0.2107085
0.6101 0.2111559999999999
0.61045 0.2111559999999999
0.6108 0.2107603
0.61115 0.2106094999999999
0.6115 0.210429
0.61185 0.2099840999999999
0.6122 0.2095074999999999
0.61255 0.2094152999999999
0.6129 0.2085788
0.61325 0.2078875
0.6136 0.2070337999999999
0.61395 0.2062806
0.6143 0.205724
0.61465 0.2052012
0.615 0.2050061
0.61535 0.2049668999999999
0.6157 0.2047569
0.61605 0.2041963
0.6164 0.2038787999999999
0.61675 0.2035496
0.6171 0.2028453999999999
0.61745 0.2014906
0.6178 0.2001253999999999
0.61815 0.2000875
0.6185 0.1990804
0.61885 0.1985411
0.6192 0.198181
0.61955 0.198181
0.6199 0.1986441
0.62025 0.1993844
0.6206 0.2001328
0.62095 0.2001907
0.6213 0.2006007999999999
0.62165 0.2011994
0.622 0.2022291
0.62235 0.2033687
0.6227 0.2042506
0.62305 0.2052427999999999
0.6234 0.205848
0.62375 0.2059728
0.6241 0.2071921
0.62445 0.2073936
0.6248 0.2079875
0.62515 0.2088041
0.6255 0.2092813
0.62585 0.2094167999999999
0.6262 0.2096683
0.62655 0.2096683
0.6269 0.2097367
0.62725 0.2098746
0.6276 0.2098746
0.62795 0.2101974
0.6283 0.2101737
0.62865 0.2101974
0.629 0.2106941
0.62935 0.2108174
0.6297 0.2108609
0.63005 0.2111191
0.6304 0.2111191
0.63075 0.2108685
0.6311 0.2102363
0.63145 0.2097248
0.6318 0.2066868
0.63215 0.2066868
0.6325 0.2093502
0.63285 0.2096
0.6332 0.2096306
0.63355 0.2102659
0.6339 0.2104224999999999
0.63425 0.2104807
0.6346 0.2104807
0.63495 0.2099077
0.6353 0.2099077
0.63565 0.2096097999999999
0.636 0.2096097999999999
0.63635 0.2096097999999999
0.6367 0.2085574999999999
0.63705 0.2085574999999999
0.6374 0.2085574999999999
0.63775 0.207479
0.6381 0.2079628999999999
0.63845 0.2079628999999999
0.6388 0.2079628999999999
0.63915 0.2084534999999999
0.6395 0.2084534999999999
0.63985 0.209387
0.6402 0.2096462999999999
0.64055 0.209387
0.6409 0.2094676
0.64125 0.2092531
0.6416 0.2089447999999999
0.64195 0.2088687
0.6423 0.2088687
0.64265 0.2090623
0.643 0.2090623
0.64335 0.2089195
0.6437 0.2080751
0.64405 0.2070289
0.6444 0.2070289
0.64475 0.2070201
0.6451 0.2070201
0.64545 0.2070201
0.6458 0.2050103
0.64615 0.2026609
0.6465 0.2026609
0.64685 0.2046581
0.6472 0.2053647999999999
0.64755 0.2053647999999999
0.6479 0.2051647
0.64825 0.2050824999999999
0.6486 0.2051647
0.64895 0.2056807
0.6493 0.2061183999999999
0.64965 0.2070902
0.65 0.2070902
0.65035 0.2076828
0.6507 0.2070597
0.65105 0.2041015
0.6514 0.2041015
0.65175 0.2041015
0.6521 0.2046575
0.65245 0.2067482999999999
0.6528 0.2067482999999999
0.65315 0.2070337999999999
0.6535 0.2053945999999999
0.65385 0.2071248999999999
0.6542 0.2042944
0.65455 0.2061397999999999
0.6549 0.2061397999999999
0.65525 0.2061397999999999
0.6556 0.2046197
0.65595 0.2044476
0.6563 0.2044476
0.65665 0.205278
0.657 0.205278
0.65735 0.2045457
0.6577 0.2045457
0.65805 0.2057666
0.6584 0.2057666
0.65875 0.2057666
0.6591 0.2062042
0.65945 0.2062042
0.6598 0.2045359
0.66015 0.2045359
0.6605 0.2063452
0.66085 0.2063452
0.6612 0.2058245
0.66155 0.2057668999999999
0.6619 0.2058245
0.66225 0.2057811
0.6626 0.2060658
0.66295 0.2059723
0.6633 0.2059723
0.66365 0.2058038999999999
0.664 0.2057617
0.66435 0.2057617
0.6647 0.2062659
0.66505 0.2062659
0.6654 0.2060567
0.66575 0.2057501
0.6661 0.2050882
0.66645 0.2055708
0.6668 0.2055708
0.66715 0.205697
0.6675 0.2057296
0.66785 0.2057612999999999
0.6682 0.2057612999999999
0.66855 0.2054989
0.6689 0.2054989
0.66925 0.2059047999999999
0.6696 0.2064692
0.66995 0.2065452
0.6703 0.2069375
0.67065 0.2073226
0.671 0.2073226
0.67135 0.2077252
0.6717 0.2079647
0.67205 0.2079647
0.6724 0.2079647
0.67275 0.2081596
0.6731 0.2083007
0.67345 0.2084302999999999
0.6738 0.2089967999999999
0.67415 0.2090025
0.6745 0.2090025
0.67485 0.2090607999999999
0.6752 0.2094965
0.67555 0.2094965
0.6759 0.2095357
0.67625 0.2095719999999999
0.6766 0.2095719999999999
0.67695 0.2095765
0.6773 0.2095765
0.67765 0.2096557
0.678 0.2096557
0.67835 0.2094685
0.6787 0.2088224
0.67905 0.2089328
0.6794 0.2089328
0.67975 0.2090981999999999
0.6801 0.2090981999999999
0.68045 0.2090787
0.6808 0.2084165
0.68115 0.2084034
0.6815 0.2084034
0.68185 0.2081280999999999
0.6822 0.2077565
0.68255 0.2077565
0.6829 0.2077565
0.68325 0.207417
0.6836 0.207417
0.68395 0.2071593
0.6843 0.2065574
0.68465 0.2065574
0.685 0.2072036
0.68535 0.2082406
0.6857 0.2082819
0.68605 0.2082819
0.6864 0.2080495
0.68675 0.2060732999999999
0.6871 0.2060732999999999
0.68745 0.2073078999999999
0.6878 0.2078284
0.68815 0.2080391
0.6885 0.2080391
0.68885 0.2073969
0.6892 0.2073969
0.68955 0.204759
0.6899 0.2068073
0.69025 0.2063972
0.6906 0.2068073
0.69095 0.2063972
0.6913 0.2053828999999999
0.69165 0.2050247
0.692 0.2042507999999999
0.69235 0.2042507999999999
0.6927 0.2042767999999999
0.69305 0.2042767999999999
0.6934 0.2039644
0.69375 0.2039644
0.6941 0.2039644
0.69445 0.2042345
0.6948 0.2041614
0.69515 0.2041661
0.6955 0.2041614
0.69585 0.2038354
0.6962 0.2038354
0.69655 0.2043595
0.6969 0.2043595
0.69725 0.2049792999999999
0.6976 0.2027505
0.69795 0.2037931
0.6983 0.2033825
0.69865 0.2033825
0.699 0.2029706
0.69935 0.2026516
0.6997 0.2026516
0.70005 0.2004433
0.7004 0.1997226
0.70075 0.1997226
0.7011 0.2000612
0.70145 0.2000612
0.7018 0.1997417
0.70215 0.1996867
0.7025 0.1996867
0.70285 0.1996867
0.7032 0.199998
0.70355 0.199998
0.7039 0.2001918
0.70425 0.2001918
0.7046 0.2003017999999999
0.70495 0.2003017999999999
0.7053 0.2003734999999999
0.70565 0.2021118999999999
0.706 0.2021118999999999
0.70635 0.2018874
0.7067 0.2018874
0.70705 0.2018874
0.7074 0.2023881
0.70775 0.2022168
0.7081 0.2023881
0.70845 0.2022188999999999
0.7088 0.2029785
0.70915 0.2022188999999999
0.7095 0.2029785
0.70985 0.2030565
0.7102 0.2038007999999999
0.71055 0.2038007999999999
0.7109 0.2031672
0.71125 0.2031555
0.7116 0.2031672
0.71195 0.2042793
0.7123 0.2042793
0.71265 0.2037634
0.713 0.2034983
0.71335 0.2034983
0.7137 0.203779
0.71405 0.203779
0.7144 0.2034624
0.71475 0.203259
0.7151 0.2027958
0.71545 0.2026478
0.7158 0.2015042
0.71615 0.2014077
0.7165 0.1995549999999999
0.71685 0.1967379
0.7172 0.1964885999999999
0.71755 0.194009
0.7179 0.1939444
0.71825 0.1921761
0.7186 0.1921761
0.71895 0.1884044
0.7193 0.1884044
0.71965 0.1884044
0.72 0.1852505
0.72035 0.1852505
0.7207 0.1853586
0.72105 0.1853586
0.7214 0.1853586
0.72175 0.1836539999999999
0.7221 0.1850228
0.72245 0.1838047
0.7228 0.1838047
0.72315 0.1811761
0.7235 0.1756072
0.72385 0.1725115
0.7242 0.1725115
0.72455 0.1695471
0.7249 0.1638157999999999
0.72525 0.1638157999999999
0.7256 0.1586948999999999
0.72595 0.1572724999999999
0.7263 0.1567828
0.72665 0.1527907
0.727 0.1486612
0.72735 0.1527907
0.7277 0.1519736
0.72805 0.1533215
0.7284 0.1637342
0.72875 0.1682168999999999
0.7291 0.1693618
0.72945 0.169655
0.7298 0.169655
0.73015 0.1703107
0.7305 0.1789695
0.73085 0.1794352
0.7312 0.1811125
0.73155 0.1811125
0.7319 0.1825487999999999
0.73225 0.1801099
0.7326 0.1845415
0.73295 0.1801099
0.7333 0.1845415
0.73365 0.1898376
0.734 0.1898376
0.73435 0.1915267999999999
0.7347 0.1933338
0.73505 0.194272
0.7354 0.1953162999999999
0.73575 0.1953162999999999
0.7361 0.1953162999999999
0.73645 0.1971477999999999
0.7368 0.1971477999999999
0.73715 0.1972229
0.7375 0.1988146
0.73785 0.199388
0.7382 0.1999771
0.73855 0.2006783
0.7389 0.1999771
0.73925 0.2008085
0.7396 0.2014785
0.73995 0.2020602
0.7403 0.2020602
0.74065 0.2033933
0.741 0.2033933
0.74135 0.2033933
0.7417 0.2035107
0.74205 0.2042361
0.7424 0.2042361
0.74275 0.2042361
0.7431 0.2049601
0.74345 0.2049601
0.7438 0.2047442
0.74415 0.2044721
0.7445 0.2044721
0.74485 0.2052444
0.7452 0.2052444
0.74555 0.2052444
0.7459 0.2043724999999999
0.74625 0.2049541
0.7466 0.2049541
0.74695 0.2049541
0.7473 0.2051662
0.74765 0.2050859
0.748 0.2051929
0.74835 0.2050963999999999
0.7487 0.2050963999999999
0.74905 0.2050963999999999
0.7494 0.2052162
0.74975 0.2052162
0.7501 0.2052162
0.75045 0.2050364
0.7508 0.2057119
0.75115 0.2053924
0.7515 0.2054831
0.75185 0.2054831
0.7522 0.2054831
0.75255 0.2056142
0.7529 0.2056142
0.75325 0.2056880999999999
0.7536 0.2057029
0.75395 0.2057029
0.7543 0.2057029
0.75465 0.2061141
0.755 0.2056891
0.75535 0.2060347
0.7557 0.2060347
0.75605 0.2060683999999999
0.7564 0.2060683999999999
0.75675 0.2060683999999999
0.7571 0.2056367999999999
0.75745 0.2054277999999999
0.7578 0.2054277999999999
0.75815 0.2055236
0.7585 0.2055236
0.75885 0.2054154
0.7592 0.2054047
0.75955 0.2050429
0.7599 0.2048832
0.76025 0.2048832
0.7606 0.2044717999999999
0.76095 0.2044717999999999
0.7613 0.2047656
0.76165 0.2047656
0.762 0.2042797
0.76235 0.2041943
0.7627 0.2041359999999999
0.76305 0.2040053999999999
0.7634 0.2040053999999999
0.76375 0.2039096
0.7641 0.2039096
0.76445 0.2036525
0.7648 0.2036491
0.76515 0.2036491
0.7655 0.2036782999999999
0.76585 0.2036782999999999
0.7662 0.2035267
0.76655 0.2033192
0.7669 0.2032563
0.76725 0.2032563
0.7676 0.2034991
0.76795 0.2036971
0.7683 0.2036971
0.76865 0.2035806
0.769 0.2035792
0.76935 0.2035387
0.7697 0.2035387
0.77005 0.2035254
0.7704 0.2034086
0.77075 0.203366
0.7711 0.2033149
0.77145 0.203285
0.7718 0.2032559
0.77215 0.2031684
0.7725 0.2029315
0.77285 0.2023093
0.7732 0.2016747
0.77355 0.2016747
0.7739 0.201766
0.77425 0.2020253
0.7746 0.2020253
0.77495 0.2019275
0.7753 0.2017856
0.77565 0.2014255
0.776 0.2011147
0.77635 0.2008801
0.7767 0.20084
0.77705 0.2006214999999999
0.7774 0.2004133
0.77775 0.2002277999999999
0.7781 0.199973
0.77845 0.1996009
0.7788 0.1992605
0.77915 0.1988452
0.7795 0.1979004
0.77985 0.1971708999999999
0.7802 0.1961944
0.78055 0.196187
0.7809 0.1949164
0.78125 0.1949164
0.7816 0.1949164
0.78195 0.1938962
0.7823 0.193847
0.78265 0.193847
0.783 0.1931872
0.78335 0.1930887
0.7837 0.1918787
0.78405 0.1918787
0.7844 0.1934517
0.78475 0.1945489
0.7851 0.1952664
0.78545 0.1952664
0.7858 0.1947214
0.78615 0.1945869999999999
0.7865 0.1945869999999999
0.78685 0.1945869999999999
0.7872 0.1946606
0.78755 0.1954485
0.7879 0.195685
0.78825 0.1961817
0.7886 0.1961817
0.78895 0.1963576
0.7893 0.1963576
0.78965 0.1965458
0.79 0.1965458
0.79035 0.1966081
0.7907 0.196343
0.79105 0.1958749
0.7914 0.1954004
0.79175 0.1953309
0.7921 0.1947466
0.79245 0.1939629
0.7928 0.193338
0.79315 0.193338
0.7935 0.1932994999999999
0.79385 0.1932994999999999
0.7942 0.1924573999999999
0.79455 0.192433
0.7949 0.1910951
0.79525 0.1908602999999999
0.7956 0.1910951
0.79595 0.1877146
0.7963 0.1877146
0.79665 0.1877146
0.797 0.1896148
0.79735 0.1896148
0.7977 0.1896148
0.79805 0.1901704
0.7984 0.1903942
0.79875 0.1906274
0.7991 0.1908118
0.79945 0.1914783
0.7998 0.1915612
0.80015 0.1916617
0.8005 0.1922978
0.80085 0.1929005
0.8012 0.1929005
0.80155 0.1928302999999999
0.8019 0.1928302999999999
0.80225 0.1928302999999999
0.8026 0.193104
0.80295 0.1941812
0.8033 0.1941812
0.80365 0.1947034
0.804 0.1948085
0.80435 0.195069
0.8047 0.1956639
0.80505 0.1963066
0.8054 0.1964132
0.80575 0.1964132
0.8061 0.1957138
0.80645 0.1957138
0.8068 0.1969281
0.80715 0.1976599
0.8075 0.1976599
0.80785 0.1982284
0.8082 0.1982284
0.80855 0.1984023999999999
0.8089 0.1984023999999999
0.80925 0.19759
0.8096 0.19759
0.80995 0.1982932
0.8103 0.1986653
0.81065 0.1986653
0.811 0.1988438
0.81135 0.1989755
0.8117 0.1990666
0.81205 0.199185
0.8124 0.1994033999999999
0.81275 0.1998282
0.8131 0.1994033999999999
0.81345 0.2003444999999999
0.8138 0.2004167999999999
0.81415 0.2004207999999999
0.8145 0.2004207999999999
0.81485 0.1921412
0.8152 0.1921412
0.81555 0.2003856
0.8159 0.2006049
0.81625 0.2006049
0.8166 0.2012015
0.81695 0.2009637
0.8173 0.2012319
0.81765 0.2009637
0.818 0.2008925
0.81835 0.2008925
0.8187 0.2008925
0.81905 0.2017552
0.8194 0.201903
0.81975 0.201903
0.8201 0.2020914
0.82045 0.2021658999999999
0.8208 0.2021658999999999
0.82115 0.2023464999999999
0.8215 0.2021421
0.82185 0.2021421
0.8222 0.2020052
0.82255 0.2016828
0.8229 0.2008065
0.82325 0.1907388
0.8236 0.1949477
0.82395 0.1949477
0.8243 0.2020638
0.82465 0.2025472999999999
0.825 0.2025472999999999
0.82535 0.2025472999999999
0.8257 0.2025176
0.82605 0.2025176
0.8264 0.2027572
0.82675 0.2027964
0.8271 0.2027572
0.82745 0.202171
0.8278 0.1998082
0.82815 0.2019466
0.8285 0.2019466
0.82885 0.2019466
0.8292 0.2022382999999999
0.82955 0.2025245
0.8299 0.2025245
0.83025 0.2023063
0.8306 0.2023063
0.83095 0.202418
0.8313 0.2026966
0.83165 0.202418
0.832 0.2014752
0.83235 0.2014752
0.8327 0.2001952
0.83305 0.2023636
0.8334 0.2018297999999999
0.83375 0.2018297999999999
0.8341 0.1978201
0.83445 0.1978201
0.8348 0.1978201
0.83515 0.2000943
0.8355 0.1993672
0.83585 0.1993672
0.8362 0.1987777
0.83655 0.1986364
0.8369 0.1980602
0.83725 0.1975374
0.8376 0.1948879
0.83795 0.194277
0.8383 0.194277
0.83865 0.1941388
0.839 0.1940409
0.83935 0.1940409
0.8397 0.1940409
0.84005 0.1947247999999999
0.8404 0.1947247999999999
0.84075 0.1925443
0.8411 0.1916378
0.84145 0.1912292
0.8418 0.1912292
0.84215 0.1922983
0.8425 0.1942351
0.84285 0.1966199
0.8432 0.1966199
0.84355 0.19645
0.8439 0.1954342999999999
0.84425 0.1954342999999999
0.8446 0.1959783
0.84495 0.1962974999999999
0.8453 0.1971852
0.84565 0.1973011
0.846 0.1982843
0.84635 0.1987230999999999
0.8467 0.1992082
0.84705 0.1992722
0.8474 0.1992722
0.84775 0.1989075
0.8481 0.1989075
0.84845 0.1989075
0.8488 0.1996735
0.84915 0.2001137999999999
0.8495 0.2001137999999999
0.84985 0.1995337999999999
0.8502 0.1993132
0.85055 0.1971217
0.8509 0.1971217
0.85125 0.1971217
0.8516 0.1982847
0.85195 0.1978046
0.8523 0.1978046
0.85265 0.1968947
0.853 0.1958227
0.85335 0.1955397
0.8537 0.1948227
0.85405 0.1948227
0.8544 0.1941134
0.85475 0.1919943
0.8551 0.1919355
0.85545 0.1904172999999999
0.8558 0.1900378
0.85615 0.1877304
0.8565 0.1877304
0.85685 0.1866992
0.8572 0.1839497999999999
0.85755 0.1818392
0.8579 0.1818392
0.85825 0.178981
0.8586 0.178981
0.85895 0.1751691
0.8593 0.1742482
0.85965 0.1732627
0.86 0.1719821
0.86035 0.1654434
0.8607 0.1639058
0.86105 0.1584902999999999
0.8614 0.1570844
0.86175 0.1557411
0.8621 0.1514001
0.86245 0.1514001
0.8628 0.1510582
0.86315 0.1512672999999999
0.8635 0.1510507999999999
0.86385 0.1510507999999999
0.8642 0.1405021
0.86455 0.1402004
0.8649 0.1405021
0.86525 0.1525007
0.8656 0.153692
0.86595 0.1579774
0.8663 0.1599854
0.86665 0.1599854
0.867 0.1440986
0.86735 0.1440986
0.8677 0.1499281
0.86805 0.1611915
0.8684 0.1663177
0.86875 0.168006
0.8691 0.1742747
0.86945 0.1746503999999999
0.8698 0.1756442
0.87015 0.1756442
0.8705 0.1756442
0.87085 0.1715654
0.8712 0.1571579
0.87155 0.1715654
0.8719 0.1732991
0.87225 0.1819188
0.8726 0.1738142
0.87295 0.1738142
0.8733 0.1738142
0.87365 0.18035
0.874 0.1811128
0.87435 0.1841566
0.8747 0.1841566
0.87505 0.1841566
0.8754 0.1861503
0.87575 0.1743574
0.8761 0.1813197
0.87645 0.180045
0.8768 0.180045
0.87715 0.1795414
0.8775 0.176826
0.87785 0.176826
0.8782 0.1677823999999999
0.87855 0.1677823999999999
0.8789 0.1772329
0.87925 0.1772329
0.8796 0.1363209
0.87995 0.1245717
0.8803 0.1313273999999999
0.88065 0.1245717
0.881 0.111929
0.88135 0.1106616
0.8817 0.0952495
0.88205 0.0728941
0.8824 0.0454546999999999
0.88275 0.0454546999999999
0.8831 0.0454546999999999
0.88345 0.0457609
0.8838 0.0438905
0.88415 0.0457609
0.8845 0.0576516999999999
0.88485 0.0702324
0.8852 0.0758333
0.88555 0.0758333
0.8859 0.0694888999999999
0.88625 0.0539649
0.8866 0.0232395
0.88695 0.0170919
0.8873 0.0170919
0.88765 0.0254894
0.888 0.0290336
0.88835 0.0290336
0.8887 0.0398793
0.88905 0.0240630999999999
0.8894 0.0421403
0.88975 0.0434796999999999
0.8901 0.0533135
0.89045 0.0506109
0.8908 0.050867
0.89115 0.0506109
0.8915 0.050867
0.89185 0.0555096
0.8922 0.0555096
0.89255 0.0555096
0.8929 0.0576139
0.89325 0.0576139
0.8936 0.0518469
0.89395 0.0470248
0.8943 0.0470248
0.89465 0.0479311
0.895 0.0479311
0.89535 0.0433604
0.8957 0.0433604
0.89605 0.0506459
0.8964 0.0597745
0.89675 0.0758211
0.8971 0.0758211
0.89745 0.0749248999999999
0.8978 0.0749248999999999
0.89815 0.0785273999999999
0.8985 0.0785273999999999
0.89885 0.0759731
0.8992 0.075132
0.89955 0.075132
0.8999 0.0780295
0.90025 0.080269
0.9006 0.0975156
0.90095 0.1088378999999999
0.9013 0.1178173
0.90165 0.1278097
0.902 0.1278097
0.90235 0.1322559999999999
0.9027 0.1322559999999999
0.90305 0.1330704999999999
0.9034 0.1482512
0.90375 0.1330704999999999
0.9041 0.1514719
0.90445 0.1608067
0.9048 0.1624479
0.90515 0.1624479
0.9055 0.1707243
0.90585 0.1786647
0.9062 0.1786647
0.90655 0.1688527999999999
0.9069 0.1682602999999999
0.90725 0.1682602999999999
0.9076 0.1682602999999999
0.90795 0.1619361
0.9083 0.145352
0.90865 0.1619361
0.909 0.1812116
0.90935 0.1812116
0.9097 0.1628741
0.91005 0.1628741
0.9104 0.1675572
0.91075 0.1781541
0.9111 0.1858408999999999
0.91145 0.1857171
0.9118 0.1857171
0.91215 0.1832459
0.9125 0.1816703999999999
0.91285 0.1816703999999999
0.9132 0.1816703999999999
0.91355 0.1696812999999999
0.9139 0.1844782999999999
0.91425 0.1843072999999999
0.9146 0.1888042999999999
0.91495 0.1879530999999999
0.9153 0.1879530999999999
0.91565 0.1776855
0.916 0.1773583999999999
0.91635 0.1773583999999999
0.9167 0.1773583999999999
0.91705 0.1826283
0.9174 0.1865746
0.91775 0.1865746
0.9181 0.1805967
0.91845 0.1805967
0.9188 0.1805967
0.91915 0.1802141
0.9195 0.1767568
0.91985 0.1767568
0.9202 0.1859937
0.92055 0.1859937
0.9209 0.1902319
0.92125 0.1843577
0.9216 0.1779351
0.92195 0.1779351
0.9223 0.1542648999999999
0.92265 0.1796428
0.923 0.1917849999999999
0.92335 0.1917849999999999
0.9237 0.1833037
0.92405 0.1833037
0.9244 0.1852434
0.92475 0.1887619999999999
0.9251 0.1852434
0.92545 0.1887619999999999
0.9258 0.1800465
0.92615 0.1800465
0.9265 0.1800465
0.92685 0.1518151
0.9272 0.1686619
0.92755 0.1686619
0.9279 0.1686619
0.92825 0.1850076
0.9286 0.1850076
0.92895 0.1896027
0.9293 0.1899357
0.92965 0.1899357
0.93 0.1717184
0.93035 0.1710361
0.9307 0.1436209
0.93105 0.1583631
0.9314 0.1583631
0.93175 0.1583631
0.9321 0.1679917
0.93245 0.149018
0.9328 0.1679917
0.93315 0.1827739
0.9335 0.1827739
0.93385 0.1651624
0.9342 0.1482204
0.93455 0.1482204
0.9349 0.1590332
0.93525 0.1590332
0.9356 0.1834191
0.93595 0.1834191
0.9363 0.1859286
0.93665 0.1859286
0.937 0.1769582999999999
0.93735 0.1769582999999999
0.9377 0.1488284
0.93805 0.1471479
0.9384 0.1471479
0.93875 0.1674302999999999
0.9391 0.1793856
0.93945 0.1832616
0.9398 0.1793856
0.94015 0.1871255
0.9405 0.1398819
0.94085 0.1871255
0.9412 0.1891884
0.94155 0.1919714
0.9419 0.1941073999999999
0.94225 0.1941073999999999
0.9426 0.1938177999999999
0.94295 0.1482862
0.9433 0.1482862
0.94365 0.1634578
0.944 0.1634578
0.94435 0.1313106
0.9447 0.1313106
0.94505 0.1881371
0.9454 0.1881371
0.94575 0.1881371
0.9461 0.183702
0.94645 0.183702
0.9468 0.1710805
0.94715 0.1710805
0.9475 0.1710805
0.94785 0.1823956
0.9482 0.1876085
0.94855 0.1895656
0.9489 0.1876085
0.94925 0.1630488
0.9496 0.1630488
0.94995 0.1679219
0.9503 0.1792667999999999
0.95065 0.1937533
0.951 0.1937533
0.95135 0.1843356
0.9517 0.1843356
0.95205 0.1859270999999999
0.9524 0.1859270999999999
0.95275 0.1758447
0.9531 0.172703
0.95345 0.172703
0.9538 0.1918869
0.95415 0.1918869
0.9545 0.1902145999999999
0.95485 0.1902145999999999
0.9552 0.1841793
0.95555 0.1899418
0.9559 0.1899418
0.95625 0.1899418
0.9566 0.1892833
0.95695 0.174137
0.9573 0.174137
0.95765 0.1918954
0.958 0.1918954
0.95835 0.1915377
0.9587 0.1904815
0.95905 0.1904815
0.9594 0.1764912
0.95975 0.1764912
0.9601 0.1866243
0.96045 0.1866243
0.9608 0.1852842999999999
0.96115 0.1852842999999999
0.9615 0.1852842999999999
0.96185 0.1838826
0.9622 0.1816242
0.96255 0.1579987
0.9629 0.1579987
0.96325 0.1711675
0.9636 0.1737208999999999
0.96395 0.1711675
0.9643 0.1721945
0.96465 0.169961
0.965 0.1687966
0.96535 0.1652269999999999
0.9657 0.1627116
0.96605 0.1586027
0.9664 0.1584331
0.96675 0.1579556
0.9671 0.1486186
0.96745 0.1554811
0.9678 0.1554811
0.96815 0.1639354
0.9685 0.1639354
0.96885 0.1615023
0.9692 0.1601691
0.96955 0.159326
0.9699 0.1577285
0.97025 0.1491516
0.9706 0.1399457
0.97095 0.1375691
0.9713 0.1399457
0.97165 0.1463198999999999
0.972 0.1520721
0.97235 0.1553388
0.9727 0.1571958999999999
0.97305 0.1553388
0.9734 0.1527063
0.97375 0.1527063
0.9741 0.1469991
0.97445 0.1530496
0.9748 0.1563257
0.97515 0.1571919
0.9755 0.158855
0.97585 0.1607803
0.9762 0.1607803
0.97655 0.154665
0.9769 0.1365303
0.97725 0.154665
0.9776 0.1389078
0.97795 0.1452537
0.9783 0.1389078
0.97865 0.1397217999999999
0.979 0.1397217999999999
0.97935 0.1541195
0.9797 0.1541195
0.98005 0.1341915
0.9804 0.1260887
0.98075 0.1260887
0.9811 0.1260887
0.98145 0.1290392
0.9818 0.1290392
0.98215 0.1216468
0.9825 0.1216468
0.98285 0.0373221
0.9832 0.108273
0.98355 0.108273
0.9839 0.1099567
0.98425 0.1105302
0.9846 0.1099567
0.98495 0.1166108999999999
0.9853 0.0668746
0.98565 0.0834632
0.986 0.0593946
0.98635 0.0834632
0.9867 0.0640086
0.98705 0.0640086
0.9874 0.0640086
0.98775 0.0755336
0.9881 0.0755336
0.98845 0.0055248
0.9888 0.0055248
0.98915 0.02899
0.9895 0.0805814
0.98985 0.0581323
0.9902 0.0843116999999999
0.99055 0.0581323
0.9909 0.0843116999999999
0.99125 0.0825486
0.9916 0.0891082
0.99195 0.0825486
0.9923 0.0906138
0.99265 0.1032946
0.993 0.1032946
0.99335 0.1009185
0.9937 0.0968613999999999
0.99405 0.0968613999999999
0.9944 0.0998893
0.99475 0.0998893
0.9951 0.0738419
0.99545 0.0738419
0.9958 0.0161328
0.99615 0.0846248999999999
0.9965 0.0161328
0.99685 0.0846248999999999
0.9972 0.1010825
0.99755 0.1010825
0.9979 0.1001034
0.99825 0.0825443999999999
0.9986 0.094788
0.99895 0.0810341
0.9993 0.0810341
