0.3 0.5355123
0.30035 0.5356105999999999
0.3007 0.5357084
0.30105 0.5358058000000001
0.3014 0.5359027
0.30175 0.5359991
0.3021 0.5360951
0.30245 0.5361906
0.3028 0.5362857
0.30315 0.5363803
0.3035 0.5364745
0.30385 0.5365681999999999
0.3042 0.5366565
0.30455 0.5367443000000001
0.3049 0.5368316
0.30525 0.5369186
0.3056 0.5370052
0.30595 0.5370914000000001
0.3063 0.5371772
0.30665 0.5372627
0.307 0.5373478
0.30735 0.5374324
0.3077 0.5375168
0.30805 0.5376006999999999
0.3084 0.5376843000000001
0.30875 0.5377675000000001
0.3091 0.5378503000000001
0.30945 0.5379328
0.3098 0.5380149000000001
0.31015 0.5380965999999999
0.3105 0.5381779999999999
0.31085 0.538259
0.3112 0.5383395999999999
0.31155 0.5384199000000001
0.3119 0.5384998000000001
0.31225 0.5385800000000001
0.3126 0.53866
0.31295 0.5387397
0.3133 0.5388191
0.31365 0.5388980999999999
0.314 0.5389767
0.31435 0.5390550000000001
0.3147 0.539133
0.31505 0.5392106
0.3154 0.5392879
0.31575 0.5393649
0.3161 0.5394415
0.31645 0.5395178
0.3168 0.5395937
0.31715 0.5396693
0.3175 0.5397446
0.31785 0.5398195
0.3182 0.5398941999999999
0.31855 0.5399684
0.3189 0.5400424
0.31925 0.540116
0.3196 0.5401893
0.31995 0.5402623000000001
0.3203 0.5403349000000001
0.32065 0.5404073
0.321 0.5404793000000001
0.32135 0.540551
0.3217 0.5406223000000001
0.32205 0.5406934
0.3224 0.5407641
0.32275 0.5408345
0.3231 0.5409046
0.32345 0.5409744000000001
0.3238 0.5410439
0.32415 0.5411130000000001
0.3245 0.5411819
0.32485 0.5412504
0.3252 0.5413186
0.32555 0.5413865
0.3259 0.5414541
0.32625 0.5415214
0.3266 0.5415884
0.32695 0.541655
0.3273 0.5417214
0.32765 0.5417874
0.328 0.5418531999999999
0.32835 0.5419185999999999
0.3287 0.5419835999999999
0.32905 0.5420483
0.3294 0.5421125
0.32975 0.5421756
0.3301 0.5422315
0.33045 0.5422965
0.3308 0.5423665
0.33115 0.5424306999999999
0.3315 0.5424938
0.33185 0.5425564
0.3322 0.5426187
0.33255 0.5426806
0.3329 0.5427422
0.33325 0.5428035
0.3336 0.5428645000000001
0.33395 0.5429252
0.3343 0.5429856
0.33465 0.5430457
0.335 0.5431055
0.33535 0.5431651
0.3357 0.5432243
0.33605 0.5432833
0.3364 0.5433418999999999
0.33675 0.5434003000000001
0.3371 0.5434583000000001
0.33745 0.5435159
0.3378 0.5435732
0.33815 0.5436300999999999
0.3385 0.5436868
0.33885 0.5437432
0.3392 0.5437991999999999
0.33955 0.543855
0.3399 0.5439105
0.34025 0.5439656999999999
0.3406 0.5440205
0.34095 0.5440751
0.3413 0.5441294
0.34165 0.5441834
0.342 0.5442371
0.34235 0.5442905
0.3427 0.5443435999999999
0.34305 0.5443965000000001
0.3434 0.544449
0.34375 0.5445012
0.3441 0.5445532
0.34445 0.5446048000000001
0.3448 0.5446562
0.34515 0.5447073
0.3455 0.544758
0.34585 0.5448085
0.3462 0.5448588000000001
0.34655 0.5449086999999999
0.3469 0.5449583
0.34725 0.5450077
0.3476 0.5450567
0.34795 0.5451055
0.3483 0.545154
0.34865 0.5452022
0.349 0.5452501000000001
0.34935 0.5452978
0.3497 0.5453452
0.35005 0.5453922
0.3504 0.545439
0.35075 0.5454856
0.3511 0.5455318
0.35145 0.5455776999999999
0.3518 0.5456234000000001
0.35215 0.5456688000000001
0.3525 0.545714
0.35285 0.5457588000000001
0.3532 0.5458034
0.35355 0.5458476
0.3539 0.5458916
0.35425 0.5459353
0.3546 0.5459754
0.35495 0.5460186
0.3553 0.5460611999999999
0.35565 0.5460625
0.356 0.5461031999999999
0.35635 0.5461701999999999
0.3567 0.5462090999999999
0.35705 0.5462303000000001
0.3574 0.5462989
0.35775 0.5463085999999999
0.3581 0.5463134
0.35845 0.5463771
0.3588 0.5463793
0.35915 0.5464220999999999
0.3595 0.5464220999999999
0.35985 0.5464220999999999
0.3602 0.5464651
0.36055 0.5464894
0.3609 0.5466031
0.36125 0.5466861999999999
0.3616 0.546752
0.36195 0.5468126999999999
0.3623 0.5468144
0.36265 0.5468754
0.363 0.5469168000000001
0.36335 0.5469546999999999
0.3637 0.5469838
0.36405 0.5470056
0.3644 0.547059
0.36475 0.5470955
0.3651 0.5471281
0.36545 0.547157
0.3658 0.5471571999999999
0.36615 0.5472137
0.3665 0.5472539000000001
0.36685 0.5472758000000001
0.3672 0.5473017
0.36755 0.5473428000000001
0.3679 0.5473594
0.36825 0.5473718000000001
0.3686 0.5473934
0.36895 0.5474607
0.3693 0.5474724
0.36965 0.5475053000000001
0.37 0.5475119
0.37035 0.5475119
0.3707 0.5475148
0.37105 0.5475215999999999
0.3714 0.5476213000000001
0.37175 0.5476406
0.3721 0.5476456999999999
0.37245 0.5476456999999999
0.3728 0.5476801
0.37315 0.5477448
0.3735 0.5477448
0.37385 0.5477597
0.3742 0.5477954
0.37455 0.5477954
0.3749 0.5477954
0.37525 0.5476
0.3756 0.5478569000000001
0.37595 0.5477321999999999
0.3763 0.5479122
0.37665 0.5478991999999999
0.377 0.5479606
0.37735 0.5478991999999999
0.3777 0.5478428000000001
0.37805 0.5478428000000001
0.3784 0.5478684
0.37875 0.5479899
0.3791 0.5478684
0.37945 0.5479430000000001
0.3798 0.5479095
0.38015 0.5479430000000001
0.3805 0.5481045999999999
0.38085 0.548161
0.3812 0.5482223
0.38155 0.5482223
0.3819 0.548068
0.38225 0.548068
0.3826 0.5481081999999999
0.38295 0.5483783
0.3833 0.548385
0.38365 0.5484138000000001
0.384 0.548442
0.38435 0.5485248
0.3847 0.5485416
0.38505 0.5485683000000001
0.3854 0.5485825
0.38575 0.5486085999999999
0.3861 0.5486205
0.38645 0.5486259
0.3868 0.5486404
0.38715 0.5486505
0.3875 0.5486694000000001
0.38785 0.5486719
0.3882 0.5486719
0.38855 0.5486546999999999
0.3889 0.5486546999999999
0.38925 0.5486659
0.3896 0.5487312
0.38995 0.5487312
0.3903 0.5487312
0.39065 0.548782
0.391 0.5487827
0.39135 0.548782
0.3917 0.5487734000000001
0.39205 0.5487734000000001
0.3924 0.5487734000000001
0.39275 0.5487835
0.3931 0.5487934
0.39345 0.5488261999999999
0.3938 0.5488261999999999
0.39415 0.5488261999999999
0.3945 0.5486769
0.39485 0.5486769
0.3952 0.5486769
0.39555 0.5485914000000001
0.3959 0.5485914000000001
0.39625 0.5485914000000001
0.3966 0.5486545999999999
0.39695 0.5486545999999999
0.3973 0.5487938
0.39765 0.5487132
0.398 0.5487938
0.39835 0.5488629
0.3987 0.5489324000000001
0.39905 0.5488929
0.3994 0.5489324000000001
0.39975 0.5490156
0.4001 0.5490352
0.40045 0.5490156
0.4008 0.5489144
0.40115 0.5489144
0.4015 0.5490889
0.40185 0.5490889
0.4022 0.5490648
0.40255 0.5490648
0.4029 0.5490782
0.40325 0.5490782
0.4036 0.5491453000000001
0.40395 0.5491453000000001
0.4043 0.5491784000000001
0.40465 0.5491921999999999
0.405 0.5492064
0.40535 0.5492188
0.4057 0.5492188
0.40605 0.5491176999999999
0.4064 0.5491176999999999
0.40675 0.5491555
0.4071 0.5492335
0.40745 0.5493197
0.4078 0.549342
0.40815 0.5493603
0.4085 0.5493603
0.40885 0.5493836999999999
0.4092 0.5494111999999999
0.40955 0.5494111999999999
0.4099 0.5494003000000001
0.41025 0.5494003000000001
0.4106 0.5494031
0.41095 0.5494031
0.4113 0.5494226
0.41165 0.549375
0.412 0.5494071999999999
0.41235 0.5493574000000001
0.4127 0.5493574000000001
0.41305 0.5492953
0.4134 0.5491077
0.41375 0.5491077
0.4141 0.5492883000000001
0.41445 0.5492883000000001
0.4148 0.5489725999999999
0.41515 0.5486233
0.4155 0.5485868
0.41585 0.5479689
0.4162 0.5479689
0.41655 0.5487594
0.4169 0.5487594
0.41725 0.5483753
0.4176 0.5475331999999999
0.41795 0.5483753
0.4183 0.5491517
0.41865 0.5491517
0.419 0.5489398
0.41935 0.5488874
0.4197 0.5481068
0.42005 0.5485625
0.4204 0.5485625
0.42075 0.5493014
0.4211 0.549347
0.42145 0.549347
0.4218 0.5491013000000001
0.42215 0.5490105
0.4225 0.5490105
0.42285 0.5490105
0.4232 0.5487218
0.42355 0.5475861999999999
0.4239 0.5475861999999999
0.42425 0.5478495
0.4246 0.5478495
0.42495 0.5484895000000001
0.4253 0.5488483000000001
0.42565 0.5488483000000001
0.426 0.5471666999999999
0.42635 0.5471666999999999
0.4267 0.5480921999999999
0.42705 0.5487933
0.4274 0.5488644
0.42775 0.5491113000000001
0.4281 0.5490018
0.42845 0.5490018
0.4288 0.54893
0.42915 0.5485554
0.4295 0.5487135999999999
0.42985 0.5487135999999999
0.4302 0.5487135999999999
0.43055 0.5488286
0.4309 0.5491029000000001
0.43125 0.5491029000000001
0.4316 0.5491029000000001
0.43195 0.5494264
0.4323 0.5495448
0.43265 0.5495448
0.433 0.5495581
0.43335 0.5495230999999999
0.4337 0.5494836
0.43405 0.5493485
0.4344 0.5493714
0.43475 0.5493714
0.4351 0.5493714
0.43545 0.5493670999999999
0.4358 0.5493364000000001
0.43615 0.5492701999999999
0.4365 0.5487766
0.43685 0.5487766
0.4372 0.5488615
0.43755 0.5490054
0.4379 0.5490875
0.43825 0.5491166999999999
0.4386 0.5491166999999999
0.43895 0.5492291
0.4393 0.5488351
0.43965 0.5487371999999999
0.44 0.5483646
0.44035 0.5470362
0.4407 0.5463680000000001
0.44105 0.5465651999999999
0.4414 0.5463680000000001
0.44175 0.5463319000000001
0.4421 0.5463319000000001
0.44245 0.5463319000000001
0.4428 0.5476493
0.44315 0.5487013000000001
0.4435 0.5487013000000001
0.44385 0.5469941999999999
0.4442 0.5469941999999999
0.44455 0.5486629
0.4449 0.5486629
0.44525 0.5480005
0.4456 0.5480005
0.44595 0.5480265000000001
0.4463 0.5483752
0.44665 0.5489706
0.447 0.5489225999999999
0.44735 0.549203
0.4477 0.5489225999999999
0.44805 0.549203
0.4484 0.5492071
0.44875 0.5493991
0.4491 0.5494555
0.44945 0.5494555
0.4498 0.5493198
0.45015 0.5493198
0.4505 0.5493198
0.45085 0.5490122
0.4512 0.5484479999999999
0.45155 0.5483554
0.4519 0.5483037
0.45225 0.5483554
0.4526 0.5487688000000001
0.45295 0.5487688000000001
0.4533 0.5488956
0.45365 0.5489406
0.454 0.5489406
0.45435 0.5485912
0.4547 0.5483382
0.45505 0.5485912
0.4554 0.5484842
0.45575 0.5484842
0.4561 0.5481009
0.45645 0.5481009
0.4568 0.5478581
0.45715 0.5487061
0.4575 0.5486138
0.45785 0.5486138
0.4582 0.5486123
0.45855 0.5484593000000001
0.4589 0.5484294
0.45925 0.5481233
0.4596 0.5479528
0.45995 0.5481233
0.4603 0.5484448000000001
0.46065 0.5488301
0.461 0.5489573
0.46135 0.5489948
0.4617 0.5491243
0.46205 0.5491295
0.4624 0.5491594
0.46275 0.5492288000000001
0.4631 0.5492288000000001
0.46345 0.5492134
0.4638 0.5491933000000001
0.46415 0.5491337
0.4645 0.5490497
0.46485 0.5490096999999999
0.4652 0.5484768
0.46555 0.5484768
0.4659 0.5481585
0.46625 0.5481144
0.4666 0.547903
0.46695 0.5480145000000001
0.4673 0.547903
0.46765 0.5477550999999999
0.468 0.5472069
0.46835 0.546517
0.4687 0.5446491
0.46905 0.5446109
0.4694 0.5446109
0.46975 0.5452288000000001
0.4701 0.5453501999999999
0.47045 0.546871
0.4708 0.546871
0.47115 0.5471937
0.4715 0.5463142
0.47185 0.5463142
0.4722 0.544862
0.47255 0.544862
0.4729 0.5458469
0.47325 0.5461815
0.4736 0.5467478
0.47395 0.5467478
0.4743 0.547756
0.47465 0.5460695
0.475 0.547756
0.47535 0.5450614
0.4757 0.5477976
0.47605 0.5470016
0.4764 0.5470016
0.47675 0.5470016
0.4771 0.547251
0.47745 0.5479982
0.4778 0.547342
0.47815 0.5479799
0.4785 0.5477794
0.47885 0.5477794
0.4792 0.5476121
0.47955 0.5475084
0.4799 0.5472871
0.48025 0.5472229999999999
0.4806 0.5470802
0.48095 0.5468833000000001
0.4813 0.5466895
0.48165 0.5464229
0.482 0.5457590999999999
0.48235 0.5457590999999999
0.4827 0.5457844000000001
0.48305 0.5457844000000001
0.4834 0.5446033
0.48375 0.5437022
0.4841 0.5426755999999999
0.48445 0.5401630999999999
0.4848 0.5387337
0.48515 0.5387337
0.4855 0.5387337
0.48585 0.5394959
0.4862 0.5402543000000001
0.48655 0.5416204000000001
0.4869 0.5432642
0.48725 0.5432642
0.4876 0.5424821
0.48795 0.5424821
0.4883 0.5450323
0.48865 0.5450323
0.489 0.546154
0.48935 0.543562
0.4897 0.546154
0.49005 0.5457451999999999
0.4904 0.5457451999999999
0.49075 0.5457451999999999
0.4911 0.5459291999999999
0.49145 0.5465249
0.4918 0.5466041
0.49215 0.5465249
0.4925 0.5460604
0.49285 0.5460604
0.4932 0.5461647
0.49355 0.5461647
0.4939 0.5472414000000001
0.49425 0.5472414000000001
0.4946 0.5472414000000001
0.49495 0.5475479
0.4953 0.5474216
0.49565 0.5478985
0.496 0.54762
0.49635 0.5478046999999999
0.4967 0.5477109
0.49705 0.5477109
0.4974 0.5476131
0.49775 0.5476048000000001
0.4981 0.5475327
0.49845 0.5472060000000001
0.4988 0.5472060000000001
0.49915 0.5468291000000001
0.4995 0.5473215
0.49985 0.5467318
0.50055 0.5450541
0.5009 0.5450541
0.50125 0.5455863000000001
0.5016 0.5455863000000001
0.50195 0.5452197
0.5023 0.5449130999999999
0.50265 0.5423791
0.503 0.5388261
0.50335 0.5399855
0.5037 0.5399855
0.50405 0.5399855
0.5044 0.5424167
0.50475 0.5440911
0.5051 0.5441649000000001
0.50545 0.5441649000000001
0.5058 0.5428732
0.50615 0.5428732
0.5065 0.5399058000000001
0.50685 0.5413249
0.5072 0.5413249
0.50755 0.5425131999999999
0.5079 0.5425131999999999
0.50825 0.542284
0.5086 0.542284
0.50895 0.542284
0.5093 0.5421563
0.50965 0.5416693
0.51 0.5416693
0.51035 0.5427036999999999
0.5107 0.5432789000000001
0.51105 0.5436766
0.5114 0.5436766
0.51175 0.5436766
0.5121 0.5444
0.51245 0.5458717
0.5128 0.5458717
0.51315 0.5458703
0.5135 0.5458703
0.51385 0.5460285
0.5142 0.5460285
0.51455 0.5460285
0.5149 0.5464787
0.51525 0.5472656
0.5156 0.5474163000000001
0.51595 0.5474163000000001
0.5163 0.5474163000000001
0.51665 0.5471661
0.517 0.5475249
0.51735 0.5474824
0.5177 0.5474824
0.51805 0.5474824
0.5184 0.5475181
0.51875 0.5475181
0.5191 0.5474955
0.51945 0.5471716
0.5198 0.5471716
0.52015 0.5471716
0.5205 0.5470698
0.52085 0.5469984
0.5212 0.5468114000000001
0.52155 0.5467979000000001
0.5219 0.5464452
0.52225 0.546435
0.5226 0.5461581999999999
0.52295 0.5459286
0.5233 0.5431026999999999
0.52365 0.5431026999999999
0.524 0.5422895999999999
0.52435 0.5451123000000001
0.5247 0.5451123000000001
0.52505 0.5456814
0.5254 0.5459129
0.52575 0.5464965
0.5261 0.5465154999999999
0.52645 0.5464965
0.5268 0.5450716999999999
0.52715 0.5449470999999999
0.5275 0.5449470999999999
0.52785 0.5449470999999999
0.5282 0.5458082
0.52855 0.5458082
0.5289 0.5448974
0.52925 0.5448518
0.5296 0.5448046
0.52995 0.5448046
0.5303 0.5448046
0.53065 0.5436894
0.531 0.5436894
0.53135 0.5453011999999999
0.5317 0.5453011999999999
0.53205 0.5452373
0.5324 0.5442293
0.53275 0.5442293
0.5331 0.5442293
0.53345 0.5447430999999999
0.5338 0.5447430999999999
0.53415 0.5447430999999999
0.5345 0.5446932
0.53485 0.5443167
0.5352 0.5435041
0.53555 0.5431661999999999
0.5359 0.5423244
0.53625 0.5423244
0.5366 0.5420263000000001
0.53695 0.5410353
0.5373 0.5410353
0.53765 0.5399401
0.538 0.5395643
0.53835 0.5389194
0.5387 0.5380774
0.53905 0.5375274999999999
0.5394 0.5362847
0.53975 0.5350853
0.5401 0.5350853
0.54045 0.5329859
0.5408 0.5313321999999999
0.54115 0.5286852
0.5415 0.5285388000000001
0.54185 0.525593
0.5422 0.5250161999999999
0.54255 0.5250161999999999
0.5429 0.5252247
0.54325 0.5253893
0.5436 0.5256940999999999
0.54395 0.5269666999999999
0.5443 0.5294264
0.54465 0.5329984
0.545 0.5329984
0.54535 0.5344368
0.5457 0.5363697
0.54605 0.5363697
0.5464 0.537655
0.54675 0.5387
0.5471 0.5409944999999999
0.54745 0.5412166
0.5478 0.5421377
0.54815 0.5427458000000001
0.5485 0.5430664000000001
0.54885 0.5433170999999999
0.5492 0.5430664000000001
0.54955 0.5434678000000001
0.5499 0.5426928000000001
0.55025 0.5443164
0.5506 0.5443164
0.55095 0.5443164
0.5513 0.5446576
0.55165 0.5434576999999999
0.552 0.5446224000000001
0.55235 0.5443574999999999
0.5527 0.5443574999999999
0.55305 0.5443574999999999
0.5534 0.5445850999999999
0.55375 0.5445850999999999
0.5541 0.5445474
0.55445 0.5443408000000001
0.5548 0.5443408000000001
0.55515 0.5444678000000001
0.5555 0.5444678000000001
0.55585 0.5449909000000001
0.5562 0.5451537
0.55655 0.5451537
0.5569 0.5446989999999999
0.55725 0.5446989999999999
0.5576 0.5452302
0.55795 0.5452384
0.5583 0.5452302
0.55865 0.5452384
0.559 0.5449635
0.55935 0.545313
0.5597 0.5449804
0.56005 0.5449804
0.5604 0.5449804
0.56075 0.5448566999999999
0.5611 0.5451173
0.56145 0.5452031999999999
0.5618 0.5452031999999999
0.56215 0.5449233
0.5625 0.5449233
0.56285 0.545186
0.5632 0.545186
0.56355 0.5445101
0.5639 0.5442085999999999
0.56425 0.5445101
0.5646 0.5441834
0.56495 0.5441834
0.5653 0.5441387
0.56565 0.5440531999999999
0.566 0.5427845
0.56635 0.5416656999999999
0.5667 0.5416656999999999
0.56705 0.5417319
0.5674 0.5417319
0.56775 0.5409292
0.5681 0.5385508000000001
0.56845 0.5385508000000001
0.5688 0.5379274000000001
0.56915 0.5379934000000001
0.5695 0.5348076
0.56985 0.5362584
0.5702 0.5362584
0.57055 0.5401564
0.5709 0.5401564
0.57125 0.5385808000000001
0.5716 0.5380083000000001
0.57195 0.5385808000000001
0.5723 0.5385953
0.57265 0.5385953
0.573 0.5394007
0.57335 0.5357775
0.5737 0.5372518000000001
0.57405 0.5357775
0.5744 0.5338472
0.57475 0.5338472
0.5751 0.5313915
0.57545 0.5367137
0.5758 0.5367137
0.57615 0.5367137
0.5765 0.536136
0.57685 0.5348854000000001
0.5772 0.536136
0.57755 0.537226
0.5779 0.5379308
0.57825 0.5383563
0.5786 0.5388706
0.57895 0.5395892
0.5793 0.5395892
0.57965 0.5398682
0.58 0.5400815999999999
0.58035 0.5404005999999999
0.5807 0.5409965
0.58105 0.541872
0.5814 0.541872
0.58175 0.5422585
0.5821 0.5421547
0.58245 0.5421547
0.5828 0.5421547
0.58315 0.5423103
0.5835 0.542866
0.58385 0.542866
0.5842 0.542866
0.58455 0.5431949
0.5849 0.5431949
0.58525 0.5424521999999999
0.5856 0.5424521999999999
0.58595 0.5424521999999999
0.5863 0.5421170999999999
0.58665 0.5420793
0.587 0.5415724000000001
0.58735 0.5414416
0.5877 0.5405828
0.58805 0.5374097
0.5884 0.5374097
0.58875 0.5374097
0.5891 0.5387259
0.58945 0.5387259
0.5898 0.5348031999999999
0.59015 0.5348031999999999
0.5905 0.5383365
0.59085 0.5383365
0.5912 0.5382667
0.59155 0.5370603
0.5919 0.537337
0.59225 0.5370603
0.5926 0.537337
0.59295 0.538615
0.5933 0.538615
0.59365 0.5364706
0.594 0.5344449
0.59435 0.522096
0.5947 0.522096
0.59505 0.5342986999999999
0.5954 0.5348267
0.59575 0.5348267
0.5961 0.5348267
0.59645 0.5343257
0.5968 0.5364125
0.59715 0.5364125
0.5975 0.5364125
0.59785 0.5341294
0.5982 0.5341294
0.59855 0.5364514
0.5989 0.5364514
0.59925 0.5364514
0.5996 0.5366791
0.59995 0.5377956
0.6003 0.5377956
0.60065 0.5342991
0.601 0.5342991
0.60135 0.5380189999999999
0.6017 0.5392375
0.60205 0.5392375
0.6024 0.5402602
0.60275 0.5402602
0.6031 0.5406111
0.60345 0.5414091999999999
0.6038 0.5414091999999999
0.60415 0.5411748000000001
0.6045 0.5411748000000001
0.60485 0.5407571999999999
0.6052 0.5414503
0.60555 0.5410604
0.6059 0.5410604
0.60625 0.5408841999999999
0.6066 0.5405797
0.60695 0.5406888000000001
0.6073 0.5405797
0.60765 0.5400161
0.608 0.5393204
0.60835 0.5389125
0.6087 0.5387284999999999
0.60905 0.5385121
0.6094 0.5384621
0.60975 0.5385121
0.6101 0.5383733
0.61045 0.5382179
0.6108 0.5371521
0.61115 0.5364519
0.6115 0.5349976
0.61185 0.5329647
0.6122 0.5306566
0.61255 0.530621
0.6129 0.5276320999999999
0.61325 0.5238161
0.6136 0.519315
0.61395 0.5159488
0.6143 0.5128971
0.61465 0.5103873
0.615 0.5092469000000001
0.61535 0.5092163
0.6157 0.5079829
0.61605 0.5052553
0.6164 0.5035602
0.61675 0.5021997
0.6171 0.4982319
0.61745 0.4910384
0.6178 0.4837747
0.61815 0.4837635
0.6185 0.4781384
0.61885 0.4751560999999999
0.6192 0.4735513
0.61955 0.4735513
0.6199 0.4759299
0.62025 0.4799850999999999
0.6206 0.4844771
0.62095 0.4844808
0.6213 0.4869572
0.62165 0.4900814
0.622 0.4956354999999999
0.62235 0.5017222
0.6227 0.506526
0.62305 0.511335
0.6234 0.5159529
0.62375 0.5162394
0.6241 0.521176
0.62445 0.5251099
0.6248 0.5275784
0.62515 0.5303831
0.6255 0.5326656
0.62585 0.5346259
0.6262 0.5358241
0.62655 0.5358241
0.6269 0.5358356
0.62725 0.5373366999999999
0.6276 0.5373366999999999
0.62795 0.5380166000000001
0.6283 0.5389911999999999
0.62865 0.5392961
0.629 0.5400771
0.62935 0.540285
0.6297 0.5405803000000001
0.63005 0.5411875
0.6304 0.5416105999999999
0.63075 0.5416105999999999
0.6311 0.5403562
0.63145 0.5400498
0.6318 0.5349895
0.63215 0.5349895
0.6325 0.5402421
0.63285 0.5403268
0.6332 0.5407759
0.63355 0.5409901999999999
0.6339 0.541263
0.63425 0.5413479
0.6346 0.541263
0.63495 0.5406418000000001
0.6353 0.5406418000000001
0.63565 0.5399855
0.636 0.5399855
0.63635 0.5399855
0.6367 0.5390107
0.63705 0.5390107
0.6374 0.5390107
0.63775 0.5382843
0.6381 0.5389944000000001
0.63845 0.5387122
0.6388 0.5387122
0.63915 0.5385386
0.6395 0.5385386
0.63985 0.5390275999999999
0.6402 0.5392688
0.64055 0.5390275999999999
0.6409 0.5389958
0.64125 0.5385504
0.6416 0.5379943
0.64195 0.5379943
0.6423 0.5375911999999999
0.64265 0.5381437
0.643 0.5376321
0.64335 0.5376693
0.6437 0.5376321
0.64405 0.5373356
0.6444 0.5373356
0.64475 0.5373252
0.6451 0.5373252
0.64545 0.5373252
0.6458 0.5348995
0.64615 0.5290831
0.6465 0.5290831
0.64685 0.5302001000000001
0.6472 0.534474
0.64755 0.534474
0.6479 0.5337006999999999
0.64825 0.5318224
0.6486 0.533459
0.64895 0.532749
0.6493 0.533459
0.64965 0.534975
0.65 0.5350078
0.65035 0.5353534000000001
0.6507 0.5350078
0.65105 0.5270199999999999
0.6514 0.5270199999999999
0.65175 0.5270199999999999
0.6521 0.5304952
0.65245 0.5349281
0.6528 0.5349281
0.65315 0.5339767
0.6535 0.5329832
0.65385 0.5338184
0.6542 0.5277016
0.65455 0.5324406999999999
0.6549 0.5324406999999999
0.65525 0.5324406999999999
0.6556 0.5293496999999999
0.65595 0.5293081000000001
0.6563 0.5293496999999999
0.65665 0.5300698
0.657 0.5302463000000001
0.65735 0.5302463000000001
0.6577 0.5302463000000001
0.65805 0.5305462
0.6584 0.5305462
0.65875 0.5299969
0.6591 0.5298928
0.65945 0.5298928
0.6598 0.5289020999999999
0.66015 0.5289020999999999
0.6605 0.5300206000000001
0.66085 0.5300206000000001
0.6612 0.5288614
0.66155 0.5286015000000001
0.6619 0.5282783000000001
0.66225 0.5277368
0.6626 0.5268715
0.66295 0.5267724
0.6633 0.526297
0.66365 0.5262561
0.664 0.5262449
0.66435 0.5262449
0.6647 0.5259236999999999
0.66505 0.5255656
0.6654 0.5241149
0.66575 0.5238037999999999
0.6661 0.5223925
0.66645 0.5216224
0.6668 0.5216224
0.66715 0.5221
0.6675 0.522193
0.66785 0.5226334
0.6682 0.5226334
0.66855 0.5234982
0.6689 0.5239491
0.66925 0.5248303000000001
0.6696 0.5262164
0.66995 0.5276626999999999
0.6703 0.5288066
0.67065 0.5301034
0.671 0.5301034
0.67135 0.5311835
0.6717 0.5325054
0.67205 0.5338104
0.6724 0.5341675
0.67275 0.5356006
0.6731 0.5364134
0.67345 0.5373359999999999
0.6738 0.5375747
0.67415 0.5381017
0.6745 0.5384631999999999
0.67485 0.5390632
0.6752 0.5400050999999999
0.67555 0.5400050999999999
0.6759 0.5403133000000001
0.67625 0.5405249
0.6766 0.5405755999999999
0.67695 0.5407550999999999
0.6773 0.5407550999999999
0.67765 0.5410655
0.678 0.5410655
0.67835 0.5403901999999999
0.6787 0.540088
0.67905 0.5396959
0.6794 0.5396132
0.67975 0.5393559
0.6801 0.5389109999999999
0.68045 0.5385236999999999
0.6808 0.5376068
0.68115 0.536559
0.6815 0.536559
0.68185 0.5348649000000001
0.6822 0.5342191999999999
0.68255 0.5336050999999999
0.6829 0.5336050999999999
0.68325 0.5340979
0.6836 0.5340979
0.68395 0.5336483
0.6843 0.5336483
0.68465 0.5342243
0.685 0.5349809
0.68535 0.5357675000000001
0.6857 0.5359797
0.68605 0.536199
0.6864 0.536199
0.68675 0.5336622
0.6871 0.5336622
0.68745 0.5370599
0.6878 0.5372130999999999
0.68815 0.5372130999999999
0.6885 0.5371563
0.68885 0.5366403000000001
0.6892 0.5366403000000001
0.68955 0.5312601
0.6899 0.5375733
0.69025 0.5371335999999999
0.6906 0.5372746
0.69095 0.5371335999999999
0.6913 0.5366054
0.69165 0.5361625
0.692 0.5343087
0.69235 0.5341285
0.6927 0.5341814
0.69305 0.5331547
0.6934 0.5319538
0.69375 0.5314314
0.6941 0.5314314
0.69445 0.5314314
0.6948 0.5292992
0.69515 0.5295909000000001
0.6955 0.5292992
0.69585 0.5258877
0.6962 0.5258877
0.69655 0.5277301999999999
0.6969 0.5277301999999999
0.69725 0.5265834
0.6976 0.5189566
0.69795 0.5224506
0.6983 0.5212233000000001
0.69865 0.5212233000000001
0.699 0.5181712
0.69935 0.5150885999999999
0.6997 0.5150885999999999
0.70005 0.5037301
0.7004 0.4996984
0.70075 0.4996984
0.7011 0.5026291
0.70145 0.5026291
0.7018 0.4996331
0.70215 0.4978569
0.7025 0.4978569
0.70285 0.4978569
0.7032 0.5036425999999999
0.70355 0.5036425999999999
0.7039 0.5016008
0.70425 0.5016008
0.7046 0.503333
0.70495 0.503333
0.7053 0.503333
0.70565 0.5135488
0.706 0.5135488
0.70635 0.5135488
0.7067 0.5151154
0.70705 0.5151154
0.7074 0.517617
0.70775 0.5176436
0.7081 0.5188782000000001
0.70845 0.5205335999999999
0.7088 0.5221289000000001
0.70915 0.5205335999999999
0.7095 0.5233842000000001
0.70985 0.5235923
0.7102 0.5256244000000001
0.71055 0.5256244000000001
0.7109 0.5266901999999999
0.71125 0.525818
0.7116 0.5274658
0.71195 0.5284444
0.7123 0.5284444
0.71265 0.5280100000000001
0.713 0.5277404
0.71335 0.5277404
0.7137 0.5279773
0.71405 0.5279773
0.7144 0.5277877
0.71475 0.5235032999999999
0.7151 0.5234599
0.71545 0.5191282
0.7158 0.5133379
0.71615 0.5124991
0.7165 0.504022
0.71685 0.4925095
0.7172 0.4801496
0.71755 0.4634997
0.7179 0.4618844
0.71825 0.4510298
0.7186 0.4510298
0.71895 0.4362303
0.7193 0.4352733
0.71965 0.4352733
0.72 0.4146439
0.72035 0.4146439
0.7207 0.4147129
0.72105 0.4147129
0.7214 0.4090856
0.72175 0.4062520999999999
0.7221 0.4071504
0.72245 0.4031734
0.7228 0.4021421
0.72315 0.3933372
0.7235 0.3601565
0.72385 0.3567921
0.7242 0.3437295
0.72455 0.3328287
0.7249 0.3292753
0.72525 0.3054547999999999
0.7256 0.2900406
0.72595 0.2900406
0.7263 0.286638
0.72665 0.2676515
0.727 0.2667854
0.72735 0.2649938
0.7277 0.2649938
0.72805 0.2746657
0.7284 0.3114032
0.72875 0.32358
0.7291 0.330819
0.72945 0.3339345999999999
0.7298 0.3367727
0.73015 0.3411730999999999
0.7305 0.3504850999999999
0.73085 0.3684317
0.7312 0.3861370999999999
0.73155 0.3861370999999999
0.7319 0.3979583
0.73225 0.396504
0.7326 0.4087339
0.73295 0.4087339
0.7333 0.410732
0.73365 0.4376094
0.734 0.4376094
0.73435 0.4441590999999999
0.7347 0.4592233
0.73505 0.462722
0.7354 0.4710026
0.73575 0.4710026
0.7361 0.4710026
0.73645 0.4834952999999999
0.7368 0.4834952999999999
0.73715 0.4842135999999999
0.7375 0.4956209
0.73785 0.4975
0.7382 0.5021526
0.73855 0.5062561
0.7389 0.5021526
0.73925 0.5103353
0.7396 0.5169806
0.73995 0.5188586
0.7403 0.522369
0.74065 0.5262429
0.741 0.5262429
0.74135 0.5279921
0.7417 0.5288239
0.74205 0.531179
0.7424 0.531179
0.74275 0.5319959
0.7431 0.533784
0.74345 0.5344137
0.7438 0.5346656999999999
0.74415 0.5346785
0.7445 0.5348651999999999
0.74485 0.5348651999999999
0.7452 0.5348145999999999
0.74555 0.5348145999999999
0.7459 0.5348145999999999
0.74625 0.5353111
0.7466 0.5352268
0.74695 0.5352268
0.7473 0.5352268
0.74765 0.5347595
0.748 0.5351819999999999
0.74835 0.5351819999999999
0.7487 0.5351819999999999
0.74905 0.5352332
0.7494 0.535103
0.74975 0.535103
0.7501 0.5348859
0.75045 0.5348859
0.7508 0.5350332
0.75115 0.5354720000000001
0.7515 0.5354720000000001
0.75185 0.5352353
0.7522 0.5349971
0.75255 0.5349496
0.7529 0.5349496
0.75325 0.5355342
0.7536 0.5355342
0.75395 0.5353874
0.7543 0.5353733
0.75465 0.5349893
0.755 0.5348881999999999
0.75535 0.5348426
0.7557 0.5346962
0.75605 0.5344753000000001
0.7564 0.5341722
0.75675 0.5336919
0.7571 0.5333479
0.75745 0.532065
0.7578 0.532065
0.75815 0.532007
0.7585 0.5319305000000001
0.75885 0.5312456999999999
0.7592 0.5306427
0.75955 0.5278925
0.7599 0.5273041
0.76025 0.5263239000000001
0.7606 0.5252266
0.76095 0.5252266
0.7613 0.526116
0.76165 0.526116
0.762 0.523401
0.76235 0.5220887
0.7627 0.5214949999999999
0.76305 0.5209642
0.7634 0.5209642
0.76375 0.5208583
0.7641 0.520415
0.76445 0.5191347
0.7648 0.5189424
0.76515 0.5189424
0.7655 0.5194532000000001
0.76585 0.5194532000000001
0.7662 0.5188167
0.76655 0.518746
0.7669 0.5167781
0.76725 0.5167781
0.7676 0.517997
0.76795 0.5195576
0.7683 0.5195576
0.76865 0.5187856
0.769 0.518515
0.76935 0.518515
0.7697 0.5187443
0.77005 0.5187443
0.7704 0.5183194000000001
0.77075 0.5173755
0.7711 0.5170591
0.77145 0.5169156
0.7718 0.5165042999999999
0.77215 0.5164894
0.7725 0.5143666
0.77285 0.5103906
0.7732 0.5066436
0.77355 0.5066436
0.7739 0.5069911
0.77425 0.5085626
0.7746 0.5085626
0.77495 0.5083888
0.7753 0.5070684
0.77565 0.5047085
0.776 0.5027869
0.77635 0.5015963999999999
0.7767 0.5010058
0.77705 0.4997891
0.7774 0.4981225999999999
0.77775 0.4980042
0.7781 0.4957621
0.77845 0.4935613
0.7788 0.4916041
0.77915 0.4892135999999999
0.7795 0.4842254
0.77985 0.4799269
0.7802 0.4728064999999999
0.78055 0.4727207999999999
0.7809 0.4657222
0.78125 0.4625101
0.7816 0.4613441
0.78195 0.4600978
0.7823 0.4596061999999999
0.78265 0.4593357
0.783 0.4578484
0.78335 0.457704
0.7837 0.4473509
0.78405 0.4473509
0.7844 0.4567372
0.78475 0.4661013
0.7851 0.467937
0.78545 0.467937
0.7858 0.4648564999999999
0.78615 0.4648564999999999
0.7865 0.4649317
0.78685 0.4654845
0.7872 0.4668198
0.78755 0.4713007000000001
0.7879 0.4713804
0.78825 0.4747354
0.7886 0.4749315999999999
0.78895 0.4763266
0.7893 0.4763266
0.78965 0.4770543
0.79 0.4770543
0.79035 0.4764776
0.7907 0.4760630999999999
0.79105 0.4728855999999999
0.7914 0.4696749
0.79175 0.4690662999999999
0.7921 0.4656616
0.79245 0.4599613
0.7928 0.4563735
0.79315 0.4563735
0.7935 0.456477
0.79385 0.456477
0.7942 0.4515814
0.79455 0.4513639
0.7949 0.442641
0.79525 0.4424721
0.7956 0.4424721
0.79595 0.4339449000000001
0.7963 0.4313119000000001
0.79665 0.4313119000000001
0.797 0.4414457
0.79735 0.4414457
0.7977 0.438768
0.79805 0.438768
0.7984 0.438768
0.79875 0.4390456
0.7991 0.4402688
0.79945 0.4447069
0.7998 0.4472335999999999
0.80015 0.4473071
0.8005 0.4499781
0.80085 0.4550943
0.8012 0.4550943
0.80155 0.4549690999999999
0.8019 0.4549690999999999
0.80225 0.4574037999999999
0.8026 0.4575041
0.80295 0.4625979
0.8033 0.4625979
0.80365 0.465635
0.804 0.466521
0.80435 0.4684253
0.8047 0.4710584
0.80505 0.4746657999999999
0.8054 0.4758871
0.80575 0.4758871
0.8061 0.4758871
0.80645 0.4780984
0.8068 0.4821475999999999
0.80715 0.4862782
0.8075 0.4862782
0.80785 0.4886126
0.8082 0.489871
0.80855 0.4900005
0.8089 0.4900005
0.80925 0.4869688
0.8096 0.4869688
0.80995 0.4910905
0.8103 0.4926622
0.81065 0.4926622
0.811 0.4929991
0.81135 0.4941645999999999
0.8117 0.4945032999999999
0.81205 0.4950504
0.8124 0.4962183
0.81275 0.5002055000000001
0.8131 0.4962183
0.81345 0.5035662999999999
0.8138 0.5035662999999999
0.81415 0.504525
0.8145 0.504525
0.81485 0.4697543999999999
0.8152 0.4697543999999999
0.81555 0.5011736
0.8159 0.5039509
0.81625 0.5039509
0.8166 0.5075841
0.81695 0.5047454
0.8173 0.5079391
0.81765 0.5047454
0.818 0.5036298
0.81835 0.5036298
0.8187 0.5051747
0.81905 0.5114208
0.8194 0.5114208
0.81975 0.5114208
0.8201 0.5136613
0.82045 0.5158094
0.8208 0.5158094
0.82115 0.5142713
0.8215 0.5142713
0.82185 0.5142713
0.8222 0.5116583
0.82255 0.511488
0.8229 0.5020398
0.82325 0.4681088
0.8236 0.4835547999999999
0.82395 0.4835547999999999
0.8243 0.511517
0.82465 0.5176435
0.825 0.5191675
0.82535 0.5191675
0.8257 0.5156759
0.82605 0.5156759
0.8264 0.5181884
0.82675 0.5187371000000001
0.8271 0.5181884
0.82745 0.513003
0.8278 0.4999151
0.82815 0.5107480999999999
0.8285 0.5107480999999999
0.82885 0.5107480999999999
0.8292 0.5153717999999999
0.82955 0.5163996
0.8299 0.5163996
0.83025 0.5151391
0.8306 0.5151391
0.83095 0.5167484
0.8313 0.518505
0.83165 0.5167484
0.832 0.5076568
0.83235 0.5076568
0.8327 0.5106955
0.83305 0.5176533
0.8334 0.5123222
0.83375 0.5123222
0.8341 0.4942392
0.83445 0.4942392
0.8348 0.4942392
0.83515 0.502387
0.8355 0.4978497
0.83585 0.4978497
0.8362 0.4941997
0.83655 0.4938465999999999
0.8369 0.4891812
0.83725 0.4861149
0.8376 0.470271
0.83795 0.4688873999999999
0.8383 0.4645422999999999
0.83865 0.4632789
0.839 0.4632789
0.83935 0.4638382
0.8397 0.4677627
0.84005 0.4677627
0.8404 0.4677001
0.84075 0.4559931
0.8411 0.4469827
0.84145 0.4469827
0.8418 0.4483331
0.84215 0.4486537
0.8425 0.465059
0.84285 0.4801899
0.8432 0.4801899
0.84355 0.4791764
0.8439 0.472451
0.84425 0.472451
0.8446 0.4757991
0.84495 0.4775494
0.8453 0.483933
0.84565 0.4893206
0.846 0.4921639
0.84635 0.4970420999999999
0.8467 0.4970420999999999
0.84705 0.4968647
0.8474 0.4961655
0.84775 0.4961012999999999
0.8481 0.4961655
0.84845 0.4931057
0.8488 0.4985967
0.84915 0.5010223
0.8495 0.5010223
0.84985 0.5005503
0.8502 0.495318
0.85055 0.4859359
0.8509 0.4859359
0.85125 0.4859359
0.8516 0.4887799
0.85195 0.4884630999999999
0.8523 0.4884630999999999
0.85265 0.4799640999999999
0.853 0.4718920999999999
0.85335 0.4707752999999999
0.8537 0.467948
0.85405 0.4632214
0.8544 0.454426
0.85475 0.448418
0.8551 0.4428389
0.85545 0.4295367
0.8558 0.4295367
0.85615 0.4285239999999999
0.8565 0.4285239999999999
0.85685 0.4156014
0.8572 0.4014109
0.85755 0.3879172
0.8579 0.347867
0.85825 0.347867
0.8586 0.354976
0.85895 0.354976
0.8593 0.3473926
0.85965 0.3470692
0.86 0.3334684
0.86035 0.3174677
0.8607 0.3056178
0.86105 0.288525
0.8614 0.2789922
0.86175 0.2641156
0.8621 0.2606101
0.86245 0.2606101
0.8628 0.2544597
0.86315 0.2564355
0.8635 0.2526463
0.86385 0.2526463
0.8642 0.2348516
0.86455 0.213182
0.8649 0.2348516
0.86525 0.2578635
0.8656 0.2614775
0.86595 0.2724112999999999
0.8663 0.2886388
0.86665 0.2886388
0.867 0.2482682
0.86735 0.2482682
0.8677 0.2531320999999999
0.86805 0.3129974
0.8684 0.3190502
0.86875 0.336918
0.8691 0.3443282
0.86945 0.3525959
0.8698 0.3525959
0.87015 0.3511178
0.8705 0.3498245
0.87085 0.3261795
0.8712 0.3245827
0.87155 0.3261795
0.8719 0.3266998
0.87225 0.3829281
0.8726 0.32887
0.87295 0.32887
0.8733 0.32887
0.87365 0.3589932
0.874 0.3890482
0.87435 0.3890482
0.8747 0.3890482
0.87505 0.3880111
0.8754 0.4009575999999999
0.87575 0.3755889
0.8761 0.3809823
0.87645 0.3760974
0.8768 0.3760974
0.87715 0.367113
0.8775 0.2910003
0.87785 0.2910003
0.8782 0.2813040999999999
0.87855 0.2813040999999999
0.8789 0.356755
0.87925 0.356755
0.8796 0.2258961
0.87995 0.1329911
0.8803 0.1889432
0.88065 0.1466061
0.881 0.1466061
0.88135 0.1387356
0.8817 0.1189678
0.88205 0.0670986
0.8824 0.0315849
0.88275 0.0285762
0.8831 0.0285762
0.88345 0.0285762
0.8838 0.0289119
0.88415 0.0303687999999999
0.8845 0.0453799
0.88485 0.0597309999999999
0.8852 0.0621374
0.88555 0.0597309999999999
0.8859 0.0583505999999999
0.88625 0.0398671
0.8866 0.0142346
0.88695 0.0115717
0.8873 0.0113081
0.88765 0.0086023
0.888 0.0113081
0.88835 0.0166259
0.8887 0.0245807
0.88905 0.0166259
0.8894 0.0303512999999999
0.88975 0.0271897999999999
0.8901 0.031654
0.89045 0.0271897999999999
0.8908 0.031654
0.89115 0.0295933
0.8915 0.0346094
0.89185 0.044712
0.8922 0.044712
0.89255 0.0439346
0.8929 0.0430445999999999
0.89325 0.0430445999999999
0.8936 0.0367183
0.89395 0.0351499
0.8943 0.0317034
0.89465 0.0300166
0.895 0.0300007
0.89535 0.0197444999999999
0.8957 0.0300007
0.89605 0.0411695999999999
0.8964 0.0518106999999999
0.89675 0.0677161999999999
0.8971 0.0677161999999999
0.89745 0.083637
0.8978 0.073999
0.89815 0.083637
0.8985 0.073999
0.89885 0.0929961
0.8992 0.0700944
0.89955 0.0700944
0.8999 0.0700944
0.90025 0.12521
0.9006 0.1320282
0.90095 0.1410486
0.9013 0.1542054
0.90165 0.1798193
0.902 0.1798193
0.90235 0.1703974999999999
0.9027 0.1703974999999999
0.90305 0.2197444
0.9034 0.2338832
0.90375 0.2197444
0.9041 0.2583516
0.90445 0.2839826
0.9048 0.296467
0.90515 0.296467
0.9055 0.3199899
0.90585 0.3604177
0.9062 0.3604177
0.90655 0.3309085
0.9069 0.3309085
0.90725 0.3381107
0.9076 0.3381107
0.90795 0.369296
0.9083 0.3225972
0.90865 0.369296
0.909 0.3371969
0.90935 0.3371969
0.9097 0.3156962
0.91005 0.3156962
0.9104 0.3011497
0.91075 0.3867039
0.9111 0.3867039
0.91145 0.4120643
0.9118 0.4120643
0.91215 0.4024731
0.9125 0.3892077
0.91285 0.3892077
0.9132 0.3892077
0.91355 0.3308616
0.9139 0.4096553
0.91425 0.4138715999999999
0.9146 0.430908
0.91495 0.4238415
0.9153 0.4238415
0.91565 0.4049979
0.916 0.400609
0.91635 0.400609
0.9167 0.4112845
0.91705 0.4164202999999999
0.9174 0.4337662
0.91775 0.4337662
0.9181 0.4337662
0.91845 0.4384095999999999
0.9188 0.4384095999999999
0.91915 0.4249436
0.9195 0.4097139
0.91985 0.4097139
0.9202 0.4097139
0.92055 0.4146582
0.9209 0.4372938
0.92125 0.4146582
0.9216 0.3926269
0.92195 0.3926269
0.9223 0.3110597
0.92265 0.3963453
0.923 0.4368657
0.92335 0.4368657
0.9237 0.4176712
0.92405 0.4176712
0.9244 0.4176712
0.92475 0.4017292
0.9251 0.3898279
0.92545 0.4017292
0.9258 0.4096996
0.92615 0.4096996
0.9265 0.4096996
0.92685 0.210213
0.9272 0.4120537999999999
0.92755 0.4120537999999999
0.9279 0.4120537999999999
0.92825 0.4126876
0.9286 0.3961649
0.92895 0.4126876
0.9293 0.4334085
0.92965 0.4334085
0.93 0.4126008
0.93035 0.3355146
0.9307 0.2767705
0.93105 0.2700616
0.9314 0.2700616
0.93175 0.2700616
0.9321 0.3658297
0.93245 0.3642937
0.9328 0.3658297
0.93315 0.4065034999999999
0.9335 0.4065034999999999
0.93385 0.3157328
0.9342 0.3157328
0.93455 0.3030424
0.9349 0.3327947
0.93525 0.3030424
0.9356 0.4269425
0.93595 0.3693767
0.9363 0.4261220999999999
0.93665 0.4036116
0.937 0.4036116
0.93735 0.4036116
0.9377 0.3720558
0.93805 0.3239478
0.9384 0.3239478
0.93875 0.3546311
0.9391 0.4023155
0.93945 0.4170845
0.9398 0.4170845
0.94015 0.4289645
0.9405 0.3384612
0.94085 0.4387844
0.9412 0.4272576
0.94155 0.4542537999999999
0.9419 0.4585674
0.94225 0.4617083999999999
0.9426 0.4617083999999999
0.94295 0.3784750999999999
0.9433 0.3784750999999999
0.94365 0.400593
0.944 0.400593
0.94435 0.400593
0.9447 0.4096440999999999
0.94505 0.4200755
0.9454 0.4200755
0.94575 0.4200755
0.9461 0.4369898
0.94645 0.4369898
0.9468 0.4155282
0.94715 0.37454
0.9475 0.37454
0.94785 0.3982919
0.9482 0.4390947
0.94855 0.4467007999999999
0.9489 0.4390947
0.94925 0.4239930999999999
0.9496 0.4195447
0.94995 0.4154805
0.9503 0.4195447
0.95065 0.4570712999999999
0.951 0.4570712999999999
0.95135 0.4311630999999999
0.9517 0.4311630999999999
0.95205 0.4362067
0.9524 0.4362067
0.95275 0.4244661
0.9531 0.4244661
0.95345 0.4315656
0.9538 0.4594772
0.95415 0.4613858
0.9545 0.4613858
0.95485 0.4613858
0.9552 0.4374212999999999
0.95555 0.4485008
0.9559 0.4485008
0.95625 0.4485008
0.9566 0.4447018
0.95695 0.4257007
0.9573 0.4257007
0.95765 0.4519515999999999
0.958 0.4519515999999999
0.95835 0.4519515999999999
0.9587 0.4478005
0.95905 0.4478005
0.9594 0.4145251
0.95975 0.4145251
0.9601 0.4293595
0.96045 0.4293595
0.9608 0.4216268
0.96115 0.4216268
0.9615 0.4216268
0.96185 0.4073193
0.9622 0.395597
0.96255 0.3591054999999999
0.9629 0.3591054999999999
0.96325 0.3414213
0.9636 0.3416809
0.96395 0.3414213
0.9643 0.3416809
0.96465 0.3389625999999999
0.965 0.3346445
0.96535 0.327813
0.9657 0.3213588
0.96605 0.309886
0.9664 0.3033608
0.96675 0.3033608
0.9671 0.2907009
0.96745 0.2989348
0.9678 0.2989348
0.96815 0.3173248
0.9685 0.3173248
0.96885 0.3106231
0.9692 0.3106231
0.96955 0.2920026
0.9699 0.2815732999999999
0.97025 0.2509879
0.9706 0.2219292
0.97095 0.2157186
0.9713 0.2219292
0.97165 0.2440767
0.972 0.2583462
0.97235 0.2866177
0.9727 0.2876249
0.97305 0.2876249
0.9734 0.2805848
0.97375 0.277478
0.9741 0.2664170999999999
0.97445 0.277478
0.9748 0.2855837
0.97515 0.2855837
0.9755 0.2896466
0.97585 0.3085841
0.9762 0.3085841
0.97655 0.2734506
0.9769 0.2719472
0.97725 0.2719472
0.9776 0.2591545
0.97795 0.2591545
0.9783 0.2184641
0.97865 0.2184641
0.979 0.2520495
0.97935 0.2586564
0.9797 0.2586564
0.98005 0.172985
0.9804 0.1726111
0.98075 0.1726111
0.9811 0.1726111
0.98145 0.1752703
0.9818 0.1810716
0.98215 0.1752703
0.9825 0.17292
0.98285 0.0523229
0.9832 0.1344697
0.98355 0.1344697
0.9839 0.1344697
0.98425 0.1460346
0.9846 0.1295175
0.98495 0.1460346
0.9853 0.0365606999999999
0.98565 0.087507
0.986 0.0643207
0.98635 0.087507
0.9867 0.0823313
0.98705 0.0823313
0.9874 0.080223
0.98775 0.0688057
0.9881 0.0688057
0.98845 0.0053126
0.9888 0.0053126
0.98915 0.0140085
0.9895 0.0693018999999999
0.98985 0.0339918
0.9902 0.0706661
0.99055 0.0339918
0.9909 0.0685987
0.99125 0.0685987
0.9916 0.0761178
0.99195 0.0761178
0.9923 0.083761
0.99265 0.0905561
0.993 0.1098251
0.99335 0.1098251
0.9937 0.0638225
0.99405 0.0638225
0.9944 0.09517
0.99475 0.09517
0.9951 0.0525055
0.99545 0.0525055
0.9958 0.0126895
0.99615 0.0930358
0.9965 0.0126895
0.99685 0.0758166
0.9972 0.0758166
0.99755 0.0758166
0.9979 0.0948796
0.99825 0.073989
0.9986 0.0785873999999999
0.99895 0.0727048
0.9993 0.0577976
