0.3 0.1282666
0.30035 0.128568
0.3007 0.1286572
0.30105 0.1286572
0.3014 0.1286028
0.30175 0.1284906999999999
0.3021 0.1283012
0.30245 0.1279488
0.3028 0.1272109
0.30315 0.1250605
0.3035 0.1250605
0.30385 0.1252782
0.3042 0.1270407
0.30455 0.1275978
0.3049 0.1278003999999999
0.30525 0.1278708
0.3056 0.1278708
0.30595 0.1278359
0.3063 0.1277752999999999
0.30665 0.1276955
0.307 0.1275994999999999
0.30735 0.1274856
0.3077 0.1273496
0.30805 0.127182
0.3084 0.1269635
0.30875 0.126662
0.3091 0.1261712
0.30945 0.1252319999999999
0.3098 0.1229346
0.31015 0.1217775
0.3105 0.1217775
0.31085 0.1245588
0.3112 0.1254501
0.31155 0.1257881
0.3119 0.1259062
0.31225 0.1259062
0.3126 0.1258792
0.31295 0.1258048
0.3133 0.1257088999999999
0.31365 0.1255991
0.314 0.1254766
0.31435 0.1253464
0.3147 0.1252064
0.31505 0.1250609
0.3154 0.1249086
0.31575 0.1247496
0.3161 0.1245837
0.31645 0.1244107999999999
0.3168 0.1242303
0.31715 0.1240416999999999
0.3175 0.123844
0.31785 0.1236363
0.3182 0.1234207
0.31855 0.1231868999999999
0.3189 0.1229398999999999
0.31925 0.122664
0.3196 0.1223597999999999
0.31995 0.1220027
0.3203 0.121552
0.32065 0.1209082
0.321 0.1197801999999999
0.32135 0.1170992
0.3217 0.1159133
0.32205 0.1159133
0.3224 0.1186486
0.32275 0.1192753999999999
0.3231 0.1192753999999999
0.32345 0.1191259
0.3238 0.1188202
0.32415 0.1184527
0.3245 0.1180349
0.32485 0.1175611
0.3252 0.1170553
0.32555 0.1165061
0.3259 0.1159105
0.32625 0.1152642
0.3266 0.1145607999999999
0.32695 0.1138129
0.3273 0.1129688999999999
0.32765 0.112033
0.328 0.1110157
0.32835 0.1098368
0.3287 0.1085261999999999
0.32905 0.1069714
0.3294 0.1048533
0.32975 0.1017525
0.3301 0.098092
0.33045 0.098092
0.3308 0.1016802
0.33115 0.1044356
0.3315 0.1062089
0.33185 0.107523
0.3322 0.1086101
0.33255 0.1095157
0.3329 0.1103367
0.33325 0.1110343
0.3336 0.1116778
0.33395 0.1122329
0.3343 0.1127529999999999
0.33465 0.1132065
0.335 0.1136192999999999
0.33535 0.1139956999999999
0.3357 0.114339
0.33605 0.1146648999999999
0.3364 0.1149373
0.33675 0.1151968
0.3371 0.1154323
0.33745 0.1156451
0.3378 0.1158367999999999
0.33815 0.1160002
0.3385 0.1161533
0.33885 0.1162801999999999
0.3392 0.1163958999999999
0.33955 0.1164862
0.3399 0.1165616999999999
0.34025 0.1166095
0.3406 0.1166228
0.34095 0.1166228
0.3413 0.1165742
0.34165 0.1164728
0.342 0.1162979
0.34235 0.1160165
0.3427 0.1155738
0.34305 0.1148757
0.3434 0.113795
0.34375 0.1119541999999999
0.3441 0.1087767
0.34445 0.1030387999999999
0.3448 0.1030387999999999
0.34515 0.1073174
0.3455 0.1108127999999999
0.34585 0.1129283
0.3462 0.1141894
0.34655 0.1150202999999999
0.3469 0.1155966
0.34725 0.1160137
0.3476 0.1163258
0.34795 0.1165655
0.3483 0.1167536
0.34865 0.1169039
0.349 0.1170255
0.34935 0.1171188999999999
0.3497 0.1172016
0.35005 0.1172702
0.3504 0.1173225
0.35075 0.1173704999999999
0.3511 0.1174061999999999
0.35145 0.1174355
0.3518 0.1174633
0.35215 0.1174822
0.3525 0.117497
0.35285 0.1175079
0.3532 0.1175156
0.35355 0.1175203
0.3539 0.1175218
0.35425 0.1175218
0.3546 0.1175188999999999
0.35495 0.1175138999999999
0.3553 0.117507
0.35565 0.1174946
0.356 0.1174783
0.35635 0.1174704999999999
0.3567 0.1174568
0.35705 0.1174219
0.3574 0.1173976999999999
0.35775 0.1173976999999999
0.3581 0.1173702
0.35845 0.1173543
0.3588 0.1173280999999999
0.35915 0.1173097999999999
0.3595 0.1172184
0.35985 0.1172158999999999
0.3602 0.1171664
0.36055 0.1171575
0.3609 0.1171344
0.36125 0.1171344
0.3616 0.1171014
0.36195 0.1170747
0.3623 0.1170228
0.36265 0.1170023
0.363 0.1169666999999999
0.36335 0.1169267
0.3637 0.1168891
0.36405 0.1168270999999999
0.3644 0.1168094
0.36475 0.1167672
0.3651 0.1167241
0.36545 0.1166776
0.3658 0.1166278
0.36615 0.116586
0.3665 0.1165426999999999
0.36685 0.1164923
0.3672 0.1164426
0.36755 0.1163948999999999
0.3679 0.1163412
0.36825 0.1162895
0.3686 0.1162248
0.36895 0.1161847999999999
0.3693 0.1161237
0.36965 0.1160715
0.37 0.1159946999999999
0.37035 0.1159501999999999
0.3707 0.1158738
0.37105 0.115821
0.3714 0.1157716999999999
0.37175 0.1156989
0.3721 0.1156234999999999
0.37245 0.1155751999999999
0.3728 0.1154906
0.37315 0.1154416
0.3735 0.1153357
0.37385 0.1152943
0.3742 0.1152117
0.37455 0.1151248
0.3749 0.115002
0.37525 0.1149553999999999
0.3756 0.1148635
0.37595 0.1148433
0.3763 0.1146713999999999
0.37665 0.1145778
0.377 0.1145778
0.37735 0.1145022
0.3777 0.1143964
0.37805 0.1142894
0.3784 0.1142285
0.37875 0.1139969
0.3791 0.1139394
0.37945 0.1137571999999999
0.3798 0.1137045
0.38015 0.1137045
0.3805 0.1135644
0.38085 0.1135114
0.3812 0.1134109
0.38155 0.113294
0.3819 0.1131142
0.38225 0.1130056
0.3826 0.1129329999999999
0.38295 0.1128249
0.3833 0.112648
0.38365 0.1125728
0.384 0.1124111
0.38435 0.1123093
0.3847 0.1121626
0.38505 0.1120278
0.3854 0.1118781
0.38575 0.1117240999999999
0.3861 0.111574
0.38645 0.1114083999999999
0.3868 0.1112436
0.38715 0.1110693
0.3875 0.1108871
0.38785 0.1107156999999999
0.3882 0.1105446
0.38855 0.1103474999999999
0.3889 0.1101171
0.38925 0.1098778
0.3896 0.1097333
0.38995 0.1094997
0.3903 0.1092841
0.39065 0.1090859999999999
0.391 0.1088438
0.39135 0.1086148999999999
0.3917 0.1083355
0.39205 0.1080807
0.3924 0.1078363
0.39275 0.1075374
0.3931 0.1072654
0.39345 0.1069903
0.3938 0.1066853
0.39415 0.1063291
0.3945 0.1060473
0.39485 0.1056664
0.3952 0.1053651
0.39555 0.1050055
0.3959 0.1045483
0.39625 0.1041567
0.3966 0.1037902
0.39695 0.1034088
0.3973 0.1029552
0.39765 0.1024795
0.398 0.1019282
0.39835 0.1015388
0.3987 0.1008698
0.39905 0.1003426
0.3994 0.0998391
0.39975 0.0991738
0.4001 0.0984616
0.40045 0.0976672
0.4008 0.0967558
0.40115 0.0952812
0.4015 0.0947568999999999
0.40185 0.0935363999999999
0.4022 0.0919786
0.40255 0.0906394
0.4029 0.0888701
0.40325 0.0868785
0.4036 0.0844279
0.40395 0.0816615
0.4043 0.0744388
0.40465 0.0744388
0.405 0.0799633
0.40535 0.083262
0.4057 0.0854866
0.40605 0.0873371
0.4064 0.0889825
0.40675 0.090334
0.4071 0.0915154
0.40745 0.0925559
0.4078 0.093457
0.40815 0.0942383999999999
0.4085 0.0942383999999999
0.40885 0.0949163
0.4092 0.09605
0.40955 0.0965323999999999
0.4099 0.0969414
0.41025 0.0973445
0.4106 0.0976799999999999
0.41095 0.0979966999999999
0.4113 0.0982766
0.41165 0.0985743
0.412 0.0987768
0.41235 0.0990568
0.4127 0.0992576
0.41305 0.0992576
0.4134 0.099485
0.41375 0.099734
0.4141 0.100037
0.41445 0.1001973999999999
0.4148 0.1002906
0.41515 0.1004359
0.4155 0.1004359
0.41585 0.0995296
0.4162 0.0995296
0.41655 0.1009193
0.4169 0.1010708
0.41725 0.1010778
0.4176 0.1012203
0.41795 0.1012597
0.4183 0.1012647
0.41865 0.1013559
0.419 0.1015065
0.41935 0.1015793
0.4197 0.1015065
0.42005 0.1011299
0.4204 0.1011299
0.42075 0.1016531
0.4211 0.101876
0.42145 0.1016937
0.4218 0.1016937
0.42215 0.1016937
0.4225 0.1017375
0.42285 0.1020412
0.4232 0.1020412
0.42355 0.101905
0.4239 0.101905
0.42425 0.1019875
0.4246 0.1020884
0.42495 0.1021786
0.4253 0.1022653
0.42565 0.1022653
0.426 0.1018731
0.42635 0.1018731
0.4267 0.1020986
0.42705 0.1023052
0.4274 0.1023763
0.42775 0.1023763
0.4281 0.1023367
0.42845 0.1021503999999999
0.4288 0.1021408
0.42915 0.1013932
0.4295 0.1019186
0.42985 0.1019186
0.4302 0.1019186
0.43055 0.1021291999999999
0.4309 0.1016505
0.43125 0.1019029
0.4316 0.101738
0.43195 0.1019029
0.4323 0.1021495
0.43265 0.1021495
0.433 0.1020869
0.43335 0.1020822
0.4337 0.1019432
0.43405 0.1019287
0.4344 0.1019157
0.43475 0.1019127
0.4351 0.1019127
0.43545 0.1018821
0.4358 0.1017796
0.43615 0.101758
0.4365 0.1016107
0.43685 0.101479
0.4372 0.1015338
0.43755 0.1015126
0.4379 0.1015126
0.43825 0.1014811
0.4386 0.10147
0.43895 0.1014095
0.4393 0.1013671
0.43965 0.1010633
0.44 0.1009818
0.44035 0.1006251
0.4407 0.1006097
0.44105 0.1006098
0.4414 0.1006097
0.44175 0.1004705
0.4421 0.1004705
0.44245 0.1004705
0.4428 0.1007131999999999
0.44315 0.100654
0.4435 0.100654
0.44385 0.0999142
0.4442 0.0999142
0.44455 0.1003708
0.4449 0.1003708
0.44525 0.0998148999999999
0.4456 0.0998148999999999
0.44595 0.0999546
0.4463 0.1000334
0.44665 0.1000334
0.447 0.0999635
0.44735 0.099856
0.4477 0.0998396
0.44805 0.0998396
0.4484 0.0993457
0.44875 0.0997901
0.4491 0.0996015
0.44945 0.0996015
0.4498 0.0995046
0.45015 0.09947
0.4505 0.099415
0.45085 0.0991165
0.4512 0.0990235
0.45155 0.0989799
0.4519 0.0988711999999999
0.45225 0.0989126999999999
0.4526 0.0988699
0.45295 0.0988699
0.4533 0.098787
0.45365 0.0986406
0.454 0.0986406
0.45435 0.0983281
0.4547 0.0983107
0.45505 0.0983107
0.4554 0.0982893999999999
0.45575 0.0979184999999999
0.4561 0.0975886
0.45645 0.0979184999999999
0.4568 0.0974505
0.45715 0.0977024
0.4575 0.0975887
0.45785 0.0975887
0.4582 0.0974519
0.45855 0.0974231
0.4589 0.0973273
0.45925 0.0970154999999999
0.4596 0.0967826
0.45995 0.0969015
0.4603 0.0969015
0.46065 0.0969015
0.461 0.0968713
0.46135 0.0967944
0.4617 0.0967248999999999
0.46205 0.0965669
0.4624 0.0964437
0.46275 0.0964386999999999
0.4631 0.0963536999999999
0.46345 0.0961448
0.4638 0.0959898999999999
0.46415 0.0959808
0.4645 0.0958118999999999
0.46485 0.0957821
0.4652 0.0953468
0.46555 0.0953468
0.4659 0.0952381
0.46625 0.0948715
0.4666 0.0947633999999999
0.46695 0.0947633999999999
0.4673 0.0946704
0.46765 0.0939
0.468 0.0936935
0.46835 0.0936935
0.4687 0.0924233
0.46905 0.0900342
0.4694 0.0924233
0.46975 0.0934466
0.4701 0.0934466
0.47045 0.0934466
0.4708 0.093107
0.47115 0.0930356
0.4715 0.0925456
0.47185 0.0923178
0.4722 0.0901684
0.47255 0.0905232
0.4729 0.0905232
0.47325 0.0920797
0.4736 0.0921581
0.47395 0.0920797
0.4743 0.0918706
0.47465 0.0912873
0.475 0.0917986
0.47535 0.0817039
0.4757 0.0917391
0.47605 0.0906116
0.4764 0.0906116
0.47675 0.0906116
0.4771 0.0899148999999999
0.47745 0.0908508
0.4778 0.0902831
0.47815 0.0904648
0.4785 0.0903274999999999
0.47885 0.0903274999999999
0.4792 0.0899707
0.47955 0.0897978
0.4799 0.0896849
0.48025 0.0894476
0.4806 0.0894117
0.48095 0.0891301
0.4813 0.0890305
0.48165 0.0884084
0.482 0.0882807999999999
0.48235 0.087994
0.4827 0.087994
0.48305 0.0875368
0.4834 0.0868026
0.48375 0.086313
0.4841 0.086313
0.48445 0.0852042
0.4848 0.0834073999999999
0.48515 0.0842936
0.4855 0.0842936
0.48585 0.0842936
0.4862 0.0844342
0.48655 0.0844342
0.4869 0.0851207
0.48725 0.0851207
0.4876 0.0835983999999999
0.48795 0.0820111999999999
0.4883 0.0835983999999999
0.48865 0.0846606999999999
0.489 0.0851907
0.48935 0.0846606999999999
0.4897 0.0848906999999999
0.49005 0.084445
0.4904 0.084445
0.49075 0.0830688
0.4911 0.0830688
0.49145 0.0830688
0.4918 0.0836517
0.49215 0.0829742
0.4925 0.0828872
0.49285 0.0805108
0.4932 0.0805108
0.49355 0.0814049
0.4939 0.0814049
0.49425 0.0814049
0.4946 0.0811036999999999
0.49495 0.0815241
0.4953 0.0810296
0.49565 0.0812738
0.496 0.0811208
0.49635 0.0811208
0.4967 0.0810369
0.49705 0.0808493999999999
0.4974 0.0804769999999999
0.49775 0.0797011
0.4981 0.0795438
0.49845 0.0790895
0.4988 0.0790895
0.49915 0.0793347
0.4995 0.0793347
0.49985 0.0788844
0.50055 0.0753876
0.5009 0.0753876
0.50125 0.0776166
0.5016 0.0776166
0.50195 0.0773329
0.5023 0.0770839
0.50265 0.0756186
0.503 0.0632033999999999
0.50335 0.0667645
0.5037 0.0667645
0.50405 0.0690029
0.5044 0.0739291
0.50475 0.0739291
0.5051 0.0751321
0.50545 0.0751437
0.5058 0.0751437
0.50615 0.0745235
0.5065 0.0736415
0.50685 0.0710816
0.5072 0.0710816
0.50755 0.07173
0.5079 0.07173
0.50825 0.07173
0.5086 0.0722075
0.50895 0.0722075
0.5093 0.0718773
0.50965 0.0717535
0.51 0.0717535
0.51035 0.0717572
0.5107 0.0717661999999999
0.51105 0.0718684999999999
0.5114 0.0717661999999999
0.51175 0.0717925
0.5121 0.0717925
0.51245 0.0726136999999999
0.5128 0.0726136999999999
0.51315 0.0711233
0.5135 0.0711233
0.51385 0.0712991
0.5142 0.0712991
0.51455 0.0711518
0.5149 0.0702113
0.51525 0.0711518
0.5156 0.0714998999999999
0.51595 0.0714998999999999
0.5163 0.0710187999999999
0.51665 0.0710013999999999
0.517 0.0710013999999999
0.51735 0.070636
0.5177 0.070621
0.51805 0.0703745
0.5184 0.0703658
0.51875 0.0703229
0.5191 0.0702825
0.51945 0.069771
0.5198 0.069771
0.52015 0.069771
0.5205 0.0696291999999999
0.52085 0.0695779
0.5212 0.0693362
0.52155 0.0692994
0.5219 0.068915
0.52225 0.0688101
0.5226 0.0686544
0.52295 0.0686019
0.5233 0.0647407
0.52365 0.0647407
0.524 0.0638572
0.52435 0.0676962
0.5247 0.0676195
0.52505 0.0676195
0.5254 0.0673747
0.52575 0.0672521
0.5261 0.0667992
0.52645 0.0666821
0.5268 0.0664276
0.52715 0.0657547
0.5275 0.0657449
0.52785 0.0657449
0.5282 0.0657148
0.52855 0.0657148
0.5289 0.0656472
0.52925 0.0649921
0.5296 0.0641803
0.52995 0.0647239
0.5303 0.0641803
0.53065 0.0637918
0.531 0.0637918
0.53135 0.0638097
0.5317 0.0638097
0.53205 0.0622595
0.5324 0.0620145
0.53275 0.0620145
0.5331 0.0623338
0.53345 0.0624365
0.5338 0.0624248
0.53415 0.0624248
0.5345 0.0621783
0.53485 0.0615906999999999
0.5352 0.0615906999999999
0.53555 0.0615906999999999
0.5359 0.061182
0.53625 0.0606768
0.5366 0.0604297
0.53695 0.0598463
0.5373 0.0598463
0.53765 0.059447
0.538 0.0592274999999999
0.53835 0.0588126
0.5387 0.0580373
0.53905 0.0577322
0.5394 0.0574910999999999
0.53975 0.0569024999999999
0.5401 0.0569024999999999
0.54045 0.0554153
0.5408 0.0542543
0.54115 0.0542543
0.5415 0.0535039
0.54185 0.0541743
0.5422 0.0529004999999999
0.54255 0.0529004999999999
0.5429 0.0519804999999999
0.54325 0.0517409
0.5436 0.0516379999999999
0.54395 0.0517409
0.5443 0.0518484
0.54465 0.0521212
0.545 0.0521976
0.54535 0.053803
0.5457 0.0535014
0.54605 0.0535014
0.5464 0.0515748
0.54675 0.0515748
0.5471 0.0515748
0.54745 0.052544
0.5478 0.0521550999999999
0.54815 0.052544
0.5485 0.0525498
0.54885 0.0525498
0.5492 0.0524679999999999
0.54955 0.0513681
0.5499 0.0503463
0.55025 0.0511216
0.5506 0.0511118
0.55095 0.0511118
0.5513 0.0509598
0.55165 0.0504897
0.552 0.0501595
0.55235 0.0501533
0.5527 0.0498749
0.55305 0.0498749
0.5534 0.049503
0.55375 0.049503
0.5541 0.0491393
0.55445 0.0483649
0.5548 0.0483649
0.55515 0.0483649
0.5555 0.0476109
0.55585 0.0482979
0.5562 0.0478479
0.55655 0.0478479
0.5569 0.046251
0.55725 0.046251
0.5576 0.0467755
0.55795 0.0469269
0.5583 0.0467755
0.55865 0.0466286
0.559 0.0465104
0.55935 0.0464307
0.5597 0.0462416
0.56005 0.0457233
0.5604 0.0457085
0.56075 0.0456778
0.5611 0.045354
0.56145 0.0452391
0.5618 0.0449433
0.56215 0.044759
0.5625 0.0445586
0.56285 0.0443577
0.5632 0.0443577
0.56355 0.0441148
0.5639 0.0438806999999999
0.56425 0.0435229
0.5646 0.0432956
0.56495 0.0432956
0.5653 0.0428408
0.56565 0.0428408
0.566 0.0428334
0.56635 0.0419653
0.5667 0.0417448
0.56705 0.0417448
0.5674 0.0416168
0.56775 0.0408269999999999
0.5681 0.0380644
0.56845 0.0380644
0.5688 0.0385138
0.56915 0.0394514
0.5695 0.0385138
0.56985 0.0324529999999999
0.5702 0.0324529999999999
0.57055 0.0399770999999999
0.5709 0.0399770999999999
0.57125 0.0390526999999999
0.5716 0.0390526999999999
0.57195 0.0392111
0.5723 0.0393655
0.57265 0.0393655
0.573 0.0386467
0.57335 0.0371228
0.5737 0.0381893
0.57405 0.0371228
0.5744 0.0371084999999999
0.57475 0.0371084999999999
0.5751 0.0345173
0.57545 0.037229
0.5758 0.0372121999999999
0.57615 0.0372121999999999
0.5765 0.0365518
0.57685 0.0345382
0.5772 0.0360736999999999
0.57755 0.0360736999999999
0.5779 0.0360736999999999
0.57825 0.0361008
0.5786 0.034964
0.57895 0.0352821
0.5793 0.0352649
0.57965 0.0352649
0.58 0.0347728
0.58035 0.0346604
0.5807 0.0332226
0.58105 0.0332226
0.5814 0.0340524
0.58175 0.0340524
0.5821 0.0338535
0.58245 0.0335574
0.5828 0.0329781
0.58315 0.0323522999999999
0.5835 0.0320690999999999
0.58385 0.0322422
0.5842 0.0322125
0.58455 0.0322125
0.5849 0.0317594
0.58525 0.0317577
0.5856 0.0317577
0.58595 0.0314671
0.5863 0.0312183
0.58665 0.0310733
0.587 0.0306794
0.58735 0.0304916
0.5877 0.0303459
0.58805 0.025028
0.5884 0.025028
0.58875 0.0219462
0.5891 0.0219462
0.58945 0.0219462
0.5898 0.016673
0.59015 0.016673
0.5905 0.0278755999999999
0.59085 0.0278755999999999
0.5912 0.0266009
0.59155 0.0266009
0.5919 0.0292365
0.59225 0.0292365
0.5926 0.0292365
0.59295 0.0299382
0.5933 0.0299382
0.59365 0.0297091
0.594 0.0234457
0.59435 0.0218409
0.5947 0.0218409
0.59505 0.0289175999999999
0.5954 0.0289175999999999
0.59575 0.0271524
0.5961 0.0271524
0.59645 0.0296034
0.5968 0.0302221
0.59715 0.0302221
0.5975 0.0302221
0.59785 0.0297199
0.5982 0.0297199
0.59855 0.0277482
0.5989 0.029774
0.59925 0.0277482
0.5996 0.029774
0.59995 0.0300276
0.6003 0.0300276
0.60065 0.0180995
0.601 0.0180995
0.60135 0.0307294
0.6017 0.0316831
0.60205 0.0316831
0.6024 0.0324036
0.60275 0.0324036
0.6031 0.0325351
0.60345 0.0325351
0.6038 0.0325351
0.60415 0.0313855
0.6045 0.0313855
0.60485 0.0278305999999999
0.6052 0.0340385
0.60555 0.0329979
0.6059 0.0329979
0.60625 0.0329979
0.6066 0.0328841
0.60695 0.0328841
0.6073 0.032746
0.60765 0.032746
0.608 0.0324452999999999
0.60835 0.0328175
0.6087 0.0324452999999999
0.60905 0.0332046
0.6094 0.0330421
0.60975 0.03321
0.6101 0.0334544
0.61045 0.0334544
0.6108 0.0334736
0.61115 0.0332288
0.6115 0.0332288
0.61185 0.0327653
0.6122 0.0327653
0.61255 0.0322051
0.6129 0.031969
0.61325 0.031969
0.6136 0.031876
0.61395 0.0311322
0.6143 0.0307734
0.61465 0.0307734
0.615 0.0312002
0.61535 0.0312002
0.6157 0.030376
0.61605 0.0301570999999999
0.6164 0.0300348
0.61675 0.0297255
0.6171 0.0297255
0.61745 0.0293993
0.6178 0.0278991
0.61815 0.0274223
0.6185 0.0274223
0.61885 0.0274223
0.6192 0.0267975
0.61955 0.0267975
0.6199 0.0269698
0.62025 0.0274642
0.6206 0.028033
0.62095 0.0280488
0.6213 0.0281687
0.62165 0.0287045
0.622 0.0293053
0.62235 0.0299284
0.6227 0.0304244
0.62305 0.0307461
0.6234 0.0310707
0.62375 0.0313271
0.6241 0.032223
0.62445 0.032223
0.6248 0.0326341999999999
0.62515 0.0331578
0.6255 0.0331578
0.62585 0.0333183
0.6262 0.0337521999999999
0.62655 0.0337521999999999
0.6269 0.0337521999999999
0.62725 0.0340219
0.6276 0.0340219
0.62795 0.034207
0.6283 0.033819
0.62865 0.0342673
0.629 0.0343286
0.62935 0.0343361
0.6297 0.0344093
0.63005 0.0344689
0.6304 0.0344689
0.63075 0.0342594
0.6311 0.0335013
0.63145 0.0315051
0.6318 0.0314194999999999
0.63215 0.0314194999999999
0.6325 0.0336056999999999
0.63285 0.0339034
0.6332 0.0339034
0.63355 0.0336345
0.6339 0.0336345
0.63425 0.0341065
0.6346 0.0341065
0.63495 0.0340748
0.6353 0.0340748
0.63565 0.0340748
0.636 0.0340209999999999
0.63635 0.0340209999999999
0.6367 0.0337084
0.63705 0.0337084
0.6374 0.0337084
0.63775 0.0307128
0.6381 0.0307128
0.63845 0.0307128
0.6388 0.0299227
0.63915 0.0325403
0.6395 0.0326262
0.63985 0.0326697
0.6402 0.0340612
0.64055 0.0340612
0.6409 0.033539
0.64125 0.0333481
0.6416 0.0320456999999999
0.64195 0.0325178
0.6423 0.0325178
0.64265 0.0334723
0.643 0.0334723
0.64335 0.0334723
0.6437 0.0304432
0.64405 0.0293144999999999
0.6444 0.0293144999999999
0.64475 0.0317749
0.6451 0.0317749
0.64545 0.0317774
0.6458 0.0133616
0.64615 0.008779
0.6465 0.008779
0.64685 0.0245617
0.6472 0.02776
0.64755 0.02776
0.6479 0.0265406999999999
0.64825 0.0265406999999999
0.6486 0.0281190999999999
0.64895 0.0296019
0.6493 0.0308582
0.64965 0.0325904
0.65 0.0325904
0.65035 0.0325904
0.6507 0.0294752
0.65105 0.0249062
0.6514 0.0249062
0.65175 0.0249062
0.6521 0.0260959
0.65245 0.0298989
0.6528 0.0298989
0.65315 0.030945
0.6535 0.0242710999999999
0.65385 0.0318387
0.6542 0.0258819
0.65455 0.028432
0.6549 0.028432
0.65525 0.028432
0.6556 0.0262674
0.65595 0.0196352
0.6563 0.0196352
0.65665 0.0288683
0.657 0.0288683
0.65735 0.0244325
0.6577 0.0244325
0.65805 0.0296250999999999
0.6584 0.0296250999999999
0.65875 0.0306844
0.6591 0.0310254
0.65945 0.0310254
0.6598 0.0268895999999999
0.66015 0.0268895999999999
0.6605 0.0313434
0.66085 0.0313434
0.6612 0.0273395999999999
0.66155 0.0273395999999999
0.6619 0.0295204
0.66225 0.0301054
0.6626 0.0301054
0.66295 0.0301054
0.6633 0.0297202999999999
0.66365 0.0301609
0.664 0.0297202999999999
0.66435 0.0301933
0.6647 0.0310849
0.66505 0.0310849
0.6654 0.0309119
0.66575 0.0304691
0.6661 0.0285711
0.66645 0.0297984
0.6668 0.0297984
0.66715 0.0301469
0.6675 0.0301469
0.66785 0.0301469
0.6682 0.0292429
0.66855 0.0273195
0.6689 0.0273195
0.66925 0.0298613
0.6696 0.030385
0.66995 0.0298613
0.6703 0.0305031999999999
0.67065 0.0313708
0.671 0.0313708
0.67135 0.0313708
0.6717 0.0313357
0.67205 0.0313357
0.6724 0.0312618
0.67275 0.0312618
0.6731 0.0312931
0.67345 0.0316245
0.6738 0.0320685999999999
0.67415 0.0318146
0.6745 0.0318146
0.67485 0.0318146
0.6752 0.0318745
0.67555 0.0318745
0.6759 0.0311455
0.67625 0.0311455
0.6766 0.0315473
0.67695 0.0319785
0.6773 0.0316805999999999
0.67765 0.0319845
0.678 0.0316805999999999
0.67835 0.0317611
0.6787 0.0307204
0.67905 0.0307204
0.6794 0.0307204
0.67975 0.0312906
0.6801 0.0312906
0.68045 0.0312194
0.6808 0.0294065999999999
0.68115 0.0294065999999999
0.6815 0.0294065999999999
0.68185 0.0304022999999999
0.6822 0.0297096
0.68255 0.0297096
0.6829 0.0297096
0.68325 0.0288594
0.6836 0.0294128
0.68395 0.0288594
0.6843 0.0282064
0.68465 0.0282064
0.685 0.0285995
0.68535 0.0291851
0.6857 0.0298239
0.68605 0.0291851
0.6864 0.0287674
0.68675 0.0270494
0.6871 0.0270494
0.68745 0.0278525
0.6878 0.0286065999999999
0.68815 0.0278525
0.6885 0.0283500999999999
0.68885 0.0273594
0.6892 0.0283500999999999
0.68955 0.0225408
0.6899 0.0273596
0.69025 0.0273596
0.6906 0.0273630999999999
0.69095 0.0273630999999999
0.6913 0.023631
0.69165 0.0219077
0.692 0.0134222999999999
0.69235 0.0134222999999999
0.6927 0.0172165
0.69305 0.0172165
0.6934 0.0204681
0.69375 0.0195486
0.6941 0.0195486
0.69445 0.0195486
0.6948 0.0230727999999999
0.69515 0.0230727999999999
0.6955 0.0204472999999999
0.69585 0.0204472999999999
0.6962 0.0186975
0.69655 0.0186975
0.6969 0.0186975
0.69725 0.0219395
0.6976 0.0219395
0.69795 0.0229555
0.6983 0.0229555
0.69865 0.0229555
0.699 0.0229669999999999
0.69935 0.0229669999999999
0.6997 0.0229669999999999
0.70005 0.0152664
0.7004 0.0148653
0.70075 0.0148653
0.7011 0.0166190999999999
0.70145 0.0166190999999999
0.7018 0.0166190999999999
0.70215 0.0172128
0.7025 0.0172128
0.70285 0.0125198
0.7032 0.0125198
0.70355 0.0132178
0.7039 0.0187785999999999
0.70425 0.015767
0.7046 0.0164071
0.70495 0.015767
0.7053 0.0164071
0.70565 0.0211819
0.706 0.0211819
0.70635 0.0202132999999999
0.7067 0.0202132999999999
0.70705 0.0202132999999999
0.7074 0.0166692999999999
0.70775 0.0131644
0.7081 0.0166692999999999
0.70845 0.0131644
0.7088 0.0118357999999999
0.70915 0.0102375
0.7095 0.0118357999999999
0.70985 0.0156539
0.7102 0.0203374
0.71055 0.0203374
0.7109 0.0078518
0.71125 0.0078518
0.7116 0.0117685
0.71195 0.0182965
0.7123 0.0182965
0.71265 0.0136216
0.713 0.0136216
0.71335 0.0132655
0.7137 0.0150287
0.71405 0.0132655
0.7144 0.0114075
0.71475 0.0114075
0.7151 0.0145747999999999
0.71545 0.0145747999999999
0.7158 0.0175199
0.71615 0.0103947
0.7165 0.0029527
0.71685 0.0029527
0.7172 0.0043063999999999
0.71755 0.0043063999999999
0.7179 0.0043063999999999
0.71825 0.0035228
0.7186 0.0018111
0.71895 0.0018111
0.7193 0.0020578
0.71965 0.0022635
0.72 0.0030816999999999
0.72035 0.0056093
0.7207 0.0075988
0.72105 0.0075988
0.7214 0.0082122
0.72175 0.0036784999999999
0.7221 0.0099086
0.72245 0.0078023
0.7228 0.0078023
0.72315 0.0035417
0.7235 0.0025987
0.72385 0.0025987
0.7242 0.0025987
0.72455 0.0042751
0.7249 0.0042751
0.72525 0.0042751
0.7256 0.0038580999999999
0.72595 0.0028584
0.7263 0.0021155
0.72665 0.0028584
0.727 0.0013845
0.72735 0.0053476
0.7277 0.0045096
0.72805 0.0053476
0.7284 0.0063666
0.72875 0.0071951
0.7291 0.0071951
0.72945 0.0054068999999999
0.7298 0.0045153999999999
0.73015 0.0050943
0.7305 0.0050943
0.73085 0.0050943
0.7312 0.0069071
0.73155 0.0043871
0.7319 0.0069071
0.73225 0.0047123
0.7326 0.0047123
0.73295 0.003389
0.7333 0.003389
0.73365 0.0107001
0.734 0.0107001
0.73435 0.0076435
0.7347 0.0076435
0.73505 0.0115236
0.7354 0.0133269
0.73575 0.0133269
0.7361 0.0103132
0.73645 0.0083784999999999
0.7368 0.0083784999999999
0.73715 0.0083784999999999
0.7375 0.0059046
0.73785 0.0136438
0.7382 0.0102319
0.73855 0.0102319
0.7389 0.0070244
0.73925 0.0070244
0.7396 0.0073095
0.73995 0.0073095
0.7403 0.0073095
0.74065 0.013703
0.741 0.013703
0.74135 0.013703
0.7417 0.0139645
0.74205 0.0144927
0.7424 0.0139645
0.74275 0.0137013
0.7431 0.0137013
0.74345 0.01648
0.7438 0.01648
0.74415 0.0145052
0.7445 0.0145052
0.74485 0.0172945
0.7452 0.0172945
0.74555 0.0172945
0.7459 0.0103467
0.74625 0.0147429
0.7466 0.0147429
0.74695 0.0147429
0.7473 0.0151554
0.74765 0.0151554
0.748 0.0161265
0.74835 0.0170560999999999
0.7487 0.0161265
0.74905 0.014784
0.7494 0.014784
0.74975 0.0164261
0.7501 0.0172209
0.75045 0.0164261
0.7508 0.0171518
0.75115 0.0159206
0.7515 0.0167423
0.75185 0.0159921
0.7522 0.0159921
0.75255 0.0147994
0.7529 0.0147994
0.75325 0.0147994
0.7536 0.0155737
0.75395 0.0161641
0.7543 0.0161974
0.75465 0.0167745999999999
0.755 0.0161974
0.75535 0.0164215
0.7557 0.0163977
0.75605 0.0163977
0.7564 0.0162034
0.75675 0.0162034
0.7571 0.0149846
0.75745 0.0140214
0.7578 0.0140214
0.75815 0.0152207
0.7585 0.0153937
0.75885 0.0153937
0.7592 0.0152169999999999
0.75955 0.0151182
0.7599 0.0148894
0.76025 0.0148894
0.7606 0.0139381
0.76095 0.0139381
0.7613 0.0144295999999999
0.76165 0.0144295999999999
0.762 0.0142356
0.76235 0.0140472
0.7627 0.0138419999999999
0.76305 0.0138233
0.7634 0.0136765999999999
0.76375 0.0135202
0.7641 0.0135202
0.76445 0.0132714
0.7648 0.0132407999999999
0.76515 0.0131704
0.7655 0.0130221
0.76585 0.0128741
0.7662 0.0124377999999999
0.76655 0.0124377999999999
0.7669 0.0123922
0.76725 0.0126455
0.7676 0.0129697999999999
0.76795 0.0129697999999999
0.7683 0.0130271
0.76865 0.0129182
0.769 0.012908
0.76935 0.0126199
0.7697 0.0120604
0.77005 0.0119619
0.7704 0.0120604
0.77075 0.0128146
0.7711 0.0128843999999999
0.77145 0.0129551
0.7718 0.0130139999999999
0.77215 0.0130307999999999
0.7725 0.0130139999999999
0.77285 0.0129349999999999
0.7732 0.0128418
0.77355 0.0128418
0.7739 0.0129325999999999
0.77425 0.0131173
0.7746 0.0132255
0.77495 0.0132513
0.7753 0.0132872
0.77565 0.0132872
0.776 0.0131859
0.77635 0.0131859
0.7767 0.0132004999999999
0.77705 0.0132004999999999
0.7774 0.0131587
0.77775 0.0131493
0.7781 0.0129987
0.77845 0.0129987
0.7788 0.0129915999999999
0.77915 0.0126087
0.7795 0.0112386
0.77985 0.0112386
0.7802 0.0113945
0.78055 0.0113945
0.7809 0.0124435
0.78125 0.0116267
0.7816 0.0116267
0.78195 0.011288
0.7823 0.0112649
0.78265 0.0110631
0.783 0.0097188
0.78335 0.0101079
0.7837 0.0097188
0.78405 0.0096848
0.7844 0.008261
0.78475 0.0096848
0.7851 0.0117943
0.78545 0.0117943
0.7858 0.0117107999999999
0.78615 0.0115757999999999
0.7865 0.0115757999999999
0.78685 0.0092377
0.7872 0.0092377
0.78755 0.0092377
0.7879 0.0112536
0.78825 0.0112536
0.7886 0.0114036
0.78895 0.0123428
0.7893 0.0134012
0.78965 0.0134012
0.79 0.0115142999999999
0.79035 0.0115142999999999
0.7907 0.0120971
0.79105 0.0120971
0.7914 0.011757
0.79175 0.011757
0.7921 0.011757
0.79245 0.0111221
0.7928 0.0094627999999999
0.79315 0.0094627999999999
0.7935 0.0101698999999999
0.79385 0.0101698999999999
0.7942 0.0112857999999999
0.79455 0.0100622
0.7949 0.0103629
0.79525 0.006435
0.7956 0.0102992
0.79595 0.0052028
0.7963 0.0052028
0.79665 0.0052028
0.797 0.0073047
0.79735 0.0073047
0.7977 0.0096597
0.79805 0.0096597
0.7984 0.0097524
0.79875 0.0104829
0.7991 0.0104829
0.79945 0.0104453
0.7998 0.0101129999999999
0.80015 0.0101129999999999
0.8005 0.0104692999999999
0.80085 0.0108525
0.8012 0.0104692999999999
0.80155 0.0082133
0.8019 0.0077932
0.80225 0.0074005
0.8026 0.0074005
0.80295 0.0096683
0.8033 0.0096683
0.80365 0.0111417999999999
0.804 0.0099003999999999
0.80435 0.0104357999999999
0.8047 0.0099003999999999
0.80505 0.0104357999999999
0.8054 0.0085457
0.80575 0.0064148
0.8061 0.00436
0.80645 0.00436
0.8068 0.0052588
0.80715 0.0074591
0.8075 0.0074591
0.80785 0.0066492999999999
0.8082 0.0066492999999999
0.80855 0.0112801
0.8089 0.0112801
0.80925 0.0038436
0.8096 0.0038436
0.80995 0.0045
0.8103 0.0084223999999999
0.81065 0.0084223999999999
0.811 0.0076521
0.81135 0.0071993
0.8117 0.0071993
0.81205 0.0066358
0.8124 0.0055634
0.81275 0.0066358
0.8131 0.0038937
0.81345 0.0060393
0.8138 0.0060393
0.81415 0.0060393
0.8145 0.0032836999999999
0.81485 0.0014792
0.8152 0.0014792
0.81555 0.0066858
0.8159 0.0077946
0.81625 0.0066858
0.8166 0.0057832
0.81695 0.0057832
0.8173 0.0080898
0.81765 0.0080898
0.818 0.0078996
0.81835 0.0078996
0.8187 0.0078996
0.81905 0.0102989
0.8194 0.0081262
0.81975 0.0081262
0.8201 0.0081262
0.82045 0.0071549
0.8208 0.0079072
0.82115 0.0071549
0.8215 0.0070221999999999
0.82185 0.0070221999999999
0.8222 0.0108592999999999
0.82255 0.0108592999999999
0.8229 0.0042552
0.82325 0.0015995999999999
0.8236 0.0015995999999999
0.82395 0.0015995999999999
0.8243 0.010718
0.82465 0.010718
0.825 0.0107457
0.82535 0.0092357999999999
0.8257 0.0113479
0.82605 0.0092357999999999
0.8264 0.0087469
0.82675 0.0087469
0.8271 0.0087469
0.82745 0.0077773
0.8278 0.0040938
0.82815 0.0077773
0.8285 0.0082776
0.82885 0.0082776
0.8292 0.0082776
0.82955 0.009727
0.8299 0.009727
0.83025 0.0033303
0.8306 0.0033303
0.83095 0.0051744
0.8313 0.0093307
0.83165 0.0051744
0.832 0.0049901
0.83235 0.0049901
0.8327 0.0049516
0.83305 0.0066102
0.8334 0.0072328
0.83375 0.0072328
0.8341 0.0017024
0.83445 0.0017024
0.8348 0.0017024
0.83515 0.0083778
0.8355 0.0067012
0.83585 0.0067012
0.8362 0.0054817
0.83655 0.0054571
0.8369 0.0054571
0.83725 0.0034073
0.8376 0.0023941999999999
0.83795 0.0023941999999999
0.8383 0.0051031
0.83865 0.0073541
0.839 0.0078897
0.83935 0.0078897
0.8397 0.0073771999999999
0.84005 0.0054567
0.8404 0.0053715
0.84075 0.0053715
0.8411 0.0077424999999999
0.84145 0.0077424999999999
0.8418 0.0060104
0.84215 0.0060104
0.8425 0.0088312
0.84285 0.009814
0.8432 0.009814
0.84355 0.0100967
0.8439 0.0092226
0.84425 0.0087459
0.8446 0.0087459
0.84495 0.0096687999999999
0.8453 0.0096687999999999
0.84565 0.0096687999999999
0.846 0.0110093999999999
0.84635 0.0110093999999999
0.8467 0.0111834999999999
0.84705 0.0114486
0.8474 0.0114486
0.84775 0.0067981
0.8481 0.0067981
0.84845 0.0097113999999999
0.8488 0.0102157999999999
0.84915 0.0102157999999999
0.8495 0.0102157999999999
0.84985 0.0087777999999999
0.8502 0.0029778
0.85055 0.0087777999999999
0.8509 0.0094312999999999
0.85125 0.0104127
0.8516 0.0104127
0.85195 0.0089311
0.8523 0.0083468
0.85265 0.0054283
0.853 0.0067033999999999
0.85335 0.0067033999999999
0.8537 0.0090566
0.85405 0.0090566
0.8544 0.0090566
0.85475 0.0095116
0.8551 0.0095402
0.85545 0.0095116
0.8558 0.0094597
0.85615 0.0087944
0.8565 0.0083159
0.85685 0.0080109
0.8572 0.0070733
0.85755 0.0066948
0.8579 0.0066535
0.85825 0.0057726999999999
0.8586 0.0066535
0.85895 0.0061306999999999
0.8593 0.0061306999999999
0.85965 0.0060961999999999
0.86 0.004984
0.86035 0.0045409
0.8607 0.0045409
0.86105 0.0041164999999999
0.8614 0.0039093
0.86175 0.0037569
0.8621 0.0033748
0.86245 0.0033748
0.8628 0.0031041
0.86315 0.0034335
0.8635 0.0033965
0.86385 0.0033965
0.8642 0.0031182
0.86455 0.0031046999999999
0.8649 0.0031046999999999
0.86525 0.0034607
0.8656 0.0035908
0.86595 0.0039848
0.8663 0.0041221
0.86665 0.0041221
0.867 0.0034484
0.86735 0.0034484
0.8677 0.0035135999999999
0.86805 0.0053415
0.8684 0.0054819
0.86875 0.0056498
0.8691 0.0061655
0.86945 0.0060545
0.8698 0.0061655
0.87015 0.0060545
0.8705 0.0057504
0.87085 0.0057504
0.8712 0.0053522
0.87155 0.0060339
0.8719 0.0077623
0.87225 0.0077676
0.8726 0.0077676
0.87295 0.0067824
0.8733 0.0067824
0.87365 0.0073122
0.874 0.0073122
0.87435 0.0073122
0.8747 0.0076546999999999
0.87505 0.0076546999999999
0.8754 0.0076546999999999
0.87575 0.0057372
0.8761 0.0072166
0.87645 0.0072166
0.8768 0.0072166
0.87715 0.0020776999999999
0.8775 0.0020776999999999
0.87785 0.0047594
0.8782 0.0047594
0.87855 0.0047594
0.8789 0.0056593999999999
0.87925 0.0056593999999999
0.8796 0.0026306999999999
0.87995 0.0021778
0.8803 0.0021778
0.88065 0.0019381
0.881 0.0015670999999999
0.88135 0.0014414
0.8817 0.0010229
0.88205 0.0007076
0.8824 0.0004359
0.88275 0.0004359
0.8831 0.0004359
0.88345 0.0004345
0.8838 0.0004273
0.88415 0.0004345
0.8845 0.0005331
0.88485 0.0006297999999999
0.8852 0.0007266
0.88555 0.0007266
0.8859 0.0006591
0.88625 0.0005105999999999
0.8866 0.000292
0.88695 0.0002543
0.8873 0.0002543
0.88765 0.0002543
0.888 0.0002765
0.88835 0.0003126999999999
0.8887 0.0003881
0.88905 0.0003126999999999
0.8894 0.0004151
0.88975 0.0004393
0.8901 0.0004937
0.89045 0.0004577
0.8908 0.0004577
0.89115 0.0004463
0.8915 0.0004463
0.89185 0.0003992
0.8922 0.0004601
0.89255 0.0004601
0.8929 0.0004748
0.89325 0.0004748
0.8936 0.0004615
0.89395 0.0004294
0.8943 0.0004158999999999
0.89465 0.0004158999999999
0.895 0.0004158999999999
0.89535 0.0003973999999999
0.8957 0.0003973999999999
0.89605 0.0004383999999999
0.8964 0.0004756
0.89675 0.000599
0.8971 0.000599
0.89745 0.0005855
0.8978 0.0005855
0.89815 0.0007131
0.8985 0.0007131
0.89885 0.0005967
0.8992 0.0002311999999999
0.89955 0.0002311999999999
0.8999 0.0001491
0.90025 0.0001491
0.9006 0.0001491
0.90095 0.0005164
0.9013 0.0008486
0.90165 0.0013777
0.902 0.0013777
0.90235 0.0012727
0.9027 0.0012727
0.90305 0.0012357999999999
0.9034 0.0015607999999999
0.90375 0.0015607999999999
0.9041 0.0018777
0.90445 0.0024898
0.9048 0.0030448
0.90515 0.0030448
0.9055 0.0028075
0.90585 0.0028075
0.9062 0.0026462
0.90655 0.0027894
0.9069 0.0026462
0.90725 0.0027894
0.9076 0.0031761
0.90795 0.0031761
0.9083 0.0028846999999999
0.90865 0.0018168
0.909 0.0028846999999999
0.90935 0.0018168
0.9097 0.0016778
0.91005 0.0011063
0.9104 0.0013767999999999
0.91075 0.0013767999999999
0.9111 0.0014744
0.91145 0.0017311
0.9118 0.0014744
0.91215 0.0017311
0.9125 0.0026546
0.91285 0.0026546
0.9132 0.0026546
0.91355 0.002101
0.9139 0.0033638
0.91425 0.0007586
0.9146 0.0032275999999999
0.91495 0.0012837
0.9153 0.0016251999999999
0.91565 0.0016251999999999
0.916 0.0016251999999999
0.91635 0.0021267
0.9167 0.0009635
0.91705 0.0007866
0.9174 0.0006462999999999
0.91775 0.0006462999999999
0.9181 0.0005204
0.91845 0.0005204
0.9188 0.0014788
0.91915 0.0014788
0.9195 0.0004351
0.91985 0.0004351
0.9202 0.0034774
0.92055 0.0040262
0.9209 0.0034774
0.92125 0.0023484
0.9216 0.0011887
0.92195 0.0023484
0.9223 0.0024779
0.92265 0.0027096
0.923 0.0027096
0.92335 0.0016820999999999
0.9237 0.0011714
0.92405 0.0016820999999999
0.9244 0.0011585999999999
0.92475 0.0034991999999999
0.9251 0.0034991999999999
0.92545 0.0034991999999999
0.9258 0.0033021
0.92615 0.0018392
0.9265 0.0017457
0.92685 0.0017457
0.9272 0.0011907
0.92755 0.0011907
0.9279 0.0006196
0.92825 0.0014402
0.9286 0.0011549
0.92895 0.0019789
0.9293 0.0014368
0.92965 0.0014368
0.93 0.0003509999999999
0.93035 0.0003509999999999
0.9307 0.0002245
0.93105 0.0006387
0.9314 0.0004604
0.93175 0.0006387
0.9321 0.0008441
0.93245 0.0008441
0.9328 0.0010301
0.93315 0.0011014
0.9335 0.0011014
0.93385 0.0003796999999999
0.9342 0.0003002
0.93455 0.0001894
0.9349 0.0003002
0.93525 0.0001894
0.9356 0.0003807
0.93595 0.0006396
0.9363 0.0007712
0.93665 0.0006396
0.937 0.0005693
0.93735 0.0005693
0.9377 0.0003312
0.93805 0.0003312
0.9384 0.0003312
0.93875 0.0008137999999999
0.9391 0.0008137999999999
0.93945 0.0008923999999999
0.9398 0.0005794
0.94015 0.0010355
0.9405 0.0003618
0.94085 0.0010679
0.9412 0.0014463
0.94155 0.0014463
0.9419 0.0012724
0.94225 0.0010942
0.9426 0.0010942
0.94295 0.0002666
0.9433 0.0002666
0.94365 0.0003887
0.944 0.0003887
0.94435 0.0001284999999999
0.9447 0.0001284999999999
0.94505 0.0008648
0.9454 0.0008648
0.94575 0.0008648
0.9461 0.0005002
0.94645 0.0005002
0.9468 0.0005002
0.94715 0.000653
0.9475 0.000653
0.94785 0.0007953
0.9482 0.0010902999999999
0.94855 0.0012478
0.9489 0.0012478
0.94925 0.000152
0.9496 0.000152
0.94995 0.0002376
0.9503 0.0004298999999999
0.95065 0.0014444
0.951 0.0014444
0.95135 0.0005933
0.9517 0.0005933
0.95205 0.0006837999999999
0.9524 0.0006837999999999
0.95275 0.0004654
0.9531 0.0002964
0.95345 0.0002964
0.9538 0.0005098
0.95415 0.000802
0.9545 0.000802
0.95485 0.000971
0.9552 0.0007323
0.95555 0.0010218999999999
0.9559 0.0010218999999999
0.95625 0.0010218999999999
0.9566 0.0010012
0.95695 0.0003316
0.9573 0.0003316
0.95765 0.0014661
0.958 0.0014661
0.95835 0.0011155
0.9587 0.0011155
0.95905 0.0011155
0.9594 0.0003432
0.95975 0.0003432
0.9601 0.0011888
0.96045 0.0011888
0.9608 0.0006624
0.96115 0.0006624
0.9615 0.0008935
0.96185 0.0013382
0.9622 0.0008935
0.96255 0.0002737
0.9629 0.0002737
0.96325 0.0004399
0.9636 0.0004399
0.96395 0.0004327
0.9643 0.0004327
0.96465 0.001334
0.965 0.001334
0.96535 0.0007744
0.9657 0.0004423999999999
0.96605 0.0007744
0.9664 0.0004626999999999
0.96675 0.0004626999999999
0.9671 0.0002918999999999
0.96745 0.0002918999999999
0.9678 0.0010397
0.96815 0.0010397
0.9685 0.0008277999999999
0.96885 0.0003939
0.9692 0.0003939
0.96955 0.0009586999999999
0.9699 0.0013484
0.97025 0.0013484
0.9706 0.0012443
0.97095 0.0012443
0.9713 0.0012615999999999
0.97165 0.0013800999999999
0.972 0.0013800999999999
0.97235 0.0010731
0.9727 0.0009891
0.97305 0.0007061
0.9734 0.0005759
0.97375 0.0004183
0.9741 0.0004183
0.97445 0.0004183
0.9748 0.0008109
0.97515 0.0009187999999999
0.9755 0.0011514
0.97585 0.0011514
0.9762 0.0008236
0.97655 0.0008236
0.9769 0.001107
0.97725 0.0013878
0.9776 0.0013878
0.97795 0.0008529
0.9783 0.0003874
0.97865 0.0003874
0.979 0.0003874
0.97935 0.0006397
0.9797 0.0006485
0.98005 0.0007419
0.9804 0.0006485
0.98075 0.0005117
0.9811 0.0005117
0.98145 0.0006803
0.9818 0.0006803
0.98215 0.0006371
0.9825 0.0004466999999999
0.98285 0.0003145
0.9832 0.0004466999999999
0.98355 0.0006239
0.9839 0.0006302
0.98425 0.0006693
0.9846 0.0006693
0.98495 0.0006976
0.9853 0.0005424
0.98565 0.0005088
0.986 0.0004577
0.98635 0.0004577
0.9867 0.0003102
0.98705 0.0003812
0.9874 0.0003812
0.98775 0.0003812
0.9881 0.0001863
0.98845 0.0001376999999999
0.9888 0.0001376999999999
0.98915 0.0002014
0.9895 0.0004844999999999
0.98985 0.0002952
0.9902 0.0005346
0.99055 0.0003272
0.9909 0.0005433
0.99125 0.0004264999999999
0.9916 0.0005219
0.99195 0.0004264999999999
0.9923 0.0005219
0.99265 0.0005192
0.993 0.0005444
0.99335 0.0005444
0.9937 0.0005624
0.99405 0.0005624
0.9944 0.0006085
0.99475 0.0004962
0.9951 0.0004962
0.99545 0.0004962
0.9958 0.0002150999999999
0.99615 0.0005338
0.9965 0.0002150999999999
0.99685 0.0005338
0.9972 0.0007831
0.99755 0.0007831
0.9979 0.0006327
0.99825 0.0004785
0.9986 0.0005568
0.99895 0.0004433
0.9993 0.0004433
