0.3 0.1449553999999999
0.30035 0.1449553999999999
0.3007 0.1449359999999999
0.30105 0.1449165
0.3014 0.1448969
0.30175 0.1448772
0.3021 0.1448573
0.30245 0.1448374
0.3028 0.1448172999999999
0.30315 0.1447971
0.3035 0.1447767999999999
0.30385 0.1447563999999999
0.3042 0.1447347
0.30455 0.144713
0.3049 0.1446911
0.30525 0.1446691
0.3056 0.1446471
0.30595 0.1446249
0.3063 0.1446027
0.30665 0.1445804
0.307 0.1445579
0.30735 0.1445354
0.3077 0.1445128
0.30805 0.1444902
0.3084 0.1444674
0.30875 0.1444445
0.3091 0.1444216
0.30945 0.1443986
0.3098 0.1443755
0.31015 0.1443523
0.3105 0.1443291
0.31085 0.1443058
0.3112 0.1442823999999999
0.31155 0.1442589
0.3119 0.1442352999999999
0.31225 0.1442116
0.3126 0.1441878
0.31295 0.144164
0.3133 0.14414
0.31365 0.144116
0.314 0.144092
0.31435 0.1440678
0.3147 0.1440436
0.31505 0.1440193
0.3154 0.143995
0.31575 0.1439706
0.3161 0.1439461
0.31645 0.1439216
0.3168 0.143897
0.31715 0.1438723999999999
0.3175 0.1438476
0.31785 0.1438229
0.3182 0.143798
0.31855 0.1437732
0.3189 0.1437482
0.31925 0.1437232
0.3196 0.1436982
0.31995 0.143673
0.3203 0.1436479
0.32065 0.1436227
0.321 0.1435974
0.32135 0.143572
0.3217 0.1435467
0.32205 0.1435212
0.3224 0.1434957999999999
0.32275 0.1434702
0.3231 0.1434447
0.32345 0.143419
0.3238 0.1433933
0.32415 0.1433676
0.3245 0.1433418
0.32485 0.143316
0.3252 0.1432901
0.32555 0.1432642
0.3259 0.1432382
0.32625 0.1432121
0.3266 0.1431859999999999
0.32695 0.1431598
0.3273 0.1431335
0.32765 0.1431071
0.328 0.1430805
0.32835 0.1430537
0.3287 0.1430264
0.32905 0.1429983
0.3294 0.1429683
0.32975 0.1429338
0.3301 0.1428723
0.33045 0.1428547
0.3308 0.1428534
0.33115 0.1428357
0.3315 0.1428127
0.33185 0.142788
0.3322 0.1427625
0.33255 0.1427365
0.3329 0.1427102999999999
0.33325 0.1426839
0.3336 0.1426574
0.33395 0.1426309
0.3343 0.1426042
0.33465 0.1425775
0.335 0.1425507999999999
0.33535 0.142524
0.3357 0.1424972
0.33605 0.1424703
0.3364 0.1424434
0.33675 0.1424165
0.3371 0.1423896
0.33745 0.1423634
0.3378 0.1423371
0.33815 0.1423108
0.3385 0.1422844
0.33885 0.1422581
0.3392 0.1422317
0.33955 0.1422052999999999
0.3399 0.1421787999999999
0.34025 0.1421522999999999
0.3406 0.1421259
0.34095 0.1420992999999999
0.3413 0.1420727999999999
0.34165 0.1420463
0.342 0.1420197
0.34235 0.1419931
0.3427 0.1419664
0.34305 0.1419398
0.3434 0.1419131
0.34375 0.1418864
0.3441 0.1418597
0.34445 0.1418327
0.3448 0.1418058999999999
0.34515 0.1417795
0.3455 0.1417527999999999
0.34585 0.141726
0.3462 0.1416992
0.34655 0.1416724
0.3469 0.1416456
0.34725 0.1416188
0.3476 0.1415919
0.34795 0.141565
0.3483 0.1415381
0.34865 0.1415112999999999
0.349 0.1414842999999999
0.34935 0.1414573999999999
0.3497 0.1414305
0.35005 0.1414035
0.3504 0.1413766
0.35075 0.1413496
0.3511 0.1413226
0.35145 0.1412957
0.3518 0.1412687
0.35215 0.1412417
0.3525 0.1412146
0.35285 0.1411876
0.3532 0.1411606
0.35355 0.1411336
0.3539 0.1411065
0.35425 0.1410794
0.3546 0.1410517
0.35495 0.1410247
0.3553 0.1409976
0.35565 0.1409702
0.356 0.1409241
0.35635 0.1409117
0.3567 0.1408892999999999
0.35705 0.140837
0.3574 0.1408322
0.35775 0.1407975
0.3581 0.140758
0.35845 0.1407398
0.3588 0.1407057
0.35915 0.1406927999999999
0.3595 0.1406305
0.35985 0.1405843
0.3602 0.1405715
0.36055 0.1405395
0.3609 0.1405227999999999
0.36125 0.1405227999999999
0.3616 0.1405007
0.36195 0.1404803999999999
0.3623 0.1404415
0.36265 0.1404221
0.363 0.1403954
0.36335 0.1403676
0.3637 0.1403382
0.36405 0.1403037999999999
0.3644 0.1402836
0.36475 0.1402562
0.3651 0.1402279
0.36545 0.1401985
0.3658 0.1401611
0.36615 0.14014
0.3665 0.1401142
0.36685 0.1400834
0.3672 0.1400539
0.36755 0.1400282
0.3679 0.1399961
0.36825 0.139969
0.3686 0.1399273
0.36895 0.1399147
0.3693 0.1398814
0.36965 0.1398553
0.37 0.1398187
0.37035 0.1397872999999999
0.3707 0.1397326
0.37105 0.1397197
0.3714 0.1397119
0.37175 0.1396719
0.3721 0.1396411
0.37245 0.139618
0.3728 0.1395642999999999
0.37315 0.1395578
0.3735 0.1395279
0.37385 0.1394941
0.3742 0.1394789
0.37455 0.1394386
0.3749 0.1393893
0.37525 0.1393642
0.3756 0.1393312
0.37595 0.1392541
0.3763 0.1392752
0.37665 0.1392295
0.377 0.1392282
0.37735 0.1392116
0.3777 0.1391473
0.37805 0.139128
0.3784 0.1391118999999999
0.37875 0.1390472
0.3791 0.1390281
0.37945 0.1389602999999999
0.3798 0.1389297999999999
0.38015 0.1389346
0.3805 0.1389297999999999
0.38085 0.1389258
0.3812 0.1389029
0.38155 0.1388802
0.3819 0.1387921
0.38225 0.1387515
0.3826 0.1387515
0.38295 0.1387515
0.3833 0.1387411
0.38365 0.138724
0.384 0.138684
0.38435 0.1386768
0.3847 0.1386481
0.38505 0.1386226
0.3854 0.1385936
0.38575 0.1385676
0.3861 0.138539
0.38645 0.1385076
0.3868 0.1384822
0.38715 0.1384481
0.3875 0.1384226
0.38785 0.1383951
0.3882 0.1383765
0.38855 0.1383328
0.3889 0.1382898
0.38925 0.138266
0.3896 0.1382609
0.38995 0.1382249
0.3903 0.1381802999999999
0.39065 0.1381761
0.391 0.1381489
0.39135 0.1381223
0.3917 0.1380625
0.39205 0.138061
0.3924 0.1380346
0.39275 0.137976
0.3931 0.137959
0.39345 0.137959
0.3938 0.1379243
0.39415 0.1378691
0.3945 0.1378338999999999
0.39485 0.1378037999999999
0.3952 0.1377818999999999
0.39555 0.1377648
0.3959 0.1377019
0.39625 0.1376518
0.3966 0.1376518
0.39695 0.1376518
0.3973 0.137599
0.39765 0.137562
0.398 0.1375858
0.39835 0.1375519
0.3987 0.1375069
0.39905 0.137501
0.3994 0.1374884999999999
0.39975 0.1374852
0.4001 0.1374547
0.40045 0.1374333999999999
0.4008 0.137372
0.40115 0.1373563
0.4015 0.1373416
0.40185 0.1373416
0.4022 0.137271
0.40255 0.1372483
0.4029 0.1372483
0.40325 0.1372293999999999
0.4036 0.1371648999999999
0.40395 0.137153
0.4043 0.137142
0.40465 0.1371106
0.405 0.1370961
0.40535 0.1370896
0.4057 0.1370549
0.40605 0.13701
0.4064 0.1369837
0.40675 0.1369656
0.4071 0.1369539
0.40745 0.136944
0.4078 0.1369219
0.40815 0.136899
0.4085 0.136875
0.40885 0.1368271
0.4092 0.1368027999999999
0.40955 0.1368027999999999
0.4099 0.1367711
0.41025 0.1367422
0.4106 0.1367203
0.41095 0.1366963
0.4113 0.1366529
0.41165 0.1366457
0.412 0.1365848999999999
0.41235 0.1365576
0.4127 0.1365472
0.41305 0.1365182
0.4134 0.1364101
0.41375 0.1364101
0.4141 0.136413
0.41445 0.136413
0.4148 0.1363164
0.41515 0.1362281
0.4155 0.1362004
0.41585 0.1358805
0.4162 0.1358805
0.41655 0.1361491
0.4169 0.1361491
0.41725 0.1360063999999999
0.4176 0.1358888999999999
0.41795 0.1360063999999999
0.4183 0.1360787999999999
0.41865 0.1360787999999999
0.419 0.1360154999999999
0.41935 0.1359416
0.4197 0.1357031
0.42005 0.1357477999999999
0.4204 0.1357477999999999
0.42075 0.1359155
0.4211 0.1359155
0.42145 0.1359042999999999
0.4218 0.1357882
0.42215 0.1357183
0.4225 0.1357183
0.42285 0.1357183
0.4232 0.1356445
0.42355 0.1353763999999999
0.4239 0.1353763999999999
0.42425 0.1353916
0.4246 0.1353916
0.42495 0.1355306
0.4253 0.1355555
0.42565 0.1355555
0.426 0.1351155
0.42635 0.1351155
0.4267 0.135238
0.42705 0.1354511
0.4274 0.1354137
0.42775 0.1354217
0.4281 0.1354137
0.42845 0.1353606
0.4288 0.1352934
0.42915 0.1351171
0.4295 0.1351857
0.42985 0.1351857
0.4302 0.1351857
0.43055 0.1351947999999999
0.4309 0.1351455
0.43125 0.1351455
0.4316 0.1351455
0.43195 0.1351813999999999
0.4323 0.1352003
0.43265 0.1352003
0.433 0.1351622
0.43335 0.1351475
0.4337 0.1350843
0.43405 0.1350747
0.4344 0.1350208
0.43475 0.1350208
0.4351 0.1350183
0.43545 0.1349797
0.4358 0.1349575
0.43615 0.1349143
0.4365 0.1347751
0.43685 0.1347751
0.4372 0.1347751
0.43755 0.1347751
0.4379 0.134757
0.43825 0.134757
0.4386 0.1347562
0.43895 0.1347202
0.4393 0.1346572999999999
0.43965 0.1345998
0.44 0.1345026
0.44035 0.1342134
0.4407 0.1340598999999999
0.44105 0.13408
0.4414 0.1340598999999999
0.44175 0.1339827999999999
0.4421 0.1339827999999999
0.44245 0.1339827999999999
0.4428 0.1342499
0.44315 0.1343631
0.4435 0.1343631
0.44385 0.1339121
0.4442 0.1339121
0.44455 0.1342711
0.4449 0.1342711
0.44525 0.1340631
0.4456 0.1340566
0.44595 0.1340566
0.4463 0.1341106
0.44665 0.1342298999999999
0.447 0.1341616
0.44735 0.1341756
0.4477 0.1341616
0.44805 0.1341756
0.4484 0.1341001
0.44875 0.1341642
0.4491 0.1341317
0.44945 0.1341317
0.4498 0.1340689
0.45015 0.1340689
0.4505 0.1340689
0.45085 0.1339578
0.4512 0.1338191
0.45155 0.1337934999999999
0.4519 0.1337708
0.45225 0.1337934999999999
0.4526 0.1338344
0.45295 0.1338344
0.4533 0.1338426
0.45365 0.1337941
0.454 0.1337941
0.45435 0.1336936
0.4547 0.1336246
0.45505 0.1336767999999999
0.4554 0.1336246
0.45575 0.1335875
0.4561 0.1335102
0.45645 0.1335102
0.4568 0.1334158
0.45715 0.1335515
0.4575 0.133519
0.45785 0.133519
0.4582 0.1334909
0.45855 0.1334781
0.4589 0.1334394
0.45925 0.1333392
0.4596 0.1332793
0.45995 0.1333392
0.4603 0.1333557
0.46065 0.1334119
0.461 0.1334119
0.46135 0.1334059
0.4617 0.1334011
0.46205 0.1333776
0.4624 0.1333687999999999
0.46275 0.1333618
0.4631 0.1333489
0.46345 0.1333178
0.4638 0.1333054
0.46415 0.1332732999999999
0.4645 0.1332249
0.46485 0.1332221
0.4652 0.1330631
0.46555 0.1330631
0.4659 0.1329854
0.46625 0.1329118
0.4666 0.1328628
0.46695 0.132905
0.4673 0.1328628
0.46765 0.1327674999999999
0.468 0.13265
0.46835 0.1324583999999999
0.4687 0.1318994
0.46905 0.1317177
0.4694 0.1318994
0.46975 0.1322097
0.4701 0.1322541
0.47045 0.132483
0.4708 0.132483
0.47115 0.1324808
0.4715 0.1321932999999999
0.47185 0.1321313999999999
0.4722 0.1319217999999999
0.47255 0.1319217999999999
0.4729 0.1321385
0.47325 0.1321902999999999
0.4736 0.1323244999999999
0.47395 0.1323244999999999
0.4743 0.1324861
0.47465 0.1320738
0.475 0.132472
0.47535 0.1314122999999999
0.4757 0.132472
0.47605 0.1321979
0.4764 0.1321979
0.47675 0.1321979
0.4771 0.1322077
0.47745 0.1324111
0.4778 0.1322289
0.47815 0.1323677999999999
0.4785 0.1323165
0.47885 0.1323165
0.4792 0.1322607999999999
0.47955 0.132245
0.4799 0.1321711
0.48025 0.1321668
0.4806 0.132108
0.48095 0.1320819
0.4813 0.1319888
0.48165 0.1319681
0.482 0.1317649
0.48235 0.1317649
0.4827 0.1317649
0.48305 0.1317308
0.4834 0.131409
0.48375 0.1310024
0.4841 0.1309106
0.48445 0.130425
0.4848 0.1299322
0.48515 0.1299342
0.4855 0.1299342
0.48585 0.1299342
0.4862 0.130581
0.48655 0.1307704
0.4869 0.1310979
0.48725 0.1310979
0.4876 0.130484
0.48795 0.130484
0.4883 0.1311592
0.48865 0.1311592
0.489 0.1315619999999999
0.48935 0.1308861
0.4897 0.1315619999999999
0.49005 0.1314088
0.4904 0.1314088
0.49075 0.1313494999999999
0.4911 0.1313494999999999
0.49145 0.1314156
0.4918 0.1315115
0.49215 0.1314156
0.4925 0.1312989
0.49285 0.1312045
0.4932 0.1312045
0.49355 0.1312045
0.4939 0.1314443
0.49425 0.1314443
0.4946 0.1314443
0.49495 0.1315037999999999
0.4953 0.131448
0.49565 0.1315717
0.496 0.1314732
0.49635 0.1315203999999999
0.4967 0.131484
0.49705 0.131484
0.4974 0.1314256
0.49775 0.1314203
0.4981 0.1313966
0.49845 0.1313135
0.4988 0.1313135
0.49915 0.1311918
0.4995 0.131319
0.49985 0.1311918
0.50055 0.1305368999999999
0.5009 0.1305368999999999
0.50125 0.1308543
0.5016 0.1308543
0.50195 0.13074
0.5023 0.1306621
0.50265 0.1298275
0.503 0.1284181
0.50335 0.1287964
0.5037 0.1287964
0.50405 0.1287964
0.5044 0.1299553
0.50475 0.1303435
0.5051 0.1304025
0.50545 0.1304025
0.5058 0.1301378
0.50615 0.1301378
0.5065 0.1291055
0.50685 0.1293833999999999
0.5072 0.1293833999999999
0.50755 0.1298289
0.5079 0.1298289
0.50825 0.1298289
0.5086 0.1298303
0.50895 0.1298303
0.5093 0.1297545
0.50965 0.1296164
0.51 0.1296164
0.51035 0.1299405
0.5107 0.130055
0.51105 0.130055
0.5114 0.130024
0.51175 0.130024
0.5121 0.1301827
0.51245 0.130624
0.5128 0.130624
0.51315 0.1304652
0.5135 0.1304652
0.51385 0.1304147
0.5142 0.1304147
0.51455 0.1304147
0.5149 0.1304991
0.51525 0.1307711
0.5156 0.1307874
0.51595 0.1307874
0.5163 0.1307874
0.51665 0.1307185
0.517 0.1307964
0.51735 0.1307773
0.5177 0.1307773
0.51805 0.1307773
0.5184 0.1307849999999999
0.51875 0.1307849999999999
0.5191 0.1307827
0.51945 0.1306975
0.5198 0.1306975
0.52015 0.1306975
0.5205 0.1306634
0.52085 0.1306581
0.5212 0.1306146
0.52155 0.1306063
0.5219 0.1305117999999999
0.52225 0.1305061
0.5226 0.1304446
0.52295 0.1303617
0.5233 0.1293526
0.52365 0.1293526
0.524 0.129199
0.52435 0.1301925
0.5247 0.1301925
0.52505 0.1302967
0.5254 0.1303241
0.52575 0.1303628
0.5261 0.1303749
0.52645 0.1303628
0.5268 0.1300838
0.52715 0.1299091
0.5275 0.1299091
0.52785 0.1299091
0.5282 0.1302131
0.52855 0.1302131
0.5289 0.1299242
0.52925 0.1298529
0.5296 0.1297942
0.52995 0.1297942
0.5303 0.1297942
0.53065 0.1294426
0.531 0.1294426
0.53135 0.1299625
0.5317 0.1299625
0.53205 0.1299025
0.5324 0.1295846
0.53275 0.1295863
0.5331 0.1295863
0.53345 0.1298136
0.5338 0.1298136
0.53415 0.1298136
0.5345 0.1298121
0.53485 0.1296732
0.5352 0.1295243999999999
0.53555 0.1294795
0.5359 0.1292669
0.53625 0.1292669
0.5366 0.129252
0.53695 0.1289438
0.5373 0.1289438
0.53765 0.1287497
0.538 0.1287071
0.53835 0.1285565
0.5387 0.1282953
0.53905 0.1281933999999999
0.5394 0.1279423
0.53975 0.1276148999999999
0.5401 0.1276148999999999
0.54045 0.1270408
0.5408 0.126681
0.54115 0.1264617999999999
0.5415 0.1260821
0.54185 0.1258043999999999
0.5422 0.1256941
0.54255 0.1256941
0.5429 0.1257166
0.54325 0.1257166
0.5436 0.1257545
0.54395 0.1258018
0.5443 0.1263226999999999
0.54465 0.1270972
0.545 0.1270972
0.54535 0.1272704999999999
0.5457 0.1275908999999999
0.54605 0.1275908999999999
0.5464 0.1276428
0.54675 0.1276432
0.5471 0.1280674
0.54745 0.128359
0.5478 0.128435
0.54815 0.1286091999999999
0.5485 0.1287299
0.54885 0.1288319
0.5492 0.1287299
0.54955 0.1288319
0.5499 0.1284141
0.55025 0.1289535
0.5506 0.1289535
0.55095 0.1289535
0.5513 0.1290778
0.55165 0.1286485
0.552 0.1289867999999999
0.55235 0.1289017
0.5527 0.1289017
0.55305 0.1289017
0.5534 0.128917
0.55375 0.128917
0.5541 0.1288988
0.55445 0.128859
0.5548 0.128829
0.55515 0.128829
0.5555 0.128829
0.55585 0.1290467
0.5562 0.1289926
0.55655 0.1289926
0.5569 0.1288089999999999
0.55725 0.1288089999999999
0.5576 0.1289377
0.55795 0.1289812
0.5583 0.1289377
0.55865 0.1289812
0.559 0.1289389
0.55935 0.1289862
0.5597 0.1289389
0.56005 0.1288982
0.5604 0.1288982
0.56075 0.128851
0.5611 0.1288788
0.56145 0.1288788
0.5618 0.1288788
0.56215 0.1287654
0.5625 0.1287654
0.56285 0.128869
0.5632 0.128869
0.56355 0.1286865
0.5639 0.1285998
0.56425 0.1286865
0.5646 0.1286018
0.56495 0.1286018
0.5653 0.1285681
0.56565 0.1285681
0.566 0.1281962999999999
0.56635 0.1277897
0.5667 0.1277244
0.56705 0.1277897
0.5674 0.1277244
0.56775 0.1276136
0.5681 0.1265238
0.56845 0.1265238
0.5688 0.1263379
0.56915 0.1266835
0.5695 0.12605
0.56985 0.126141
0.5702 0.126141
0.57055 0.1275523999999999
0.5709 0.1275523999999999
0.57125 0.127174
0.5716 0.1268933
0.57195 0.1271703
0.5723 0.1271703
0.57265 0.1271703
0.573 0.1274523
0.57335 0.1260587
0.5737 0.1267946999999999
0.57405 0.1260587
0.5744 0.1259003
0.57475 0.1259003
0.5751 0.125426
0.57545 0.1268005
0.5758 0.1268972
0.57615 0.1268972
0.5765 0.1264572
0.57685 0.1259362
0.5772 0.1264572
0.57755 0.126743
0.5779 0.126852
0.57825 0.1271598
0.5786 0.1271147
0.57895 0.1272213
0.5793 0.1272213
0.57965 0.1272213
0.58 0.127241
0.58035 0.1271764
0.5807 0.1274022
0.58105 0.1275106
0.5814 0.1275106
0.58175 0.127649
0.5821 0.1275148
0.58245 0.1275148
0.5828 0.1274295
0.58315 0.1274295
0.5835 0.1275413
0.58385 0.1275413
0.5842 0.1275413
0.58455 0.127729
0.5849 0.127729
0.58525 0.127521
0.5856 0.127521
0.58595 0.127521
0.5863 0.1273232
0.58665 0.1273181
0.587 0.1271448999999999
0.58735 0.1271277
0.5877 0.1266592
0.58805 0.1260395
0.5884 0.1260395
0.58875 0.1260395
0.5891 0.126164
0.58945 0.126164
0.5898 0.125301
0.59015 0.125301
0.5905 0.1260954
0.59085 0.1260954
0.5912 0.1260976
0.59155 0.126026
0.5919 0.1260976
0.59225 0.126026
0.5926 0.1261108
0.59295 0.1264913
0.5933 0.1264913
0.59365 0.1256972999999999
0.594 0.1256149
0.59435 0.1241785
0.5947 0.1241785
0.59505 0.1255657
0.5954 0.1255657
0.59575 0.12554
0.5961 0.12554
0.59645 0.125473
0.5968 0.1258016
0.59715 0.1258016
0.5975 0.1258016
0.59785 0.1253988
0.5982 0.1253988
0.59855 0.1257396
0.5989 0.1257396
0.59925 0.1256521
0.5996 0.1256521
0.59995 0.1259366999999999
0.6003 0.1259366999999999
0.60065 0.1250844
0.601 0.1250844
0.60135 0.1257811999999999
0.6017 0.1261766
0.60205 0.1261766
0.6024 0.126563
0.60275 0.126563
0.6031 0.1267547
0.60345 0.1269845
0.6038 0.1269845
0.60415 0.1267722
0.6045 0.1267722
0.60485 0.1266028
0.6052 0.1269661
0.60555 0.1269544
0.6059 0.1269544
0.60625 0.1269544
0.6066 0.1268473
0.60695 0.1269674
0.6073 0.1268473
0.60765 0.1269674
0.608 0.1266396
0.60835 0.1266729
0.6087 0.1266396
0.60905 0.1265886
0.6094 0.1264958
0.60975 0.1265886
0.6101 0.1266811
0.61045 0.1266811
0.6108 0.1264137
0.61115 0.1263881
0.6115 0.1261475
0.61185 0.1258162
0.6122 0.1254448999999999
0.61255 0.1254202
0.6129 0.1248911
0.61325 0.1243114
0.6136 0.1236134
0.61395 0.1230648999999999
0.6143 0.1225936999999999
0.61465 0.1221933
0.615 0.1220196
0.61535 0.1220053999999999
0.6157 0.121817
0.61605 0.1213822
0.6164 0.1211168
0.61675 0.1208914
0.6171 0.1202778
0.61745 0.1191509
0.6178 0.1180076
0.61815 0.1179972
0.6185 0.1171108
0.61885 0.1166377
0.6192 0.1163665
0.61955 0.1163665
0.6199 0.1167433
0.62025 0.1173787
0.6206 0.1180722999999999
0.62095 0.1180780999999999
0.6213 0.1184515
0.62165 0.1189393
0.622 0.119801
0.62235 0.1207432
0.6227 0.1214793
0.62305 0.1222364
0.6234 0.1228961
0.62375 0.1229466999999999
0.6241 0.1237629
0.62445 0.1243783999999999
0.6248 0.1245073999999999
0.62515 0.1251232
0.6255 0.1254871
0.62585 0.1257343
0.6262 0.125896
0.62655 0.125896
0.6269 0.1259129
0.62725 0.1260861
0.6276 0.1260861
0.62795 0.1262497
0.6283 0.1263341999999999
0.62865 0.1263856
0.629 0.1265931
0.62935 0.1266748
0.6297 0.1266843
0.63005 0.1268295
0.6304 0.1268295
0.63075 0.1268118
0.6311 0.1265123
0.63145 0.1263713
0.6318 0.1253675
0.63215 0.1253675
0.6325 0.1262367999999999
0.63285 0.1263176999999999
0.6332 0.1263832
0.63355 0.1265499
0.6339 0.1266456
0.63425 0.1266469
0.6346 0.1266469
0.63495 0.1264443999999999
0.6353 0.1264443999999999
0.63565 0.1262787
0.636 0.1262787
0.63635 0.1262787
0.6367 0.1259282
0.63705 0.1259282
0.6374 0.1259282
0.63775 0.1256769
0.6381 0.125792
0.63845 0.125792
0.6388 0.125792
0.63915 0.1258482
0.6395 0.1258482
0.63985 0.1260686
0.6402 0.1262178
0.64055 0.1260686
0.6409 0.1260972
0.64125 0.1260548
0.6416 0.1258805
0.64195 0.1258805
0.6423 0.1258456999999999
0.64265 0.1259029
0.643 0.1258456999999999
0.64335 0.1258251
0.6437 0.125651
0.64405 0.1254260999999999
0.6444 0.1254260999999999
0.64475 0.1253745
0.6451 0.1253745
0.64545 0.1253745
0.6458 0.1248371
0.64615 0.1235763999999999
0.6465 0.1235763999999999
0.64685 0.1245013
0.6472 0.1249056
0.64755 0.1249056
0.6479 0.1246463
0.64825 0.1245994999999999
0.6486 0.1245994999999999
0.64895 0.1247366999999999
0.6493 0.1248763999999999
0.64965 0.1251071
0.65 0.12512
0.65035 0.1252497
0.6507 0.12512
0.65105 0.124139
0.6514 0.124139
0.65175 0.124139
0.6521 0.1244011
0.65245 0.1250046
0.6528 0.1250046
0.65315 0.1249512999999999
0.6535 0.1245411
0.65385 0.1249512999999999
0.6542 0.1240473999999999
0.65455 0.1245978
0.6549 0.1245978
0.65525 0.1245978
0.6556 0.1240944
0.65595 0.1239829
0.6563 0.1239829
0.65665 0.1241611
0.657 0.1241611
0.65735 0.1240684
0.6577 0.1240684
0.65805 0.1242537
0.6584 0.1242537
0.65875 0.1242537
0.6591 0.1242694999999999
0.65945 0.1242694999999999
0.6598 0.1238831999999999
0.66015 0.1238831999999999
0.6605 0.1242978
0.66085 0.1242978
0.6612 0.1240846999999999
0.66155 0.1239872
0.6619 0.1240846999999999
0.66225 0.1239872
0.6626 0.1238726
0.66295 0.1238394
0.6633 0.1238108
0.66365 0.1237813999999999
0.664 0.123759
0.66435 0.123759
0.6647 0.1237799
0.66505 0.1237799
0.6654 0.1235719
0.66575 0.1233155
0.6661 0.1232885
0.66645 0.1231926
0.6668 0.1231926
0.66715 0.1232644
0.6675 0.1232799
0.66785 0.1233397
0.6682 0.1233397
0.66855 0.1234501
0.6689 0.1234501
0.66925 0.1236123
0.6696 0.1238926
0.66995 0.1241556
0.6703 0.124201
0.67065 0.1245022
0.671 0.1245022
0.67135 0.1247153
0.6717 0.1249319999999999
0.67205 0.1250438999999999
0.6724 0.1250474
0.67275 0.1252878
0.6731 0.1254144999999999
0.67345 0.1255325
0.6738 0.1257083999999999
0.67415 0.1257565
0.6745 0.1258142
0.67485 0.1258487
0.6752 0.1260853
0.67555 0.1260853
0.6759 0.1261215
0.67625 0.1261534
0.6766 0.1261534
0.67695 0.1261721
0.6773 0.1261721
0.67765 0.1262301
0.678 0.1262301
0.67835 0.1261011
0.6787 0.1259029
0.67905 0.1258585
0.6794 0.1258585
0.67975 0.1258585
0.6801 0.1258448999999999
0.68045 0.1258043
0.6808 0.1255523999999999
0.68115 0.1254234
0.6815 0.1254234
0.68185 0.1250981
0.6822 0.1249766
0.68255 0.1249581
0.6829 0.1249581
0.68325 0.1249182
0.6836 0.1249182
0.68395 0.1248089999999999
0.6843 0.1247494
0.68465 0.1247494
0.685 0.1249506
0.68535 0.1252876
0.6857 0.1253172
0.68605 0.1253172
0.6864 0.1253027
0.68675 0.1245875
0.6871 0.1245875
0.68745 0.1251922
0.6878 0.1253037
0.68815 0.1253698
0.6885 0.1253698
0.68885 0.1251507
0.6892 0.1251507
0.68955 0.1242713999999999
0.6899 0.1251156
0.69025 0.1249864
0.6906 0.1251156
0.69095 0.1249864
0.6913 0.1247571
0.69165 0.1246623
0.692 0.124412
0.69235 0.1243969
0.6927 0.124412
0.69305 0.1243622
0.6934 0.1241367999999999
0.69375 0.1241367999999999
0.6941 0.1241367999999999
0.69445 0.1242216999999999
0.6948 0.1239927
0.69515 0.1239927
0.6955 0.1239366
0.69585 0.1235104
0.6962 0.1235104
0.69655 0.1236943
0.6969 0.1236943
0.69725 0.123502
0.6976 0.1226984
0.69795 0.1229349
0.6983 0.1226863
0.69865 0.1226863
0.699 0.1222654
0.69935 0.1219081
0.6997 0.1218077
0.70005 0.1206573999999999
0.7004 0.1200833
0.70075 0.1200833
0.7011 0.1197849999999999
0.70145 0.1197849999999999
0.7018 0.1195357
0.70215 0.1193983999999999
0.7025 0.1193983999999999
0.70285 0.1193983999999999
0.7032 0.1199609
0.70355 0.1199609
0.7039 0.119788
0.70425 0.119788
0.7046 0.120082
0.70495 0.1201166
0.7053 0.120297
0.70565 0.1216017
0.706 0.1216017
0.70635 0.1216432
0.7067 0.1216887
0.70705 0.1216887
0.7074 0.1220982999999999
0.70775 0.1220982999999999
0.7081 0.1222998
0.70845 0.1223596
0.7088 0.1226884
0.70915 0.1224267
0.7095 0.1227623
0.70985 0.1228889
0.7102 0.1232061999999999
0.71055 0.1232061999999999
0.7109 0.1233266
0.71125 0.1232135
0.7116 0.1233266
0.71195 0.1235722
0.7123 0.1235722
0.71265 0.1234402
0.713 0.1234099999999999
0.71335 0.1234099999999999
0.7137 0.1234336
0.71405 0.1234336
0.7144 0.1233961
0.71475 0.1229132
0.7151 0.1228351999999999
0.71545 0.1221648
0.7158 0.1213416
0.71615 0.1213085
0.7165 0.1198491
0.71685 0.1176668
0.7172 0.1168223999999999
0.71755 0.1146997
0.7179 0.1137104
0.71825 0.1123414
0.7186 0.1123414
0.71895 0.1099345
0.7193 0.1091305
0.71965 0.1091305
0.72 0.1064348
0.72035 0.1064348
0.7207 0.1055902
0.72105 0.1055902
0.7214 0.1048158999999999
0.72175 0.1040753999999999
0.7221 0.1047827
0.72245 0.1039908
0.7228 0.1038202
0.72315 0.1018148
0.7235 0.0968633999999999
0.72385 0.0945063
0.7242 0.0945063
0.72455 0.0907044
0.7249 0.0856492
0.72525 0.0856492
0.7256 0.0826002
0.72595 0.0826002
0.7263 0.0811102
0.72665 0.0774859
0.727 0.0758568
0.72735 0.0765263
0.7277 0.0765263
0.72805 0.0806751
0.7284 0.0857628999999999
0.72875 0.0891284
0.7291 0.0904878
0.72945 0.0910197
0.7298 0.0915743999999999
0.73015 0.0916977
0.7305 0.0947156999999999
0.73085 0.0986375
0.7312 0.1013071
0.73155 0.1013071
0.7319 0.1030118
0.73225 0.1029059
0.7326 0.1050734999999999
0.73295 0.1029059
0.7333 0.1050734999999999
0.73365 0.1096007
0.734 0.1096007
0.73435 0.1110902
0.7347 0.1132772
0.73505 0.1139333999999999
0.7354 0.1149733
0.73575 0.1149733
0.7361 0.1149733
0.73645 0.117013
0.7368 0.117013
0.73715 0.1171059999999999
0.7375 0.1190196999999999
0.73785 0.1190252999999999
0.7382 0.1199779
0.73855 0.120308
0.7389 0.1203073
0.73925 0.1208081999999999
0.7396 0.1218234999999999
0.73995 0.1220798999999999
0.7403 0.1223510999999999
0.74065 0.1231273
0.741 0.1231273
0.74135 0.1233396
0.7417 0.1234721
0.74205 0.1238244999999999
0.7424 0.1238244999999999
0.74275 0.123903
0.7431 0.1242262
0.74345 0.1242948999999999
0.7438 0.1242948999999999
0.74415 0.1242701
0.7445 0.1242701
0.74485 0.1243651
0.7452 0.1243651
0.74555 0.1243651
0.7459 0.124239
0.74625 0.1244008
0.7466 0.1244008
0.74695 0.1244008
0.7473 0.1244073999999999
0.74765 0.1243458
0.748 0.1244128999999999
0.74835 0.1243971
0.7487 0.1243971
0.74905 0.1243971
0.7494 0.1243912
0.74975 0.1243912
0.7501 0.1243912
0.75045 0.1243387
0.7508 0.1244581999999999
0.75115 0.1244728
0.7515 0.1244728
0.75185 0.1244724999999999
0.7522 0.1244668999999999
0.75255 0.1244226999999999
0.7529 0.1244226999999999
0.75325 0.1245252999999999
0.7536 0.1245252999999999
0.75395 0.1245252999999999
0.7543 0.1245219
0.75465 0.1245443
0.755 0.12448
0.75535 0.124503
0.7557 0.124497
0.75605 0.124497
0.7564 0.1244509
0.75675 0.1243847
0.7571 0.124328
0.75745 0.1240737
0.7578 0.1240737
0.75815 0.1241242999999999
0.7585 0.1241242999999999
0.75885 0.1240075
0.7592 0.1239323999999999
0.75955 0.1235186
0.7599 0.1234779999999999
0.76025 0.1233361
0.7606 0.1231129
0.76095 0.1231129
0.7613 0.123292
0.76165 0.123292
0.762 0.1228856
0.76235 0.1227206999999999
0.7627 0.1226431
0.76305 0.1225579999999999
0.7634 0.1225579999999999
0.76375 0.1225133
0.7641 0.1224795
0.76445 0.1222831
0.7648 0.1222589999999999
0.76515 0.1222589999999999
0.7655 0.1223326
0.76585 0.1223326
0.7662 0.122243
0.76655 0.1222331
0.7669 0.121947
0.76725 0.121947
0.7676 0.1221335
0.76795 0.1223565
0.7683 0.1223565
0.76865 0.1222453999999999
0.769 0.1222176
0.76935 0.1222176
0.7697 0.122251
0.77005 0.122251
0.7704 0.1221676999999999
0.77075 0.1220614
0.7711 0.1220076
0.77145 0.1219841999999999
0.7718 0.1219359999999999
0.77215 0.1219128999999999
0.7725 0.1216228
0.77285 0.1210371
0.7732 0.1204749
0.77355 0.1204749
0.7739 0.1205364
0.77425 0.1207778
0.7746 0.1207778
0.77495 0.1207456999999999
0.7753 0.1205609
0.77565 0.1202138999999999
0.776 0.1199275
0.77635 0.1197466999999999
0.7767 0.1196683
0.77705 0.1194851999999999
0.7774 0.1192358999999999
0.77775 0.1192097
0.7781 0.1188858
0.77845 0.1185515
0.7788 0.1182518
0.77915 0.1178851
0.7795 0.1170982999999999
0.77985 0.1163393
0.7802 0.1153261
0.78055 0.1153204999999999
0.7809 0.1141674
0.78125 0.1136411
0.7816 0.1133815
0.78195 0.1133553
0.7823 0.11331
0.78265 0.11331
0.783 0.1123863
0.78335 0.1123486
0.7837 0.1113098
0.78405 0.1113098
0.7844 0.112632
0.78475 0.1142288
0.7851 0.1145392
0.78545 0.1145392
0.7858 0.1140829
0.78615 0.1140652
0.7865 0.1140829
0.78685 0.1141549
0.7872 0.114464
0.78755 0.1150565
0.7879 0.1151857
0.78825 0.1156323
0.7886 0.1157108999999999
0.78895 0.11589
0.7893 0.1159113
0.78965 0.1160056
0.79 0.1160056
0.79035 0.115951
0.7907 0.1158553999999999
0.79105 0.1154119
0.7914 0.1148543999999999
0.79175 0.1148308
0.7921 0.1141729
0.79245 0.1133892
0.7928 0.1126029
0.79315 0.1126029
0.7935 0.1126198
0.79385 0.1126198
0.7942 0.1117844
0.79455 0.111774
0.7949 0.1105733999999999
0.79525 0.1104288
0.7956 0.1104288
0.79595 0.1088249
0.7963 0.1090718
0.79665 0.1090718
0.797 0.1093026
0.79735 0.1093026
0.7977 0.1093026
0.79805 0.1096408999999999
0.7984 0.1099964
0.79875 0.1100117999999999
0.7991 0.1103047
0.79945 0.1108965
0.7998 0.1113608
0.80015 0.1113942
0.8005 0.1118643
0.80085 0.1123234999999999
0.8012 0.1123234999999999
0.80155 0.1123811999999999
0.8019 0.1123811999999999
0.80225 0.1129281999999999
0.8026 0.1129747
0.80295 0.1137231
0.8033 0.1137231
0.80365 0.1142249
0.804 0.1144121
0.80435 0.1146728
0.8047 0.1152197
0.80505 0.1156811999999999
0.8054 0.1158656
0.80575 0.1158656
0.8061 0.1158656
0.80645 0.1159259
0.8068 0.116866
0.80715 0.1174597
0.8075 0.1174597
0.80785 0.1178437
0.8082 0.1180461
0.80855 0.1180523
0.8089 0.1180523
0.80925 0.1175466999999999
0.8096 0.1175466999999999
0.80995 0.1182531999999999
0.8103 0.1184706999999999
0.81065 0.1184706999999999
0.811 0.1185214
0.81135 0.1187405
0.8117 0.1189843
0.81205 0.1192049
0.8124 0.1194671
0.81275 0.1197591999999999
0.8131 0.1194671
0.81345 0.1201601999999999
0.8138 0.1204183
0.81415 0.1204858999999999
0.8145 0.1204858999999999
0.81485 0.1156208
0.8152 0.1156208
0.81555 0.1205098
0.8159 0.1206944
0.81625 0.1206944
0.8166 0.1211767
0.81695 0.1210818999999999
0.8173 0.1212505
0.81765 0.1210818999999999
0.818 0.1210958
0.81835 0.1210958
0.8187 0.1210958
0.81905 0.1217083
0.8194 0.1218161
0.81975 0.1218161
0.8201 0.1219478
0.82045 0.1220972
0.8208 0.1220972
0.82115 0.1222201
0.8215 0.1221003999999999
0.82185 0.1221003999999999
0.8222 0.1219903
0.82255 0.121754
0.8229 0.1212259
0.82325 0.1157644999999999
0.8236 0.117795
0.82395 0.117795
0.8243 0.1220955
0.82465 0.1225011
0.825 0.1225011
0.82535 0.1225011
0.8257 0.122371
0.82605 0.122371
0.8264 0.1225771
0.82675 0.1226231
0.8271 0.1225771
0.82745 0.1222195
0.8278 0.1206426999999999
0.82815 0.1220551
0.8285 0.1220551
0.82885 0.1220551
0.8292 0.1222807
0.82955 0.1224896999999999
0.8299 0.1224896999999999
0.83025 0.1223898
0.8306 0.1223898
0.83095 0.1224612
0.8313 0.1226463999999999
0.83165 0.1224612
0.832 0.1217338999999999
0.83235 0.1217338999999999
0.8327 0.1209436
0.83305 0.1223137999999999
0.8334 0.1218048
0.83375 0.1218048
0.8341 0.1190855
0.83445 0.1190855
0.8348 0.1190855
0.83515 0.1199344
0.8355 0.1192041
0.83585 0.1192041
0.8362 0.1186026
0.83655 0.1185256
0.8369 0.1179173999999999
0.83725 0.1173672
0.8376 0.1149315
0.83795 0.1138801999999999
0.8383 0.113727
0.83865 0.1135906999999999
0.839 0.1135906999999999
0.83935 0.113625
0.8397 0.1142099999999999
0.84005 0.1143654
0.8404 0.1143654
0.84075 0.1125028
0.8411 0.1109457
0.84145 0.1109457
0.8418 0.1114013
0.84215 0.1114196999999999
0.8425 0.113895
0.84285 0.1162668
0.8432 0.1162668
0.84355 0.1161239
0.8439 0.1150818
0.84425 0.1150818
0.8446 0.1156799
0.84495 0.1158821999999999
0.8453 0.1169066
0.84565 0.1169066
0.846 0.1180761
0.84635 0.118842
0.8467 0.118842
0.84705 0.118805
0.8474 0.1187093
0.84775 0.1186548
0.8481 0.1186548
0.84845 0.1184104
0.8488 0.1190731999999999
0.84915 0.1195805
0.8495 0.1195805
0.84985 0.1193788
0.8502 0.1187775
0.85055 0.1165589
0.8509 0.1165589
0.85125 0.1165589
0.8516 0.1177247
0.85195 0.1172938
0.8523 0.1172938
0.85265 0.1163698999999999
0.853 0.1152673999999999
0.85335 0.1151079
0.8537 0.1144061999999999
0.85405 0.1135351
0.8544 0.1122846
0.85475 0.1115666
0.8551 0.1114686999999999
0.85545 0.1094203
0.8558 0.1094203
0.85615 0.1071936
0.8565 0.1071882
0.85685 0.1062798
0.8572 0.1035511
0.85755 0.1015973999999999
0.8579 0.0945991
0.85825 0.0945991
0.8586 0.0952656
0.85895 0.0952656
0.8593 0.0943878
0.85965 0.0939938
0.86 0.0924093999999999
0.86035 0.0869192
0.8607 0.085418
0.86105 0.0812387
0.8614 0.0799824
0.86175 0.078436
0.8621 0.074603
0.86245 0.074603
0.8628 0.0742446
0.86315 0.0748588
0.8635 0.0743013
0.86385 0.0743013
0.8642 0.067907
0.86455 0.0637929999999999
0.8649 0.067907
0.86525 0.0757303
0.8656 0.0757477
0.86595 0.0797064
0.8663 0.0812058
0.86665 0.0812058
0.867 0.0706766
0.86735 0.0706766
0.8677 0.0725976
0.86805 0.0826924
0.8684 0.0877633999999999
0.86875 0.0888433
0.8691 0.0938515
0.86945 0.0950735
0.8698 0.0950735
0.87015 0.0950735
0.8705 0.0950612
0.87085 0.0905958
0.8712 0.086125
0.87155 0.0905958
0.8719 0.0902496
0.87225 0.1011698
0.8726 0.0920423
0.87295 0.0920423
0.8733 0.0920423
0.87365 0.0985039
0.874 0.1008189
0.87435 0.102876
0.8747 0.102876
0.87505 0.102876
0.8754 0.1049818999999999
0.87575 0.0968373
0.8761 0.1007426
0.87645 0.100038
0.8768 0.100038
0.87715 0.0987016
0.8775 0.0838685
0.87785 0.0838685
0.8782 0.0823684
0.87855 0.0823684
0.8789 0.0966671
0.87925 0.0966671
0.8796 0.065411
0.87995 0.0525983
0.8803 0.0583743
0.88065 0.0525983
0.881 0.046126
0.88135 0.0454143
0.8817 0.0357441
0.88205 0.0243805
0.8824 0.0122322
0.88275 0.0122322
0.8831 0.0121512999999999
0.88345 0.0148257999999999
0.8838 0.011331
0.88415 0.0167592999999999
0.8845 0.0167592999999999
0.88485 0.0225577
0.8852 0.0247549
0.88555 0.0247549
0.8859 0.0224813
0.88625 0.0152459
0.8866 0.0048534999999999
0.88695 0.0033731
0.8873 0.0033731
0.88765 0.0046428
0.888 0.0062301
0.88835 0.0062301
0.8887 0.0099009
0.88905 0.0049267
0.8894 0.0105771
0.88975 0.0104894999999999
0.8901 0.0152222
0.89045 0.0137508999999999
0.8908 0.0137508999999999
0.89115 0.0110054
0.8915 0.0110054
0.89185 0.0166794
0.8922 0.0168907
0.89255 0.0168907
0.8929 0.016952
0.89325 0.016952
0.8936 0.0144444
0.89395 0.012343
0.8943 0.012343
0.89465 0.0132401
0.895 0.0132401
0.89535 0.0114778
0.8957 0.0114778
0.89605 0.0140294999999999
0.8964 0.0180487
0.89675 0.0244414
0.8971 0.0244414
0.89745 0.0279583
0.8978 0.0271404999999999
0.89815 0.0279583
0.8985 0.0271404999999999
0.89885 0.0314293
0.8992 0.0261199999999999
0.89955 0.0236672
0.8999 0.0236672
0.90025 0.0396928
0.9006 0.0398311
0.90095 0.045547
0.9013 0.0495696999999999
0.90165 0.0564653
0.902 0.0564653
0.90235 0.0594308999999999
0.9027 0.0594308999999999
0.90305 0.0620824
0.9034 0.0722038
0.90375 0.0620824
0.9041 0.0747243
0.90445 0.0820959
0.9048 0.0836161
0.90515 0.0836161
0.9055 0.0890833
0.90585 0.0964319
0.9062 0.0964319
0.90655 0.08862
0.9069 0.08862
0.90725 0.090414
0.9076 0.090414
0.90795 0.0956669
0.9083 0.0797123999999999
0.90865 0.0956669
0.909 0.0975943
0.90935 0.0975943
0.9097 0.0843794
0.91005 0.0843794
0.9104 0.0981298999999999
0.91075 0.1010722
0.9111 0.105319
0.91145 0.1060093
0.9118 0.1060093
0.91215 0.1030493999999999
0.9125 0.10225
0.91285 0.10225
0.9132 0.10225
0.91355 0.0903698
0.9139 0.1046646
0.91425 0.1056931
0.9146 0.1084743
0.91495 0.1082395999999999
0.9153 0.1082395999999999
0.91565 0.1011435
0.916 0.1011435
0.91635 0.1034132
0.9167 0.1034132
0.91705 0.1037043999999999
0.9174 0.1094642
0.91775 0.1094642
0.9181 0.1065795
0.91845 0.1065795
0.9188 0.1065795
0.91915 0.1052762999999999
0.9195 0.10223
0.91985 0.1050188999999999
0.9202 0.1050188999999999
0.92055 0.1055173
0.9209 0.1099821
0.92125 0.1055173
0.9216 0.0995942
0.92195 0.0995942
0.9223 0.0776736
0.92265 0.1005843
0.923 0.1115089
0.92335 0.1115089
0.9237 0.1063545
0.92405 0.1063545
0.9244 0.1063545
0.92475 0.1066928
0.9251 0.1047448999999999
0.92545 0.1066928
0.9258 0.1026575
0.92615 0.1026575
0.9265 0.1026575
0.92685 0.0695473
0.9272 0.1019742
0.92755 0.1019742
0.9279 0.1019742
0.92825 0.1056167
0.9286 0.1056167
0.92895 0.1076236
0.9293 0.1104331999999999
0.92965 0.1104331999999999
0.93 0.1016773
0.93035 0.0878434999999999
0.9307 0.0828687999999999
0.93105 0.079516
0.9314 0.079516
0.93175 0.079516
0.9321 0.0920763
0.93245 0.0920763
0.9328 0.0950418
0.93315 0.1049698
0.9335 0.1049698
0.93385 0.0921528
0.9342 0.0899008999999999
0.93455 0.0863916
0.9349 0.0899008999999999
0.93525 0.0863916
0.9356 0.1094
0.93595 0.1039033
0.9363 0.109219
0.93665 0.1039033
0.937 0.1035218
0.93735 0.1035218
0.9377 0.0953445
0.93805 0.08959
0.9384 0.08959
0.93875 0.0906611
0.9391 0.1042231
0.93945 0.1063867999999999
0.9398 0.1063867999999999
0.94015 0.1067061
0.9405 0.0765208999999999
0.94085 0.1101434
0.9412 0.1091942
0.94155 0.1143983
0.9419 0.1148864
0.94225 0.1148864
0.9426 0.1148595
0.94295 0.095943
0.9433 0.095943
0.94365 0.1011154
0.944 0.1011154
0.94435 0.0928643999999999
0.9447 0.0928643999999999
0.94505 0.1088768
0.9454 0.1088768
0.94575 0.1088768
0.9461 0.109998
0.94645 0.109998
0.9468 0.1002251
0.94715 0.1002251
0.9475 0.0958067
0.94785 0.1019099
0.9482 0.1111096999999999
0.94855 0.1123681
0.9489 0.1111096999999999
0.94925 0.0990005
0.9496 0.0990005
0.94995 0.1044601
0.9503 0.1069063999999999
0.95065 0.113394
0.951 0.113394
0.95135 0.1088031
0.9517 0.1088031
0.95205 0.10997
0.9524 0.10997
0.95275 0.1067706999999999
0.9531 0.10594
0.95345 0.10594
0.9538 0.1139661
0.95415 0.1139661
0.9545 0.1130779
0.95485 0.1130779
0.9552 0.1088525
0.95555 0.1123151
0.9559 0.1123151
0.95625 0.1123151
0.9566 0.1116085
0.95695 0.1056762
0.9573 0.1056762
0.95765 0.1126056
0.958 0.1126056
0.95835 0.1123018
0.9587 0.1115863
0.95905 0.1115863
0.9594 0.1050557
0.95975 0.1050557
0.9601 0.1088398
0.96045 0.1088398
0.9608 0.1062479
0.96115 0.1062479
0.9615 0.1062479
0.96185 0.1047383
0.9622 0.1029095
0.96255 0.0938739
0.9629 0.0938739
0.96325 0.0926702
0.9636 0.0926702
0.96395 0.0923192
0.9643 0.0923192
0.96465 0.0923192
0.965 0.090283
0.96535 0.0882063999999999
0.9657 0.0881405
0.96605 0.0849936
0.9664 0.0843718
0.96675 0.0843718
0.9671 0.0803697
0.96745 0.0807927
0.9678 0.0807927
0.96815 0.0870523999999999
0.9685 0.0870523999999999
0.96885 0.0854934
0.9692 0.0826934999999999
0.96955 0.0826585
0.9699 0.0807198
0.97025 0.0736961
0.9706 0.0665508
0.97095 0.0650535
0.9713 0.0665508
0.97165 0.0713608999999999
0.972 0.0753495
0.97235 0.080679
0.9727 0.0808571
0.97305 0.080679
0.9734 0.0790328
0.97375 0.0789682
0.9741 0.0766508
0.97445 0.0789682
0.9748 0.0808004
0.97515 0.0810938
0.9755 0.0812884
0.97585 0.084766
0.9762 0.084766
0.97655 0.0774676
0.9769 0.0696085
0.97725 0.0774676
0.9776 0.0733017
0.97795 0.0733017
0.9783 0.0684289999999999
0.97865 0.0684289999999999
0.979 0.0703284
0.97935 0.0762848
0.9797 0.0762848
0.98005 0.0590698
0.9804 0.0548043
0.98075 0.0548043
0.9811 0.0548043
0.98145 0.0572538999999999
0.9818 0.0572538999999999
0.98215 0.0531173
0.9825 0.0531173
0.98285 0.013597
0.9832 0.0400538
0.98355 0.0400538
0.9839 0.0434467
0.98425 0.044105
0.9846 0.0434467
0.98495 0.0485714
0.9853 0.016607
0.98565 0.0291955999999999
0.986 0.018197
0.98635 0.0291955999999999
0.9867 0.0238859
0.98705 0.0238859
0.9874 0.0238859
0.98775 0.0265997
0.9881 0.0265997
0.98845 0.0008753
0.9888 0.0008753
0.98915 0.0055876999999999
0.9895 0.0278198
0.98985 0.0146886
0.9902 0.0270512999999999
0.99055 0.0146886
0.9909 0.0270512999999999
0.99125 0.0274493
0.9916 0.0291124
0.99195 0.0274493
0.9923 0.0315707999999999
0.99265 0.0315214
0.993 0.0386934
0.99335 0.0362453
0.9937 0.0362453
0.99405 0.0362453
0.9944 0.0362565
0.99475 0.0362565
0.9951 0.0238821
0.99545 0.0238821
0.9958 0.0028497
0.99615 0.033019
0.9965 0.0028497
0.99685 0.0353827
0.9972 0.0353827
0.99755 0.0353827
0.9979 0.0388048
0.99825 0.0275843
0.9986 0.0293964
0.99895 0.0250787
0.9993 0.0250787
