0.3 0.5973869
0.30035 0.5975081
0.3007 0.5976288000000001
0.30105 0.5977491
0.3014 0.5978689
0.30175 0.5979882
0.3021 0.5981069999999999
0.30245 0.5982254
0.3028 0.5983434
0.30315 0.5984608
0.3035 0.5985778
0.30385 0.5986943
0.3042 0.598805
0.30455 0.598915
0.3049 0.5990246
0.30525 0.5991338
0.3056 0.5992425
0.30595 0.5993509
0.3063 0.5994589
0.30665 0.5995664
0.307 0.5996736
0.30735 0.5997803
0.3077 0.5998866999999999
0.30805 0.5999926
0.3084 0.6000982
0.30875 0.6002033
0.3091 0.6003081
0.30945 0.6004124
0.3098 0.6005163
0.31015 0.6006199000000001
0.3105 0.600723
0.31085 0.6008258000000001
0.3112 0.6009281
0.31155 0.6010300999999999
0.3119 0.6011316
0.31225 0.6012335999999999
0.3126 0.6013354000000001
0.31295 0.6014369
0.3133 0.601538
0.31365 0.6016387
0.314 0.601739
0.31435 0.601839
0.3147 0.6019385
0.31505 0.6020376999999999
0.3154 0.6021364
0.31575 0.6022348000000001
0.3161 0.6023328
0.31645 0.6024304
0.3168 0.6025275999999999
0.31715 0.6026244000000001
0.3175 0.6027209
0.31785 0.6028169
0.3182 0.6029126
0.31855 0.6030079
0.3189 0.6031028
0.31925 0.6031973
0.3196 0.6032914
0.31995 0.6033852
0.3203 0.6034785
0.32065 0.6035715
0.321 0.6036640999999999
0.32135 0.6037563
0.3217 0.6038481
0.32205 0.6039396
0.3224 0.6040306
0.32275 0.6041213000000001
0.3231 0.6042116
0.32345 0.6043015
0.3238 0.604391
0.32415 0.6044801
0.3245 0.6045689000000001
0.32485 0.6046571999999999
0.3252 0.6047452
0.32555 0.6048328000000001
0.3259 0.60492
0.32625 0.6050068000000001
0.3266 0.6050933000000001
0.32695 0.6051793000000001
0.3273 0.6052649
0.32765 0.6053502
0.328 0.6054350000000001
0.32835 0.6055193
0.3287 0.605603
0.32905 0.605686
0.3294 0.6057676
0.32975 0.6058451
0.3301 0.6059003000000001
0.33045 0.6059869000000001
0.3308 0.606092
0.33115 0.6061787
0.3315 0.6062616
0.33185 0.6063432
0.3322 0.6064241
0.33255 0.6065043999999999
0.3329 0.6065842
0.33325 0.6066635
0.3336 0.6067425000000001
0.33395 0.606821
0.3343 0.6068992
0.33465 0.6069769
0.335 0.6070543
0.33535 0.6071313
0.3357 0.6072079
0.33605 0.6072841999999999
0.3364 0.60736
0.33675 0.6074354999999999
0.3371 0.6075104
0.33745 0.6075843000000001
0.3378 0.6076577
0.33815 0.6077308000000001
0.3385 0.6078034000000001
0.33885 0.6078756999999999
0.3392 0.6079475000000001
0.33955 0.608019
0.3399 0.6080901
0.34025 0.6081608000000001
0.3406 0.6082310000000001
0.34095 0.6083009
0.3413 0.6083704000000001
0.34165 0.6084395
0.342 0.6085083
0.34235 0.6085765999999999
0.3427 0.6086444999999999
0.34305 0.6087121
0.3434 0.6087792
0.34375 0.608846
0.3441 0.6089123000000001
0.34445 0.6089783000000001
0.3448 0.6090439000000001
0.34515 0.6091091
0.3455 0.6091739
0.34585 0.6092384
0.3462 0.6093024
0.34655 0.6093661
0.3469 0.6094293000000001
0.34725 0.6094921999999999
0.3476 0.6095547
0.34795 0.6096168000000001
0.3483 0.6096785
0.34865 0.6097399
0.349 0.6098008
0.34935 0.6098614
0.3497 0.6099216
0.35005 0.6099814
0.3504 0.6100409000000001
0.35075 0.6100999
0.3511 0.6101585999999999
0.35145 0.6102169
0.3518 0.6102748
0.35215 0.6103323
0.3525 0.6103895
0.35285 0.6104463000000001
0.3532 0.6105027
0.35355 0.6105586999999999
0.3539 0.6106143
0.35425 0.6106695
0.3546 0.6107204
0.35495 0.610775
0.3553 0.6108286999999999
0.35565 0.6108311
0.356 0.6108816
0.35635 0.6109656
0.3567 0.6110029
0.35705 0.6110418000000001
0.3574 0.6111286
0.35775 0.6111346
0.3581 0.6111448
0.35845 0.6112254
0.3588 0.6112306
0.35915 0.6112696999999999
0.3595 0.6112696999999999
0.35985 0.6112696999999999
0.3602 0.6113105
0.36055 0.6113512
0.3609 0.6115103
0.36125 0.6116136999999999
0.3616 0.6116941999999999
0.36195 0.6117697
0.3623 0.6117745
0.36265 0.6118531999999999
0.363 0.6119064999999999
0.36335 0.611955
0.3637 0.6119928000000001
0.36405 0.6120178000000001
0.3644 0.6120899999999999
0.36475 0.6121371
0.3651 0.6121793000000001
0.36545 0.6122137
0.3658 0.6122164000000001
0.36615 0.6122893
0.3665 0.6123418
0.36685 0.6123696
0.3672 0.6124029999999999
0.36755 0.6124564
0.3679 0.6124764
0.36825 0.6124918
0.3686 0.6125213
0.36895 0.6126086
0.3693 0.6126222
0.36965 0.6126665
0.37 0.6126708000000001
0.37035 0.6126708000000001
0.3707 0.6126784000000001
0.37105 0.6126894
0.3714 0.6128134
0.37175 0.6128395000000001
0.3721 0.6128425999999999
0.37245 0.6128425999999999
0.3728 0.6128918999999999
0.37315 0.6129748
0.3735 0.6129748
0.37385 0.6129846
0.3742 0.6130404
0.37455 0.6130404
0.3749 0.6130404
0.37525 0.6128031
0.3756 0.6131254
0.37595 0.6129237
0.3763 0.6131893
0.37665 0.6131759
0.377 0.6132525
0.37735 0.6131759
0.3777 0.6131015000000001
0.37805 0.6131015000000001
0.3784 0.6131061999999999
0.37875 0.6132895
0.3791 0.6131061999999999
0.37945 0.61322
0.3798 0.6131835
0.38015 0.61322
0.3805 0.6134229
0.38085 0.6135145000000001
0.3812 0.6135831
0.38155 0.6135831
0.3819 0.6133774000000001
0.38225 0.6133774000000001
0.3826 0.6134494
0.38295 0.6137775
0.3833 0.6137816999999999
0.38365 0.6138205
0.384 0.613857
0.38435 0.6139583000000001
0.3847 0.6139788
0.38505 0.614013
0.3854 0.6140303
0.38575 0.6140633000000001
0.3861 0.6140786
0.38645 0.6140836
0.3868 0.6141015999999999
0.38715 0.6141154000000001
0.3875 0.614135
0.38785 0.6141398
0.3882 0.6141398
0.38855 0.61412
0.3889 0.614117
0.38925 0.614117
0.3896 0.6142044
0.38995 0.6142044
0.3903 0.6142044
0.39065 0.6142675
0.391 0.6142727
0.39135 0.6142675
0.3917 0.6142591
0.39205 0.6142591
0.3924 0.6142591
0.39275 0.6142713000000001
0.3931 0.6142809
0.39345 0.6143153
0.3938 0.6143153
0.39415 0.6143153
0.3945 0.6141220000000001
0.39485 0.6141220000000001
0.3952 0.6141220000000001
0.39555 0.6140294
0.3959 0.6140281999999999
0.39625 0.6140281999999999
0.3966 0.6140805
0.39695 0.6140805
0.3973 0.6142582
0.39765 0.6141595999999999
0.398 0.6142582
0.39835 0.6143065999999999
0.3987 0.614402
0.39905 0.6143881999999999
0.3994 0.614402
0.39975 0.6145333000000001
0.4001 0.614557
0.40045 0.6145333000000001
0.4008 0.6143987
0.40115 0.6143987
0.4015 0.6146153
0.40185 0.6146153
0.4022 0.6145871
0.40255 0.6145871
0.4029 0.6146066
0.40325 0.6146066
0.4036 0.6146640999999999
0.40395 0.6146640999999999
0.4043 0.614698
0.40465 0.6147223
0.405 0.6147357
0.40535 0.6147642
0.4057 0.6147642
0.40605 0.6146529000000001
0.4064 0.6146529000000001
0.40675 0.614696
0.4071 0.6147838000000001
0.40745 0.6148784
0.4078 0.6149011999999999
0.40815 0.6149214
0.4085 0.6149214
0.40885 0.6149415
0.4092 0.6149715
0.40955 0.6149715
0.4099 0.6149553000000001
0.41025 0.6149553000000001
0.4106 0.6149576999999999
0.41095 0.6149576999999999
0.4113 0.6149766999999999
0.41165 0.6148998999999999
0.412 0.614943
0.41235 0.6148746
0.4127 0.6148746
0.41305 0.614815
0.4134 0.6145539000000001
0.41375 0.6145539000000001
0.4141 0.6148005999999999
0.41445 0.6148005999999999
0.4148 0.6143989000000001
0.41515 0.6139911
0.4155 0.6139595
0.41585 0.6130638
0.4162 0.6130638
0.41655 0.6141523
0.4169 0.6141523
0.41725 0.6136889
0.4176 0.6127305999999999
0.41795 0.6136889
0.4183 0.6146226
0.41865 0.6146226
0.419 0.6143658000000001
0.41935 0.6142839
0.4197 0.6131633000000001
0.42005 0.613777
0.4204 0.613777
0.42075 0.6147663000000001
0.4211 0.6147901
0.42145 0.6147901
0.4218 0.6144235
0.42215 0.6143196999999999
0.4225 0.6143196999999999
0.42285 0.6143196999999999
0.4232 0.6140036
0.42355 0.6125586999999999
0.4239 0.6125586999999999
0.42425 0.6129513000000001
0.4246 0.6129513000000001
0.42495 0.6137796
0.4253 0.6142496000000001
0.42565 0.6142496000000001
0.426 0.6121414000000001
0.42635 0.6121414000000001
0.4267 0.6132203
0.42705 0.6141376999999999
0.4274 0.6142533
0.42775 0.6145107
0.4281 0.6143581
0.42845 0.6143581
0.4288 0.6142496999999999
0.42915 0.6137130999999999
0.4295 0.6139571
0.42985 0.6139571
0.4302 0.6139571
0.43055 0.6141127
0.4309 0.6143831
0.43125 0.6143831
0.4316 0.6143831
0.43195 0.6148100999999999
0.4323 0.6149951
0.43265 0.6149951
0.433 0.615019
0.43335 0.6149755
0.4337 0.6149288
0.43405 0.6147534
0.4344 0.6147904000000001
0.43475 0.6147904000000001
0.4351 0.6147904000000001
0.43545 0.6148026999999999
0.4358 0.6147756999999999
0.43615 0.6146755
0.4365 0.6140840999999999
0.43685 0.6140840999999999
0.4372 0.6142145
0.43755 0.6143666
0.4379 0.6144736
0.43825 0.6144901
0.4386 0.6144901
0.43895 0.6146443
0.4393 0.6141673000000001
0.43965 0.6140728
0.44 0.6136585
0.44035 0.6121524
0.4407 0.6113469
0.44105 0.611557
0.4414 0.6113469
0.44175 0.611236
0.4421 0.611236
0.44245 0.611236
0.4428 0.6128595
0.44315 0.6140116999999999
0.4435 0.6140116999999999
0.44385 0.6118210999999999
0.4442 0.6118210999999999
0.44455 0.6139538
0.4449 0.6139538
0.44525 0.6130108
0.4456 0.6130108
0.44595 0.6131054
0.4463 0.6135507
0.44665 0.6142888000000001
0.447 0.6141916000000001
0.44735 0.614487
0.4477 0.6141916000000001
0.44805 0.614487
0.4484 0.6144706999999999
0.44875 0.6147471999999999
0.4491 0.6148005
0.44945 0.6148005
0.4498 0.6146425999999999
0.45015 0.6146425999999999
0.4505 0.6146425999999999
0.45085 0.6142528
0.4512 0.6135381999999999
0.45155 0.6134768
0.4519 0.6133565
0.45225 0.6134768
0.4526 0.6140104000000001
0.45295 0.6140104000000001
0.4533 0.6141661999999999
0.45365 0.6142199
0.454 0.6142199
0.45435 0.6138126
0.4547 0.6135096999999999
0.45505 0.6138126
0.4554 0.6136541
0.45575 0.6136541
0.4561 0.61321
0.45645 0.61321
0.4568 0.6128713000000001
0.45715 0.6139363
0.4575 0.6138423000000001
0.45785 0.6138423000000001
0.4582 0.6138423000000001
0.45855 0.6136896
0.4589 0.6136705
0.45925 0.6133219
0.4596 0.613084
0.45995 0.6133219
0.4603 0.6136481
0.46065 0.614083
0.461 0.6142086999999999
0.46135 0.6142508000000001
0.4617 0.6143594
0.46205 0.6143885
0.4624 0.6143885
0.46275 0.6144856
0.4631 0.6144856
0.46345 0.6144608
0.4638 0.6144328
0.46415 0.6143611
0.4645 0.614261
0.46485 0.6142032
0.4652 0.6135223000000001
0.46555 0.6135223000000001
0.4659 0.613139
0.46625 0.6130576
0.4666 0.6128170000000001
0.46695 0.6130099
0.4673 0.6128170000000001
0.46765 0.6126176
0.468 0.6118842
0.46835 0.6109889000000001
0.4687 0.6085483
0.46905 0.6085221
0.4694 0.6085221
0.46975 0.6095562
0.4701 0.6097745
0.47045 0.6115801
0.4708 0.6115801
0.47115 0.6119441
0.4715 0.610646
0.47185 0.610646
0.4722 0.6089116
0.47255 0.6089116
0.4729 0.6103373000000001
0.47325 0.6105505
0.4736 0.6113788
0.47395 0.6113788
0.4743 0.6126302
0.47465 0.6104369000000001
0.475 0.6126302
0.47535 0.6087456
0.4757 0.6127036
0.47605 0.6116399
0.4764 0.6116399
0.47675 0.6116399
0.4771 0.6119789000000001
0.47745 0.6129484000000001
0.4778 0.6121318
0.47815 0.6129680999999999
0.4785 0.6127421
0.47885 0.6127421
0.4792 0.6125408
0.47955 0.6124666999999999
0.4799 0.6121938
0.48025 0.6121768
0.4806 0.6120138
0.48095 0.611773
0.4813 0.6115685000000001
0.48165 0.6112291999999999
0.482 0.6104081
0.48235 0.6104081
0.4827 0.610488
0.48305 0.610488
0.4834 0.608954
0.48375 0.6076515
0.4841 0.6064706999999999
0.48445 0.6038373
0.4848 0.6020816
0.48515 0.6020816
0.4855 0.6020816
0.48585 0.6028866
0.4862 0.6045436
0.48655 0.6059244
0.4869 0.6077161999999999
0.48725 0.6077161999999999
0.4876 0.6057285
0.48795 0.6057285
0.4883 0.6091494000000001
0.48865 0.6091494000000001
0.489 0.610705
0.48935 0.6072659
0.4897 0.610705
0.49005 0.6101337
0.4904 0.6101337
0.49075 0.6101337
0.4911 0.6102529999999999
0.49145 0.6109505000000001
0.4918 0.6111428000000001
0.49215 0.6109505000000001
0.4925 0.6103666999999999
0.49285 0.6103666999999999
0.4932 0.61038
0.49355 0.61038
0.4939 0.6118061
0.49425 0.6118061
0.4946 0.6118061
0.49495 0.6121854999999999
0.4953 0.6120671
0.49565 0.6126965999999999
0.496 0.6122883000000001
0.49635 0.6125804
0.4967 0.6124541
0.49705 0.6124541
0.4974 0.6122984
0.49775 0.6122984
0.4981 0.6122314
0.49845 0.6118347
0.4988 0.6118347
0.49915 0.6112659
0.4995 0.6120003
0.49985 0.6112538000000001
0.50055 0.6088918000000001
0.5009 0.6088918000000001
0.50125 0.6098488000000001
0.5016 0.6098488000000001
0.50195 0.6093546999999999
0.5023 0.6089616
0.50265 0.6054911999999999
0.503 0.600612
0.50335 0.6021844
0.5037 0.6021844
0.50405 0.6021844
0.5044 0.6057395000000001
0.50475 0.6079851
0.5051 0.6081701
0.50545 0.6081701
0.5058 0.6065893
0.50615 0.6065893
0.5065 0.6025374
0.50685 0.6042564
0.5072 0.6042564
0.50755 0.6060770999999999
0.5079 0.6060770999999999
0.50825 0.6059724
0.5086 0.6059724
0.50895 0.6059724
0.5093 0.6057281
0.50965 0.6051966
0.51 0.6051966
0.51035 0.6066425
0.5107 0.6072879
0.51105 0.6075254
0.5114 0.6075254
0.51175 0.6075254
0.5121 0.6084153
0.51245 0.6104168000000001
0.5128 0.6104168000000001
0.51315 0.610112
0.5135 0.610112
0.51385 0.610124
0.5142 0.610124
0.51455 0.610124
0.5149 0.6107511999999999
0.51525 0.6118887
0.5156 0.6120831999999999
0.51595 0.6120831999999999
0.5163 0.6120831999999999
0.51665 0.6117988
0.517 0.6122299
0.51735 0.6122289000000001
0.5177 0.6122289000000001
0.51805 0.6122289000000001
0.5184 0.612314
0.51875 0.6123338
0.5191 0.6123338
0.51945 0.611971
0.5198 0.611971
0.52015 0.611971
0.5205 0.6118707
0.52085 0.6118186
0.5212 0.6116357
0.52155 0.6115878
0.5219 0.6111668
0.52225 0.6111635999999999
0.5226 0.6108292
0.52295 0.6104625
0.5233 0.6064271999999999
0.52365 0.6064271999999999
0.524 0.6057227
0.52435 0.6095189999999999
0.5247 0.6095189999999999
0.52505 0.6102209
0.5254 0.6105020999999999
0.52575 0.6110929
0.5261 0.6111426
0.52645 0.6110929
0.5268 0.6093666
0.52715 0.6089718000000001
0.5275 0.6089718000000001
0.52785 0.6089718000000001
0.5282 0.6103472
0.52855 0.6103472
0.5289 0.6090741999999999
0.52925 0.6089711
0.5296 0.6088574999999999
0.52995 0.6088574999999999
0.5303 0.6088574999999999
0.53065 0.6073234000000001
0.531 0.6073234000000001
0.53135 0.6097195
0.5317 0.6097195
0.53205 0.6096848000000001
0.5324 0.6083536999999999
0.53275 0.6083536999999999
0.5331 0.6083536999999999
0.53345 0.60926
0.5338 0.60926
0.53415 0.60926
0.5345 0.6092443000000001
0.53485 0.6087913
0.5352 0.6078704
0.53555 0.6076611999999999
0.5359 0.6066906
0.53625 0.6066906
0.5366 0.6065195999999999
0.53695 0.6052337
0.5373 0.6052337
0.53765 0.6041201
0.538 0.6038539
0.53835 0.6031506
0.5387 0.6020974
0.53905 0.6015427
0.5394 0.6002246
0.53975 0.5988796999999999
0.5401 0.5988796999999999
0.54045 0.5964560999999999
0.5408 0.5947824
0.54115 0.5927146
0.5415 0.5918751
0.54185 0.5895064999999999
0.5422 0.5890453
0.54255 0.5890453
0.5429 0.5893406
0.54325 0.5894877
0.5436 0.589575
0.54395 0.590548
0.5443 0.5931113
0.54465 0.596827
0.545 0.596827
0.54535 0.5979165
0.5457 0.5997228
0.54605 0.5997228
0.5464 0.6006736
0.54675 0.6014369
0.5471 0.6038180999999999
0.54745 0.6043847
0.5478 0.6052095000000001
0.54815 0.6061008000000001
0.5485 0.6064229999999999
0.54885 0.6069191999999999
0.5492 0.6064229999999999
0.54955 0.6069465999999999
0.5499 0.6057488
0.55025 0.6079851
0.5506 0.6079851
0.55095 0.6079851
0.5513 0.6085050000000001
0.55165 0.6067994000000001
0.552 0.6083871
0.55235 0.6080406999999999
0.5527 0.6080406999999999
0.55305 0.6080406999999999
0.5534 0.6083251000000001
0.55375 0.6083251000000001
0.5541 0.6082539
0.55445 0.6081286
0.5548 0.6081286
0.55515 0.6082278
0.5555 0.6082278
0.55585 0.6090392
0.5562 0.6091831999999999
0.55655 0.6091831999999999
0.5569 0.6085068
0.55725 0.6085068
0.5576 0.6092310999999999
0.55795 0.6093013
0.5583 0.6092310999999999
0.55865 0.6093013
0.559 0.6090260999999999
0.55935 0.6094279
0.5597 0.6090260999999999
0.56005 0.6090003
0.5604 0.6090003
0.56075 0.6088441
0.5611 0.6091544
0.56145 0.6092174
0.5618 0.6092174
0.56215 0.6088614999999999
0.5625 0.6088614999999999
0.56285 0.6092559000000001
0.5632 0.6092559000000001
0.56355 0.6084029000000001
0.5639 0.6079303
0.56425 0.6084029000000001
0.5646 0.6080806
0.56495 0.6080806
0.5653 0.608004
0.56565 0.608004
0.566 0.6061964
0.56635 0.6046298999999999
0.5667 0.6046218000000001
0.56705 0.6046298999999999
0.5674 0.6046218000000001
0.56775 0.6037649
0.5681 0.6003885999999999
0.56845 0.6003885999999999
0.5688 0.599634
0.56915 0.6001436
0.5695 0.5970106
0.56985 0.5983469
0.5702 0.5983469
0.57055 0.603271
0.5709 0.603271
0.57125 0.6014596
0.5716 0.6007371
0.57195 0.6014596
0.5723 0.6014953000000001
0.57265 0.6014953000000001
0.573 0.6027273
0.57335 0.5978671
0.5737 0.6000732
0.57405 0.5978671
0.5744 0.5962221999999999
0.57475 0.5962221999999999
0.5751 0.5938696
0.57545 0.5999803000000001
0.5758 0.6000816999999999
0.57615 0.6000816999999999
0.5765 0.5988598
0.57685 0.5971933
0.5772 0.5988598
0.57755 0.6001748
0.5779 0.6008931
0.57825 0.6017988000000001
0.5786 0.6020674
0.57895 0.6027183
0.5793 0.6027183
0.57965 0.6029272
0.58 0.6029526
0.58035 0.6031217
0.5807 0.6040335
0.58105 0.6050569
0.5814 0.6050569
0.58175 0.6054641
0.5821 0.6050876000000001
0.58245 0.6050876000000001
0.5828 0.6050876000000001
0.58315 0.6051483
0.5835 0.6058199000000001
0.58385 0.6058199000000001
0.5842 0.6058199000000001
0.58455 0.6064305999999999
0.5849 0.6064305999999999
0.58525 0.6054143
0.5856 0.6054143
0.58595 0.6054143
0.5863 0.604773
0.58665 0.6047258000000001
0.587 0.6040289000000001
0.58735 0.603978
0.5877 0.6025308000000001
0.58805 0.5993495
0.5884 0.5993495
0.58875 0.5993495
0.5891 0.6004729999999999
0.58945 0.6004729999999999
0.5898 0.5968218000000001
0.59015 0.5968218000000001
0.5905 0.6001575
0.59085 0.6001575
0.5912 0.6001991999999999
0.59155 0.5991494
0.5919 0.599504
0.59225 0.5991494
0.5926 0.599504
0.59295 0.6010184000000001
0.5933 0.6010184000000001
0.59365 0.5987566999999999
0.594 0.5968135
0.59435 0.5842831999999999
0.5947 0.5842831999999999
0.59505 0.596692
0.5954 0.5972614
0.59575 0.5972614
0.5961 0.5972614
0.59645 0.5966305000000001
0.5968 0.5986121999999999
0.59715 0.5986121999999999
0.5975 0.5986121999999999
0.59785 0.596386
0.5982 0.596386
0.59855 0.5985825
0.5989 0.5985825
0.59925 0.5985825
0.5996 0.5987223
0.59995 0.5998593000000001
0.6003 0.5998593000000001
0.60065 0.5965229999999999
0.601 0.5965229999999999
0.60135 0.5997933000000001
0.6017 0.6012771
0.60205 0.6012771
0.6024 0.6026925
0.60275 0.6026925
0.6031 0.6031871999999999
0.60345 0.6043116
0.6038 0.6043116
0.60415 0.6038140000000001
0.6045 0.6038140000000001
0.60485 0.6033771
0.6052 0.6043589
0.60555 0.604122
0.6059 0.604122
0.60625 0.604122
0.6066 0.6037234
0.60695 0.6040965
0.6073 0.6037234
0.60765 0.6037228
0.608 0.6023232
0.60835 0.6023232
0.6087 0.6023078000000001
0.60905 0.6020479999999999
0.6094 0.6018608
0.60975 0.6020479999999999
0.6101 0.6020885
0.61045 0.6020885
0.6108 0.6008836
0.61115 0.6003978
0.6115 0.5990191999999999
0.61185 0.5970909000000001
0.6122 0.594935
0.61255 0.5948626
0.6129 0.5919960999999999
0.61325 0.5885097
0.6136 0.5843587
0.61395 0.5812259
0.6143 0.5784303000000001
0.61465 0.5761121
0.615 0.5750795999999999
0.61535 0.5750401999999999
0.6157 0.5739215
0.61605 0.5714051
0.6164 0.5698504
0.61675 0.5685911
0.6171 0.5649494
0.61745 0.5583151
0.6178 0.5515956
0.61815 0.5515835
0.6185 0.5463679
0.61885 0.5435978
0.6192 0.5420896
0.61955 0.5420896
0.6199 0.5443235
0.62025 0.5480971
0.6206 0.5522653000000001
0.62095 0.5522675
0.6213 0.5545576999999999
0.62165 0.5574531999999999
0.622 0.5625805
0.62235 0.5681866
0.6227 0.5726003000000001
0.62305 0.577041
0.6234 0.5811913000000001
0.62375 0.5814855999999999
0.6241 0.5861116999999999
0.62445 0.589751
0.6248 0.591568
0.62515 0.5944588000000001
0.6255 0.5965984000000001
0.62585 0.5983474
0.6262 0.5993153
0.62655 0.5993153
0.6269 0.5993486
0.62725 0.6005798999999999
0.6276 0.6005798999999999
0.62795 0.601297
0.6283 0.6020285
0.62865 0.6023708999999999
0.629 0.6032969
0.62935 0.6036189000000001
0.6297 0.6038585
0.63005 0.6045741
0.6304 0.6048627
0.63075 0.6048627
0.6311 0.6033238000000001
0.63145 0.6028777
0.6318 0.5977125
0.63215 0.5977125
0.6325 0.6027313
0.63285 0.6029336999999999
0.6332 0.6034685000000001
0.63355 0.6038560000000001
0.6339 0.6042739
0.63425 0.6043987
0.6346 0.6042739
0.63495 0.6034435
0.6353 0.6034435
0.63565 0.6026988
0.636 0.6026988
0.63635 0.6026988
0.6367 0.6014173
0.63705 0.6014173
0.6374 0.6014173
0.63775 0.6006113000000001
0.6381 0.6012869000000001
0.63845 0.6012869000000001
0.6388 0.6012869000000001
0.63915 0.6010594
0.6395 0.6010594
0.63985 0.6018177
0.6402 0.6022374
0.64055 0.6018215
0.6409 0.6018215
0.64125 0.6016351
0.6416 0.6008316
0.64195 0.6008316
0.6423 0.6005043000000001
0.64265 0.6011139
0.643 0.6005043000000001
0.64335 0.6005771
0.6437 0.6003153
0.64405 0.599747
0.6444 0.599747
0.64475 0.5996201999999999
0.6451 0.5996201999999999
0.64545 0.5996201999999999
0.6458 0.5971806
0.64615 0.5917429
0.6465 0.5917429
0.64685 0.5931259
0.6472 0.5968583000000001
0.64755 0.5968583000000001
0.6479 0.5961574000000001
0.64825 0.5946453
0.6486 0.5961574000000001
0.64895 0.5955253
0.6493 0.596222
0.64965 0.5976854
0.65 0.5978061
0.65035 0.5981920000000001
0.6507 0.5978061
0.65105 0.590486
0.6514 0.590486
0.65175 0.590486
0.6521 0.5935227
0.65245 0.5976123999999999
0.6528 0.5976123999999999
0.65315 0.5969087
0.6535 0.5958437
0.65385 0.5969087
0.6542 0.5911458
0.65455 0.5953943
0.6549 0.5953943
0.65525 0.5953943
0.6556 0.5924463000000001
0.65595 0.5923767
0.6563 0.5924463000000001
0.65665 0.593192
0.657 0.5932308000000001
0.65735 0.5932308000000001
0.6577 0.5932308000000001
0.65805 0.5937434
0.6584 0.5937434
0.65875 0.5934281
0.6591 0.5933684
0.65945 0.5933684
0.6598 0.5920526999999999
0.66015 0.5920526999999999
0.6605 0.5935003000000001
0.66085 0.5935003000000001
0.6612 0.5924366999999999
0.66155 0.5919175999999999
0.6619 0.5919175999999999
0.66225 0.5917382
0.6626 0.5907929
0.66295 0.5907278
0.6633 0.5903196999999999
0.66365 0.5902943
0.664 0.5902708000000001
0.66435 0.5902708000000001
0.6647 0.5899324
0.66505 0.5898291999999999
0.6654 0.5885501
0.66575 0.587899
0.6661 0.5870272
0.66645 0.586331
0.6668 0.586331
0.66715 0.5867316
0.6675 0.5868339
0.66785 0.5872448
0.6682 0.5872448
0.66855 0.5880645
0.6689 0.5883348
0.66925 0.5891546999999999
0.6696 0.5905878999999999
0.66995 0.591963
0.6703 0.5927963
0.67065 0.5941177
0.671 0.5941177
0.67135 0.5952335999999999
0.6717 0.5964818000000001
0.67205 0.5975359
0.6724 0.5976409
0.67275 0.5990293999999999
0.6731 0.5998249
0.67345 0.6005946999999999
0.6738 0.6011890000000001
0.67415 0.6016366
0.6745 0.6019770999999999
0.67485 0.6024559
0.6752 0.6035092
0.67555 0.6035092
0.6759 0.6037438
0.67625 0.6039198
0.6766 0.6039198
0.67695 0.6040622
0.6773 0.6040622
0.67765 0.604454
0.678 0.604454
0.67835 0.6036736999999999
0.6787 0.6031084
0.67905 0.6027623000000001
0.6794 0.6027623000000001
0.67975 0.6026199999999999
0.6801 0.6023219
0.68045 0.6020191
0.6808 0.6009770999999999
0.68115 0.5999920999999999
0.6815 0.5999920999999999
0.68185 0.5980932
0.6822 0.5979472
0.68255 0.5972470999999999
0.6829 0.5972470999999999
0.68325 0.597537
0.6836 0.597537
0.68395 0.5969774999999999
0.6843 0.5969774999999999
0.68465 0.5972328
0.685 0.5981246
0.68535 0.5993337
0.6857 0.5995064999999999
0.68605 0.599685
0.6864 0.599685
0.68675 0.5966133000000001
0.6871 0.5966133000000001
0.68745 0.6000359000000001
0.6878 0.6000982
0.68815 0.6003935
0.6885 0.6003935
0.68885 0.5996074
0.6892 0.5996074
0.68955 0.5945007
0.6899 0.6001354
0.69025 0.5996191999999999
0.6906 0.5999371
0.69095 0.5996191999999999
0.6913 0.5989032
0.69165 0.5984286999999999
0.692 0.5966734
0.69235 0.5966488
0.6927 0.5966734
0.69305 0.5958819000000001
0.6934 0.5947684
0.69375 0.5944198
0.6941 0.5944198
0.69445 0.5944198
0.6948 0.5926260999999999
0.69515 0.5928048
0.6955 0.5926260999999999
0.69585 0.5895923000000001
0.6962 0.5895923000000001
0.69655 0.5912536999999999
0.6969 0.5912536999999999
0.69725 0.5903383000000001
0.6976 0.5835020000000001
0.69795 0.5865361
0.6983 0.5854067
0.69865 0.5854067
0.699 0.5826908000000001
0.69935 0.5799605999999999
0.6997 0.5799605999999999
0.70005 0.5696256
0.7004 0.5657496
0.70075 0.5657496
0.7011 0.5686326999999999
0.70145 0.5686326999999999
0.7018 0.5659488
0.70215 0.5644296999999999
0.7025 0.5644296999999999
0.70285 0.5644296999999999
0.7032 0.5694973000000001
0.70355 0.5694973000000001
0.7039 0.5677482
0.70425 0.5677482
0.7046 0.5693395
0.70495 0.5693395
0.7053 0.5693395
0.70565 0.5785321999999999
0.706 0.5785321999999999
0.70635 0.5785321999999999
0.7067 0.5798814
0.70705 0.5798814
0.7074 0.5822424
0.70775 0.5822424
0.7081 0.583246
0.70845 0.5845361
0.7088 0.5861407
0.70915 0.5845361
0.7095 0.5872371999999999
0.70985 0.5874724
0.7102 0.5893145000000001
0.71055 0.5893145000000001
0.7109 0.5903941
0.71125 0.5893935
0.7116 0.5907232
0.71195 0.5918825
0.7123 0.5918825
0.71265 0.5913674
0.713 0.5910624
0.71335 0.5910624
0.7137 0.5913333000000001
0.71405 0.5913333000000001
0.7144 0.5911251000000001
0.71475 0.5874271
0.7151 0.5873681
0.71545 0.5834976
0.7158 0.5782721
0.71615 0.5776104000000001
0.7165 0.5697786
0.71685 0.5589465
0.7172 0.5476691999999999
0.71755 0.5314837
0.7179 0.5314837
0.71825 0.5195890000000001
0.7186 0.5195890000000001
0.71895 0.5121353
0.7193 0.5054019000000001
0.71965 0.5054019000000001
0.72 0.4832739
0.72035 0.4832739
0.7207 0.4862835999999999
0.72105 0.4862835999999999
0.7214 0.4811275
0.72175 0.4779734999999999
0.7221 0.4790795
0.72245 0.4746129
0.7228 0.4738001
0.72315 0.464771
0.7235 0.4326997
0.72385 0.4257562
0.7242 0.4257562
0.72455 0.4038207
0.7249 0.3897917
0.72525 0.3766817
0.7256 0.3584389
0.72595 0.3584389
0.7263 0.3489011
0.72665 0.3350579999999999
0.727 0.3315856
0.72735 0.3323739
0.7277 0.3323739
0.72805 0.3534354
0.7284 0.3784726
0.72875 0.3942682
0.7291 0.4012854
0.72945 0.4018034
0.7298 0.4095716
0.73015 0.4148708
0.7305 0.4225835999999999
0.73085 0.4320806
0.7312 0.456776
0.73155 0.456776
0.7319 0.4684292
0.73225 0.4627170999999999
0.7326 0.4789863
0.73295 0.4787471
0.7333 0.4789863
0.73365 0.5076337000000001
0.734 0.5076337000000001
0.73435 0.5158596
0.7347 0.5318752
0.73505 0.5321866999999999
0.7354 0.5396379
0.73575 0.5396379
0.7361 0.5396379
0.73645 0.5512341
0.7368 0.5512341
0.73715 0.5518449000000001
0.7375 0.5622736999999999
0.73785 0.5641618
0.7382 0.568331
0.73855 0.5720523000000001
0.7389 0.568331
0.73925 0.5756064000000001
0.7396 0.5814866999999999
0.73995 0.5833281
0.7403 0.5862397
0.74065 0.5898829000000001
0.741 0.5898829000000001
0.74135 0.5913555
0.7417 0.5920979999999999
0.74205 0.5942932
0.7424 0.5942932
0.74275 0.5949369000000001
0.7431 0.5966637
0.74345 0.5971852
0.7438 0.5972907
0.74415 0.5973688
0.7445 0.597471
0.74485 0.597471
0.7452 0.5974246
0.74555 0.5974246
0.7459 0.5974246
0.74625 0.5980344
0.7466 0.597962
0.74695 0.597962
0.7473 0.597962
0.74765 0.5975526999999999
0.748 0.5979786
0.74835 0.5979786
0.7487 0.5979786
0.74905 0.5980083
0.7494 0.5978935000000001
0.74975 0.5978935000000001
0.7501 0.5978481
0.75045 0.5976908000000001
0.7508 0.5978481
0.75115 0.5983196999999999
0.7515 0.5983196999999999
0.75185 0.5981673000000001
0.7522 0.5980026999999999
0.75255 0.5978988000000001
0.7529 0.5978988000000001
0.75325 0.5984712
0.7536 0.5984712
0.75395 0.5984712
0.7543 0.5983411999999999
0.75465 0.5980721
0.755 0.5980395000000001
0.75535 0.5979376999999999
0.7557 0.5978799
0.75605 0.5977087
0.7564 0.5974596999999999
0.75675 0.5969728
0.7571 0.5967986
0.75745 0.5954520000000001
0.7578 0.5954520000000001
0.75815 0.5954984
0.7585 0.5954984
0.75885 0.5947840999999999
0.7592 0.5943073
0.75955 0.5918026
0.7599 0.5913577
0.76025 0.5904881999999999
0.7606 0.58943
0.76095 0.58943
0.7613 0.5902765
0.76165 0.5902765
0.762 0.5878382
0.76235 0.5867071999999999
0.7627 0.5861903
0.76305 0.5856988000000001
0.7634 0.5856988000000001
0.76375 0.5855685
0.7641 0.585222
0.76445 0.5840566999999999
0.7648 0.5838988
0.76515 0.5838988
0.7655 0.5843531999999999
0.76585 0.5843531999999999
0.7662 0.5837916999999999
0.76655 0.5837247
0.7669 0.5819566999999999
0.76725 0.5819566999999999
0.7676 0.5830514
0.76795 0.5844431999999999
0.7683 0.5844431999999999
0.76865 0.5837484000000001
0.769 0.5835212
0.76935 0.5835212
0.7697 0.5837277
0.77005 0.5837277
0.7704 0.5833116
0.77075 0.5825014000000001
0.7711 0.5822002
0.77145 0.5820735
0.7718 0.5817188
0.77215 0.5816646
0.7725 0.5797937
0.77285 0.5762133
0.7732 0.5728175
0.77355 0.5728175
0.7739 0.5731424
0.77425 0.5745746
0.7746 0.5745746
0.77495 0.5744001
0.7753 0.5732311999999999
0.77565 0.5710978
0.776 0.5693568
0.77635 0.5682706999999999
0.7767 0.5677508000000001
0.77705 0.5666445
0.7774 0.5651265999999999
0.77775 0.5650141
0.7781 0.5629932
0.77845 0.560983
0.7788 0.5591976
0.77915 0.5570005
0.7795 0.5525855
0.77985 0.5478645999999999
0.7802 0.5421515
0.78055 0.5420096999999999
0.7809 0.5357304
0.78125 0.5342371
0.7816 0.5333912
0.78195 0.5315036
0.7823 0.528435
0.78265 0.5278094
0.783 0.5249024
0.78335 0.5248636
0.7837 0.5179446
0.78405 0.5179446
0.7844 0.5233213
0.78475 0.5358082
0.7851 0.5377962
0.78545 0.5377962
0.7858 0.5350519
0.78615 0.5350010999999999
0.7865 0.5350519
0.78685 0.5350659000000001
0.7872 0.5404999
0.78755 0.5405314999999999
0.7879 0.540582
0.78825 0.5433842
0.7886 0.5437805
0.78895 0.5451338000000001
0.7893 0.5451338000000001
0.78965 0.5469312
0.79 0.5469312
0.79035 0.5450904999999999
0.7907 0.5449673
0.79105 0.5425739
0.7914 0.5389221
0.79175 0.5387143
0.7921 0.5354260999999999
0.79245 0.5297761
0.7928 0.5256867
0.79315 0.5252986
0.7935 0.5252986
0.79385 0.5252986
0.7942 0.5210751
0.79455 0.5209372999999999
0.7949 0.5144227
0.79525 0.5130486
0.7956 0.5101535
0.79595 0.4977659
0.7963 0.4980085999999999
0.79665 0.4963707999999999
0.797 0.4980085999999999
0.79735 0.5006311
0.7977 0.5052827
0.79805 0.5052827
0.7984 0.5096565
0.79875 0.5091344
0.7991 0.5096565
0.79945 0.5164204000000001
0.7998 0.5164204000000001
0.80015 0.520417
0.8005 0.520417
0.80085 0.522522
0.8012 0.522522
0.80155 0.5253741
0.8019 0.5253741
0.80225 0.5253909000000001
0.8026 0.5275848000000001
0.80295 0.5323668
0.8033 0.5323668
0.80365 0.5355844
0.804 0.5361644
0.80435 0.5380100999999999
0.8047 0.5409803000000001
0.80505 0.5437331999999999
0.8054 0.5449054
0.80575 0.5449054
0.8061 0.5449054
0.80645 0.5469025
0.8068 0.5511935
0.80715 0.5544328000000001
0.8075 0.5544328000000001
0.80785 0.5567289000000001
0.8082 0.557822
0.80855 0.5579885
0.8089 0.5579885
0.80925 0.5549710999999999
0.8096 0.5549710999999999
0.80995 0.5589291999999999
0.8103 0.5604218000000001
0.81065 0.5604218000000001
0.811 0.5607289000000001
0.81135 0.5617751999999999
0.8117 0.5620291000000001
0.81205 0.5623448
0.8124 0.5634003000000001
0.81275 0.5672604
0.8131 0.5634003000000001
0.81345 0.5703172
0.8138 0.5703172
0.81415 0.5712102
0.8145 0.5712102
0.81485 0.5324503
0.8152 0.5324503
0.81555 0.5679564
0.8159 0.5704060999999999
0.81625 0.5704060999999999
0.8166 0.5740571999999999
0.81695 0.5712630999999999
0.8173 0.5742976
0.81765 0.5712630999999999
0.818 0.5700775
0.81835 0.5700775
0.8187 0.5715293
0.81905 0.5776247
0.8194 0.5776247
0.81975 0.5776247
0.8201 0.5796650999999999
0.82045 0.5815092
0.8208 0.5815092
0.82115 0.5802626999999999
0.8215 0.5802626999999999
0.82185 0.5802626999999999
0.8222 0.5776654999999999
0.82255 0.5776140999999999
0.8229 0.5681835
0.82325 0.5309963000000001
0.8236 0.5477981
0.82395 0.5477981
0.8243 0.5776868000000001
0.82465 0.583307
0.825 0.5846658
0.82535 0.5846658
0.8257 0.5815847
0.82605 0.5815847
0.8264 0.5838109
0.82675 0.5843550000000001
0.8271 0.5838109
0.82745 0.5790581
0.8278 0.5660879
0.82815 0.5770017
0.8285 0.5770017
0.82885 0.5770017
0.8292 0.5811460999999999
0.82955 0.5821938
0.8299 0.5821938
0.83025 0.5809161
0.8306 0.5809161
0.83095 0.5823729000000001
0.8313 0.5840850999999999
0.83165 0.5823729000000001
0.832 0.5737966
0.83235 0.5737966
0.8327 0.57605
0.83305 0.5831795999999999
0.8334 0.5782182
0.83375 0.5782182
0.8341 0.5607215
0.83445 0.5607215
0.8348 0.5607215
0.83515 0.5692325
0.8355 0.5651155999999999
0.83585 0.5651155999999999
0.8362 0.5616465
0.83655 0.561337
0.8369 0.5570413000000001
0.83725 0.5545691999999999
0.8376 0.5394021999999999
0.83795 0.5350602
0.8383 0.5346152
0.83865 0.5346152
0.839 0.5342541999999999
0.83935 0.5347858
0.8397 0.5370318000000001
0.84005 0.5373445
0.8404 0.5373445
0.84075 0.5198672000000001
0.8411 0.5198672000000001
0.84145 0.519518
0.8418 0.5198693
0.84215 0.5198693
0.8425 0.5349328000000001
0.84285 0.5485238
0.8432 0.5485238
0.84355 0.5477994
0.8439 0.5414413
0.84425 0.5414413
0.8446 0.5434258000000001
0.84495 0.5470129
0.8453 0.5520213
0.84565 0.5547814
0.846 0.5595703000000001
0.84635 0.56409
0.8467 0.56409
0.84705 0.5638846
0.8474 0.5632096999999999
0.84775 0.5632008000000001
0.8481 0.5632008000000001
0.84845 0.5600274000000001
0.8488 0.5654670999999999
0.84915 0.5679316999999999
0.8495 0.5679316999999999
0.84985 0.5673127
0.8502 0.5626035
0.85055 0.5521977
0.8509 0.5521977
0.85125 0.5521977
0.8516 0.5563001000000001
0.85195 0.5548388000000001
0.8523 0.5548388000000001
0.85265 0.5484986999999999
0.853 0.5415564
0.85335 0.5403753000000001
0.8537 0.5375428000000001
0.85405 0.5336034000000001
0.8544 0.522117
0.85475 0.5199501
0.8551 0.5191244
0.85545 0.5043813
0.8558 0.5043813
0.85615 0.4974984999999999
0.8565 0.4924891999999999
0.85685 0.4875749
0.8572 0.4725044
0.85755 0.4612513
0.8579 0.4186646
0.85825 0.4186646
0.8586 0.4197121
0.85895 0.448192
0.8593 0.4197121
0.85965 0.4137814999999999
0.86 0.4048446
0.86035 0.386293
0.8607 0.377971
0.86105 0.3567256
0.8614 0.3471367999999999
0.86175 0.3400452
0.8621 0.3276154
0.86245 0.3276154
0.8628 0.3212884
0.86315 0.3226747
0.8635 0.3226747
0.86385 0.3226747
0.8642 0.2958389999999999
0.86455 0.2710352
0.8649 0.2958389999999999
0.86525 0.3255000999999999
0.8656 0.3294776
0.86595 0.3431035
0.8663 0.3552824
0.86665 0.3552824
0.867 0.3075777
0.86735 0.3075777
0.8677 0.3104217
0.86805 0.3747685999999999
0.8684 0.3873979
0.86875 0.3969948
0.8691 0.4192451
0.86945 0.4248394
0.8698 0.4248394
0.87015 0.4248394
0.8705 0.4230258
0.87085 0.3925787
0.8712 0.3881654
0.87155 0.3925787
0.8719 0.3900652
0.87225 0.4551385
0.8726 0.4014486
0.87295 0.4014486
0.8733 0.4014486
0.87365 0.4310555
0.874 0.4600318
0.87435 0.4604223
0.8747 0.4604223
0.87505 0.4604223
0.8754 0.4751391
0.87575 0.4438265999999999
0.8761 0.4500583999999999
0.87645 0.4500583999999999
0.8768 0.4500583999999999
0.87715 0.438738
0.8775 0.3581731999999999
0.87785 0.3581731999999999
0.8782 0.3399851
0.87855 0.3399851
0.8789 0.4302634
0.87925 0.4302634
0.8796 0.2807118
0.87995 0.1878757999999999
0.8803 0.2453969999999999
0.88065 0.1956881
0.881 0.1956881
0.88135 0.183347
0.8817 0.1565691
0.88205 0.1158948999999999
0.8824 0.0484662
0.88275 0.0484662
0.8831 0.0484662
0.88345 0.0503705999999999
0.8838 0.0487625999999999
0.88415 0.0604718
0.8845 0.0667108999999999
0.88485 0.0952278
0.8852 0.1004143999999999
0.88555 0.1004143999999999
0.8859 0.0890148
0.88625 0.0613093
0.8866 0.0218627
0.88695 0.0147985999999999
0.8873 0.0137627
0.88765 0.0137627
0.888 0.0264776
0.88835 0.0264776
0.8887 0.0397303
0.88905 0.022318
0.8894 0.0468485
0.88975 0.0117396
0.8901 0.0621117
0.89045 0.0555567
0.8908 0.0555567
0.89115 0.0523183
0.8915 0.0523183
0.89185 0.0673166
0.8922 0.0675039
0.89255 0.0673166
0.8929 0.0664794
0.89325 0.0663422
0.8936 0.0538639
0.89395 0.0510228
0.8943 0.0510228
0.89465 0.0547234
0.895 0.0547234
0.89535 0.0514890999999999
0.8957 0.0514890999999999
0.89605 0.0533219
0.8964 0.0609879
0.89675 0.0939383
0.8971 0.0939383
0.89745 0.1057298
0.8978 0.1048532
0.89815 0.117598
0.8985 0.1048532
0.89885 0.107421
0.8992 0.0911011
0.89955 0.1019175
0.8999 0.1019175
0.90025 0.1706477
0.9006 0.1779723
0.90095 0.1940439
0.9013 0.2073324
0.90165 0.2381985999999999
0.902 0.2381985999999999
0.90235 0.2312712999999999
0.9027 0.2312712999999999
0.90305 0.2713315
0.9034 0.3041284999999999
0.90375 0.2713315
0.9041 0.3230609
0.90445 0.3520462
0.9048 0.3737527
0.90515 0.3737527
0.9055 0.3917064
0.90585 0.4303862
0.9062 0.4303862
0.90655 0.3965017
0.9069 0.3965017
0.90725 0.4036951
0.9076 0.4036951
0.90795 0.4378844
0.9083 0.3718167999999999
0.90865 0.4378844
0.909 0.4121778
0.90935 0.4121778
0.9097 0.3741311
0.91005 0.3741311
0.9104 0.4531363
0.91075 0.4531767
0.9111 0.4743488
0.91145 0.478437
0.9118 0.478437
0.91215 0.4710904
0.9125 0.4604435
0.91285 0.4604435
0.9132 0.4604435
0.91355 0.3960310999999999
0.9139 0.4790371
0.91425 0.4832324
0.9146 0.4974234999999999
0.91495 0.4946011999999999
0.9153 0.4946011999999999
0.91565 0.468925
0.916 0.468925
0.91635 0.4738095999999999
0.9167 0.4738095999999999
0.91705 0.4797646
0.9174 0.4991887
0.91775 0.4991887
0.9181 0.4991887
0.91845 0.5022293
0.9188 0.5022293
0.91915 0.4869372
0.9195 0.4669975
0.91985 0.4748792
0.9202 0.4748792
0.92055 0.4827541
0.9209 0.5060688
0.92125 0.4827541
0.9216 0.4559303
0.92195 0.4559303
0.9223 0.3467504
0.92265 0.4599130999999999
0.923 0.5074907999999999
0.92335 0.5074907999999999
0.9237 0.4832767
0.92405 0.4832767
0.9244 0.4832767
0.92475 0.4747605
0.9251 0.4597057
0.92545 0.4747605
0.9258 0.4747340999999999
0.92615 0.4747340999999999
0.9265 0.4747340999999999
0.92685 0.2646862
0.9272 0.4709393
0.92755 0.4709393
0.9279 0.4709393
0.92825 0.4817979
0.9286 0.471286
0.92895 0.4817979
0.9293 0.5026946
0.92965 0.5026946
0.93 0.4717113
0.93035 0.384384
0.9307 0.3522161
0.93105 0.3255759
0.9314 0.3255759
0.93175 0.3255759
0.9321 0.4204083999999999
0.93245 0.4204083999999999
0.9328 0.4330902
0.93315 0.4728456
0.9335 0.4728456
0.93385 0.3772891
0.9342 0.3772891
0.93455 0.3627078
0.9349 0.3966054
0.93525 0.3627078
0.9356 0.4917886999999999
0.93595 0.4417193
0.9363 0.4917886999999999
0.93665 0.4661316
0.937 0.4661316
0.93735 0.4661316
0.9377 0.4365287999999999
0.93805 0.388918
0.9384 0.388918
0.93875 0.4065804
0.9391 0.4658377999999999
0.93945 0.478021
0.9398 0.478021
0.94015 0.4869749
0.9405 0.375426
0.94085 0.5040179
0.9412 0.4953229999999999
0.94155 0.5199399
0.9419 0.5261975999999999
0.94225 0.5301664
0.9426 0.5301664
0.94295 0.4432425
0.9433 0.4432425
0.94365 0.4627555
0.944 0.4627555
0.94435 0.4507287
0.9447 0.4507287
0.94505 0.4908399
0.9454 0.4908399
0.94575 0.4908399
0.9461 0.4993675
0.94645 0.4993675
0.9468 0.4710670999999999
0.94715 0.4465529
0.9475 0.4303495
0.94785 0.4465529
0.9482 0.5040210999999999
0.94855 0.5115429
0.9489 0.5040210999999999
0.94925 0.4707873999999999
0.9496 0.4707873999999999
0.94995 0.4791359999999999
0.9503 0.4809615
0.95065 0.5247809
0.951 0.5247809
0.95135 0.4951518
0.9517 0.4951518
0.95205 0.4995447
0.9524 0.4995447
0.95275 0.48721
0.9531 0.48721
0.95345 0.4900554
0.9538 0.5240779000000001
0.95415 0.5252758000000001
0.9545 0.5252758000000001
0.95485 0.5252758000000001
0.9552 0.4998909000000001
0.95555 0.5129108
0.9559 0.5129108
0.95625 0.5129108
0.9566 0.5104766
0.95695 0.4811412
0.9573 0.4811412
0.95765 0.518584
0.958 0.518584
0.95835 0.518584
0.9587 0.5146407000000001
0.95905 0.5146407000000001
0.9594 0.4775697
0.95975 0.4775697
0.9601 0.4949714
0.96045 0.4949714
0.9608 0.4887479999999999
0.96115 0.4887479999999999
0.9615 0.4887479999999999
0.96185 0.4759425
0.9622 0.4656837
0.96255 0.4249270999999999
0.9629 0.4249270999999999
0.96325 0.4089619
0.9636 0.4089619
0.96395 0.4089619
0.9643 0.4142687
0.96465 0.4142687
0.965 0.4019842
0.96535 0.3968046
0.9657 0.3894707
0.96605 0.3761637
0.9664 0.3701813
0.96675 0.3701813
0.9671 0.3532422
0.96745 0.3591974
0.9678 0.3591974
0.96815 0.3591974
0.9685 0.3750179
0.96885 0.3625369
0.9692 0.3625369
0.96955 0.358587
0.9699 0.3499315999999999
0.97025 0.3169535999999999
0.9706 0.2841931
0.97095 0.2830267
0.9713 0.2841931
0.97165 0.3083127999999999
0.972 0.3169762
0.97235 0.3515595999999999
0.9727 0.3537358
0.97305 0.3515595999999999
0.9734 0.3480074999999999
0.97375 0.3431179
0.9741 0.3299987
0.97445 0.3431179
0.9748 0.3515014999999999
0.97515 0.3515014999999999
0.9755 0.3547987999999999
0.97585 0.379144
0.9762 0.379144
0.97655 0.3348667
0.9769 0.3228453
0.97725 0.3348667
0.9776 0.3202475999999999
0.97795 0.3202475999999999
0.9783 0.2804634
0.97865 0.2804634
0.979 0.3099477
0.97935 0.3254881
0.9797 0.3254881
0.98005 0.229111
0.9804 0.2247126
0.98075 0.2247126
0.9811 0.2247126
0.98145 0.2315587999999999
0.9818 0.2343599
0.98215 0.2315587999999999
0.9825 0.2296087
0.98285 0.0582077
0.9832 0.180366
0.98355 0.1766194999999999
0.9839 0.1772902999999999
0.98425 0.1772902999999999
0.9846 0.1772902999999999
0.98495 0.2002257999999999
0.9853 0.0536778
0.98565 0.0947945
0.986 0.0822088999999999
0.98635 0.0947945
0.9867 0.1018157
0.98705 0.1018157
0.9874 0.1018157
0.98775 0.1085432
0.9881 0.1085432
0.98845 0.0054298
0.9888 0.0054298
0.98915 0.0183523
0.9895 0.109466
0.98985 0.0490011
0.9902 0.1053922
0.99055 0.091496
0.9909 0.1053922
0.99125 0.1083818
0.9916 0.1211218
0.99195 0.1211218
0.9923 0.1211218
0.99265 0.1429579
0.993 0.1563919
0.99335 0.1563919
0.9937 0.1408285
0.99405 0.1380331
0.9944 0.1380331
0.99475 0.1380331
0.9951 0.0821073
0.99545 0.0821073
0.9958 0.0137014999999999
0.99615 0.1292811999999999
0.9965 0.0137014999999999
0.99685 0.1307185
0.9972 0.1307185
0.99755 0.1307185
0.9979 0.1426171
0.99825 0.0838944
0.9986 0.1210018
0.99895 0.0893721
0.9993 0.0893721
