0.3 0.1007706
0.30035 0.1007706
0.3007 0.1007428
0.30105 0.100715
0.3014 0.1006871
0.30175 0.100659
0.3021 0.1006309
0.30245 0.1006026
0.3028 0.1005743
0.30315 0.1005459
0.3035 0.1005172
0.30385 0.1004887
0.3042 0.1004593
0.30455 0.1004297
0.3049 0.1004
0.30525 0.1003703
0.3056 0.1003405
0.30595 0.1003106
0.3063 0.1002806
0.30665 0.1002506
0.307 0.1002205
0.30735 0.1001903
0.3077 0.10016
0.30805 0.1001297
0.3084 0.1000993
0.30875 0.1000688
0.3091 0.1000383
0.30945 0.1000077
0.3098 0.099977
0.31015 0.0999458999999999
0.3105 0.0999154999999999
0.31085 0.0998846999999999
0.3112 0.0998538
0.31155 0.0998228
0.3119 0.0997918
0.31225 0.0997606
0.3126 0.0997293
0.31295 0.0996978999999999
0.3133 0.0996664999999999
0.31365 0.099635
0.314 0.0996035
0.31435 0.0995718999999999
0.3147 0.0995402
0.31505 0.0995086
0.3154 0.0994768
0.31575 0.099445
0.3161 0.0994132
0.31645 0.0993813
0.3168 0.0993493999999999
0.31715 0.0993174
0.3175 0.0992854
0.31785 0.0992533
0.3182 0.0992212
0.31855 0.099189
0.3189 0.0991568
0.31925 0.0991246
0.3196 0.0990923
0.31995 0.09906
0.3203 0.0990276
0.32065 0.0989952
0.321 0.0989627
0.32135 0.0989301
0.3217 0.0988951
0.32205 0.0988648999999999
0.3224 0.0988325
0.32275 0.0987999
0.3231 0.0987672
0.32345 0.0987345
0.3238 0.0987016999999999
0.32415 0.0986688999999999
0.3245 0.098636
0.32485 0.098603
0.3252 0.09857
0.32555 0.0985369
0.3259 0.0985036999999999
0.32625 0.0984704
0.3266 0.0984368
0.32695 0.0984031
0.3273 0.0983691
0.32765 0.0983345
0.328 0.0982993
0.32835 0.0982628
0.3287 0.0982242
0.32905 0.0981814
0.3294 0.0981281
0.32975 0.0980426
0.3301 0.0977527
0.33045 0.0977527
0.3308 0.0979481
0.33115 0.0979483
0.3315 0.0979483
0.33185 0.0979248
0.3322 0.0978973
0.33255 0.0978677
0.3329 0.0978368999999999
0.33325 0.0978054
0.3336 0.0977734
0.33395 0.0977411
0.3343 0.0977087
0.33465 0.097676
0.335 0.0976432
0.33535 0.0976103
0.3357 0.0975774
0.33605 0.0975443999999999
0.3364 0.0975114
0.33675 0.0974783
0.3371 0.0974454
0.33745 0.0974131
0.3378 0.0973807
0.33815 0.0973483999999999
0.3385 0.097316
0.33885 0.0972837
0.3392 0.0972513
0.33955 0.0972189
0.3399 0.0971865
0.34025 0.0971541
0.3406 0.0971217
0.34095 0.0970893
0.3413 0.0970569
0.34165 0.0970245
0.342 0.0969921
0.34235 0.0969597
0.3427 0.0969271999999999
0.34305 0.0968948
0.3434 0.0968623
0.34375 0.0968297
0.3441 0.0967967
0.34445 0.0967603
0.3448 0.0967208
0.34515 0.0966991
0.3455 0.0966676
0.34585 0.0966356
0.3462 0.0966034
0.34655 0.0965712
0.3469 0.0965388999999999
0.34725 0.0965066
0.3476 0.0964743
0.34795 0.0964421
0.3483 0.0964098
0.34865 0.0963776
0.349 0.0963453
0.34935 0.0963131
0.3497 0.0962809
0.35005 0.0962486
0.3504 0.0962164
0.35075 0.0961843
0.3511 0.0961521
0.35145 0.0961199
0.3518 0.0960878
0.35215 0.0960557
0.3525 0.0960236
0.35285 0.0959915
0.3532 0.0959594
0.35355 0.0959273999999999
0.3539 0.0958953
0.35425 0.0958633
0.3546 0.095831
0.35495 0.0957991
0.3553 0.0957671
0.35565 0.0957348
0.356 0.0956928
0.35635 0.0956684999999999
0.3567 0.0956395
0.35705 0.0955858
0.3574 0.0955743
0.35775 0.0955376999999999
0.3581 0.0954984
0.35845 0.0954727
0.3588 0.0954378999999999
0.35915 0.0954135
0.3595 0.0953536999999999
0.35985 0.095315
0.3602 0.0952873
0.36055 0.0952452
0.3609 0.0952344
0.36125 0.0952196
0.3616 0.0951901
0.36195 0.095163
0.3623 0.0951231
0.36265 0.0950969
0.363 0.0950651
0.36335 0.0950326
0.3637 0.0949995
0.36405 0.0949608999999999
0.3644 0.0949355
0.36475 0.0949034
0.3651 0.094871
0.36545 0.0948378
0.3658 0.0947998999999999
0.36615 0.0947717
0.3665 0.0947411
0.36685 0.0947073
0.3672 0.0946743
0.36755 0.0946434999999999
0.3679 0.094609
0.36825 0.0945773999999999
0.3686 0.0945372
0.36895 0.0945145
0.3693 0.0944791
0.36965 0.0944487
0.37 0.0944101
0.37035 0.0943784999999999
0.3707 0.0943309
0.37105 0.0943082
0.3714 0.0942871
0.37175 0.0942484
0.3721 0.0942137
0.37245 0.0941867
0.3728 0.0941388999999999
0.37315 0.0941245
0.3735 0.094085
0.37385 0.0940543
0.3742 0.0940273
0.37455 0.0939891
0.3749 0.0939319
0.37525 0.09393
0.3756 0.0938674
0.37595 0.0938426
0.3763 0.0938039
0.37665 0.0937756999999999
0.377 0.0937621999999999
0.37735 0.0937378
0.3777 0.0936876
0.37805 0.0936488
0.3784 0.0936427
0.37875 0.0935656
0.3791 0.0935529
0.37945 0.0934802
0.3798 0.0934558
0.38015 0.0934558
0.3805 0.0934372
0.38085 0.093422
0.3812 0.0933926
0.38155 0.0933638999999999
0.3819 0.0932934
0.38225 0.0932498
0.3826 0.0932442
0.38295 0.0932442
0.3833 0.0932078
0.38365 0.093185
0.384 0.093146
0.38435 0.0931277
0.3847 0.093096
0.38505 0.0930671
0.3854 0.0930357
0.38575 0.0930058
0.3861 0.0929755
0.38645 0.0929423
0.3868 0.0929133
0.38715 0.0928794999999999
0.3875 0.0928496
0.38785 0.0928216
0.3882 0.092797
0.38855 0.0927596
0.3889 0.0927168
0.38925 0.0926882
0.3896 0.0926753
0.38995 0.0926406
0.3903 0.0925991999999999
0.39065 0.0925892
0.391 0.092557
0.39135 0.0925291
0.3917 0.0924818
0.39205 0.0924665
0.3924 0.092439
0.39275 0.0923815
0.3931 0.0923766
0.39345 0.0923541
0.3938 0.092321
0.39415 0.0922629
0.3945 0.0922577
0.39485 0.0922115
0.3952 0.0921819
0.39555 0.0921745
0.3959 0.0921124
0.39625 0.0920606
0.3966 0.0920572
0.39695 0.0920571
0.3973 0.0919895
0.39765 0.0919879
0.398 0.0919529
0.39835 0.0919442999999999
0.3987 0.0918835
0.39905 0.0918707
0.3994 0.0918636999999999
0.39975 0.0918451
0.4001 0.0918163999999999
0.40045 0.0917904
0.4008 0.09174
0.40115 0.0917048999999999
0.4015 0.0916834
0.40185 0.0916834
0.4022 0.0916167
0.40255 0.0915909999999999
0.4029 0.0915909999999999
0.40325 0.0915595
0.4036 0.0914942
0.40395 0.0914793
0.4043 0.0913406
0.40465 0.0913406
0.405 0.0913883
0.40535 0.0913883
0.4057 0.0913742
0.40605 0.0913387
0.4064 0.0913133999999999
0.40675 0.0912914
0.4071 0.0912725
0.40745 0.0912549
0.4078 0.0912307
0.40815 0.0912055
0.4085 0.0911791999999999
0.40885 0.0911276
0.4092 0.0911018
0.40955 0.0911018
0.4099 0.091071
0.41025 0.0910437
0.4106 0.0910193
0.41095 0.0909928
0.4113 0.0909545
0.41165 0.0909391
0.412 0.0908818
0.41235 0.0908793
0.4127 0.0908479
0.41305 0.0908221
0.4134 0.0907288
0.41375 0.0907288
0.4141 0.0907288
0.41445 0.0907138999999999
0.4148 0.090648
0.41515 0.0905955
0.4155 0.090559
0.41585 0.09026
0.4162 0.09026
0.41655 0.0905008
0.4169 0.0905008
0.41725 0.0903868999999999
0.4176 0.0903508999999999
0.41795 0.0903868999999999
0.4183 0.0903822
0.41865 0.0903822
0.419 0.0903373999999999
0.41935 0.0902668
0.4197 0.0901563
0.42005 0.0900845
0.4204 0.0900845
0.42075 0.0901937
0.4211 0.0901937
0.42145 0.0901872
0.4218 0.0900897
0.42215 0.0900209
0.4225 0.0900209
0.42285 0.0900209
0.4232 0.0899838
0.42355 0.0898248999999999
0.4239 0.0898074
0.42425 0.0898074
0.4246 0.0898074
0.42495 0.0898832
0.4253 0.0898651999999999
0.42565 0.0898651999999999
0.426 0.0895837
0.42635 0.0895837
0.4267 0.0896268
0.42705 0.0897696
0.4274 0.0897197
0.42775 0.0897197
0.4281 0.0897052
0.42845 0.0896478
0.4288 0.0895914999999999
0.42915 0.0894327
0.4295 0.0894973999999999
0.42985 0.0894973999999999
0.4302 0.0894973999999999
0.43055 0.0895011
0.4309 0.0894137
0.43125 0.0894137
0.4316 0.0894137
0.43195 0.0894156999999999
0.4323 0.0894262
0.43265 0.0894262
0.433 0.0893935
0.43335 0.0893743
0.4337 0.089319
0.43405 0.0893131
0.4344 0.08927
0.43475 0.0892588
0.4351 0.0892487
0.43545 0.0892177
0.4358 0.0891918
0.43615 0.0891566
0.4365 0.0890609
0.43685 0.0890466
0.4372 0.0890466
0.43755 0.0890465
0.4379 0.0890178
0.43825 0.0890045
0.4386 0.0890043
0.43895 0.0889541
0.4393 0.0889327
0.43965 0.0888726
0.44 0.0888083
0.44035 0.0886343999999999
0.4407 0.0885501
0.44105 0.0885529
0.4414 0.0885501
0.44175 0.0884819
0.4421 0.0884819
0.44245 0.0884819
0.4428 0.0886156999999999
0.44315 0.0886319
0.4435 0.0886319
0.44385 0.0883376
0.4442 0.0883376
0.44455 0.0885383999999999
0.4449 0.0885383999999999
0.44525 0.0883888
0.4456 0.0883888
0.44595 0.0883893
0.4463 0.088406
0.44665 0.0884462
0.447 0.088406
0.44735 0.0884023
0.4477 0.0883898
0.44805 0.0883825
0.4484 0.0883083
0.44875 0.0883521999999999
0.4491 0.0883201
0.44945 0.0883201
0.4498 0.0882752
0.45015 0.0882666999999999
0.4505 0.0882578
0.45085 0.0881813
0.4512 0.0881026
0.45155 0.0880753
0.4519 0.0880596
0.45225 0.088071
0.4526 0.088071
0.45295 0.088071
0.4533 0.0880493
0.45365 0.0880133999999999
0.454 0.0880133999999999
0.45435 0.087938
0.4547 0.0878943
0.45505 0.0879128999999999
0.4554 0.0878943
0.45575 0.0878434
0.4561 0.0877955
0.45645 0.0877955
0.4568 0.0877201
0.45715 0.0877806
0.4575 0.0877536
0.45785 0.0877536
0.4582 0.0877235
0.45855 0.0877218999999999
0.4589 0.0876845
0.45925 0.0876102
0.4596 0.0875643999999999
0.45995 0.0875971
0.4603 0.0875971
0.46065 0.0876097
0.461 0.0876097
0.46135 0.0875936
0.4617 0.0875866999999999
0.46205 0.0875585
0.4624 0.0875394999999999
0.46275 0.0875368
0.4631 0.0875175
0.46345 0.0874888
0.4638 0.0874733
0.46415 0.087448
0.4645 0.0874091
0.46485 0.0874023999999999
0.4652 0.0872986
0.46555 0.0872986
0.4659 0.0872468999999999
0.46625 0.0871783
0.4666 0.0871602
0.46695 0.0871753
0.4673 0.0871529
0.46765 0.0870466
0.468 0.0869978999999999
0.46835 0.0868853
0.4687 0.0864682
0.46905 0.0862646
0.4694 0.0864682
0.46975 0.0867593
0.4701 0.086773
0.47045 0.0868379
0.4708 0.0868379
0.47115 0.086796
0.4715 0.0867255
0.47185 0.0865041999999999
0.4722 0.0864993
0.47255 0.0865041999999999
0.4729 0.0865433
0.47325 0.0866613999999999
0.4736 0.0867026
0.47395 0.0867026
0.4743 0.0867588
0.47465 0.0864914
0.475 0.0867356
0.47535 0.0857776
0.4757 0.0867356
0.47605 0.0865296
0.4764 0.0865296
0.47675 0.0865296
0.4771 0.0865106
0.47745 0.0866513999999999
0.4778 0.0865343
0.47815 0.0866092
0.4785 0.0865748
0.47885 0.0865748
0.4792 0.0865304
0.47955 0.0865216
0.4799 0.0864707
0.48025 0.0864575
0.4806 0.0864148999999999
0.48095 0.086412
0.4813 0.0863375
0.48165 0.0863196
0.482 0.0861973
0.48235 0.086187
0.4827 0.086187
0.48305 0.0861481
0.4834 0.0859437
0.48375 0.0856513
0.4841 0.0856513
0.48445 0.0853615
0.4848 0.0849407
0.48515 0.0849973
0.4855 0.0849973
0.48585 0.0849973
0.4862 0.0854621
0.48655 0.0855269999999999
0.4869 0.0857174
0.48725 0.0857174
0.4876 0.0851962
0.48795 0.0851962
0.4883 0.0855925
0.48865 0.0855925
0.489 0.0859477
0.48935 0.0855437
0.4897 0.0859477
0.49005 0.0858405
0.4904 0.0858405
0.49075 0.0857508
0.4911 0.0857508
0.49145 0.0857508
0.4918 0.0858498
0.49215 0.0857506
0.4925 0.0856856
0.49285 0.0855437
0.4932 0.0855437
0.49355 0.0855437
0.4939 0.0857066
0.49425 0.0857066
0.4946 0.0857066
0.49495 0.0857406
0.4953 0.0856858
0.49565 0.0857729
0.496 0.0857049999999999
0.49635 0.0857322
0.4967 0.0857067
0.49705 0.0857067
0.4974 0.0856593
0.49775 0.0856442
0.4981 0.0856166999999999
0.49845 0.0855626999999999
0.4988 0.0855626999999999
0.49915 0.0854939
0.4995 0.0855455
0.49985 0.0854939
0.50055 0.0849126
0.5009 0.0849126
0.50125 0.0852538
0.5016 0.0852538
0.50195 0.0851777
0.5023 0.0851386
0.50265 0.0845277
0.503 0.0829679
0.50335 0.0835268999999999
0.5037 0.0835268999999999
0.50405 0.0835268999999999
0.5044 0.0846835
0.50475 0.0848449
0.5051 0.0849094
0.50545 0.0849094
0.5058 0.0848033
0.50615 0.0848033
0.5065 0.0839883
0.50685 0.0840901
0.5072 0.0840901
0.50755 0.0844386999999999
0.5079 0.0844386999999999
0.50825 0.0844386999999999
0.5086 0.0844753
0.50895 0.0844753
0.5093 0.0844393
0.50965 0.0843203999999999
0.51 0.0843203999999999
0.51035 0.0845643999999999
0.5107 0.0846463
0.51105 0.0846463
0.5114 0.0845696
0.51175 0.0845696
0.5121 0.08467
0.51245 0.0849836
0.5128 0.0849836
0.51315 0.0848193
0.5135 0.0848193
0.51385 0.0847847
0.5142 0.0847847
0.51455 0.0847847
0.5149 0.0848016
0.51525 0.0850108
0.5156 0.0850316
0.51595 0.0850316
0.5163 0.0850271
0.51665 0.0849848
0.517 0.085025
0.51735 0.0850105
0.5177 0.0850105
0.51805 0.0850105
0.5184 0.0850112
0.51875 0.0850112
0.5191 0.08501
0.51945 0.0849503
0.5198 0.0849503
0.52015 0.0849503
0.5205 0.0849302
0.52085 0.0849299999999999
0.5212 0.0849036
0.52155 0.0848957
0.5219 0.0848353
0.52225 0.0848308
0.5226 0.0847988
0.52295 0.0847428
0.5233 0.0839201
0.52365 0.0839201
0.524 0.0838304999999999
0.52435 0.0846498999999999
0.5247 0.0846498999999999
0.52505 0.0846918
0.5254 0.0846937
0.52575 0.0846937
0.5261 0.0846895
0.52645 0.0846766
0.5268 0.0845486999999999
0.52715 0.0843824
0.5275 0.0843824
0.52785 0.0843824
0.5282 0.0845891
0.52855 0.0845891
0.5289 0.084392
0.52925 0.0843031
0.5296 0.0842953999999999
0.52995 0.0843031
0.5303 0.0842416999999999
0.53065 0.0840175
0.531 0.0840175
0.53135 0.084381
0.5317 0.084381
0.53205 0.0842976
0.5324 0.0840522
0.53275 0.0841061
0.5331 0.0841061
0.53345 0.0842541999999999
0.5338 0.0842583
0.53415 0.0842615
0.5345 0.0842615
0.53485 0.0841368999999999
0.5352 0.0840789
0.53555 0.0840493
0.5359 0.0839111999999999
0.53625 0.0839111999999999
0.5366 0.0839111999999999
0.53695 0.0836946
0.5373 0.0836946
0.53765 0.0835855
0.538 0.0835664
0.53835 0.0834665
0.5387 0.0832508
0.53905 0.0832123
0.5394 0.083077
0.53975 0.0828203
0.5401 0.0828203
0.54045 0.0823623
0.5408 0.0821081
0.54115 0.0821081
0.5415 0.0816094
0.54185 0.0815924
0.5422 0.0815455
0.54255 0.0815169
0.5429 0.0815455
0.54325 0.0815169
0.5436 0.0815142
0.54395 0.0815142
0.5443 0.0818222
0.54465 0.0824003999999999
0.545 0.0824003999999999
0.54535 0.0825243
0.5457 0.0826419
0.54605 0.0826419
0.5464 0.0824337
0.54675 0.0824337
0.5471 0.0826481999999999
0.54745 0.0830659
0.5478 0.0830659
0.54815 0.0831633999999999
0.5485 0.0832916
0.54885 0.0833573
0.5492 0.0832916
0.54955 0.0833573
0.5499 0.0829462
0.55025 0.0833502
0.5506 0.0833502
0.55095 0.0833502
0.5513 0.0834508
0.55165 0.0831717
0.552 0.0833582
0.55235 0.0833023
0.5527 0.0833023
0.55305 0.0833023
0.5534 0.0832904
0.55375 0.0832904
0.5541 0.0832904
0.55445 0.0831956
0.5548 0.0831783
0.55515 0.0831783
0.5555 0.0831783
0.55585 0.0833719
0.5562 0.083297
0.55655 0.083297
0.5569 0.0831199
0.55725 0.0831199
0.5576 0.0832218
0.55795 0.0832701
0.5583 0.0832218
0.55865 0.0832701
0.559 0.0832469
0.55935 0.083263
0.5597 0.0832469
0.56005 0.0832049
0.5604 0.0832031999999999
0.56075 0.0831583
0.5611 0.0831583
0.56145 0.0831573
0.5618 0.0831544
0.56215 0.0830826
0.5625 0.0830826
0.56285 0.0831385
0.5632 0.0831385
0.56355 0.0830128
0.5639 0.0829633
0.56425 0.0830128
0.5646 0.0829405
0.56495 0.0829405
0.5653 0.0829005
0.56565 0.0829005
0.566 0.0826678
0.56635 0.0823154
0.5667 0.0822372
0.56705 0.0823154
0.5674 0.0822625
0.56775 0.0822625
0.5681 0.0809554
0.56845 0.0809554
0.5688 0.0807628
0.56915 0.0814082
0.5695 0.0806842
0.56985 0.0808888999999999
0.5702 0.0808888999999999
0.57055 0.0822177
0.5709 0.0822177
0.57125 0.0819809
0.5716 0.0816598
0.57195 0.0819692
0.5723 0.0819692
0.57265 0.0819692
0.573 0.0821301
0.57335 0.0807656
0.5737 0.0816713
0.57405 0.0807703999999999
0.5744 0.0807703999999999
0.57475 0.0807703999999999
0.5751 0.0802377
0.57545 0.0816643999999999
0.5758 0.0817831
0.57615 0.0817831
0.5765 0.0813731999999999
0.57685 0.0806771
0.5772 0.0813731999999999
0.57755 0.0815646999999999
0.5779 0.0815646999999999
0.57825 0.0818818
0.5786 0.0817586
0.57895 0.0818418
0.5793 0.0818418
0.57965 0.0818418
0.58 0.0818503999999999
0.58035 0.0817557
0.5807 0.0818598
0.58105 0.0818598
0.5814 0.0818598
0.58175 0.0820198
0.5821 0.0818878
0.58245 0.0818878
0.5828 0.0817411999999999
0.58315 0.0817411999999999
0.5835 0.0817756999999999
0.58385 0.0817756999999999
0.5842 0.0817756999999999
0.58455 0.0818924
0.5849 0.0818924
0.58525 0.0817855
0.5856 0.0817855
0.58595 0.0817855
0.5863 0.0815995
0.58665 0.0815913
0.587 0.0814276999999999
0.58735 0.0813676
0.5877 0.0809841999999999
0.58805 0.0803903
0.5884 0.0803903
0.58875 0.0803903
0.5891 0.0804781
0.58945 0.0804781
0.5898 0.0796538
0.59015 0.0796538
0.5905 0.0804725
0.59085 0.0804725
0.5912 0.0805617
0.59155 0.0805728
0.5919 0.0805751
0.59225 0.0805728
0.5926 0.0806961
0.59295 0.0810866
0.5933 0.0810866
0.59365 0.0803677
0.594 0.0802924999999999
0.59435 0.0791293
0.5947 0.0791293
0.59505 0.0802317999999999
0.5954 0.0802614
0.59575 0.0802614
0.5961 0.0802614
0.59645 0.0800901999999999
0.5968 0.0804314
0.59715 0.0804314
0.5975 0.0804314
0.59785 0.0800026
0.5982 0.0800026
0.59855 0.0803036999999999
0.5989 0.0803036999999999
0.59925 0.0801629
0.5996 0.0801629
0.59995 0.0804533
0.6003 0.0804533
0.60065 0.0796258
0.601 0.0796258
0.60135 0.0801732
0.6017 0.0806423
0.60205 0.0806423
0.6024 0.0810531
0.60275 0.0810531
0.6031 0.0812686
0.60345 0.081414
0.6038 0.081414
0.60415 0.0811716
0.6045 0.0811716
0.60485 0.0809461
0.6052 0.0814193
0.60555 0.0814314
0.6059 0.0814314
0.60625 0.0814314
0.6066 0.0813613999999999
0.60695 0.0814768999999999
0.6073 0.0813613999999999
0.60765 0.0814768999999999
0.608 0.0812613
0.60835 0.0813416999999999
0.6087 0.0812613
0.60905 0.0812679
0.6094 0.0811848999999999
0.60975 0.0812679
0.6101 0.0813916
0.61045 0.0813916
0.6108 0.0812378
0.61115 0.0812068
0.6115 0.0811099
0.61185 0.0809373
0.6122 0.0807474
0.61255 0.0807205
0.6129 0.0804077
0.61325 0.0801247
0.6136 0.0797787
0.61395 0.0794834
0.6143 0.0792533
0.61465 0.0790436
0.615 0.0789598
0.61535 0.0789456
0.6157 0.0788553999999999
0.61605 0.0786293
0.6164 0.0784968
0.61675 0.0783667
0.6171 0.0780706
0.61745 0.0775097
0.6178 0.076942
0.61815 0.0769265
0.6185 0.0765009
0.61885 0.0762722
0.6192 0.076123
0.61955 0.076123
0.6199 0.0763113999999999
0.62025 0.0766186
0.6206 0.0769479
0.62095 0.0769541999999999
0.6213 0.0771249
0.62165 0.0773686
0.622 0.0777925
0.62235 0.0782591
0.6227 0.0786198999999999
0.62305 0.0790138999999999
0.6234 0.0792886999999999
0.62375 0.0793253999999999
0.6241 0.0797886999999999
0.62445 0.0799658
0.6248 0.0801025
0.62515 0.0804448
0.6255 0.0806282
0.62585 0.0807011
0.6262 0.0808019
0.62655 0.0808019
0.6269 0.0808209
0.62725 0.0808882
0.6276 0.0808882
0.62795 0.0810046
0.6283 0.0810153
0.62865 0.0810174
0.629 0.081182
0.62935 0.0812231
0.6297 0.0812333
0.63005 0.0813206
0.6304 0.0813206
0.63075 0.0812459
0.6311 0.0810473
0.63145 0.0808865
0.6318 0.0799308
0.63215 0.0799308
0.6325 0.0807673
0.63285 0.0808461
0.6332 0.0808528
0.63355 0.0810539
0.6339 0.0810998
0.63425 0.081117
0.6346 0.081117
0.63495 0.0809345
0.6353 0.0809345
0.63565 0.0808383999999999
0.636 0.0808345
0.63635 0.0808345
0.6367 0.0804972
0.63705 0.0804972
0.6374 0.0804972
0.63775 0.0801534
0.6381 0.0803016999999999
0.63845 0.0803016999999999
0.6388 0.0803016999999999
0.63915 0.0804462
0.6395 0.0804462
0.63985 0.0807322999999999
0.6402 0.0808173
0.64055 0.0807322999999999
0.6409 0.0807437
0.64125 0.0806837
0.6416 0.0805748999999999
0.64195 0.0805416
0.6423 0.0805416
0.64265 0.0805986
0.643 0.0805986
0.64335 0.0805493
0.6437 0.0802848999999999
0.64405 0.0799563
0.6444 0.0799563
0.64475 0.0799488
0.6451 0.0799488
0.64545 0.0799488
0.6458 0.0793131
0.64615 0.0785524
0.6465 0.0785524
0.64685 0.07919
0.6472 0.0794146999999999
0.64755 0.0794146999999999
0.6479 0.0793248999999999
0.64825 0.0792922
0.6486 0.0793248999999999
0.64895 0.0794709
0.6493 0.0796169
0.64965 0.0799075
0.65 0.0799075
0.65035 0.0800877
0.6507 0.0798868
0.65105 0.0789476
0.6514 0.0789476
0.65175 0.0789476
0.6521 0.0791191
0.65245 0.079772
0.6528 0.079772
0.65315 0.0798553999999999
0.6535 0.0793263
0.65385 0.0798642
0.6542 0.0789491
0.65455 0.0795227
0.6549 0.0795227
0.65525 0.0795227
0.6556 0.0790237
0.65595 0.0789414
0.6563 0.0789414
0.65665 0.0792017
0.657 0.0792017
0.65735 0.0789736
0.6577 0.0789736
0.65805 0.0793382
0.6584 0.0793382
0.65875 0.0793382
0.6591 0.0794581
0.65945 0.0794581
0.6598 0.0789325
0.66015 0.0789325
0.6605 0.0794994
0.66085 0.0794994
0.6612 0.079313
0.66155 0.0792816
0.6619 0.079313
0.66225 0.0792816
0.6626 0.0793434
0.66295 0.079304
0.6633 0.079304
0.66365 0.0792528
0.664 0.079235
0.66435 0.079235
0.6647 0.0793765
0.66505 0.0793765
0.6654 0.0792832
0.66575 0.0791535
0.6661 0.0789281
0.66645 0.0790818
0.6668 0.0790818
0.66715 0.0791306
0.6675 0.0791408
0.66785 0.079157
0.6682 0.079157
0.66855 0.0790966
0.6689 0.0790966
0.66925 0.0792378
0.6696 0.079435
0.66995 0.0795044999999999
0.6703 0.0796047
0.67065 0.0797677
0.671 0.0797677
0.67135 0.0799086
0.6717 0.0800243
0.67205 0.0800243
0.6724 0.0800266
0.67275 0.0801226
0.6731 0.0801781999999999
0.67345 0.0802356
0.6738 0.0804058
0.67415 0.0804145
0.6745 0.0804145
0.67485 0.0804386999999999
0.6752 0.0805935
0.67555 0.0805935
0.6759 0.080612
0.67625 0.0806281
0.6766 0.0806281
0.67695 0.0806323
0.6773 0.0806323
0.67765 0.0806571
0.678 0.0806571
0.67835 0.0805911999999999
0.6787 0.0803922
0.67905 0.0804044
0.6794 0.0804044
0.67975 0.0804443
0.6801 0.0804443
0.68045 0.0804297
0.6808 0.0802097
0.68115 0.0801921
0.6815 0.0801921
0.68185 0.0800593999999999
0.6822 0.0799414
0.68255 0.0799414
0.6829 0.0799414
0.68325 0.0798392
0.6836 0.0798392
0.68395 0.0797598
0.6843 0.0795868
0.68465 0.0795868
0.685 0.0797883
0.68535 0.0801128
0.6857 0.0801293
0.68605 0.0801293
0.6864 0.0800678
0.68675 0.0794347
0.6871 0.0794347
0.68745 0.0798492
0.6878 0.0800116
0.68815 0.0800694
0.6885 0.0800694
0.68885 0.0798659
0.6892 0.0798659
0.68955 0.0790534
0.6899 0.0796968999999999
0.69025 0.0795653
0.6906 0.0796968999999999
0.69095 0.0795653
0.6913 0.0792443999999999
0.69165 0.0791313999999999
0.692 0.0788881999999999
0.69235 0.0788881999999999
0.6927 0.0788888
0.69305 0.0788888
0.6934 0.0787764
0.69375 0.0787764
0.6941 0.0787764
0.69445 0.0788587
0.6948 0.0788052
0.69515 0.0788052
0.6955 0.078786
0.69585 0.078633
0.6962 0.078633
0.69655 0.078797
0.6969 0.078797
0.69725 0.07892
0.6976 0.0782291
0.69795 0.078513
0.6983 0.0783513
0.69865 0.0783513
0.699 0.0781687
0.69935 0.0780008999999999
0.6997 0.0780008999999999
0.70005 0.0772534
0.7004 0.0769898999999999
0.70075 0.0769898999999999
0.7011 0.076969
0.70145 0.076969
0.7018 0.07683
0.70215 0.0767916
0.7025 0.0767916
0.70285 0.0767916
0.7032 0.0769552
0.70355 0.0769552
0.7039 0.076981
0.70425 0.076981
0.7046 0.0770548
0.70495 0.077076
0.7053 0.077079
0.70565 0.0778214
0.706 0.0778214
0.70635 0.0777501999999999
0.7067 0.0777501999999999
0.70705 0.0777501999999999
0.7074 0.077966
0.70775 0.0779478
0.7081 0.077966
0.70845 0.0779888999999999
0.7088 0.0782151
0.70915 0.0779888999999999
0.7095 0.0782276
0.70985 0.0782648999999999
0.7102 0.0785263
0.71055 0.0785263
0.7109 0.078371
0.71125 0.0783672
0.7116 0.078371
0.71195 0.0786973999999999
0.7123 0.0786973999999999
0.71265 0.0785337
0.713 0.0784637
0.71335 0.0784637
0.7137 0.0785608999999999
0.71405 0.0785608999999999
0.7144 0.0784435
0.71475 0.0782963999999999
0.7151 0.0782003999999999
0.71545 0.0780264
0.7158 0.0775608
0.71615 0.0775326
0.7165 0.0768041999999999
0.71685 0.0757485
0.7172 0.0755128
0.71755 0.0745595
0.7179 0.0742121999999999
0.71825 0.0735627
0.7186 0.0735627
0.71895 0.0721536
0.7193 0.0719613
0.71965 0.0719613
0.72 0.0707081
0.72035 0.0707081
0.7207 0.0704953
0.72105 0.0704953
0.7214 0.0704953
0.72175 0.0698505
0.7221 0.0701098
0.72245 0.0697568
0.7228 0.0696572
0.72315 0.0686224
0.7235 0.066028
0.72385 0.0651583
0.7242 0.0651583
0.72455 0.0633904
0.7249 0.0611149999999999
0.72525 0.0611149999999999
0.7256 0.0591024
0.72595 0.0591024
0.7263 0.0586812
0.72665 0.0569636999999999
0.727 0.0553136
0.72735 0.0568054999999999
0.7277 0.0568054999999999
0.72805 0.0585964
0.7284 0.0611327999999999
0.72875 0.0628769
0.7291 0.0634572
0.72945 0.0638165999999999
0.7298 0.0638165999999999
0.73015 0.0643649999999999
0.7305 0.0654807
0.73085 0.0673595
0.7312 0.0684996
0.73155 0.0684996
0.7319 0.0692337
0.73225 0.0687673
0.7326 0.0701874
0.73295 0.0687673
0.7333 0.0701874
0.73365 0.0723696
0.734 0.0723696
0.73435 0.0730533
0.7347 0.0739681
0.73505 0.0742721
0.7354 0.0747763999999999
0.73575 0.0747763999999999
0.7361 0.0747763999999999
0.73645 0.0756198
0.7368 0.0756198
0.73715 0.0756467
0.7375 0.0764614
0.73785 0.0765592
0.7382 0.076911
0.73855 0.0771311
0.7389 0.0770323
0.73925 0.0772554
0.7396 0.0776448999999999
0.73995 0.0778746999999999
0.7403 0.0778746999999999
0.74065 0.0783785
0.741 0.0783785
0.74135 0.0783785
0.7417 0.0784347
0.74205 0.0787001
0.7424 0.0787001
0.74275 0.0787001
0.7431 0.0789491
0.74345 0.0789491
0.7438 0.0788993
0.74415 0.0788145
0.7445 0.0788145
0.74485 0.0790567
0.7452 0.0790567
0.74555 0.0790567
0.7459 0.078782
0.74625 0.0789616
0.7466 0.0789616
0.74695 0.0789616
0.7473 0.0790268
0.74765 0.0789981999999999
0.748 0.0790296
0.74835 0.0790011
0.7487 0.0790011
0.74905 0.0790011
0.7494 0.0790326
0.74975 0.0790326
0.7501 0.0790326
0.75045 0.0789702
0.7508 0.0791835
0.75115 0.0790873999999999
0.7515 0.0791111
0.75185 0.0791111
0.7522 0.0791111
0.75255 0.0791455
0.7529 0.0791455
0.75325 0.0791784
0.7536 0.0791805
0.75395 0.0791805
0.7543 0.0791805
0.75465 0.0792978
0.755 0.079167
0.75535 0.0792688
0.7557 0.0792688
0.75605 0.0792688
0.7564 0.0792679999999999
0.75675 0.0792679999999999
0.7571 0.0791243
0.75745 0.0790316
0.7578 0.0790316
0.75815 0.0790616
0.7585 0.0790616
0.75885 0.0790119
0.7592 0.0789991999999999
0.75955 0.0788215
0.7599 0.0787638999999999
0.76025 0.0787531
0.7606 0.07861
0.76095 0.07861
0.7613 0.0787133999999999
0.76165 0.0787133999999999
0.762 0.0785109
0.76235 0.0784595
0.7627 0.0784291999999999
0.76305 0.0783794
0.7634 0.0783794
0.76375 0.0783381
0.7641 0.0783381
0.76445 0.0782344
0.7648 0.0782266
0.76515 0.0782266
0.7655 0.0782503999999999
0.76585 0.0782503999999999
0.7662 0.0781916999999999
0.76655 0.0781266
0.7669 0.078071
0.76725 0.078071
0.7676 0.078172
0.76795 0.0782657
0.7683 0.0782657
0.76865 0.0782152
0.769 0.0782113999999999
0.76935 0.0782007
0.7697 0.0782007
0.77005 0.0782007
0.7704 0.0781458999999999
0.77075 0.0781419
0.7711 0.0781096
0.77145 0.0780961
0.7718 0.0780827
0.77215 0.0780554
0.7725 0.077942
0.77285 0.0776728
0.7732 0.0774044
0.77355 0.0774044
0.7739 0.0774416
0.77425 0.0775552
0.7746 0.0775552
0.77495 0.0775247
0.7753 0.0774543999999999
0.77565 0.0773005
0.776 0.0771644
0.77635 0.0770716999999999
0.7767 0.0770473
0.77705 0.0769563
0.7774 0.0768403
0.77775 0.0767986
0.7781 0.076682
0.77845 0.0765123
0.7788 0.0763738
0.77915 0.0762111999999999
0.7795 0.0758086
0.77985 0.0754751999999999
0.7802 0.0750373
0.78055 0.075034
0.7809 0.0744725
0.78125 0.0742401999999999
0.7816 0.0741816
0.78195 0.0740483999999999
0.7823 0.074032
0.78265 0.0739934
0.783 0.0737169
0.78335 0.0736851
0.7837 0.0731882
0.78405 0.0731882
0.7844 0.073765
0.78475 0.0744121
0.7851 0.0746491
0.78545 0.0746491
0.7858 0.0744454
0.78615 0.0744034
0.7865 0.0744034
0.78685 0.0744034
0.7872 0.0744863
0.78755 0.0748159
0.7879 0.0748469
0.78825 0.0750546
0.7886 0.0750562
0.78895 0.0751761
0.7893 0.0751761
0.78965 0.0752503
0.79 0.0752503
0.79035 0.0752286
0.7907 0.0751805
0.79105 0.0749628
0.7914 0.0747588
0.79175 0.0747361
0.7921 0.0744529999999999
0.79245 0.0740495
0.7928 0.0737633999999999
0.79315 0.0737633999999999
0.7935 0.0737516
0.79385 0.0737516
0.7942 0.0733774
0.79455 0.0733738
0.7949 0.0727572
0.79525 0.0727023999999999
0.7956 0.0727023999999999
0.79595 0.0717581
0.7963 0.0717581
0.79665 0.0717581
0.797 0.0722458999999999
0.79735 0.0722458999999999
0.7977 0.0722458999999999
0.79805 0.072392
0.7984 0.072485
0.79875 0.0725164
0.7991 0.0726409
0.79945 0.0729385
0.7998 0.0730763999999999
0.80015 0.0731033
0.8005 0.073347
0.80085 0.0735963999999999
0.8012 0.0735963999999999
0.80155 0.0735395
0.8019 0.0735395
0.80225 0.0737789
0.8026 0.0737796
0.80295 0.07418
0.8033 0.07418
0.80365 0.0744407
0.804 0.074498
0.80435 0.0746013
0.8047 0.074858
0.80505 0.0751043
0.8054 0.075167
0.80575 0.075167
0.8061 0.0750507
0.80645 0.0750507
0.8068 0.0754837
0.80715 0.0757878
0.8075 0.0757878
0.80785 0.0760248
0.8082 0.0760304
0.80855 0.0760774999999999
0.8089 0.0760774999999999
0.80925 0.075799
0.8096 0.075799
0.80995 0.0761166
0.8103 0.0762281
0.81065 0.0762281
0.811 0.0762588
0.81135 0.0763435
0.8117 0.0764448
0.81205 0.0765365
0.8124 0.0766641
0.81275 0.0767785
0.8131 0.0766641
0.81345 0.0769773
0.8138 0.0770746
0.81415 0.0770906
0.8145 0.0770906
0.81485 0.0744528
0.8152 0.0744528
0.81555 0.0771313
0.8159 0.0772108
0.81625 0.0772108
0.8166 0.0774294
0.81695 0.0773888
0.8173 0.0774585
0.81765 0.0773888
0.818 0.0773973999999999
0.81835 0.0773973999999999
0.8187 0.0773973999999999
0.81905 0.0776851
0.8194 0.0777356
0.81975 0.0777356
0.8201 0.0777956
0.82045 0.0778516
0.8208 0.0778516
0.82115 0.077926
0.8215 0.0778601
0.82185 0.0778601
0.8222 0.0778117
0.82255 0.0777086
0.8229 0.0774596999999999
0.82325 0.0742308
0.8236 0.0755856999999999
0.82395 0.0755856999999999
0.8243 0.0778536
0.82465 0.0779967
0.825 0.0779967
0.82535 0.0779967
0.8257 0.0779878
0.82605 0.0779878
0.8264 0.0780753
0.82675 0.0780848
0.8271 0.0780753
0.82745 0.0778909
0.8278 0.0771299
0.82815 0.0778193
0.8285 0.0778193
0.82885 0.0778193
0.8292 0.0779105
0.82955 0.0780061
0.8299 0.0780061
0.83025 0.0779461
0.8306 0.0779461
0.83095 0.0779798999999999
0.8313 0.0780633999999999
0.83165 0.0779798999999999
0.832 0.0776704
0.83235 0.0776704
0.8327 0.0772219
0.83305 0.0778936
0.8334 0.0777054
0.83375 0.0777054
0.8341 0.0763793
0.83445 0.0763793
0.8348 0.0763793
0.83515 0.0768493
0.8355 0.0765304
0.83585 0.0765304
0.8362 0.0762635
0.83655 0.0762115
0.8369 0.075951
0.83725 0.0757016
0.8376 0.0746311
0.83795 0.0741696
0.8383 0.0741696
0.83865 0.0740996
0.839 0.0740996
0.83935 0.074171
0.8397 0.0742461
0.84005 0.0743875
0.8404 0.0743875
0.84075 0.0735156999999999
0.8411 0.0729755
0.84145 0.0729755
0.8418 0.0730505
0.84215 0.0730581
0.8425 0.0742053
0.84285 0.0752453999999999
0.8432 0.0752453999999999
0.84355 0.0751735
0.8439 0.0747318
0.84425 0.0747318
0.8446 0.0749833
0.84495 0.0750904
0.8453 0.0755235
0.84565 0.0755235
0.846 0.075998
0.84635 0.0763804999999999
0.8467 0.0764067
0.84705 0.0764004
0.8474 0.0764004
0.84775 0.0762668
0.8481 0.0762668
0.84845 0.0762668
0.8488 0.0765529
0.84915 0.0767746
0.8495 0.0767746
0.84985 0.0765674
0.8502 0.0764323
0.85055 0.0754613
0.8509 0.0754613
0.85125 0.0754613
0.8516 0.0759645
0.85195 0.0757404
0.8523 0.0757404
0.85265 0.0753549999999999
0.853 0.0748878
0.85335 0.0748043
0.8537 0.074474
0.85405 0.07407
0.8544 0.0735424
0.85475 0.0731141
0.8551 0.0730846
0.85545 0.0724881
0.8558 0.0723549999999999
0.85615 0.0713358
0.8565 0.0713358
0.85685 0.0707976
0.8572 0.0696237
0.85755 0.0687529
0.8579 0.0659722
0.85825 0.0659722
0.8586 0.0663011
0.85895 0.0663011
0.8593 0.0654290999999999
0.85965 0.0652178
0.86 0.0644352
0.86035 0.0614725
0.8607 0.0610545999999999
0.86105 0.058707
0.8614 0.0581193
0.86175 0.0573991
0.8621 0.0567129
0.86245 0.0562874
0.8628 0.0562874
0.86315 0.0556582
0.8635 0.0556285999999999
0.86385 0.0556285999999999
0.8642 0.0512052
0.86455 0.0505308
0.8649 0.0512052
0.86525 0.0563103
0.8656 0.0565084
0.86595 0.0586159
0.8663 0.0590077
0.86665 0.0590077
0.867 0.0529629
0.86735 0.0529629
0.8677 0.0552616
0.86805 0.058849
0.8684 0.0619438
0.86875 0.0627973
0.8691 0.0654006
0.86945 0.0656364
0.8698 0.0660781
0.87015 0.0660781
0.8705 0.0660781
0.87085 0.0646733
0.8712 0.0609126999999999
0.87155 0.0646733
0.8719 0.0647273
0.87225 0.0687302
0.8726 0.0654059999999999
0.87295 0.0654059999999999
0.8733 0.0654059999999999
0.87365 0.0682174
0.874 0.0683481
0.87435 0.0698893
0.8747 0.0698893
0.87505 0.0698893
0.8754 0.0707997
0.87575 0.0654216
0.8761 0.0686322
0.87645 0.0680224
0.8768 0.0680224
0.87715 0.0678769999999999
0.8775 0.0634112
0.87785 0.0634112
0.8782 0.0623260999999999
0.87855 0.0623260999999999
0.8789 0.0670205
0.87925 0.0670205
0.8796 0.0500226
0.87995 0.0470611
0.8803 0.0470611
0.88065 0.0469373
0.881 0.0390791999999999
0.88135 0.0385661
0.8817 0.032729
0.88205 0.0243662
0.8824 0.0140639999999999
0.88275 0.0140639999999999
0.8831 0.0140639999999999
0.88345 0.0141817
0.8838 0.0134921
0.88415 0.0141817
0.8845 0.0184417
0.88485 0.02313
0.8852 0.0252945
0.88555 0.0252945
0.8859 0.0228065
0.88625 0.0167005999999999
0.8866 0.0066723
0.88695 0.0049601
0.8873 0.0049601
0.88765 0.0064336
0.888 0.0081631
0.88835 0.0081631
0.8887 0.0121094
0.88905 0.0063395
0.8894 0.0127531
0.88975 0.0130287
0.8901 0.0172964
0.89045 0.0159446
0.8908 0.0161021
0.89115 0.0159446
0.8915 0.0161021
0.89185 0.0176306
0.8922 0.0176306
0.89255 0.0176306
0.8929 0.018185
0.89325 0.018185
0.8936 0.0165171
0.89395 0.0146241
0.8943 0.0146241
0.89465 0.0146761
0.895 0.0146761
0.89535 0.0131688
0.8957 0.0131688
0.89605 0.0159327
0.8964 0.0193147
0.89675 0.0252586
0.8971 0.0252586
0.89745 0.0249723
0.8978 0.0249723
0.89815 0.026202
0.8985 0.026202
0.89885 0.0252444
0.8992 0.0251164
0.89955 0.0251164
0.8999 0.0261623
0.90025 0.0282139
0.9006 0.029935
0.90095 0.0392571999999999
0.9013 0.0409225
0.90165 0.0456663
0.902 0.0456663
0.90235 0.0480647
0.9027 0.0489231
0.90305 0.0489231
0.9034 0.0545726999999999
0.90375 0.0487517
0.9041 0.0565353
0.90445 0.0602528
0.9048 0.0603999
0.90515 0.0605478
0.9055 0.0636196
0.90585 0.0665401
0.9062 0.0665401
0.90655 0.0625776999999999
0.9069 0.0625776999999999
0.90725 0.063691
0.9076 0.063691
0.90795 0.0626308
0.9083 0.0528741999999999
0.90865 0.0626308
0.909 0.0689216
0.90935 0.0689216
0.9097 0.0609774
0.91005 0.0609774
0.9104 0.0645544
0.91075 0.0679123
0.9111 0.0710539
0.91145 0.0708975
0.9118 0.0708975
0.91215 0.069474
0.9125 0.0691336999999999
0.91285 0.0691336999999999
0.9132 0.0691336999999999
0.91355 0.06407
0.9139 0.0701448
0.91425 0.0707813
0.9146 0.0720286999999999
0.91495 0.0718492
0.9153 0.0718492
0.91565 0.0669975
0.916 0.0669975
0.91635 0.0685173
0.9167 0.0685173
0.91705 0.0690279
0.9174 0.0718318
0.91775 0.0718318
0.9181 0.0697885
0.91845 0.0697885
0.9188 0.0697885
0.91915 0.0687368999999999
0.9195 0.0681862
0.91985 0.0687368999999999
0.9202 0.0707169
0.92055 0.0707169
0.9209 0.0726255
0.92125 0.0701377
0.9216 0.0674911
0.92195 0.0674911
0.9223 0.0560586
0.92265 0.0678753
0.923 0.0734949
0.92335 0.0734949
0.9237 0.070824
0.92405 0.070824
0.9244 0.0711525
0.92475 0.0719883
0.9251 0.0711525
0.92545 0.0719883
0.9258 0.0681847
0.92615 0.0681847
0.9265 0.0681847
0.92685 0.0576233
0.9272 0.0661666
0.92755 0.0661666
0.9279 0.0661666
0.92825 0.0704592
0.9286 0.0704592
0.92895 0.0727189
0.9293 0.0727776999999999
0.92965 0.0727776999999999
0.93 0.0667621
0.93035 0.0649573
0.9307 0.0549476999999999
0.93105 0.0597363
0.9314 0.0597363
0.93175 0.0597363
0.9321 0.0628523
0.93245 0.0594215
0.9328 0.0628523
0.93315 0.069767
0.9335 0.069767
0.93385 0.0638457
0.9342 0.0587931
0.93455 0.0587931
0.9349 0.0615423
0.93525 0.0615423
0.9356 0.0712981999999999
0.93595 0.0712981999999999
0.9363 0.0715929999999999
0.93665 0.0715929999999999
0.937 0.0681918
0.93735 0.0681918
0.9377 0.0599316
0.93805 0.0586802
0.9384 0.0586802
0.93875 0.0622471
0.9391 0.0697168
0.93945 0.0700755
0.9398 0.0697168
0.94015 0.0715007
0.9405 0.0511024
0.94085 0.0719978
0.9412 0.0723988999999999
0.94155 0.0743426
0.9419 0.0749103999999999
0.94225 0.0749103999999999
0.9426 0.0746423
0.94295 0.0597799999999999
0.9433 0.0597799999999999
0.94365 0.0647461
0.944 0.0647461
0.94435 0.0530770999999999
0.9447 0.0530770999999999
0.94505 0.0724226999999999
0.9454 0.0724226999999999
0.94575 0.0724226999999999
0.9461 0.0713833
0.94645 0.0713833
0.9468 0.0659687
0.94715 0.0659687
0.9475 0.0659687
0.94785 0.0697382
0.9482 0.0725461
0.94855 0.0732353999999999
0.9489 0.0725461
0.94925 0.0634574
0.9496 0.0634574
0.94995 0.0664101
0.9503 0.0698477
0.95065 0.0742357
0.951 0.0742357
0.95135 0.0711571
0.9517 0.0711571
0.95205 0.0717898999999999
0.9524 0.0717898999999999
0.95275 0.0688836999999999
0.9531 0.0679503
0.95345 0.0679503
0.9538 0.0741003
0.95415 0.0741003
0.9545 0.0735418
0.95485 0.0735418
0.9552 0.0707753999999999
0.95555 0.0733106999999999
0.9559 0.0733106999999999
0.95625 0.0733106999999999
0.9566 0.0730096
0.95695 0.0681727
0.9573 0.0681727
0.95765 0.0737438
0.958 0.0737438
0.95835 0.0735755
0.9587 0.0732492
0.95905 0.0732492
0.9594 0.0686404
0.95975 0.0686404
0.9601 0.0717886
0.96045 0.0717886
0.9608 0.0705873
0.96115 0.0705873
0.9615 0.0705873
0.96185 0.0701488
0.9622 0.0692116
0.96255 0.0617151999999999
0.9629 0.0617151999999999
0.96325 0.0647611
0.9636 0.0647611
0.96395 0.0644875
0.9643 0.0644875
0.96465 0.0644875
0.965 0.0633136
0.96535 0.0620493
0.9657 0.0616192999999999
0.96605 0.0599708
0.9664 0.0598739
0.96675 0.0596736999999999
0.9671 0.0572776
0.96745 0.0577821
0.9678 0.0577821
0.96815 0.0615968
0.9685 0.0615968
0.96885 0.0609669
0.9692 0.0600821
0.96955 0.0595563
0.9699 0.0584868
0.97025 0.0551086
0.9706 0.0511881999999999
0.97095 0.0503816999999999
0.9713 0.0511881999999999
0.97165 0.0538663
0.972 0.0563018
0.97235 0.0585925
0.9727 0.0585925
0.97305 0.0570836
0.9734 0.0558197
0.97375 0.0570836
0.9741 0.0558197
0.97445 0.0571383
0.9748 0.0585213
0.97515 0.0586553999999999
0.9755 0.0591871999999999
0.97585 0.0604024
0.9762 0.0604024
0.97655 0.0578386
0.9769 0.0512687999999999
0.97725 0.0578386
0.9776 0.0528109
0.97795 0.0542518
0.9783 0.0528109
0.97865 0.0517243
0.979 0.0517243
0.97935 0.0574161
0.9797 0.0574161
0.98005 0.0498883
0.9804 0.045831
0.98075 0.045831
0.9811 0.045831
0.98145 0.0475311
0.9818 0.0475311
0.98215 0.0437320999999999
0.9825 0.0437320999999999
0.98285 0.0107248999999999
0.9832 0.0379538
0.98355 0.0379538
0.9839 0.0388
0.98425 0.0393042
0.9846 0.0388
0.98495 0.041266
0.9853 0.0224347999999999
0.98565 0.0281557
0.986 0.0212373
0.98635 0.0281557
0.9867 0.0208504
0.98705 0.0246492
0.9874 0.0246492
0.98775 0.0249634
0.9881 0.0249634
0.98845 0.0015220999999999
0.9888 0.0015220999999999
0.98915 0.0084705
0.9895 0.0272450999999999
0.98985 0.0191117999999999
0.9902 0.0226361
0.99055 0.0191117999999999
0.9909 0.0226361
0.99125 0.0249169
0.9916 0.0286922
0.99195 0.0286922
0.9923 0.0319512999999999
0.99265 0.0361143
0.993 0.0361143
0.99335 0.0353824
0.9937 0.0340751
0.99405 0.0340751
0.9944 0.0352966
0.99475 0.0352966
0.9951 0.0249862
0.99545 0.0249862
0.9958 0.0039272
0.99615 0.0281522999999999
0.9965 0.0039272
0.99685 0.0281522999999999
0.9972 0.0355321
0.99755 0.0355321
0.9979 0.0371880999999999
0.99825 0.0299813
0.9986 0.0322511
0.99895 0.0284419
0.9993 0.0284419
