0.3 0.0620196
0.30035 0.0620196
0.3007 0.0619870999999999
0.30105 0.0619526
0.3014 0.0619165999999999
0.30175 0.0618791999999999
0.3021 0.0618398
0.30245 0.061796
0.3028 0.0617418
0.30315 0.0616529
0.3035 0.0615874
0.30385 0.0615874
0.3042 0.0615874
0.30455 0.0615776999999999
0.3049 0.0615481
0.30525 0.061515
0.3056 0.0614799
0.30595 0.0614438999999999
0.3063 0.0614072
0.30665 0.0613699
0.307 0.0613322
0.30735 0.0612939
0.3077 0.061255
0.30805 0.0612150999999999
0.3084 0.0611735
0.30875 0.0611293
0.3091 0.0610789
0.30945 0.0610141999999999
0.3098 0.0609099
0.31015 0.0608036999999999
0.3105 0.0608036999999999
0.31085 0.0608456
0.3112 0.0608456
0.31155 0.0608221
0.3119 0.0607913
0.31225 0.060757
0.3126 0.0607206
0.31295 0.0606832
0.3133 0.060645
0.31365 0.0606063
0.314 0.0605670999999999
0.31435 0.0605275999999999
0.3147 0.0604877
0.31505 0.0604476
0.3154 0.0604072
0.31575 0.0603665
0.3161 0.0603255
0.31645 0.0602841999999999
0.3168 0.0602425
0.31715 0.0602005
0.3175 0.060158
0.31785 0.0601151
0.3182 0.0600718
0.31855 0.0600276999999999
0.3189 0.059983
0.31925 0.0599371
0.3196 0.05989
0.31995 0.0598406999999999
0.3203 0.0597876999999999
0.32065 0.0597273
0.321 0.0596485
0.32135 0.0595056
0.3217 0.0593795999999999
0.32205 0.0593795999999999
0.3224 0.0594469
0.32275 0.0594469
0.3231 0.0594118
0.32345 0.0593673
0.3238 0.0593178
0.32415 0.0592651999999999
0.3245 0.0592098
0.32485 0.0591511
0.3252 0.0590899
0.32555 0.0590251
0.3259 0.0589561
0.32625 0.0588818999999999
0.3266 0.0588010999999999
0.32695 0.0587135
0.3273 0.0586138
0.32765 0.0584996999999999
0.328 0.0583695
0.32835 0.0582105
0.3287 0.0580184999999999
0.32905 0.0577695
0.3294 0.0574122
0.32975 0.0569137
0.3301 0.0562363
0.33045 0.0562363
0.3308 0.0568165999999999
0.33115 0.0572164999999999
0.3315 0.0574736999999999
0.33185 0.0576389999999999
0.3322 0.0577504999999999
0.33255 0.0578243
0.3329 0.0578781999999999
0.33325 0.0579123
0.3336 0.0579357
0.33395 0.0579474
0.3343 0.0579511
0.33465 0.0579511
0.335 0.0579447
0.33535 0.0579345
0.3357 0.0579214
0.33605 0.0579065
0.3364 0.0578881
0.33675 0.0578688
0.3371 0.0578481
0.33745 0.0578268
0.3378 0.0578043
0.33815 0.0577803999999999
0.3385 0.0577559999999999
0.33885 0.0577303
0.3392 0.057704
0.33955 0.0576765
0.3399 0.0576483
0.34025 0.0576187
0.3406 0.0575877
0.34095 0.0575550999999999
0.3413 0.0575204
0.34165 0.0574828
0.342 0.0574411999999999
0.34235 0.057394
0.3427 0.0573384
0.34305 0.05727
0.3434 0.0571831
0.34375 0.0570584
0.3441 0.0568461
0.34445 0.0563722
0.3448 0.0563722
0.34515 0.0566529
0.3455 0.0568345
0.34585 0.0569101
0.3462 0.0569420999999999
0.34655 0.0569545
0.3469 0.0569545
0.34725 0.0569479
0.3476 0.0569352
0.34795 0.0569185
0.3483 0.056899
0.34865 0.0568773
0.349 0.0568539
0.34935 0.0568289
0.3497 0.0568031999999999
0.35005 0.0567766999999999
0.3504 0.0567492
0.35075 0.0567215
0.3511 0.0566929999999999
0.35145 0.0566641999999999
0.3518 0.0566352
0.35215 0.0566057
0.3525 0.056576
0.35285 0.0565461
0.3532 0.056516
0.35355 0.0564857
0.3539 0.0564552
0.35425 0.0564246
0.3546 0.0563937
0.35495 0.0563629
0.3553 0.0563319
0.35565 0.0563003
0.356 0.0562626999999999
0.35635 0.0562363
0.3567 0.056207
0.35705 0.056147
0.3574 0.0561431
0.35775 0.0561075
0.3581 0.0560701
0.35845 0.0560436
0.3588 0.0560099
0.35915 0.0559832
0.3595 0.0559186
0.35985 0.0558894999999999
0.3602 0.0558539999999999
0.36055 0.0558153
0.3609 0.0557895
0.36125 0.0557881
0.3616 0.0557565
0.36195 0.0557283
0.3623 0.055687
0.36265 0.0556611
0.363 0.0556281999999999
0.36335 0.0555945
0.3637 0.0555608
0.36405 0.0555184999999999
0.3644 0.0554945
0.36475 0.0554611999999999
0.3651 0.0554275999999999
0.36545 0.0553928999999999
0.3658 0.0553544999999999
0.36615 0.0553244
0.3665 0.0552924999999999
0.36685 0.0552572
0.3672 0.0552228
0.36755 0.0551901999999999
0.3679 0.0551543
0.36825 0.0551208
0.3686 0.0550794999999999
0.36895 0.0550543999999999
0.3693 0.0550169
0.36965 0.054985
0.37 0.0549423
0.37035 0.0549119
0.3707 0.0548649
0.37105 0.0548382
0.3714 0.0548125
0.37175 0.0547718
0.3721 0.0547334
0.37245 0.0547061
0.3728 0.0546598
0.37315 0.0546382
0.3735 0.0545905
0.37385 0.0545639
0.3742 0.0545293
0.37455 0.0544886999999999
0.3749 0.0544286999999999
0.37525 0.0544209
0.3756 0.0543575
0.37595 0.0543473
0.3763 0.0542855
0.37665 0.0542423999999999
0.377 0.0542423999999999
0.37735 0.0542135999999999
0.3777 0.0541644
0.37805 0.0541209
0.3784 0.0541059
0.37875 0.0540187
0.3791 0.0539906999999999
0.37945 0.0539227
0.3798 0.0539034
0.38015 0.0539034
0.3805 0.0538639
0.38085 0.0538521999999999
0.3812 0.0538172
0.38155 0.0537818
0.3819 0.0537071
0.38225 0.0536596
0.3826 0.053658
0.38295 0.0536388
0.3833 0.0535896999999999
0.38365 0.0535669
0.384 0.0535182
0.38435 0.0534952
0.3847 0.0534557
0.38505 0.0534202
0.3854 0.0533811
0.38575 0.0533424999999999
0.3861 0.0533048999999999
0.38645 0.0532628
0.3868 0.0532246999999999
0.38715 0.053182
0.3875 0.0531409
0.38785 0.0531043999999999
0.3882 0.0530702
0.38855 0.0530233
0.3889 0.0529656999999999
0.38925 0.0529178
0.3896 0.0529003
0.38995 0.0528514
0.3903 0.0528019
0.39065 0.0527763
0.391 0.0527284
0.39135 0.0526868
0.3917 0.0526233
0.39205 0.0525878
0.3924 0.0525459
0.39275 0.0524773
0.3931 0.0524431
0.39345 0.0524013
0.3938 0.0523459
0.39415 0.0522639
0.3945 0.0522404
0.39485 0.0521631999999999
0.3952 0.0521173
0.39555 0.0520735
0.3959 0.0519769
0.39625 0.0518978
0.3966 0.0518575
0.39695 0.0518215
0.3973 0.0517343
0.39765 0.0516750999999999
0.398 0.0515815
0.39835 0.0515555
0.3987 0.0514236
0.39905 0.0513654999999999
0.3994 0.0513304999999999
0.39975 0.0512512
0.4001 0.0511681
0.40045 0.0510791
0.4008 0.0509620999999999
0.40115 0.0507766
0.4015 0.0506651
0.40185 0.0506651
0.4022 0.0504407
0.40255 0.0503705
0.4029 0.0501803
0.40325 0.0499315
0.4036 0.0495772
0.40395 0.0491971
0.4043 0.0476948
0.40465 0.0476948
0.405 0.0488821999999999
0.40535 0.0493411
0.4057 0.0496023
0.40605 0.0497823
0.4064 0.0499216
0.40675 0.0500156
0.4071 0.0500858
0.40745 0.0501425
0.4078 0.050183
0.40815 0.0502142
0.4085 0.0502142
0.40885 0.0502376999999999
0.4092 0.0502773
0.40955 0.050294
0.4099 0.0503005
0.41025 0.0503140999999999
0.4106 0.0503226
0.41095 0.0503226
0.4113 0.0503270999999999
0.41165 0.0503156
0.412 0.0503266
0.41235 0.0503171
0.4127 0.0503194999999999
0.41305 0.0503171
0.4134 0.0502509
0.41375 0.0502509
0.4141 0.0502875999999999
0.41445 0.0502875999999999
0.4148 0.0502389
0.41515 0.0502138
0.4155 0.0501722
0.41585 0.0497112
0.4162 0.0497112
0.41655 0.0501412
0.4169 0.0501412
0.41725 0.0500810999999999
0.4176 0.0500629
0.41795 0.0500527
0.4183 0.0500527
0.41865 0.0500527
0.419 0.0500474
0.41935 0.0499688
0.4197 0.0498894
0.42005 0.0496914
0.4204 0.0496914
0.42075 0.0498707
0.4211 0.0499103
0.42145 0.0498707
0.4218 0.0497621999999999
0.42215 0.0496955
0.4225 0.0496955
0.42285 0.0497075
0.4232 0.0497075
0.42355 0.0495580999999999
0.4239 0.0495486
0.42425 0.0495486
0.4246 0.0495486
0.42495 0.0496245
0.4253 0.0496074
0.42565 0.0496074
0.426 0.049316
0.42635 0.049316
0.4267 0.0493607
0.42705 0.0495153
0.4274 0.0494666999999999
0.42775 0.0494666999999999
0.4281 0.0494375
0.42845 0.0493481999999999
0.4288 0.0492929
0.42915 0.0490164
0.4295 0.0491574
0.42985 0.0491574
0.4302 0.0491574
0.43055 0.0492008
0.4309 0.0490168
0.43125 0.0490476
0.4316 0.0490431999999999
0.43195 0.0490476
0.4323 0.0491139
0.43265 0.0491139
0.433 0.0490714
0.43335 0.0490534
0.4337 0.0489792
0.43405 0.0489712
0.4344 0.0489164
0.43475 0.0489155
0.4351 0.0489064
0.43545 0.0488768
0.4358 0.0488336
0.43615 0.0487993
0.4365 0.0486934
0.43685 0.048661
0.4372 0.0486623
0.43755 0.048661
0.4379 0.0486321
0.43825 0.0486124
0.4386 0.0486109
0.43895 0.0485566
0.4393 0.0485379
0.43965 0.0484369
0.44 0.0483688
0.44035 0.0481834
0.4407 0.0481193
0.44105 0.0481193
0.4414 0.0481175
0.44175 0.0480385
0.4421 0.0480385
0.44245 0.0480385
0.4428 0.0481737
0.44315 0.0481575999999999
0.4435 0.0481575999999999
0.44385 0.0477899
0.4442 0.0477899
0.44455 0.0480273
0.4449 0.0480273
0.44525 0.0477847
0.4456 0.0477847
0.44595 0.0478339999999999
0.4463 0.0478688
0.44665 0.0478810999999999
0.447 0.0478688
0.44735 0.0478299
0.4477 0.0478061999999999
0.44805 0.0478061999999999
0.4484 0.0476611999999999
0.44875 0.0477767
0.4491 0.0477178
0.44945 0.0477178
0.4498 0.0476654
0.45015 0.0476555
0.4505 0.047643
0.45085 0.0475322
0.4512 0.0474414
0.45155 0.04743
0.4519 0.0473851
0.45225 0.0474198
0.4526 0.0474111999999999
0.45295 0.0474111999999999
0.4533 0.0473841
0.45365 0.0473314
0.454 0.0473314
0.45435 0.0472297
0.4547 0.0471906999999999
0.45505 0.0472048
0.4554 0.0471906999999999
0.45575 0.047052
0.4561 0.0470265
0.45645 0.047052
0.4568 0.0469083
0.45715 0.0470117
0.4575 0.0469775
0.45785 0.0469775
0.4582 0.0469404999999999
0.45855 0.0469359
0.4589 0.0468931999999999
0.45925 0.0467876
0.4596 0.0467171
0.45995 0.0467604
0.4603 0.0467604
0.46065 0.0467709
0.461 0.0467709
0.46135 0.0467486
0.4617 0.0467351
0.46205 0.0466856
0.4624 0.0466579
0.46275 0.046652
0.4631 0.0466339999999999
0.46345 0.0465796
0.4638 0.0465518
0.46415 0.0465294
0.4645 0.0464716
0.46485 0.0464693
0.4652 0.0463123
0.46555 0.0463123
0.4659 0.0462483
0.46625 0.0461338
0.4666 0.0461236
0.46695 0.0461236
0.4673 0.046093
0.46765 0.0458473999999999
0.468 0.0458238
0.46835 0.0457121999999999
0.4687 0.0451354
0.46905 0.0445869
0.4694 0.0451354
0.46975 0.045694
0.4701 0.045694
0.47045 0.0456955
0.4708 0.0456584
0.47115 0.0456184
0.4715 0.0455529
0.47185 0.0452906
0.4722 0.0448994
0.47255 0.0450345
0.4729 0.0450345
0.47325 0.045452
0.4736 0.0454848
0.47395 0.045452
0.4743 0.045513
0.47465 0.0451354
0.475 0.0455037
0.47535 0.0430211999999999
0.4757 0.0455037
0.47605 0.0451407
0.4764 0.0451407
0.47675 0.0451407
0.4771 0.0450508
0.47745 0.0453525
0.4778 0.0451644999999999
0.47815 0.0452761
0.4785 0.0452398
0.47885 0.0452398
0.4792 0.0451735
0.47955 0.0451401
0.4799 0.0451109
0.48025 0.0450409
0.4806 0.0450239
0.48095 0.045
0.4813 0.0449263
0.48165 0.0448311999999999
0.482 0.0447126
0.48235 0.0446552
0.4827 0.0446552
0.48305 0.0445527
0.4834 0.0442437
0.48375 0.0439205
0.4841 0.0439205
0.48445 0.0436052
0.4848 0.0428026
0.48515 0.0431060999999999
0.4855 0.0431060999999999
0.48585 0.0431060999999999
0.4862 0.0436775
0.48655 0.0436775
0.4869 0.0439661
0.48725 0.0439661
0.4876 0.0430715
0.48795 0.0430715
0.4883 0.0433478
0.48865 0.0437742
0.489 0.0442537
0.48935 0.0437742
0.4897 0.0442537
0.49005 0.0440628
0.4904 0.0440628
0.49075 0.0437857
0.4911 0.0437857
0.49145 0.0437857
0.4918 0.0439827
0.49215 0.0437368
0.4925 0.0436959
0.49285 0.0432268
0.4932 0.0432268
0.49355 0.0432515999999999
0.4939 0.0434623
0.49425 0.0434623
0.4946 0.0434623
0.49495 0.0436168
0.4953 0.0435357
0.49565 0.0436973
0.496 0.0435916
0.49635 0.0436281
0.4967 0.0435916
0.49705 0.0435879
0.4974 0.0435043
0.49775 0.0433843
0.4981 0.0433175
0.49845 0.043232
0.4988 0.043232
0.49915 0.0432433
0.4995 0.0432433
0.49985 0.0432388
0.50055 0.0418476999999999
0.5009 0.0418476999999999
0.50125 0.0427879
0.5016 0.0427879
0.50195 0.0426578
0.5023 0.0425948
0.50265 0.0416957
0.503 0.0373871999999999
0.50335 0.0391854
0.5037 0.0391854
0.50405 0.0391854
0.5044 0.0419545
0.50475 0.0419545
0.5051 0.0421904
0.50545 0.0421904
0.5058 0.0421798
0.50615 0.0421798
0.5065 0.0410059
0.50685 0.0406173
0.5072 0.0406173
0.50755 0.0412018
0.5079 0.0412018
0.50825 0.0412018
0.5086 0.041447
0.50895 0.041447
0.5093 0.0413873
0.50965 0.0412352
0.51 0.0412352
0.51035 0.0415702
0.5107 0.0416922
0.51105 0.0416922
0.5114 0.0415114
0.51175 0.0415114
0.5121 0.0416274
0.51245 0.0422182
0.5128 0.0422182
0.51315 0.0417458
0.5135 0.0417458
0.51385 0.041739
0.5142 0.041739
0.51455 0.041739
0.5149 0.0416445
0.51525 0.0420553
0.5156 0.0421806
0.51595 0.0421806
0.5163 0.0421328
0.51665 0.0420963
0.517 0.0421003
0.51735 0.0420963
0.5177 0.0420928
0.51805 0.0420928
0.5184 0.042094
0.51875 0.042116
0.5191 0.042116
0.51945 0.0419991999999999
0.5198 0.0419991999999999
0.52015 0.0419991999999999
0.5205 0.0419911
0.52085 0.0419713
0.5212 0.0419463
0.52155 0.0419258
0.5219 0.0418116999999999
0.52225 0.0417986999999999
0.5226 0.0417785
0.52295 0.041688
0.5233 0.0399916
0.52365 0.0399916
0.524 0.0399613
0.52435 0.0415226999999999
0.5247 0.0415226999999999
0.52505 0.0415226999999999
0.5254 0.0415330999999999
0.52575 0.0414551
0.5261 0.041366
0.52645 0.0413294
0.5268 0.0412389
0.52715 0.0409091
0.5275 0.0409091
0.52785 0.0409091
0.5282 0.0411384
0.52855 0.0411384
0.5289 0.0408563
0.52925 0.040768
0.5296 0.0404961
0.52995 0.040768
0.5303 0.0404270999999999
0.53065 0.0402075999999999
0.531 0.0402075999999999
0.53135 0.0406414
0.5317 0.0406414
0.53205 0.0403320999999999
0.5324 0.039918
0.53275 0.0401678
0.5331 0.0401678
0.53345 0.0403148
0.5338 0.040353
0.53415 0.040353
0.5345 0.0403413
0.53485 0.0400897
0.5352 0.0400365
0.53555 0.0400209
0.5359 0.0398079999999999
0.53625 0.0398079999999999
0.5366 0.0398079999999999
0.53695 0.0395046
0.5373 0.0395046
0.53765 0.0393766
0.538 0.0393467
0.53835 0.0391966
0.5387 0.0388083
0.53905 0.0387946999999999
0.5394 0.0387205
0.53975 0.038327
0.5401 0.038327
0.54045 0.0376098
0.5408 0.0372183
0.54115 0.0372183
0.5415 0.0365594
0.54185 0.0365594
0.5422 0.0365594
0.54255 0.0363834
0.5429 0.0364761999999999
0.54325 0.0363571999999999
0.5436 0.0363571999999999
0.54395 0.0363571999999999
0.5443 0.0365073
0.54465 0.0372618
0.545 0.0372618
0.54535 0.0377068
0.5457 0.0376486999999999
0.54605 0.0376486999999999
0.5464 0.0366921999999999
0.54675 0.0366921999999999
0.5471 0.0366921999999999
0.54745 0.0377181999999999
0.5478 0.0376832
0.54815 0.0377181999999999
0.5485 0.0379995
0.54885 0.0380625999999999
0.5492 0.0379995
0.54955 0.0379683
0.5499 0.0371594
0.55025 0.0377221
0.5506 0.0377221
0.55095 0.0377221
0.5513 0.0377741
0.55165 0.037627
0.552 0.0376076
0.55235 0.037513
0.5527 0.037513
0.55305 0.037513
0.5534 0.0374481
0.55375 0.0374481
0.5541 0.0374258
0.55445 0.037154
0.5548 0.037154
0.55515 0.037154
0.5555 0.0370018
0.55585 0.0373853
0.5562 0.0371709999999999
0.55655 0.0371709999999999
0.5569 0.0367325
0.55725 0.0367325
0.5576 0.0368964
0.55795 0.0370176999999999
0.5583 0.0368964
0.55865 0.0370147
0.559 0.036943
0.55935 0.036943
0.5597 0.0369032
0.56005 0.0368236999999999
0.5604 0.0367565
0.56075 0.0366623
0.5611 0.0366623
0.56145 0.0366138
0.5618 0.0365443
0.56215 0.0365239
0.5625 0.0364783
0.56285 0.0364501
0.5632 0.0364501
0.56355 0.0362645
0.5639 0.0362517
0.56425 0.0361806
0.5646 0.0360640999999999
0.56495 0.0360640999999999
0.5653 0.0359356
0.56565 0.0359356
0.566 0.0357688
0.56635 0.0351359
0.5667 0.0350995999999999
0.56705 0.0351359
0.5674 0.0352849
0.56775 0.0352849
0.5681 0.0324647
0.56845 0.0324647
0.5688 0.0326505999999999
0.56915 0.034063
0.5695 0.0326505999999999
0.56985 0.0321122
0.5702 0.0321122
0.57055 0.0348856
0.5709 0.0348856
0.57125 0.0347
0.5716 0.0343681999999999
0.57195 0.0346002
0.5723 0.0346002
0.57265 0.0346002
0.573 0.0344758
0.57335 0.032643
0.5737 0.0341647
0.57405 0.0328565
0.5744 0.0328565
0.57475 0.0328565
0.5751 0.0311923
0.57545 0.0339631999999999
0.5758 0.0339962
0.57615 0.0339962
0.5765 0.0335266
0.57685 0.0319446
0.5772 0.033507
0.57755 0.033507
0.5779 0.033507
0.57825 0.0337413
0.5786 0.0333166
0.57895 0.0334666
0.5793 0.0334608
0.57965 0.0334608
0.58 0.0332679
0.58035 0.0332649999999999
0.5807 0.0327963
0.58105 0.0327963
0.5814 0.0331274
0.58175 0.0332074
0.5821 0.0331274
0.58245 0.032978
0.5828 0.0325523
0.58315 0.0325523
0.5835 0.0325364
0.58385 0.0325839999999999
0.5842 0.0325839999999999
0.58455 0.0325839999999999
0.5849 0.032496
0.58525 0.032496
0.5856 0.0325112
0.58595 0.0325112
0.5863 0.0323453
0.58665 0.0323374
0.587 0.0321058
0.58735 0.0319753
0.5877 0.0314037
0.58805 0.0299486
0.5884 0.0299486
0.58875 0.0296750999999999
0.5891 0.0296750999999999
0.58945 0.0296750999999999
0.5898 0.0273092
0.59015 0.0273092
0.5905 0.0306026
0.59085 0.0306026
0.5912 0.03076
0.59155 0.03076
0.5919 0.0311985
0.59225 0.0311985
0.5926 0.0313293
0.59295 0.031851
0.5933 0.031851
0.59365 0.0310621
0.594 0.0295182
0.59435 0.0276464
0.5947 0.0276464
0.59505 0.0306359
0.5954 0.0306359
0.59575 0.0303899
0.5961 0.0303899
0.59645 0.0305406999999999
0.5968 0.0311977
0.59715 0.0311977
0.5975 0.0311977
0.59785 0.030486
0.5982 0.030486
0.59855 0.0306251
0.5989 0.0306251
0.59925 0.0303577
0.5996 0.0303577
0.59995 0.0310827999999999
0.6003 0.0310827999999999
0.60065 0.0281858
0.601 0.0281858
0.60135 0.0304491
0.6017 0.0316262
0.60205 0.0316262
0.6024 0.0322531999999999
0.60275 0.0322531999999999
0.6031 0.0326881
0.60345 0.0326881
0.6038 0.0326881
0.60415 0.0321944
0.6045 0.0321944
0.60485 0.0312707
0.6052 0.032888
0.60555 0.0329236999999999
0.6059 0.0329236999999999
0.60625 0.0329236999999999
0.6066 0.0328713
0.60695 0.0330078
0.6073 0.0328713
0.60765 0.0330518
0.608 0.0327955
0.60835 0.0330736
0.6087 0.0327955
0.60905 0.032971
0.6094 0.0328250999999999
0.60975 0.032971
0.6101 0.0332234
0.61045 0.0332234
0.6108 0.0331647
0.61115 0.0330791999999999
0.6115 0.0330791999999999
0.61185 0.0329714
0.6122 0.0328753
0.61255 0.0327935
0.6129 0.0324789
0.61325 0.0323105
0.6136 0.0321574
0.61395 0.0319394999999999
0.6143 0.0318354
0.61465 0.0316838
0.615 0.0316279
0.61535 0.0316187
0.6157 0.0315659
0.61605 0.0313932
0.6164 0.031329
0.61675 0.0311574
0.6171 0.0310190999999999
0.61745 0.0306497
0.6178 0.0302408
0.61815 0.0301649999999999
0.6185 0.0299580999999999
0.61885 0.0298282
0.6192 0.0296816
0.61955 0.0296816
0.6199 0.0298255999999999
0.62025 0.0300423
0.6206 0.0302489
0.62095 0.0302629999999999
0.6213 0.0303397999999999
0.62165 0.0305524999999999
0.622 0.0308512999999999
0.62235 0.0311762
0.6227 0.0314247999999999
0.62305 0.0317256
0.6234 0.0317558
0.62375 0.031836
0.6241 0.0323478
0.62445 0.0323478
0.6248 0.0325701
0.62515 0.0328027
0.6255 0.0328027
0.62585 0.0329106
0.6262 0.0330272
0.62655 0.0330272
0.6269 0.0330656
0.62725 0.0331332
0.6276 0.0331332
0.62795 0.0332736999999999
0.6283 0.0331145999999999
0.62865 0.0332736999999999
0.629 0.0333886
0.62935 0.0333975
0.6297 0.0334393
0.63005 0.0335221999999999
0.6304 0.0335221999999999
0.63075 0.0332355
0.6311 0.0331455
0.63145 0.0325242
0.6318 0.0307531
0.63215 0.0307531
0.6325 0.0326742
0.63285 0.0327264
0.6332 0.0326742
0.63355 0.0329313
0.6339 0.0329313
0.63425 0.0331237
0.6346 0.0331237
0.63495 0.0328374
0.6353 0.0328374
0.63565 0.0328374
0.636 0.0328073
0.63635 0.0328073
0.6367 0.032247
0.63705 0.032247
0.6374 0.032247
0.63775 0.0308534
0.6381 0.0313435
0.63845 0.0313435
0.6388 0.0313435
0.63915 0.0320146
0.6395 0.0320146
0.63985 0.0326429
0.6402 0.0328445999999999
0.64055 0.0328445999999999
0.6409 0.032556
0.64125 0.0324998
0.6416 0.0324553
0.64195 0.0320178
0.6423 0.0320178
0.64265 0.0326102
0.643 0.0326102
0.64335 0.0324957
0.6437 0.0314499
0.64405 0.0303351
0.6444 0.0303351
0.64475 0.0308993
0.6451 0.0308993
0.64545 0.0308993
0.6458 0.0274962
0.64615 0.0260127
0.6465 0.0260127
0.64685 0.028303
0.6472 0.0289014
0.64755 0.0289014
0.6479 0.0288010999999999
0.64825 0.0288010999999999
0.6486 0.0292437
0.64895 0.0300514
0.6493 0.0304464999999999
0.64965 0.0315027
0.65 0.0315027
0.65035 0.0318699
0.6507 0.0309529
0.65105 0.0279706999999999
0.6514 0.0279706999999999
0.65175 0.0279706999999999
0.6521 0.0285465
0.65245 0.0309012999999999
0.6528 0.0309012999999999
0.65315 0.0309814
0.6535 0.0288426
0.65385 0.0315997
0.6542 0.0286098
0.65455 0.0306700999999999
0.6549 0.0306700999999999
0.65525 0.0306700999999999
0.6556 0.0288243
0.65595 0.0282129
0.6563 0.0282129
0.65665 0.0299904
0.657 0.0299904
0.65735 0.0281495
0.6577 0.0281495
0.65805 0.0305508
0.6584 0.0305508
0.65875 0.0305508
0.6591 0.031011
0.65945 0.031011
0.6598 0.0288745
0.66015 0.0288745
0.6605 0.0311565
0.66085 0.0311565
0.6612 0.030179
0.66155 0.030179
0.6619 0.0305482
0.66225 0.0306185
0.6626 0.0311014999999999
0.66295 0.0309048
0.6633 0.0309048
0.66365 0.0307278
0.664 0.0307278
0.66435 0.0309250999999999
0.6647 0.0313426
0.66505 0.0313426
0.6654 0.0313093
0.66575 0.0311311
0.6661 0.0304582999999999
0.66645 0.0309834
0.6668 0.0309834
0.66715 0.0311594
0.6675 0.0311594
0.66785 0.0311937999999999
0.6682 0.0310477
0.66855 0.030312
0.6689 0.030312
0.66925 0.0309345
0.6696 0.0311954999999999
0.66995 0.0311954999999999
0.6703 0.0315330999999999
0.67065 0.0316668
0.671 0.0316668
0.67135 0.0318936
0.6717 0.0318093
0.67205 0.0318093
0.6724 0.0318093
0.67275 0.0318305
0.6731 0.0318380999999999
0.67345 0.0319127
0.6738 0.0322024999999999
0.67415 0.0321814
0.6745 0.0321814
0.67485 0.0321814
0.6752 0.0323886
0.67555 0.0323886
0.6759 0.0324093
0.67625 0.0323886
0.6766 0.0323886
0.67695 0.0323886
0.6773 0.0323892999999999
0.67765 0.032431
0.678 0.0323892999999999
0.67835 0.0323834
0.6787 0.031856
0.67905 0.031944
0.6794 0.031944
0.67975 0.0321975
0.6801 0.0321975
0.68045 0.0321802
0.6808 0.0315890999999999
0.68115 0.0315890999999999
0.6815 0.0315890999999999
0.68185 0.0318485
0.6822 0.0315835
0.68255 0.0315835
0.6829 0.0315835
0.68325 0.0311939
0.6836 0.0311939
0.68395 0.0311872999999999
0.6843 0.0305129
0.68465 0.0305129
0.685 0.0309952999999999
0.68535 0.0316796
0.6857 0.0316834
0.68605 0.0316834
0.6864 0.0314484
0.68675 0.0301668
0.6871 0.0301668
0.68745 0.0307697
0.6878 0.031313
0.68815 0.0312403999999999
0.6885 0.0312403999999999
0.68885 0.0309462
0.6892 0.0309462
0.68955 0.0285770999999999
0.6899 0.0303802
0.69025 0.0300829
0.6906 0.0303802
0.69095 0.0300829
0.6913 0.0285815
0.69165 0.0280589999999999
0.692 0.0265611
0.69235 0.0265611
0.6927 0.0268846999999999
0.69305 0.0268846999999999
0.6934 0.0267582999999999
0.69375 0.0267582999999999
0.6941 0.0267582999999999
0.69445 0.0273481
0.6948 0.0280265999999999
0.69515 0.0280265999999999
0.6955 0.0277027
0.69585 0.0277027
0.6962 0.0280762
0.69655 0.028335
0.6969 0.028335
0.69725 0.0289707
0.6976 0.0276476
0.69795 0.029
0.6983 0.0287825999999999
0.69865 0.0287825999999999
0.699 0.0286459999999999
0.69935 0.0286459999999999
0.6997 0.0286459999999999
0.70005 0.0261452999999999
0.7004 0.026113
0.70075 0.026113
0.7011 0.0271979
0.70145 0.0271979
0.7018 0.0269166
0.70215 0.0269166
0.7025 0.0269166
0.70285 0.0261040999999999
0.7032 0.0261040999999999
0.70355 0.0262653
0.7039 0.0273734
0.70425 0.0265221
0.7046 0.0269810999999999
0.70495 0.0265221
0.7053 0.0269810999999999
0.70565 0.028033
0.706 0.028033
0.70635 0.0269050999999999
0.7067 0.0269050999999999
0.70705 0.0269050999999999
0.7074 0.0273514999999999
0.70775 0.0262987
0.7081 0.0273514999999999
0.70845 0.0262987
0.7088 0.0268877
0.70915 0.0262473
0.7095 0.0268877
0.70985 0.0270096999999999
0.7102 0.0282449
0.71055 0.0282449
0.7109 0.0260769
0.71125 0.0260769
0.7116 0.0265135
0.71195 0.0277745999999999
0.7123 0.0277745999999999
0.71265 0.0270738
0.713 0.0267763
0.71335 0.0267763
0.7137 0.0272930999999999
0.71405 0.0272930999999999
0.7144 0.0265325999999999
0.71475 0.0265325999999999
0.7151 0.0274662
0.71545 0.0274662
0.7158 0.0267151999999999
0.71615 0.0261526999999999
0.7165 0.0251796
0.71685 0.0251670999999999
0.7172 0.0248352
0.71755 0.0248352
0.7179 0.0248352
0.71825 0.0251337999999999
0.7186 0.0251337999999999
0.71895 0.0232647
0.7193 0.0232647
0.71965 0.0237745999999999
0.72 0.0237745999999999
0.72035 0.0243052
0.7207 0.0244979
0.72105 0.0244979
0.7214 0.0244979
0.72175 0.0241189999999999
0.7221 0.024959
0.72245 0.0245599
0.7228 0.0245599
0.72315 0.0231679
0.7235 0.0231679
0.72385 0.0227522
0.7242 0.0227522
0.72455 0.0227522
0.7249 0.0228322
0.72525 0.0228322
0.7256 0.0224696
0.72595 0.0221212
0.7263 0.0212955999999999
0.72665 0.0212955999999999
0.727 0.0184957
0.72735 0.0221602999999999
0.7277 0.0221602999999999
0.72805 0.0222887
0.7284 0.0229831
0.72875 0.0234027999999999
0.7291 0.0234027999999999
0.72945 0.0232319
0.7298 0.0232032
0.73015 0.0232032
0.7305 0.023525
0.73085 0.0240559
0.7312 0.0241759
0.73155 0.0240559
0.7319 0.0242319
0.73225 0.0235173
0.7326 0.0241376
0.73295 0.0235173
0.7333 0.0241376
0.73365 0.0253986
0.734 0.0253986
0.73435 0.0251057999999999
0.7347 0.0251057999999999
0.73505 0.0255305
0.7354 0.0260745
0.73575 0.0260745
0.7361 0.0256147999999999
0.73645 0.0254468
0.7368 0.0254468
0.73715 0.0254468
0.7375 0.0252699999999999
0.73785 0.0264271999999999
0.7382 0.0258695
0.73855 0.0258695
0.7389 0.0257244
0.73925 0.0257244
0.7396 0.0255058
0.73995 0.0255058
0.7403 0.0255058
0.74065 0.0264883
0.741 0.0264883
0.74135 0.0264883
0.7417 0.0265913
0.74205 0.0273502
0.7424 0.0273502
0.74275 0.0273502
0.7431 0.0277983
0.74345 0.0277983
0.7438 0.0275106
0.74415 0.0268462999999999
0.7445 0.0268462999999999
0.74485 0.0284535
0.7452 0.0284535
0.74555 0.0284535
0.7459 0.0266502
0.74625 0.0273922
0.7466 0.0273922
0.74695 0.0273922
0.7473 0.0281293
0.74765 0.0281293
0.748 0.0281293
0.74835 0.0280611
0.7487 0.0279704
0.74905 0.0276311
0.7494 0.0276311
0.74975 0.0278522
0.7501 0.0282519
0.75045 0.0278522
0.7508 0.0287627999999999
0.75115 0.0281190999999999
0.7515 0.0281190999999999
0.75185 0.0281190999999999
0.7522 0.0280086
0.75255 0.0282906
0.7529 0.0282906
0.75325 0.0283832
0.7536 0.0283832
0.75395 0.0286413
0.7543 0.028368
0.75465 0.0288079
0.755 0.028368
0.75535 0.0288079
0.7557 0.0288125
0.75605 0.028818
0.7564 0.028818
0.75675 0.028818
0.7571 0.0282404
0.75745 0.0283015999999999
0.7578 0.0283015999999999
0.75815 0.0283603
0.7585 0.0284566
0.75885 0.0284757
0.7592 0.0284566
0.75955 0.0284757
0.7599 0.0284072
0.76025 0.0284072
0.7606 0.0281377
0.76095 0.0281377
0.7613 0.0282647999999999
0.76165 0.0282647999999999
0.762 0.0281154999999999
0.76235 0.0280846999999999
0.7627 0.0280447999999999
0.76305 0.0279822999999999
0.7634 0.0279007
0.76375 0.0278107
0.7641 0.0278107
0.76445 0.0276887
0.7648 0.0276809
0.76515 0.0276156999999999
0.7655 0.027554
0.76585 0.0275473
0.7662 0.0274991
0.76655 0.0274803
0.7669 0.0274584999999999
0.76725 0.0274803
0.7676 0.0275699
0.76795 0.0275892
0.7683 0.0275997
0.76865 0.0275892
0.769 0.0275786
0.76935 0.0275274999999999
0.7697 0.0274872
0.77005 0.0274865
0.7704 0.0274872
0.77075 0.0275548
0.7711 0.0275768
0.77145 0.0276399999999999
0.7718 0.0276707
0.77215 0.0277129
0.7725 0.0277129
0.77285 0.0276647
0.7732 0.0275805
0.77355 0.0275805
0.7739 0.0276574999999999
0.77425 0.0277235999999999
0.7746 0.0277334
0.77495 0.0277512
0.7753 0.027736
0.77565 0.027736
0.776 0.0276750999999999
0.77635 0.0276577999999999
0.7767 0.027614
0.77705 0.0275839999999999
0.7774 0.0275581999999999
0.77775 0.0275052
0.7781 0.0274155
0.77845 0.0274155
0.7788 0.0273016999999999
0.77915 0.0271939
0.7795 0.0267609
0.77985 0.0267609
0.7802 0.0267989
0.78055 0.0267989
0.7809 0.0262147
0.78125 0.0262147
0.7816 0.0262147
0.78195 0.0261676
0.7823 0.0261399999999999
0.78265 0.0261399999999999
0.783 0.0261399999999999
0.78335 0.0260053
0.7837 0.0260069
0.78405 0.0259884
0.7844 0.0259884
0.78475 0.0259884
0.7851 0.0263966
0.78545 0.0263966
0.7858 0.0264913
0.78615 0.0262454999999999
0.7865 0.0262454999999999
0.78685 0.0253510999999999
0.7872 0.0253510999999999
0.78755 0.0255529
0.7879 0.0261301
0.78825 0.0261301
0.7886 0.0261301
0.78895 0.0261665999999999
0.7893 0.0261665999999999
0.78965 0.0264065
0.79 0.0264065
0.79035 0.0265750999999999
0.7907 0.0262679
0.79105 0.0263168
0.7914 0.0262679
0.79175 0.0263165
0.7921 0.0262629
0.79245 0.0262305
0.7928 0.0259966
0.79315 0.0259988
0.7935 0.0259863
0.79385 0.0259988
0.7942 0.0260103
0.79455 0.0260103
0.7949 0.0254011
0.79525 0.0250140999999999
0.7956 0.0254011
0.79595 0.0244134
0.7963 0.0244134
0.79665 0.0244134
0.797 0.0249358
0.79735 0.0249358
0.7977 0.0252879999999999
0.79805 0.0252879999999999
0.7984 0.0253386
0.79875 0.0254069
0.7991 0.0255334
0.79945 0.0255334
0.7998 0.0251389
0.80015 0.0251389
0.8005 0.0257778
0.80085 0.0259351
0.8012 0.0257778
0.80155 0.025373
0.8019 0.0249812999999999
0.80225 0.0249729
0.8026 0.0249729
0.80295 0.0255675
0.8033 0.0255675
0.80365 0.0258872
0.804 0.0256423
0.80435 0.0258872
0.8047 0.0260279999999999
0.80505 0.0261432999999999
0.8054 0.0262365
0.80575 0.0261432999999999
0.8061 0.0249363
0.80645 0.0249363
0.8068 0.0250972
0.80715 0.0254538
0.8075 0.0254538
0.80785 0.0253426
0.8082 0.0253426
0.80855 0.0258895
0.8089 0.0258895
0.80925 0.0251202
0.8096 0.0251202
0.80995 0.0252513
0.8103 0.0255057
0.81065 0.0255057
0.811 0.0254367
0.81135 0.0253095999999999
0.8117 0.0253095999999999
0.81205 0.0253095999999999
0.8124 0.0252258
0.81275 0.0253305999999999
0.8131 0.0250976
0.81345 0.0253338
0.8138 0.0253338
0.81415 0.0253338
0.8145 0.025208
0.81485 0.0243955
0.8152 0.0243955
0.81555 0.0253687
0.8159 0.0254139
0.81625 0.0254139
0.8166 0.0254706
0.81695 0.0254706
0.8173 0.0255115
0.81765 0.0255115
0.818 0.0254886
0.81835 0.0254886
0.8187 0.0254886
0.81905 0.0259890999999999
0.8194 0.0259503
0.81975 0.0259503
0.8201 0.0259173
0.82045 0.0258264
0.8208 0.0258264
0.82115 0.0258264
0.8215 0.0260594
0.82185 0.0260594
0.8222 0.0259269
0.82255 0.0258384
0.8229 0.0252149
0.82325 0.024228
0.8236 0.0245703
0.82395 0.0245703
0.8243 0.0257935999999999
0.82465 0.0257935999999999
0.825 0.0258745
0.82535 0.0258077
0.8257 0.0262613
0.82605 0.0258305
0.8264 0.0260339
0.82675 0.0260339
0.8271 0.0260339
0.82745 0.025623
0.8278 0.0250504
0.82815 0.025623
0.8285 0.0256661
0.82885 0.0256661
0.8292 0.0256934
0.82955 0.0257740999999999
0.8299 0.0257740999999999
0.83025 0.0253855999999999
0.8306 0.0253855999999999
0.83095 0.0254461
0.8313 0.0257714999999999
0.83165 0.0254461
0.832 0.0252645
0.83235 0.0252645
0.8327 0.0250995
0.83305 0.0256172
0.8334 0.0254455
0.83375 0.0254455
0.8341 0.0248104
0.83445 0.0248104
0.8348 0.0248104
0.83515 0.0255228
0.8355 0.0253904
0.83585 0.0253904
0.8362 0.0252563
0.83655 0.025211
0.8369 0.0251624
0.83725 0.0250484
0.8376 0.0246847
0.83795 0.0246847
0.8383 0.0248067
0.83865 0.025215
0.839 0.0252197
0.83935 0.0252197
0.8397 0.0252044999999999
0.84005 0.0251831
0.8404 0.0251831
0.84075 0.0249458
0.8411 0.0249458
0.84145 0.0249458
0.8418 0.0248273
0.84215 0.0248273
0.8425 0.0254137
0.84285 0.0256559
0.8432 0.0256559
0.84355 0.025689
0.8439 0.0255035999999999
0.84425 0.0252826999999999
0.8446 0.0252826999999999
0.84495 0.0256741
0.8453 0.0256741
0.84565 0.0256741
0.846 0.0260524
0.84635 0.0260524
0.8467 0.0260524
0.84705 0.02651
0.8474 0.02651
0.84775 0.0257684
0.8481 0.0257684
0.84845 0.0258897999999999
0.8488 0.0263630999999999
0.84915 0.0263630999999999
0.8495 0.0263630999999999
0.84985 0.0263113
0.8502 0.0259209
0.85055 0.0259209
0.8509 0.0259209
0.85125 0.0259205
0.8516 0.0261991
0.85195 0.0263367
0.8523 0.0263367
0.85265 0.0259948
0.853 0.0259948
0.85335 0.026101
0.8537 0.026101
0.85405 0.0259099
0.8544 0.0257299
0.85475 0.0255803
0.8551 0.0255803
0.85545 0.0253569999999999
0.8558 0.0253569999999999
0.85615 0.024994
0.8565 0.0250423
0.85685 0.024994
0.8572 0.0247206
0.85755 0.0243915
0.8579 0.0240241
0.85825 0.0240241
0.8586 0.0240241
0.85895 0.0240212
0.8593 0.0238247
0.85965 0.023724
0.86 0.0233467999999999
0.86035 0.0229610999999999
0.8607 0.0228266
0.86105 0.022408
0.8614 0.0222215
0.86175 0.022173
0.8621 0.0217802
0.86245 0.0217802
0.8628 0.0217802
0.86315 0.0218442999999999
0.8635 0.0218193
0.86385 0.0218193
0.8642 0.0208398
0.86455 0.0208398
0.8649 0.0216601
0.86525 0.0219649
0.8656 0.0221047
0.86595 0.0224555
0.8663 0.022463
0.86665 0.022463
0.867 0.0213516
0.86735 0.0213516
0.8677 0.0219990999999999
0.86805 0.0225626
0.8684 0.0231148
0.86875 0.0233405
0.8691 0.0237915
0.86945 0.0237456999999999
0.8698 0.0239238
0.87015 0.0239238
0.8705 0.0239238
0.87085 0.023818
0.8712 0.0227522
0.87155 0.023818
0.8719 0.0243650999999999
0.87225 0.0246391
0.8726 0.0243650999999999
0.87295 0.0239902
0.8733 0.0239902
0.87365 0.0246827
0.874 0.0246827
0.87435 0.0247105
0.8747 0.0247105
0.87505 0.0247105
0.8754 0.0249245999999999
0.87575 0.0235377
0.8761 0.0244682
0.87645 0.0242497
0.8768 0.0242497
0.87715 0.0242497
0.8775 0.0237511
0.87785 0.0238833
0.8782 0.0237511
0.87855 0.0238833
0.8789 0.0240869
0.87925 0.0240869
0.8796 0.0204896
0.87995 0.0204896
0.8803 0.0204896
0.88065 0.0202828
0.881 0.0188575
0.88135 0.0184694
0.8817 0.0169724
0.88205 0.0149143
0.8824 0.0115713999999999
0.88275 0.0115713999999999
0.8831 0.0115713999999999
0.88345 0.0116716
0.8838 0.0114675
0.88415 0.0116716
0.8845 0.0132859
0.88485 0.0146139
0.8852 0.0151799
0.88555 0.0151799
0.8859 0.0144192
0.88625 0.0127801
0.8866 0.0089514
0.88695 0.0076581
0.8873 0.0076581
0.88765 0.0081301
0.888 0.0082689
0.88835 0.0082689
0.8887 0.010853
0.88905 0.0081574
0.8894 0.0109427999999999
0.88975 0.0116593
0.8901 0.0127679
0.89045 0.0122774
0.8908 0.0124765
0.89115 0.0122774
0.8915 0.0124765
0.89185 0.0113195999999999
0.8922 0.0128504
0.89255 0.0128504
0.8929 0.0131808
0.89325 0.0131808
0.8936 0.0125148
0.89395 0.0118441
0.8943 0.0118441
0.89465 0.0118922999999999
0.895 0.0118922999999999
0.89535 0.011009
0.8957 0.011009
0.89605 0.0122817999999999
0.8964 0.0132637
0.89675 0.0153409
0.8971 0.0153409
0.89745 0.0144538999999999
0.8978 0.0144538999999999
0.89815 0.0156497
0.8985 0.0156497
0.89885 0.0150881
0.8992 0.0141885
0.89955 0.0141885
0.8999 0.0151017
0.90025 0.0151017
0.9006 0.0151017
0.90095 0.0184246
0.9013 0.0191439
0.90165 0.0200078
0.902 0.0203209
0.90235 0.0204440999999999
0.9027 0.0209942999999999
0.90305 0.0209942999999999
0.9034 0.0218273
0.90375 0.0203364
0.9041 0.0218472
0.90445 0.0227307
0.9048 0.0229073
0.90515 0.023218
0.9055 0.0234283
0.90585 0.0236995
0.9062 0.0236995
0.90655 0.0229514
0.9069 0.0229514
0.90725 0.0230990999999999
0.9076 0.0230990999999999
0.90795 0.0202433
0.9083 0.0202433
0.90865 0.0205878
0.909 0.0239997
0.90935 0.0239997
0.9097 0.0227916
0.91005 0.0204041
0.9104 0.0204041
0.91075 0.0236421
0.9111 0.0242796
0.91145 0.024237
0.9118 0.024237
0.91215 0.0242202
0.9125 0.0231451
0.91285 0.0235391
0.9132 0.0235391
0.91355 0.0235391
0.9139 0.0241977
0.91425 0.024125
0.9146 0.0245681
0.91495 0.0243397
0.9153 0.0243397
0.91565 0.0231052
0.916 0.0231052
0.91635 0.0233767
0.9167 0.0233767
0.91705 0.0238617
0.9174 0.024051
0.91775 0.024051
0.9181 0.0220045
0.91845 0.0220045
0.9188 0.0236639999999999
0.91915 0.0236639999999999
0.9195 0.0229839
0.91985 0.0229839
0.9202 0.0245094
0.92055 0.0245094
0.9209 0.0245012
0.92125 0.0244784
0.9216 0.0238428
0.92195 0.023659
0.9223 0.0220282
0.92265 0.023659
0.923 0.0245843
0.92335 0.0245843
0.9237 0.0239187
0.92405 0.0239187
0.9244 0.0243282
0.92475 0.0246614
0.9251 0.0243282
0.92545 0.0246922
0.9258 0.024212
0.92615 0.0238630999999999
0.9265 0.0238630999999999
0.92685 0.0238630999999999
0.9272 0.0231287
0.92755 0.0231287
0.9279 0.0229190999999999
0.92825 0.0241832
0.9286 0.0241832
0.92895 0.0245345
0.9293 0.0245345
0.92965 0.0244166
0.93 0.0212934
0.93035 0.0212934
0.9307 0.0199389
0.93105 0.0226297
0.9314 0.0226297
0.93175 0.0226297
0.9321 0.0225157
0.93245 0.0218814999999999
0.9328 0.0225157
0.93315 0.0236825
0.9335 0.0236825
0.93385 0.02303
0.9342 0.0199110999999999
0.93455 0.0199110999999999
0.9349 0.0203114
0.93525 0.0203114
0.9356 0.0218428
0.93595 0.0237922
0.9363 0.0241392
0.93665 0.0241392
0.937 0.0233523
0.93735 0.0233523
0.9377 0.0195181
0.93805 0.0195181
0.9384 0.0195181
0.93875 0.0224626
0.9391 0.0235265999999999
0.93945 0.0241365
0.9398 0.0235265999999999
0.94015 0.0240054
0.9405 0.0174934
0.94085 0.0240054
0.9412 0.0243909
0.94155 0.0244949
0.9419 0.0246034
0.94225 0.0246115
0.9426 0.0246115
0.94295 0.0186738
0.9433 0.0186738
0.94365 0.0215924
0.944 0.0215924
0.94435 0.0116998
0.9447 0.0116998
0.94505 0.0209505
0.9454 0.0223772
0.94575 0.0223772
0.9461 0.0225035
0.94645 0.0225035
0.9468 0.0225035
0.94715 0.0232239
0.9475 0.0232239
0.94785 0.0241769
0.9482 0.0241731
0.94855 0.0243157
0.9489 0.0241731
0.94925 0.0170460999999999
0.9496 0.0170460999999999
0.94995 0.0218227
0.9503 0.0234268
0.95065 0.0246761
0.951 0.0246761
0.95135 0.0240447999999999
0.9517 0.0239952
0.95205 0.0239952
0.9524 0.0239952
0.95275 0.0230134
0.9531 0.0225919
0.95345 0.0225919
0.9538 0.0242753
0.95415 0.0242753
0.9545 0.0242644
0.95485 0.0242644
0.9552 0.0237733
0.95555 0.0244042
0.9559 0.0244042
0.95625 0.0244042
0.9566 0.0243653
0.95695 0.0228933
0.9573 0.0228933
0.95765 0.0246023
0.958 0.0246023
0.95835 0.024515
0.9587 0.0243981
0.95905 0.0243981
0.9594 0.0233126
0.95975 0.0233126
0.9601 0.0242215
0.96045 0.0242215
0.9608 0.0240349
0.96115 0.0240349
0.9615 0.0240604
0.96185 0.0240604
0.9622 0.0238724
0.96255 0.021374
0.9629 0.0200115
0.96325 0.0200115
0.9636 0.0200115
0.96395 0.0230084
0.9643 0.0230084
0.96465 0.0230645999999999
0.965 0.0230645999999999
0.96535 0.0228005999999999
0.9657 0.0220412
0.96605 0.0223630999999999
0.9664 0.0220412
0.96675 0.0217249
0.9671 0.0211649
0.96745 0.0217249
0.9678 0.0217754
0.96815 0.0225824
0.9685 0.0225824
0.96885 0.0225592
0.9692 0.0224859
0.96955 0.0223577
0.9699 0.0223577
0.97025 0.021757
0.9706 0.0210359
0.97095 0.0208827
0.9713 0.0210359
0.97165 0.0214968
0.972 0.0222282
0.97235 0.0222282
0.9727 0.0223002
0.97305 0.0221035999999999
0.9734 0.0214998
0.97375 0.0210976
0.9741 0.0207095999999999
0.97445 0.0207095999999999
0.9748 0.0222137
0.97515 0.0222885
0.9755 0.0224370999999999
0.97585 0.0224370999999999
0.9762 0.0222499
0.97655 0.0222499
0.9769 0.0222539
0.97725 0.0224184
0.9776 0.0222539
0.97795 0.0222849
0.9783 0.0203424
0.97865 0.0206215
0.979 0.0206215
0.97935 0.0222038
0.9797 0.0222038
0.98005 0.0216133
0.9804 0.0202167
0.98075 0.0202167
0.9811 0.0200527
0.98145 0.0200527
0.9818 0.0200527
0.98215 0.0193337999999999
0.9825 0.0193337999999999
0.98285 0.0116214
0.9832 0.0184918
0.98355 0.0184918
0.9839 0.0188764
0.98425 0.0190793
0.9846 0.0188764
0.98495 0.0192404
0.9853 0.0176402999999999
0.98565 0.0176402999999999
0.986 0.016328
0.98635 0.016328
0.9867 0.0121977
0.98705 0.0163876
0.9874 0.0151867
0.98775 0.015982
0.9881 0.0151867
0.98845 0.0071127
0.9888 0.0071127
0.98915 0.0097197
0.9895 0.0160009
0.98985 0.0142264999999999
0.9902 0.0169374
0.99055 0.0142264999999999
0.9909 0.0169374
0.99125 0.0172347999999999
0.9916 0.0175395
0.99195 0.0172347999999999
0.9923 0.0176016
0.99265 0.0179941
0.993 0.0179941
0.99335 0.0179322999999999
0.9937 0.0179322999999999
0.99405 0.0179928
0.9944 0.018278
0.99475 0.018278
0.9951 0.0165589
0.99545 0.0165589
0.9958 0.0091753999999999
0.99615 0.0160115
0.9965 0.0056783
0.99685 0.0160115
0.9972 0.0190119
0.99755 0.0190119
0.9979 0.0190461
0.99825 0.0169558
0.9986 0.0180263
0.99895 0.0175957999999999
0.9993 0.0175957999999999
