0.3 0.1716128999999999
0.30035 0.1716128999999999
0.3007 0.171571
0.30105 0.1715205
0.3014 0.1714642
0.30175 0.1714021
0.3021 0.1713318
0.30245 0.171244
0.3028 0.1711147
0.30315 0.1708473
0.3035 0.1707573999999999
0.30385 0.1707573999999999
0.3042 0.1708825
0.30455 0.1708825
0.3049 0.1708551
0.30525 0.1708076
0.3056 0.1707523
0.30595 0.170693
0.3063 0.1706306
0.30665 0.170566
0.307 0.1704993
0.30735 0.1704302
0.3077 0.1703581
0.30805 0.1702818999999999
0.3084 0.1701991
0.30875 0.1701052
0.3091 0.1699868
0.30945 0.1698117
0.3098 0.1694792
0.31015 0.1692193
0.3105 0.1692193
0.31085 0.1694902999999999
0.3112 0.1695316
0.31155 0.1695316
0.3119 0.1694892
0.31225 0.1694331
0.3126 0.1693695
0.31295 0.1693011
0.3133 0.1692296
0.31365 0.1691558
0.314 0.1690799
0.31435 0.1690026
0.3147 0.1689234999999999
0.31505 0.1688432
0.3154 0.1687615
0.31575 0.1686783999999999
0.3161 0.1685938
0.31645 0.1685077
0.3168 0.16842
0.31715 0.1683306
0.3175 0.1682392999999999
0.31785 0.1681459
0.3182 0.1680507999999999
0.31855 0.1679522
0.3189 0.1678511
0.31925 0.1677448999999999
0.3196 0.1676338
0.31995 0.1675138
0.3203 0.167379
0.32065 0.1672144
0.321 0.1669771
0.32135 0.1664859
0.3217 0.1661349
0.32205 0.1661349
0.3224 0.1665217
0.32275 0.1665217
0.3231 0.1664811
0.32345 0.1663778
0.3238 0.1662539999999999
0.32415 0.1661182
0.3245 0.1659711
0.32485 0.1658104
0.3252 0.1656395
0.32555 0.1654546
0.3259 0.1652527
0.32625 0.1650297999999999
0.3266 0.1647808
0.32695 0.1645047
0.3273 0.1641803
0.32765 0.1637991
0.328 0.1633542
0.32835 0.1627952
0.3287 0.1621052999999999
0.32905 0.1611906
0.3294 0.1598479
0.32975 0.1579479
0.3301 0.1554108
0.33045 0.1554108
0.3308 0.1577676
0.33115 0.1594136
0.3315 0.1604963
0.33185 0.1612156
0.3322 0.1617221
0.33255 0.1620797
0.3329 0.1623585
0.33325 0.1625589
0.3336 0.1627168
0.33395 0.162828
0.3343 0.1629148
0.33465 0.1629724
0.335 0.1630115
0.33535 0.1630356
0.3357 0.1630478
0.33605 0.1630478
0.3364 0.1630438
0.33675 0.1630307
0.3371 0.1630114
0.33745 0.1629862999999999
0.3378 0.1629565
0.33815 0.1629206
0.3385 0.1628827
0.33885 0.1628393
0.3392 0.1627938
0.33955 0.1627429
0.3399 0.1626891
0.34025 0.1626293999999999
0.3406 0.1625642999999999
0.34095 0.1624924999999999
0.3413 0.162412
0.34165 0.16232
0.342 0.1622121
0.34235 0.1620815
0.3427 0.1619177
0.34305 0.1617033
0.3434 0.161416
0.34375 0.1609787999999999
0.3441 0.1601962
0.34445 0.1583816
0.3448 0.1583816
0.34515 0.1595975
0.3455 0.1603677999999999
0.34585 0.1607198
0.3462 0.1608997
0.34655 0.1610022
0.3469 0.1610577
0.34725 0.161082
0.3476 0.161082
0.34795 0.1610714999999999
0.3483 0.1610468
0.34865 0.1610134
0.349 0.1609731
0.34935 0.1609259999999999
0.3497 0.1608763
0.35005 0.160823
0.3504 0.1607657
0.35075 0.1607072
0.3511 0.1606456
0.35145 0.1605822
0.3518 0.1605183
0.35215 0.1604522
0.3525 0.1603849
0.35285 0.1603165
0.3532 0.1602472
0.35355 0.1601769999999999
0.3539 0.160106
0.35425 0.1600342
0.3546 0.1599612
0.35495 0.1598882
0.3553 0.1598144
0.35565 0.159738
0.356 0.1596377
0.35635 0.1595811
0.3567 0.159513
0.35705 0.1593559
0.3574 0.1593302
0.35775 0.1592626
0.3581 0.1591624
0.35845 0.1591041
0.3588 0.1590183
0.35915 0.1589583999999999
0.3595 0.1587556
0.35985 0.1586833999999999
0.3602 0.1585937999999999
0.36055 0.1585259
0.3609 0.1584632
0.36125 0.1584632
0.3616 0.1583838
0.36195 0.158317
0.3623 0.1582022
0.36265 0.1581475
0.363 0.1580662
0.36335 0.1579812
0.3637 0.1578963
0.36405 0.1577795
0.3644 0.15773
0.36475 0.1576458999999999
0.3651 0.1575605
0.36545 0.1574709
0.3658 0.1573662
0.36615 0.1572943
0.3665 0.1572147
0.36685 0.1571219
0.3672 0.1570325
0.36755 0.1569497999999999
0.3679 0.1568541
0.36825 0.1567675
0.3686 0.1566505
0.36895 0.156596
0.3693 0.1564935
0.36965 0.1564128
0.37 0.1562897999999999
0.37035 0.1562137999999999
0.3707 0.1560739
0.37105 0.1560125
0.3714 0.1559545
0.37175 0.1558385
0.3721 0.1557313
0.37245 0.1556668
0.3728 0.1555282999999999
0.37315 0.1554856
0.3735 0.1553416
0.37385 0.1552787999999999
0.3742 0.1551857
0.37455 0.1550682
0.3749 0.1549161
0.37525 0.1548463
0.3756 0.1547192
0.37595 0.1546404
0.3763 0.1545195
0.37665 0.1543916
0.377 0.1543916
0.37735 0.1543187
0.3777 0.1541668
0.37805 0.1540382
0.3784 0.1540177999999999
0.37875 0.1537569
0.3791 0.1536201
0.37945 0.1534632
0.3798 0.1534239
0.38015 0.1534239
0.3805 0.1533082
0.38085 0.1533001
0.3812 0.1532026
0.38155 0.1531017999999999
0.3819 0.1528523
0.38225 0.1527326
0.3826 0.1527026
0.38295 0.1526946
0.3833 0.1525411
0.38365 0.1524887999999999
0.384 0.1523369
0.38435 0.1522832
0.3847 0.1521658
0.38505 0.152064
0.3854 0.1519478
0.38575 0.1518336
0.3861 0.1517229
0.38645 0.1515952
0.3868 0.1514824
0.38715 0.1513507999999999
0.3875 0.1512221
0.38785 0.1511105
0.3882 0.1510078
0.38855 0.1508562
0.3889 0.1506655999999999
0.38925 0.1505076
0.3896 0.150468
0.38995 0.1503078
0.3903 0.1501463999999999
0.39065 0.1500747999999999
0.391 0.1499177
0.39135 0.1497851
0.3917 0.1495678999999999
0.39205 0.1494585
0.3924 0.1493241
0.39275 0.1490865
0.3931 0.1489831
0.39345 0.148847
0.3938 0.1486597
0.39415 0.1483701
0.3945 0.1483053999999999
0.39485 0.148034
0.3952 0.1478817
0.39555 0.1477385
0.3959 0.1473957
0.39625 0.1471132
0.3966 0.1469809
0.39695 0.1468662
0.3973 0.1465545
0.39765 0.1463502
0.398 0.1460142999999999
0.39835 0.1459361
0.3987 0.1454535
0.39905 0.1452502
0.3994 0.1451365
0.39975 0.144853
0.4001 0.1445543
0.40045 0.1442329
0.4008 0.1438034
0.40115 0.1431287999999999
0.4015 0.1427183
0.40185 0.1427183
0.4022 0.1418786
0.40255 0.1416184
0.4029 0.1409
0.40325 0.1399542
0.4036 0.1385963
0.40395 0.1371336
0.4043 0.1313063
0.40465 0.1313063
0.405 0.1359829
0.40535 0.1377997
0.4057 0.1388492
0.40605 0.1395821
0.4064 0.1401543999999999
0.40675 0.1405477
0.4071 0.1408479
0.40745 0.1410944999999999
0.4078 0.1412787999999999
0.40815 0.1414268
0.4085 0.1414268
0.40885 0.1415452999999999
0.4092 0.1417549
0.40955 0.1418475
0.4099 0.141901
0.41025 0.1419812
0.4106 0.1420408
0.41095 0.1420674999999999
0.4113 0.1420856
0.41165 0.1420674999999999
0.412 0.1421598
0.41235 0.1421789
0.4127 0.1421892
0.41305 0.1421789
0.4134 0.1420045
0.41375 0.1420045
0.4141 0.142193
0.41445 0.142193
0.4148 0.1420345
0.41515 0.1419591
0.4155 0.1418267999999999
0.41585 0.1402379
0.4162 0.1402379
0.41655 0.1417737999999999
0.4169 0.1417737999999999
0.41725 0.141617
0.4176 0.1415257
0.41795 0.1415567
0.4183 0.1415567
0.41865 0.1415814
0.419 0.1415814
0.41935 0.1413255
0.4197 0.1409971
0.42005 0.1403336
0.4204 0.1403336
0.42075 0.1410361
0.4211 0.1412092
0.42145 0.1410361
0.4218 0.140666
0.42215 0.1404725
0.4225 0.1404725
0.42285 0.1405392999999999
0.4232 0.1405392999999999
0.42355 0.1399912999999999
0.4239 0.1399912999999999
0.42425 0.1399972
0.4246 0.1399972
0.42495 0.1403055
0.4253 0.1403009
0.42565 0.1403009
0.426 0.1392396
0.42635 0.1392396
0.4267 0.1394464
0.42705 0.1400129
0.4274 0.1398888999999999
0.42775 0.1398888999999999
0.4281 0.1397976
0.42845 0.139478
0.4288 0.1393064
0.42915 0.1383107
0.4295 0.138828
0.42985 0.138828
0.4302 0.138828
0.43055 0.1390166
0.4309 0.1383722
0.43125 0.1385075
0.4316 0.1385075
0.43195 0.1385183999999999
0.4323 0.1388229
0.43265 0.1388229
0.433 0.1386797999999999
0.43335 0.1386308
0.4337 0.1383665
0.43405 0.1383565
0.4344 0.1381802999999999
0.43475 0.1381653
0.4351 0.1381653
0.43545 0.1380716
0.4358 0.1379249
0.43615 0.1378135
0.4365 0.1374467
0.43685 0.1373422999999999
0.4372 0.1373642
0.43755 0.1373422999999999
0.4379 0.1372662999999999
0.43825 0.1372264
0.4386 0.1372029
0.43895 0.1370514
0.4393 0.1369619
0.43965 0.1366145
0.44 0.1363761
0.44035 0.1357162
0.4407 0.1354846
0.44105 0.1354927
0.4414 0.1354846
0.44175 0.1352227
0.4421 0.1352227
0.44245 0.1352227
0.4428 0.1357536
0.44315 0.1357384
0.4435 0.1357384
0.44385 0.1343618999999999
0.4442 0.1343618999999999
0.44455 0.1353030999999999
0.4449 0.1353030999999999
0.44525 0.1344089
0.4456 0.1344089
0.44595 0.1346114
0.4463 0.1347762
0.44665 0.1348394
0.447 0.1347762
0.44735 0.1346588
0.4477 0.1345848
0.44805 0.1345848
0.4484 0.1340789
0.44875 0.1345331
0.4491 0.1343232
0.44945 0.1343232
0.4498 0.1341391
0.45015 0.1341167
0.4505 0.1340833
0.45085 0.1336764
0.4512 0.1333404
0.45155 0.1333282999999999
0.4519 0.1331421
0.45225 0.1333229
0.4526 0.1333017999999999
0.45295 0.1333017999999999
0.4533 0.1332279999999999
0.45365 0.1330411
0.454 0.1330411
0.45435 0.1326842
0.4547 0.1325492999999999
0.45505 0.132616
0.4554 0.1325492999999999
0.45575 0.1320636
0.4561 0.1319462
0.45645 0.1320636
0.4568 0.1315405
0.45715 0.1319646
0.4575 0.1318492
0.45785 0.1318492
0.4582 0.1317368
0.45855 0.1317063999999999
0.4589 0.1315719
0.45925 0.1311983
0.4596 0.1309432
0.45995 0.1311177999999999
0.4603 0.1311177999999999
0.46065 0.1311793
0.461 0.1311793
0.46135 0.1311075
0.4617 0.1310676999999999
0.46205 0.130891
0.4624 0.1308107
0.46275 0.1307756
0.4631 0.1307325
0.46345 0.1305376
0.4638 0.1304442
0.46415 0.1303716999999999
0.4645 0.1301678999999999
0.46485 0.1301653
0.4652 0.1295831
0.46555 0.1295831
0.4659 0.1293508
0.46625 0.1289375999999999
0.4666 0.128906
0.46695 0.128906
0.4673 0.1287966
0.46765 0.1278932
0.468 0.1278071999999999
0.46835 0.1273867
0.4687 0.1252456
0.46905 0.1232178999999999
0.4694 0.1252456
0.46975 0.1273664
0.4701 0.1273664
0.47045 0.1273886
0.4708 0.1272702
0.47115 0.1271198999999999
0.4715 0.1269055
0.47185 0.1259038999999999
0.4722 0.1244523999999999
0.47255 0.124964
0.4729 0.124964
0.47325 0.1265548
0.4736 0.1266708
0.47395 0.1265548
0.4743 0.1268234999999999
0.47465 0.1253955
0.475 0.1268161
0.47535 0.1175797
0.4757 0.1268161
0.47605 0.1254728
0.4764 0.1254728
0.47675 0.1254728
0.4771 0.125154
0.47745 0.1262776
0.4778 0.1255956999999999
0.47815 0.1260291
0.4785 0.1259023
0.47885 0.1259023
0.4792 0.1256746
0.47955 0.1255345
0.4799 0.1254566
0.48025 0.1251905
0.4806 0.1251373
0.48095 0.1250558
0.4813 0.1247866
0.48165 0.1244482
0.482 0.1240078999999999
0.48235 0.1237957
0.4827 0.1237957
0.48305 0.1234178999999999
0.4834 0.1222608999999999
0.48375 0.1210441
0.4841 0.1210441
0.48445 0.1199144
0.4848 0.1169229
0.48515 0.1180813
0.4855 0.1180813
0.48585 0.1180813
0.4862 0.1202453
0.48655 0.1202453
0.4869 0.1213283
0.48725 0.1213283
0.4876 0.1179388999999999
0.48795 0.1179388999999999
0.4883 0.1190503999999999
0.48865 0.1206113
0.489 0.1224259
0.48935 0.1206113
0.4897 0.1224259
0.49005 0.121724
0.4904 0.121724
0.49075 0.1206999
0.4911 0.1206999
0.49145 0.1206999
0.4918 0.1214500999999999
0.49215 0.1205359999999999
0.4925 0.1203966999999999
0.49285 0.1187055
0.4932 0.1187055
0.49355 0.1187426
0.4939 0.1195471
0.49425 0.1195471
0.4946 0.1195471
0.49495 0.1201491
0.4953 0.1198809
0.49565 0.1204819
0.496 0.1200869
0.49635 0.1202335
0.4967 0.1200884
0.49705 0.1200884
0.4974 0.1197876
0.49775 0.1193357
0.4981 0.1190927
0.49845 0.1187815
0.4988 0.1187815
0.49915 0.1188446
0.4995 0.1188446
0.49985 0.1188438999999999
0.50055 0.1137618999999999
0.5009 0.1137618999999999
0.50125 0.1171724999999999
0.5016 0.1171724999999999
0.50195 0.1166864
0.5023 0.1164504
0.50265 0.1130926
0.503 0.0970536999999999
0.50335 0.1040137999999999
0.5037 0.1040137999999999
0.50405 0.1040137999999999
0.5044 0.1141281
0.50475 0.1141281
0.5051 0.1150443999999999
0.50545 0.1150443999999999
0.5058 0.114977
0.50615 0.114977
0.5065 0.1105918
0.50685 0.1091759
0.5072 0.1091759
0.50755 0.1113736
0.5079 0.1113736
0.50825 0.1113736
0.5086 0.1123146
0.50895 0.1123146
0.5093 0.1120787
0.50965 0.1115373
0.51 0.1115373
0.51035 0.1128111
0.5107 0.1132267
0.51105 0.1132267
0.5114 0.1125508
0.51175 0.1125508
0.5121 0.112989
0.51245 0.1152052
0.5128 0.1152052
0.51315 0.1134375
0.5135 0.1134375
0.51385 0.1134059999999999
0.5142 0.1134059999999999
0.51455 0.1134059999999999
0.5149 0.113077
0.51525 0.1146076999999999
0.5156 0.1150829999999999
0.51595 0.1150829999999999
0.5163 0.1149119
0.51665 0.1147769
0.517 0.1147988
0.51735 0.1147769
0.5177 0.1147712999999999
0.51805 0.1147712999999999
0.5184 0.1147858
0.51875 0.1148724
0.5191 0.1148724
0.51945 0.1144488
0.5198 0.1144488
0.52015 0.1144488
0.5205 0.1144270999999999
0.52085 0.1143481
0.5212 0.1142665
0.52155 0.1141865
0.5219 0.1137656
0.52225 0.1137188
0.5226 0.1136479
0.52295 0.1133059999999999
0.5233 0.1070104
0.52365 0.1070104
0.524 0.1070471
0.52435 0.1127041
0.5247 0.1127041
0.52505 0.1127041
0.5254 0.1127481
0.52575 0.1124591
0.5261 0.1121394
0.52645 0.1120006
0.5268 0.1116677
0.52715 0.110447
0.5275 0.110447
0.52785 0.110447
0.5282 0.1113063999999999
0.52855 0.1113063999999999
0.5289 0.1102666
0.52925 0.1099454
0.5296 0.1089385
0.52995 0.1099454
0.5303 0.1086904
0.53065 0.1078726999999999
0.531 0.1078726999999999
0.53135 0.1095116
0.5317 0.1095116
0.53205 0.1083642
0.5324 0.1068571999999999
0.53275 0.1077668999999999
0.5331 0.1077668999999999
0.53345 0.1083158999999999
0.5338 0.1084644
0.53415 0.1084644
0.5345 0.1084281
0.53485 0.1075097999999999
0.5352 0.1073077
0.53555 0.1072729
0.5359 0.1064924
0.53625 0.1064924
0.5366 0.1064924
0.53695 0.1053916999999999
0.5373 0.1053916999999999
0.53765 0.1049365
0.538 0.1048359999999999
0.53835 0.1042882
0.5387 0.102863
0.53905 0.1028158999999999
0.5394 0.1025595
0.53975 0.1011178
0.5401 0.1011178
0.54045 0.0984848
0.5408 0.0971342
0.54115 0.0971342
0.5415 0.0947656
0.54185 0.0947656
0.5422 0.0947656
0.54255 0.0941177
0.5429 0.0944566
0.54325 0.0940073999999999
0.5436 0.0940073999999999
0.54395 0.0940073999999999
0.5443 0.0945097
0.54465 0.0972428
0.545 0.0972428
0.54535 0.0988465
0.5457 0.0985725
0.54605 0.0985725
0.5464 0.0950504
0.54675 0.0950504
0.5471 0.0950504
0.54745 0.0987693
0.5478 0.0986684999999999
0.54815 0.0987693
0.5485 0.0998013
0.54885 0.1000332
0.5492 0.0998013
0.54955 0.0996909
0.5499 0.0967243999999999
0.55025 0.0987881
0.5506 0.0987881
0.55095 0.0987881
0.5513 0.098978
0.55165 0.0984336
0.552 0.0983708
0.55235 0.0980211
0.5527 0.0980211
0.55305 0.0980211
0.5534 0.0977943
0.55375 0.0977943
0.5541 0.0977192
0.55445 0.0967276
0.5548 0.0967276
0.55515 0.0967276
0.5555 0.0961725
0.55585 0.0975827
0.5562 0.0968025
0.55655 0.0968025
0.5569 0.0952108999999999
0.55725 0.0952108999999999
0.5576 0.095802
0.55795 0.0962489
0.5583 0.095802
0.55865 0.0962433999999999
0.559 0.0959773999999999
0.55935 0.0959773999999999
0.5597 0.0958379999999999
0.56005 0.0955487
0.5604 0.0953058
0.56075 0.094963
0.5611 0.094963
0.56145 0.0947867
0.5618 0.0945358
0.56215 0.0944586999999999
0.5625 0.094298
0.56285 0.0941971
0.5632 0.0941971
0.56355 0.0935197
0.5639 0.0934763
0.56425 0.0932221999999999
0.5646 0.0928001
0.56495 0.0928001
0.5653 0.0923342
0.56565 0.0923342
0.566 0.0917225
0.56635 0.0894117
0.5667 0.0892783
0.56705 0.0894117
0.5674 0.0899419
0.56775 0.0899419
0.5681 0.0796411
0.56845 0.0796411
0.5688 0.0803736
0.56915 0.0854932
0.5695 0.0803736
0.56985 0.0791156
0.5702 0.0791156
0.57055 0.0884826
0.5709 0.0884826
0.57125 0.0878093
0.5716 0.0866013
0.57195 0.0874413
0.5723 0.0874413
0.57265 0.0874413
0.573 0.0869863
0.57335 0.0803281
0.5737 0.0858625
0.57405 0.0811295
0.5744 0.0811295
0.57475 0.0811295
0.5751 0.0750856
0.57545 0.0851371
0.5758 0.0852502
0.57615 0.0852502
0.5765 0.0835318999999999
0.57685 0.0777906
0.5772 0.083449
0.57755 0.083449
0.5779 0.083449
0.57825 0.0842902
0.5786 0.0827355
0.57895 0.0832642
0.5793 0.0832362
0.57965 0.0832362
0.58 0.0825386
0.58035 0.0825157
0.5807 0.0808275
0.58105 0.0808275
0.5814 0.082004
0.58175 0.0822885
0.5821 0.082004
0.58245 0.0814584
0.5828 0.0799221
0.58315 0.0799221
0.5835 0.0798734
0.58385 0.0800317
0.5842 0.0800317
0.58455 0.0800317
0.5849 0.0797194
0.58525 0.0797194
0.5856 0.0797718
0.58595 0.0797718
0.5863 0.0791778
0.58665 0.0791482
0.587 0.0783221
0.58735 0.0778631
0.5877 0.0758069
0.58805 0.0705951
0.5884 0.0705951
0.58875 0.0695253999999999
0.5891 0.0695253999999999
0.58945 0.0695253999999999
0.5898 0.0610572999999999
0.59015 0.0610572999999999
0.5905 0.072969
0.59085 0.072969
0.5912 0.073671
0.59155 0.073671
0.5919 0.0751538
0.59225 0.0751538
0.5926 0.0756673
0.59295 0.0775112
0.5933 0.0775112
0.59365 0.0747205
0.594 0.0705944
0.59435 0.0624386999999999
0.5947 0.0624386999999999
0.59505 0.0732158
0.5954 0.0732158
0.59575 0.0726907
0.5961 0.0726907
0.59645 0.0728888999999999
0.5968 0.0752577
0.59715 0.0752577
0.5975 0.0752577
0.59785 0.0727063999999999
0.5982 0.0727063999999999
0.59855 0.0732232
0.5989 0.0732232
0.59925 0.0722491
0.5996 0.0722491
0.59995 0.0748773
0.6003 0.0748773
0.60065 0.0645311
0.601 0.0645311
0.60135 0.0725758999999999
0.6017 0.0768363
0.60205 0.0768363
0.6024 0.0790997
0.60275 0.0790997
0.6031 0.0806794
0.60345 0.0806794
0.6038 0.0806794
0.60415 0.0789059999999999
0.6045 0.0789059999999999
0.60485 0.0756581
0.6052 0.0814128
0.60555 0.0815661999999999
0.6059 0.0815661999999999
0.60625 0.0815661999999999
0.6066 0.0813918
0.60695 0.0818849
0.6073 0.0813918
0.60765 0.082053
0.608 0.0811646999999999
0.60835 0.0821753
0.6087 0.0811646999999999
0.60905 0.0818164
0.6094 0.0812869
0.60975 0.0818164
0.6101 0.0827376
0.61045 0.0827376
0.6108 0.0825677
0.61115 0.0822831
0.6115 0.0822831
0.61185 0.0819275
0.6122 0.0816224
0.61255 0.0813228999999999
0.6129 0.0802362
0.61325 0.0796962
0.6136 0.0792176
0.61395 0.0784873
0.6143 0.0781649
0.61465 0.0776606
0.615 0.0774811
0.61535 0.0774513
0.6157 0.0772833999999999
0.61605 0.0767106999999999
0.6164 0.0765062
0.61675 0.0759111
0.6171 0.0754863
0.61745 0.0742796
0.6178 0.07293
0.61815 0.0726603999999999
0.6185 0.0720183
0.61885 0.0716054999999999
0.6192 0.0711098
0.61955 0.0711098
0.6199 0.0715993
0.62025 0.072319
0.6206 0.073
0.62095 0.0730458
0.6213 0.0732934
0.62165 0.0740149
0.622 0.0750061
0.62235 0.0760841
0.6227 0.0769068
0.62305 0.0778574
0.6234 0.0780306
0.62375 0.0782481
0.6241 0.0800251999999999
0.62445 0.0800251999999999
0.6248 0.0807679
0.62515 0.0815293
0.6255 0.0815293
0.62585 0.0818771
0.6262 0.0822657
0.62655 0.0822657
0.6269 0.0824075
0.62725 0.0826325
0.6276 0.0826325
0.62795 0.0831206
0.6283 0.0825534
0.62865 0.0831206
0.629 0.083523
0.62935 0.0835484
0.6297 0.0837048
0.63005 0.0839918
0.6304 0.0839918
0.63075 0.0829518
0.6311 0.0826274999999999
0.63145 0.0804022
0.6318 0.0740189
0.63215 0.0740189
0.6325 0.0809125
0.63285 0.081105
0.6332 0.0809125
0.63355 0.0818758999999999
0.6339 0.0818758999999999
0.63425 0.0825321
0.6346 0.0825321
0.63495 0.0815015
0.6353 0.0815015
0.63565 0.0815015
0.636 0.0813909
0.63635 0.0813909
0.6367 0.0793681
0.63705 0.0793681
0.6374 0.0793681
0.63775 0.0743427
0.6381 0.0761212
0.63845 0.0761212
0.6388 0.0761212
0.63915 0.0785286
0.6395 0.0785286
0.63985 0.0808016999999999
0.6402 0.081518
0.64055 0.081518
0.6409 0.0804727
0.64125 0.0803048
0.6416 0.0801306
0.64195 0.0785413
0.6423 0.0785413
0.64265 0.0806941
0.643 0.0806941
0.64335 0.0802934
0.6437 0.0765034
0.64405 0.0724957
0.6444 0.0724957
0.64475 0.0745317
0.6451 0.0745317
0.64545 0.0745317
0.6458 0.0622268
0.64615 0.0574029
0.6465 0.0574029
0.64685 0.0652246
0.6472 0.0673533
0.64755 0.0673533
0.6479 0.0672861
0.64825 0.0672861
0.6486 0.0687482
0.64895 0.0716188
0.6493 0.0730358999999999
0.64965 0.0768464
0.65 0.0768464
0.65035 0.078192
0.6507 0.074897
0.65105 0.064151
0.6514 0.064151
0.65175 0.064151
0.6521 0.0662711
0.65245 0.0747316
0.6528 0.0747316
0.65315 0.0750383
0.6535 0.0675615
0.65385 0.0772959
0.6542 0.0665466
0.65455 0.073985
0.6549 0.073985
0.65525 0.073985
0.6556 0.0673598
0.65595 0.0651877
0.6563 0.0651877
0.65665 0.0716053
0.657 0.0716053
0.65735 0.0649793
0.6577 0.0649793
0.65805 0.0736401999999999
0.6584 0.0736401999999999
0.65875 0.0736401999999999
0.6591 0.0753177
0.65945 0.0753177
0.6598 0.0675901999999999
0.66015 0.0675901999999999
0.6605 0.0758404999999999
0.66085 0.0758404999999999
0.6612 0.0723678
0.66155 0.0723678
0.6619 0.0736711
0.66225 0.0739493999999999
0.6626 0.0756949
0.66295 0.0749943
0.6633 0.0749943
0.66365 0.0743629
0.664 0.0743629
0.66435 0.0750639999999999
0.6647 0.0765747
0.66505 0.0765747
0.6654 0.0764943
0.66575 0.0758735
0.6661 0.0734542
0.66645 0.0753544999999999
0.6668 0.0753544999999999
0.66715 0.0759799999999999
0.6675 0.0759799999999999
0.66785 0.0761049
0.6682 0.0755666
0.66855 0.0728858999999999
0.6689 0.0728858999999999
0.66925 0.0751013
0.6696 0.0760363
0.66995 0.0760363
0.6703 0.0772352
0.67065 0.0776723
0.671 0.0776723
0.67135 0.0784714
0.6717 0.0781166
0.67205 0.0781166
0.6724 0.0781166
0.67275 0.0781676
0.6731 0.0781793
0.67345 0.0784273
0.6738 0.0794581
0.67415 0.079378
0.6745 0.079378
0.67485 0.079378
0.6752 0.0801017
0.67555 0.0801017
0.6759 0.0801578
0.67625 0.0800808
0.6766 0.0800808
0.67695 0.0800808
0.6773 0.0800835
0.67765 0.0802252
0.678 0.0800835
0.67835 0.0800569
0.6787 0.0781835
0.67905 0.0784948999999999
0.6794 0.0784948999999999
0.67975 0.0794131999999999
0.6801 0.0794131999999999
0.68045 0.0793586
0.6808 0.0772542
0.68115 0.0772542
0.6815 0.0772542
0.68185 0.0782284
0.6822 0.0772858
0.68255 0.0772858
0.6829 0.0772858
0.68325 0.0758786
0.6836 0.0758786
0.68395 0.0758515
0.6843 0.0734161999999999
0.68465 0.0734161999999999
0.685 0.0751434999999999
0.68535 0.0775983
0.6857 0.0776212
0.68605 0.0776212
0.6864 0.0767472
0.68675 0.0721803999999999
0.6871 0.0721803999999999
0.68745 0.0742646999999999
0.6878 0.0762501999999999
0.68815 0.0760023
0.6885 0.0760023
0.68885 0.0749243999999999
0.6892 0.0749243999999999
0.68955 0.0664902
0.6899 0.0728644
0.69025 0.0717862
0.6906 0.0728644
0.69095 0.0717862
0.6913 0.0663871
0.69165 0.0645029999999999
0.692 0.0591019999999999
0.69235 0.0591019999999999
0.6927 0.0602798
0.69305 0.0602798
0.6934 0.0600184999999999
0.69375 0.0600184999999999
0.6941 0.0600184999999999
0.69445 0.0619765
0.6948 0.0644653
0.69515 0.0644653
0.6955 0.0633112
0.69585 0.0633112
0.6962 0.0647057
0.69655 0.0656462
0.6969 0.0656462
0.69725 0.0679575
0.6976 0.0632684999999999
0.69795 0.0681285
0.6983 0.0673654
0.69865 0.0673654
0.699 0.0669218
0.69935 0.0669218
0.6997 0.0669218
0.70005 0.0580001999999999
0.7004 0.0579666999999999
0.70075 0.0579666999999999
0.7011 0.0620709
0.70145 0.0620709
0.7018 0.0610148
0.70215 0.0610148
0.7025 0.0610148
0.70285 0.0581793
0.7032 0.0581793
0.70355 0.0585775
0.7039 0.0626125
0.70425 0.0594655999999999
0.7046 0.0611484
0.70495 0.0594655999999999
0.7053 0.0611484
0.70565 0.064786
0.706 0.064786
0.70635 0.0606841
0.7067 0.0606841
0.70705 0.0606841
0.7074 0.0623289
0.70775 0.0584048
0.7081 0.0623289
0.70845 0.0584048
0.7088 0.0606778
0.70915 0.0582646999999999
0.7095 0.0606778
0.70985 0.0609536
0.7102 0.065384
0.71055 0.065384
0.7109 0.0575163999999999
0.71125 0.0575163999999999
0.7116 0.0591324
0.71195 0.0636506
0.7123 0.0636506
0.71265 0.0611221
0.713 0.0600538
0.71335 0.0600538
0.7137 0.0619958
0.71405 0.0619958
0.7144 0.0591682
0.71475 0.0591682
0.7151 0.0626199
0.71545 0.0626199
0.7158 0.0600679
0.71615 0.0580224
0.7165 0.0548143
0.71685 0.0548143
0.7172 0.0539172
0.71755 0.0539172
0.7179 0.0539172
0.71825 0.0553318999999999
0.7186 0.0553318999999999
0.71895 0.0498044
0.7193 0.0498044
0.71965 0.0518968
0.72 0.0518968
0.72035 0.053111
0.7207 0.0542928
0.72105 0.0542928
0.7214 0.0542928
0.72175 0.0526684
0.7221 0.055669
0.72245 0.0544434999999999
0.7228 0.0544434999999999
0.72315 0.0508411
0.7235 0.0508088
0.72385 0.0462513
0.7242 0.0462513
0.72455 0.0462513
0.7249 0.0506223
0.72525 0.0506223
0.7256 0.0496494
0.72595 0.0485499
0.7263 0.0472289
0.72665 0.0472289
0.727 0.0413905
0.72735 0.0493006
0.7277 0.0493006
0.72805 0.0494412
0.7284 0.0510294
0.72875 0.0520101
0.7291 0.0520101
0.72945 0.051306
0.7298 0.0512477
0.73015 0.051306
0.7305 0.0517361999999999
0.73085 0.0528702999999999
0.7312 0.0532856
0.73155 0.0528702999999999
0.7319 0.0532856
0.73225 0.0516790999999999
0.7326 0.0525952
0.73295 0.0516790999999999
0.7333 0.0525952
0.73365 0.0566635999999999
0.734 0.0566635999999999
0.73435 0.0551541999999999
0.7347 0.0551541999999999
0.73505 0.056642
0.7354 0.0585857
0.73575 0.0585857
0.7361 0.0565785999999999
0.73645 0.0559436
0.7368 0.0559436
0.73715 0.0559436
0.7375 0.0551715
0.73785 0.0592969
0.7382 0.0571396
0.73855 0.0571396
0.7389 0.0565844
0.73925 0.0565844
0.7396 0.0559707
0.73995 0.0559707
0.7403 0.0559707
0.74065 0.0590419
0.741 0.0590419
0.74135 0.0590419
0.7417 0.0594011
0.74205 0.0621009
0.7424 0.0621009
0.74275 0.0621009
0.7431 0.0636891999999999
0.74345 0.0636891999999999
0.7438 0.0626526999999999
0.74415 0.0602674
0.7445 0.0602674
0.74485 0.0660436
0.7452 0.0660436
0.74555 0.0660436
0.7459 0.0596163
0.74625 0.0622566
0.7466 0.0622566
0.74695 0.0622566
0.7473 0.064883
0.74765 0.064883
0.748 0.064883
0.74835 0.0646562
0.7487 0.0643211
0.74905 0.0631455
0.7494 0.0631455
0.74975 0.0639337
0.7501 0.065336
0.75045 0.0639337
0.7508 0.0671551
0.75115 0.0648735
0.7515 0.0652041999999999
0.75185 0.0652041999999999
0.7522 0.0652041999999999
0.75255 0.0655838
0.7529 0.0655838
0.75325 0.065823
0.7536 0.065823
0.75395 0.0667271
0.7543 0.0657768
0.75465 0.0673293
0.755 0.0657768
0.75535 0.0673293
0.7557 0.0673485
0.75605 0.0673752
0.7564 0.0673752
0.75675 0.0673752
0.7571 0.0653478
0.75745 0.0656561
0.7578 0.0656561
0.75815 0.0658189
0.7585 0.0661382
0.75885 0.0662063
0.7592 0.0661382
0.75955 0.0662063
0.7599 0.0660357
0.76025 0.0660357
0.7606 0.0651665
0.76095 0.0651665
0.7613 0.0655273
0.76165 0.0655273
0.762 0.0650399
0.76235 0.0649486
0.7627 0.0648129
0.76305 0.064597
0.7634 0.0642991
0.76375 0.0639855
0.7641 0.0639855
0.76445 0.0635701
0.7648 0.063542
0.76515 0.0633025
0.7655 0.0630687
0.76585 0.0630299
0.7662 0.0628721
0.76655 0.0628297
0.7669 0.0627648
0.76725 0.0628297
0.7676 0.0631253
0.76795 0.0631781
0.7683 0.0632127
0.76865 0.0631781
0.769 0.063135
0.76935 0.0629478
0.7697 0.0627922
0.77005 0.0627865
0.7704 0.0627865
0.77075 0.0630509
0.7711 0.0631396999999999
0.77145 0.0633632
0.7718 0.0634827
0.77215 0.0636342
0.7725 0.0636342
0.77285 0.0635611
0.7732 0.0633312
0.77355 0.0633312
0.7739 0.0635932
0.77425 0.0637956
0.7746 0.0638117
0.77495 0.0639101
0.7753 0.0638924
0.77565 0.0638924
0.776 0.063763
0.77635 0.0636659
0.7767 0.0635032
0.77705 0.0634205
0.7774 0.0633544
0.77775 0.0632088
0.7781 0.062929
0.77845 0.062929
0.7788 0.06256
0.77915 0.0622184999999999
0.7795 0.0608077
0.77985 0.0608077
0.7802 0.0611024
0.78055 0.0611024
0.7809 0.0592150999999999
0.78125 0.0592150999999999
0.7816 0.0592150999999999
0.78195 0.0590649
0.7823 0.0590288999999999
0.78265 0.0590288999999999
0.783 0.0590288999999999
0.78335 0.0585928999999999
0.7837 0.0587511999999999
0.78405 0.0585659
0.7844 0.0585659
0.78475 0.0585659
0.7851 0.0597456
0.78545 0.0597456
0.7858 0.0601197
0.78615 0.0592806
0.7865 0.0592806
0.78685 0.0560093
0.7872 0.0560093
0.78755 0.0566672
0.7879 0.0587112
0.78825 0.0587112
0.7886 0.0587112
0.78895 0.0588123
0.7893 0.0588123
0.78965 0.0596699
0.79 0.0596699
0.79035 0.0602611999999999
0.7907 0.0592484
0.79105 0.0594913
0.7914 0.0592988
0.79175 0.0594913
0.7921 0.0592988
0.79245 0.0594581
0.7928 0.0585174
0.79315 0.0586366
0.7935 0.0585823
0.79385 0.0586366
0.7942 0.0587478
0.79455 0.0587478
0.7949 0.0567241999999999
0.79525 0.0553303999999999
0.7956 0.0567241999999999
0.79595 0.0533673
0.7963 0.0533673
0.79665 0.0533673
0.797 0.0551108
0.79735 0.0551108
0.7977 0.0564084
0.79805 0.0564084
0.7984 0.0566293999999999
0.79875 0.0568179999999999
0.7991 0.0571679
0.79945 0.0571679
0.7998 0.0556669
0.80015 0.0556669
0.8005 0.0578804
0.80085 0.058525
0.8012 0.0578804
0.80155 0.0564274
0.8019 0.0550279
0.80225 0.0549009
0.8026 0.0549009
0.80295 0.0569924999999999
0.8033 0.0569924999999999
0.80365 0.0580595
0.804 0.0571391999999999
0.80435 0.0580595
0.8047 0.0584747
0.80505 0.0588078
0.8054 0.0591646
0.80575 0.0588078
0.8061 0.0545583
0.80645 0.0545583
0.8068 0.0549140999999999
0.80715 0.0561643
0.8075 0.0561643
0.80785 0.055686
0.8082 0.055686
0.80855 0.0576687
0.8089 0.0576687
0.80925 0.0549645999999999
0.8096 0.0549645999999999
0.80995 0.0553419999999999
0.8103 0.0562297
0.81065 0.0562297
0.811 0.0559381
0.81135 0.0554389999999999
0.8117 0.0554389999999999
0.81205 0.0554235
0.8124 0.0551088
0.81275 0.0554235
0.8131 0.0545852
0.81345 0.0553438
0.8138 0.0553438
0.81415 0.0553438
0.8145 0.0549381999999999
0.81485 0.0525721
0.8152 0.0525721
0.81555 0.0554361
0.8159 0.0555824
0.81625 0.0555824
0.8166 0.0557173
0.81695 0.0557173
0.8173 0.0558773
0.81765 0.0558773
0.818 0.0557842
0.81835 0.0557842
0.8187 0.0557842
0.81905 0.0575091999999999
0.8194 0.0573812
0.81975 0.0573812
0.8201 0.0572349
0.82045 0.0568474
0.8208 0.0568474
0.82115 0.0568474
0.8215 0.0577018
0.82185 0.0577018
0.8222 0.057277
0.82255 0.0569178
0.8229 0.0547381999999999
0.82325 0.052158
0.8236 0.0529245999999999
0.82395 0.0529245999999999
0.8243 0.0567170999999999
0.82465 0.0567170999999999
0.825 0.0570541999999999
0.82535 0.0568221999999999
0.8257 0.0584315
0.82605 0.0568585
0.8264 0.0576053
0.82675 0.0576053
0.8271 0.0576053
0.82745 0.0561539999999999
0.8278 0.0542972
0.82815 0.0561539999999999
0.8285 0.0563327999999999
0.82885 0.0563327999999999
0.8292 0.0564233
0.82955 0.0566871
0.8299 0.0566871
0.83025 0.0553076
0.8306 0.0553076
0.83095 0.0555141999999999
0.8313 0.0566796
0.83165 0.0555141999999999
0.832 0.0549217
0.83235 0.0549217
0.8327 0.0546425999999999
0.83305 0.0561786999999999
0.8334 0.0555856
0.83375 0.0555856
0.8341 0.0535776999999999
0.83445 0.0535776999999999
0.8348 0.0535776999999999
0.83515 0.0561175999999999
0.8355 0.0557464
0.83585 0.0557464
0.8362 0.0553173999999999
0.83655 0.0553013
0.8369 0.0550424999999999
0.83725 0.0546996
0.8376 0.0536170999999999
0.83795 0.0536170999999999
0.8383 0.0543728
0.83865 0.0557918
0.839 0.0557918
0.83935 0.0557918
0.8397 0.0555533999999999
0.84005 0.0555300999999999
0.8404 0.0555300999999999
0.84075 0.0550702
0.8411 0.0550702
0.84145 0.0550702
0.8418 0.0546054
0.84215 0.0546054
0.8425 0.0564615
0.84285 0.0570687
0.8432 0.0570687
0.84355 0.0572827
0.8439 0.0565326
0.84425 0.0558775999999999
0.8446 0.0558775999999999
0.84495 0.0570702
0.8453 0.0570702
0.84565 0.0570702
0.846 0.0582184999999999
0.84635 0.0582184999999999
0.8467 0.0582184999999999
0.84705 0.0598733
0.8474 0.0598733
0.84775 0.0572281999999999
0.8481 0.0572281999999999
0.84845 0.0576436
0.8488 0.0592593
0.84915 0.0592593
0.8495 0.0592593
0.84985 0.0591553
0.8502 0.0584697
0.85055 0.0584697
0.8509 0.0584697
0.85125 0.0580613
0.8516 0.0588254
0.85195 0.0594625
0.8523 0.0594625
0.85265 0.0583034
0.853 0.0583034
0.85335 0.0587913
0.8537 0.0587913
0.85405 0.0583415
0.8544 0.0579513
0.85475 0.057247
0.8551 0.0566666999999999
0.85545 0.0557878
0.8558 0.0566666999999999
0.85615 0.0557878
0.8565 0.056046
0.85685 0.0556806
0.8572 0.0551731
0.85755 0.0542371999999999
0.8579 0.0533895
0.85825 0.0533895
0.8586 0.0534582
0.85895 0.0534582
0.8593 0.0529
0.85965 0.0526908
0.86 0.0516744
0.86035 0.0509646
0.8607 0.0506041
0.86105 0.049752
0.8614 0.049752
0.86175 0.0494278
0.8621 0.0484175
0.86245 0.0484175
0.8628 0.0484175
0.86315 0.0484816
0.8635 0.0484816
0.86385 0.0484816
0.8642 0.0461545
0.86455 0.0461545
0.8649 0.047368
0.86525 0.0487088
0.8656 0.0490185999999999
0.86595 0.0497485
0.8663 0.0498732
0.86665 0.0498732
0.867 0.0475615
0.86735 0.0475615
0.8677 0.0488129
0.86805 0.0503562
0.8684 0.0513098
0.86875 0.0516574
0.8691 0.052881
0.86945 0.0526899
0.8698 0.0531014
0.87015 0.0531014
0.8705 0.0531014
0.87085 0.0528187
0.8712 0.0506511999999999
0.87155 0.0528187
0.8719 0.0539693
0.87225 0.0549126999999999
0.8726 0.0539693
0.87295 0.0518888
0.8733 0.0518888
0.87365 0.054721
0.874 0.054721
0.87435 0.054721
0.8747 0.0548038999999999
0.87505 0.0548038999999999
0.8754 0.0552163
0.87575 0.0523508
0.8761 0.0543118
0.87645 0.0536308
0.8768 0.0536308
0.87715 0.0535290999999999
0.8775 0.0522059
0.87785 0.0523139
0.8782 0.0522059
0.87855 0.0523139
0.8789 0.0531776999999999
0.87925 0.0531776999999999
0.8796 0.0455454
0.87995 0.0455454
0.8803 0.0455454
0.88065 0.0453814
0.881 0.0424389
0.88135 0.0423751
0.8817 0.0391304
0.88205 0.0349989
0.8824 0.0259304
0.88275 0.0259304
0.8831 0.0266392
0.88345 0.0266392
0.8838 0.0266392
0.88415 0.0274144
0.8845 0.0313626
0.88485 0.0343156
0.8852 0.0355378
0.88555 0.0355378
0.8859 0.0339258
0.88625 0.0307265999999999
0.8866 0.0213294
0.88695 0.0189342999999999
0.8873 0.0189342999999999
0.88765 0.020984
0.888 0.0209938
0.88835 0.0211212
0.8887 0.0254872
0.88905 0.0211212
0.8894 0.0254872
0.88975 0.0274956999999999
0.8901 0.0293541
0.89045 0.0299878
0.8908 0.0299878
0.89115 0.0297062
0.8915 0.0297062
0.89185 0.0280120999999999
0.8922 0.0304711
0.89255 0.0304711
0.8929 0.0307632999999999
0.89325 0.0308432
0.8936 0.0307632999999999
0.89395 0.0287843999999999
0.8943 0.0268101
0.89465 0.0268101
0.895 0.0292403
0.89535 0.0292403
0.8957 0.0290279
0.89605 0.0290279
0.8964 0.0310686
0.89675 0.0355973
0.8971 0.0355973
0.89745 0.0337313
0.8978 0.0337313
0.89815 0.0365452
0.8985 0.0365452
0.89885 0.0326857
0.8992 0.031284
0.89955 0.0326857
0.8999 0.0342236999999999
0.90025 0.0342236999999999
0.9006 0.0342236999999999
0.90095 0.0416615
0.9013 0.0432445
0.90165 0.045584
0.902 0.045584
0.90235 0.045584
0.9027 0.046464
0.90305 0.046464
0.9034 0.0482671999999999
0.90375 0.0451069
0.9041 0.0482671999999999
0.90445 0.049976
0.9048 0.0505433
0.90515 0.0508128
0.9055 0.0516040999999999
0.90585 0.0519327999999999
0.9062 0.0519327999999999
0.90655 0.0503813
0.9069 0.0503813
0.90725 0.0505819
0.9076 0.0505819
0.90795 0.0453436999999999
0.9083 0.0453436999999999
0.90865 0.0461278
0.909 0.0521583
0.90935 0.0521583
0.9097 0.0500096
0.91005 0.0454533
0.9104 0.0454533
0.91075 0.0514419999999999
0.9111 0.0527068
0.91145 0.0526501999999999
0.9118 0.0526501999999999
0.91215 0.0526501999999999
0.9125 0.0508630999999999
0.91285 0.0513413
0.9132 0.0513413
0.91355 0.0513413
0.9139 0.0528829
0.91425 0.0522629
0.9146 0.0535351
0.91495 0.0528487
0.9153 0.0528487
0.91565 0.0504092
0.916 0.0504092
0.91635 0.0505239
0.9167 0.0505239
0.91705 0.0521841
0.9174 0.0519983
0.91775 0.0519983
0.9181 0.0475736
0.91845 0.0475736
0.9188 0.0518099
0.91915 0.0518099
0.9195 0.0493974
0.91985 0.0493974
0.9202 0.0535688999999999
0.92055 0.0535688999999999
0.9209 0.0534269999999999
0.92125 0.053171
0.9216 0.0520175999999999
0.92195 0.0517682999999999
0.9223 0.0484681999999999
0.92265 0.0517682999999999
0.923 0.0532303
0.92335 0.0532303
0.9237 0.0517109
0.92405 0.0517109
0.9244 0.0526031999999999
0.92475 0.0538538
0.9251 0.0528291
0.92545 0.0538538
0.9258 0.0528291
0.92615 0.0517939
0.9265 0.0517939
0.92685 0.0517939
0.9272 0.0504353
0.92755 0.0504353
0.9279 0.050015
0.92825 0.0527672
0.9286 0.0527672
0.92895 0.0531197999999999
0.9293 0.0531197999999999
0.92965 0.0530418
0.93 0.0457993
0.93035 0.0457993
0.9307 0.0431913
0.93105 0.049855
0.9314 0.049855
0.93175 0.049855
0.9321 0.0495064
0.93245 0.0480221
0.9328 0.0495064
0.93315 0.0515014
0.9335 0.0515014
0.93385 0.0492972
0.9342 0.0422904999999999
0.93455 0.0422904999999999
0.9349 0.0450758
0.93525 0.0450758
0.9356 0.0479336
0.93595 0.0513071
0.9363 0.0521571
0.93665 0.0521571
0.937 0.0504682
0.93735 0.0504682
0.9377 0.041499
0.93805 0.041499
0.9384 0.041499
0.93875 0.0509861999999999
0.9391 0.0509861999999999
0.93945 0.0523716
0.9398 0.0508038
0.94015 0.0520596
0.9405 0.0392376
0.94085 0.0520596
0.9412 0.0529237
0.94155 0.0529486999999999
0.9419 0.0532404
0.94225 0.0532746
0.9426 0.0532746
0.94295 0.0392327
0.9433 0.0392327
0.94365 0.0462823
0.944 0.0462823
0.94435 0.0235261
0.9447 0.0235261
0.94505 0.0463609
0.9454 0.047922
0.94575 0.047922
0.9461 0.0488556
0.94645 0.0488556
0.9468 0.0488556
0.94715 0.0501948
0.9475 0.0501948
0.94785 0.0523795999999999
0.9482 0.0522391
0.94855 0.0525649
0.9489 0.0522391
0.94925 0.0372349
0.9496 0.0372349
0.94995 0.0465115
0.9503 0.0503588
0.95065 0.053498
0.951 0.053498
0.95135 0.0518812
0.9517 0.0518449
0.95205 0.0518449
0.9524 0.0518449
0.95275 0.0493700999999999
0.9531 0.0483159
0.95345 0.0483159
0.9538 0.0524596
0.95415 0.0524596
0.9545 0.052384
0.95485 0.052384
0.9552 0.0515291999999999
0.95555 0.0527485
0.9559 0.0527485
0.95625 0.0527485
0.9566 0.0526739
0.95695 0.0491300999999999
0.9573 0.0491300999999999
0.95765 0.0533375
0.958 0.0533375
0.95835 0.0531413
0.9587 0.0526631
0.95905 0.0526631
0.9594 0.0501308
0.95975 0.0501308
0.9601 0.0524784
0.96045 0.0524784
0.9608 0.0521612
0.96115 0.0521612
0.9615 0.0522593
0.96185 0.0522593
0.9622 0.051959
0.96255 0.0458364
0.9629 0.0443895
0.96325 0.0443895
0.9636 0.0443895
0.96395 0.0501029999999999
0.9643 0.0501029999999999
0.96465 0.0505018
0.965 0.0505018
0.96535 0.050051
0.9657 0.0481321999999999
0.96605 0.048918
0.9664 0.0481321999999999
0.96675 0.0474232
0.9671 0.046006
0.96745 0.0474232
0.9678 0.0479212
0.96815 0.0494568
0.9685 0.0494568
0.96885 0.0494002
0.9692 0.0494002
0.96955 0.0492623
0.9699 0.0492623
0.97025 0.0480565
0.9706 0.0467199
0.97095 0.0464773
0.9713 0.0467199
0.97165 0.0476561999999999
0.972 0.0485333
0.97235 0.0485333
0.9727 0.0490673
0.97305 0.0484736999999999
0.9734 0.0470672
0.97375 0.0462919
0.9741 0.0457325
0.97445 0.0457325
0.9748 0.0486925
0.97515 0.0490564
0.9755 0.0499856999999999
0.97585 0.0499856999999999
0.9762 0.0487016
0.97655 0.0487016
0.9769 0.0488643
0.97725 0.0492399
0.9776 0.0488643
0.97795 0.0488894
0.9783 0.0440818
0.97865 0.0454607
0.979 0.0454607
0.97935 0.0486046999999999
0.9797 0.0486046999999999
0.98005 0.0475583
0.9804 0.0446515
0.98075 0.0446515
0.9811 0.0446515
0.98145 0.0450452
0.9818 0.0450452
0.98215 0.0415686
0.9825 0.0415686
0.98285 0.0283704
0.9832 0.0416884999999999
0.98355 0.0416884999999999
0.9839 0.0419267
0.98425 0.0427203
0.9846 0.0419267
0.98495 0.0430705
0.9853 0.039622
0.98565 0.039622
0.986 0.0372105
0.98635 0.0372105
0.9867 0.0296906
0.98705 0.0378566
0.9874 0.0353925999999999
0.98775 0.0366332
0.9881 0.0353925999999999
0.98845 0.01803
0.9888 0.01803
0.98915 0.0248219
0.9895 0.0370193
0.98985 0.0329944
0.9902 0.0387912
0.99055 0.0329944
0.9909 0.0387912
0.99125 0.0382541
0.9916 0.0399165999999999
0.99195 0.0382541
0.9923 0.0400394
0.99265 0.0409405
0.993 0.0409405
0.99335 0.0408652
0.9937 0.0406776
0.99405 0.0406776
0.9944 0.0413881
0.99475 0.0413881
0.9951 0.0375967
0.99545 0.0375967
0.9958 0.0239308
0.99615 0.0370564
0.9965 0.0147579
0.99685 0.0370564
0.9972 0.0429825999999999
0.99755 0.0429825999999999
0.9979 0.0442237
0.99825 0.0387049
0.9986 0.040818
0.99895 0.0399373
0.9993 0.0399373
