0.3 0.35941
0.30035 0.362067
0.3007 0.3629194
0.30105 0.3629194
0.3014 0.3627189
0.30175 0.3619404
0.3021 0.3605373
0.30245 0.3577883
0.3028 0.3517764
0.30315 0.3348575
0.3035 0.3348575
0.30385 0.3367065999999999
0.3042 0.3509962
0.30455 0.3557509
0.3049 0.3575120999999999
0.30525 0.3581837
0.3056 0.3581837
0.30595 0.3581275
0.3063 0.3577632
0.30665 0.3572524
0.307 0.3566179
0.30735 0.3558476
0.3077 0.3549071
0.30805 0.3537207
0.3084 0.3521359
0.30875 0.3498868
0.3091 0.3461058
0.30945 0.338731
0.3098 0.3219011
0.31015 0.3144884
0.3105 0.3144884
0.31085 0.3340754
0.3112 0.3412362
0.31155 0.3440446
0.3119 0.3450897999999999
0.31225 0.3451018
0.3126 0.3451018
0.31295 0.3446356
0.3133 0.3440048
0.31365 0.3432697
0.314 0.3424372
0.31435 0.3415479
0.3147 0.3405827
0.31505 0.3395788
0.3154 0.3385235
0.31575 0.3374185999999999
0.3161 0.3362631
0.31645 0.3350561999999999
0.3168 0.3337947
0.31715 0.3324755
0.3175 0.3310927
0.31785 0.3296392
0.3182 0.3281363
0.31855 0.3265059
0.3189 0.3247927
0.31925 0.3228827
0.3196 0.3207933
0.31995 0.3183618
0.3203 0.3153321
0.32065 0.3110979
0.321 0.3039899
0.32135 0.288598
0.3217 0.2823774
0.32205 0.2823774
0.3224 0.2973705
0.32275 0.3010826
0.3231 0.3010826
0.32345 0.3001957
0.3238 0.298392
0.32415 0.2962621
0.3245 0.2938830999999999
0.32485 0.2912498
0.3252 0.2884994999999999
0.32555 0.2855864999999999
0.3259 0.2825065
0.32625 0.2792540999999999
0.3266 0.2758162
0.32695 0.2722789
0.3273 0.2684313
0.32765 0.2643495999999999
0.328 0.2601425
0.32835 0.2555716
0.3287 0.2508196
0.32905 0.245451
0.3294 0.2380412
0.32975 0.2255814
0.3301 0.2062610999999999
0.33045 0.2062610999999999
0.3308 0.22543
0.33115 0.2361076
0.3315 0.2419907
0.33185 0.2462185
0.3322 0.2498788
0.33255 0.2531456
0.3329 0.2563185
0.33325 0.2591719
0.3336 0.2619285
0.33395 0.2644117
0.3343 0.2668142
0.33465 0.2689829999999999
0.335 0.2710199
0.33535 0.2729357
0.3357 0.2747384
0.33605 0.276507
0.3364 0.2780366
0.33675 0.2795414
0.3371 0.2809543
0.33745 0.2822787
0.3378 0.2835162
0.33815 0.2846161
0.3385 0.2856824
0.33885 0.2866112
0.3392 0.2874921
0.33955 0.2882296
0.3399 0.2888886
0.34025 0.2893784
0.3406 0.2897122
0.34095 0.2897285999999999
0.3413 0.2897285999999999
0.34165 0.2892575999999999
0.342 0.2883156
0.34235 0.2866947
0.3427 0.2840437
0.34305 0.2798454999999999
0.3434 0.2735269
0.34375 0.2634762
0.3441 0.2479452
0.34445 0.2249116
0.3448 0.2249116
0.34515 0.2414165
0.3455 0.2577998999999999
0.34585 0.2692125
0.3462 0.2768489999999999
0.34655 0.2823022
0.3469 0.2862909
0.34725 0.2892829
0.3476 0.2915822999999999
0.34795 0.2933881
0.3483 0.294835
0.34865 0.2960147999999999
0.349 0.2969915
0.34935 0.2977686
0.3497 0.2984660999999999
0.35005 0.2990623
0.3504 0.2995433
0.35075 0.2999894
0.3511 0.3003495999999999
0.35145 0.3006627999999999
0.3518 0.3009605
0.35215 0.3011967
0.3525 0.3014015
0.35285 0.3015791
0.3532 0.3017313
0.35355 0.3018615
0.3539 0.3019707
0.35425 0.302061
0.3546 0.3021347
0.35495 0.3021917999999999
0.3553 0.3022344999999999
0.35565 0.3022444
0.356 0.3022489
0.35635 0.3022489
0.3567 0.3022437
0.35705 0.3021813
0.3574 0.302128
0.35775 0.302128
0.3581 0.3020532999999999
0.35845 0.3019989
0.3588 0.3019169
0.35915 0.3018447
0.3595 0.3016157
0.35985 0.3015732
0.3602 0.3014295
0.36055 0.3012813
0.3609 0.3011707
0.36125 0.3011707
0.3616 0.3010335
0.36195 0.3009087
0.3623 0.3007314
0.36265 0.3005929
0.363 0.3004344
0.36335 0.3002560999999999
0.3637 0.3000857
0.36405 0.2998574
0.3644 0.2997185999999999
0.36475 0.2995219
0.3651 0.2993199
0.36545 0.2991069
0.3658 0.2988882
0.36615 0.2986811
0.3665 0.2984663
0.36685 0.2982321
0.3672 0.2979964
0.36755 0.297763
0.3679 0.2975127999999999
0.36825 0.2972639
0.3686 0.2969764
0.36895 0.2967508
0.3693 0.2964702
0.36965 0.2962057
0.37 0.2958804
0.37035 0.2956332
0.3707 0.2953035999999999
0.37105 0.2950264
0.3714 0.2947538
0.37175 0.2944222999999999
0.3721 0.2940839
0.37245 0.2938064
0.3728 0.2934376999999999
0.37315 0.2931501999999999
0.3735 0.2927101
0.37385 0.2924484
0.3742 0.292066
0.37455 0.2916651
0.3749 0.2910415999999999
0.37525 0.2910097
0.3756 0.2904935
0.37595 0.2902389999999999
0.3763 0.2894175
0.37665 0.2892057
0.377 0.2889864
0.37735 0.2885897
0.3777 0.2881215
0.37805 0.2876500999999999
0.3784 0.2872668
0.37875 0.2863966
0.3791 0.2862292999999999
0.37945 0.2851922
0.3798 0.2848051
0.38015 0.2848051
0.3805 0.284178
0.38085 0.2838075
0.3812 0.2833105999999999
0.38155 0.2827435
0.3819 0.282058
0.38225 0.281501
0.3826 0.2810213
0.38295 0.2804488
0.3833 0.2796888
0.38365 0.2792197
0.384 0.2785102
0.38435 0.2779322
0.3847 0.2772370999999999
0.38505 0.2765652999999999
0.3854 0.2758450999999999
0.38575 0.2751084
0.3861 0.2743667
0.38645 0.2735821
0.3868 0.2727800999999999
0.38715 0.2719612999999999
0.3875 0.2710901
0.38785 0.2702482
0.3882 0.269394
0.38855 0.2684279
0.3889 0.267446
0.38925 0.2663428
0.3896 0.2654916
0.38995 0.2643893
0.3903 0.2633643
0.39065 0.2623097
0.391 0.2611429
0.39135 0.2600092
0.3917 0.2587156
0.39205 0.2574327
0.3924 0.2561819
0.39275 0.2547671
0.3931 0.2534074
0.39345 0.2519624
0.3938 0.2504499
0.39415 0.2487637
0.3945 0.2472202
0.39485 0.2453895
0.3952 0.2437244
0.39555 0.2418212999999999
0.3959 0.2397321
0.39625 0.2376671
0.3966 0.2355478999999999
0.39695 0.2333702
0.3973 0.2309662
0.39765 0.2283997
0.398 0.2256292999999999
0.39835 0.2230779
0.3987 0.2198257
0.39905 0.2166978
0.3994 0.2136114
0.39975 0.2099603
0.4001 0.2062531
0.40045 0.2021626
0.4008 0.1978787
0.40115 0.1926527
0.4015 0.1886612
0.40185 0.1836274
0.4022 0.1780321
0.40255 0.172695
0.4029 0.1664033999999999
0.40325 0.1599853
0.4036 0.1528445
0.40395 0.1444596
0.4043 0.1253601
0.40465 0.1253601
0.405 0.1408304
0.40535 0.1491672999999999
0.4057 0.1553507
0.40605 0.1610615
0.4064 0.1665794
0.40675 0.1714204
0.4071 0.176167
0.40745 0.1800184
0.4078 0.1838733
0.40815 0.1874946
0.4085 0.1906281
0.40885 0.1908578
0.4092 0.1969055
0.40955 0.199563
0.4099 0.2020176
0.41025 0.2043998
0.4106 0.2064090999999999
0.41095 0.2083163
0.4113 0.2100929999999999
0.41165 0.2118612
0.412 0.2131719
0.41235 0.2147458
0.4127 0.2159953
0.41305 0.2170507
0.4134 0.2172731
0.41375 0.2191844
0.4141 0.2203891
0.41445 0.2213089
0.4148 0.2220377
0.41515 0.2227927999999999
0.4155 0.2227927999999999
0.41585 0.2224862999999999
0.4162 0.2224862999999999
0.41655 0.2253561
0.4169 0.2260066
0.41725 0.2263595
0.4176 0.2269248999999999
0.41795 0.2272987
0.4183 0.227463
0.41865 0.2275957
0.419 0.2285688
0.41935 0.2286487999999999
0.4197 0.2286487999999999
0.42005 0.2282359
0.4204 0.2282359
0.42075 0.2294008
0.4211 0.229977
0.42145 0.2298537
0.4218 0.2298537
0.42215 0.2298537
0.4225 0.2309229
0.42285 0.231004
0.4232 0.231004
0.42355 0.2308381
0.4239 0.2308381
0.42425 0.2310219999999999
0.4246 0.2314306
0.42495 0.2315813
0.4253 0.231607
0.42565 0.231607
0.426 0.2310581
0.42635 0.2310581
0.4267 0.2315086
0.42705 0.2318619
0.4274 0.2320581
0.42775 0.2320581
0.4281 0.2319109
0.42845 0.2314692
0.4288 0.2313902
0.42915 0.2301027
0.4295 0.2308361
0.42985 0.2308361
0.4302 0.2308361
0.43055 0.2313064
0.4309 0.2299877999999999
0.43125 0.230561
0.4316 0.2301836
0.43195 0.230561
0.4323 0.2310254
0.43265 0.2310254
0.433 0.2307692
0.43335 0.2306921
0.4337 0.2302824999999999
0.43405 0.2302348
0.4344 0.2300682
0.43475 0.2299887
0.4351 0.2299844999999999
0.43545 0.229844
0.4358 0.2295097
0.43615 0.2294188999999999
0.4365 0.2289425
0.43685 0.2284997
0.4372 0.2285621
0.43755 0.2284997
0.4379 0.2284461
0.43825 0.2282516
0.4386 0.2281630999999999
0.43895 0.2278507
0.4393 0.2278505
0.43965 0.2269396
0.44 0.2266856
0.44035 0.2257864999999999
0.4407 0.2256446
0.44105 0.2256446
0.4414 0.2255261
0.44175 0.2249857999999999
0.4421 0.2249857999999999
0.44245 0.2249857999999999
0.4428 0.2250511
0.44315 0.2248424
0.4435 0.2248424
0.44385 0.2233189
0.4442 0.2233189
0.44455 0.2236675
0.4449 0.2236675
0.44525 0.2223583
0.4456 0.2223034
0.44595 0.2223583
0.4463 0.2223034
0.44665 0.2222837
0.447 0.2219538
0.44735 0.2215223
0.4477 0.2214344999999999
0.44805 0.2211836
0.4484 0.2198152
0.44875 0.2207891
0.4491 0.2201719
0.44945 0.2201719
0.4498 0.2198458999999999
0.45015 0.2196344999999999
0.4505 0.2193396
0.45085 0.2185032999999999
0.4512 0.2181731
0.45155 0.2177833
0.4519 0.2177203
0.45225 0.2173596
0.4526 0.2170822999999999
0.45295 0.2170822999999999
0.4533 0.2166009
0.45365 0.2160815
0.454 0.2160815
0.45435 0.2150719
0.4547 0.2148835
0.45505 0.2148835
0.4554 0.2146150999999999
0.45575 0.2134896
0.4561 0.2124024
0.45645 0.2132947
0.4568 0.2123724
0.45715 0.2122436999999999
0.4575 0.211825
0.45785 0.211825
0.4582 0.2112477
0.45855 0.2111342
0.4589 0.2106904
0.45925 0.2095769999999999
0.4596 0.2089053
0.45995 0.2089610999999999
0.4603 0.2089053
0.46065 0.2089015
0.461 0.2084748
0.46135 0.2081107999999999
0.4617 0.2077222
0.46205 0.2071711
0.4624 0.206703
0.46275 0.2064543999999999
0.4631 0.2060603999999999
0.46345 0.2053538999999999
0.4638 0.2046927999999999
0.46415 0.2045837
0.4645 0.204014
0.46485 0.203706
0.4652 0.2025792
0.46555 0.2022757999999999
0.4659 0.2021532
0.46625 0.2009394
0.4666 0.2003666
0.46695 0.1999085
0.4673 0.1998544
0.46765 0.1975644
0.468 0.1968507
0.46835 0.1968507
0.4687 0.1934892999999999
0.46905 0.1893735
0.4694 0.1934892999999999
0.46975 0.1951566
0.4701 0.1951566
0.47045 0.195018
0.4708 0.1944495
0.47115 0.1933187
0.4715 0.1924495
0.47185 0.191419
0.4722 0.1874061
0.47255 0.1866289
0.4729 0.1866289
0.47325 0.1896786
0.4736 0.1896786
0.47395 0.1892902999999999
0.4743 0.1880025
0.47465 0.1879902
0.475 0.1876772
0.47535 0.1686526
0.4757 0.1868463
0.47605 0.1845312
0.4764 0.1845312
0.47675 0.1841642999999999
0.4771 0.1820956
0.47745 0.1834805
0.4778 0.1820956
0.47815 0.1821006
0.4785 0.1821006
0.47885 0.1821006
0.4792 0.1803676
0.47955 0.1799967999999999
0.4799 0.1798476
0.48025 0.1789656
0.4806 0.1781603
0.48095 0.1775707
0.4813 0.1766257
0.48165 0.1755946
0.482 0.1755946
0.48235 0.1738357
0.4827 0.1738357
0.48305 0.1723154
0.4834 0.1705021
0.48375 0.1695188
0.4841 0.1695188
0.48445 0.1668415
0.4848 0.1635017999999999
0.48515 0.1647745
0.4855 0.164475
0.48585 0.164475
0.4862 0.1636266
0.48655 0.1636266
0.4869 0.1644836
0.48725 0.1644836
0.4876 0.16121
0.48795 0.1581032
0.4883 0.16121
0.48865 0.1620747
0.489 0.1620747
0.48935 0.1619733
0.4897 0.160939
0.49005 0.1593417999999999
0.4904 0.1593417999999999
0.49075 0.1563509
0.4911 0.1563509
0.49145 0.1563509
0.4918 0.1568072999999999
0.49215 0.1558345
0.4925 0.1551688
0.49285 0.150755
0.4932 0.150755
0.49355 0.1511983
0.4939 0.1511983
0.49425 0.1504296
0.4946 0.1498612
0.49495 0.1502692
0.4953 0.1489221
0.49565 0.1489221
0.496 0.1487295
0.49635 0.1481449
0.4967 0.1476781
0.49705 0.1470235
0.4974 0.1457305
0.49775 0.1447117
0.4981 0.143616
0.49845 0.1423282
0.4988 0.1423282
0.49915 0.1421888999999999
0.4995 0.1421888999999999
0.49985 0.1410924999999999
0.50055 0.1354776
0.5009 0.1354776
0.50125 0.1373449
0.5016 0.1373449
0.50195 0.1366609999999999
0.5023 0.1356933
0.50265 0.1330866
0.503 0.1167411
0.50335 0.1176506
0.5037 0.1176506
0.50405 0.1324605
0.5044 0.1324605
0.50475 0.1299896999999999
0.5051 0.1299896999999999
0.50545 0.1302382
0.5058 0.1302382
0.50615 0.1282083
0.5065 0.1270208
0.50685 0.1225191
0.5072 0.1225191
0.50755 0.1225191
0.5079 0.1215601999999999
0.50825 0.1203698
0.5086 0.1203698
0.50895 0.1211019
0.5093 0.1211019
0.50965 0.1211019
0.51 0.1208241
0.51035 0.1216338
0.5107 0.1208188
0.51105 0.1197898
0.5114 0.1195787
0.51175 0.1197898
0.5121 0.1203132
0.51245 0.1203132
0.5128 0.1192926999999999
0.51315 0.1158473
0.5135 0.1158473
0.51385 0.115868
0.5142 0.115868
0.51455 0.1155537
0.5149 0.1134571
0.51525 0.1155537
0.5156 0.1149987
0.51595 0.1149987
0.5163 0.113217
0.51665 0.113217
0.517 0.113217
0.51735 0.1120928999999999
0.5177 0.1115141
0.51805 0.1114116
0.5184 0.1115141
0.51875 0.1106991
0.5191 0.109969
0.51945 0.1092341999999999
0.5198 0.1087464
0.52015 0.1086012
0.5205 0.1085882
0.52085 0.1068831
0.5212 0.1067031
0.52155 0.1063527
0.5219 0.1055609999999999
0.52225 0.1051218
0.5226 0.1042016
0.52295 0.1024299
0.5233 0.099099
0.52365 0.099099
0.524 0.0975304999999999
0.52435 0.1011339
0.5247 0.1005731
0.52505 0.1005731
0.5254 0.0999039999999999
0.52575 0.0988271999999999
0.5261 0.0983037
0.52645 0.0981457
0.5268 0.0969156
0.52715 0.0967373
0.5275 0.0957636
0.52785 0.0953775
0.5282 0.0947934999999999
0.52855 0.0947934999999999
0.5289 0.0919343
0.52925 0.0919343
0.5296 0.0919343
0.52995 0.0902241999999999
0.5303 0.0902241999999999
0.53065 0.0901337
0.531 0.0901519
0.53135 0.0897858999999999
0.5317 0.0897205
0.53205 0.0887746
0.5324 0.0876139
0.53275 0.086624
0.5331 0.0865804
0.53345 0.0865804
0.5338 0.0857809
0.53415 0.0857809
0.5345 0.0857809
0.53485 0.0850216999999999
0.5352 0.0841041
0.53555 0.083567
0.5359 0.0826005
0.53625 0.0822728
0.5366 0.0815006
0.53695 0.0806418
0.5373 0.0806418
0.53765 0.0797862
0.538 0.0796845
0.53835 0.078813
0.5387 0.0787228
0.53905 0.0772121
0.5394 0.0745144
0.53975 0.0745144
0.5401 0.0745144
0.54045 0.0738588
0.5408 0.0728636999999999
0.54115 0.0726493999999999
0.5415 0.0718294999999999
0.54185 0.0707316
0.5422 0.0702485
0.54255 0.0700146
0.5429 0.0689284
0.54325 0.0683521
0.5436 0.0681909
0.54395 0.0680493
0.5443 0.0680493
0.54465 0.0684857
0.545 0.0684857
0.54535 0.0682351
0.5457 0.067853
0.54605 0.067853
0.5464 0.0659487
0.54675 0.0659487
0.5471 0.0659487
0.54745 0.0656665
0.5478 0.0651364
0.54815 0.0653885
0.5485 0.0651364
0.54885 0.0648983
0.5492 0.0644849
0.54955 0.0633283
0.5499 0.0624179
0.55025 0.0626183
0.5506 0.0623284999999999
0.55095 0.0622705
0.5513 0.0618800999999999
0.55165 0.0613038
0.552 0.0609785
0.55235 0.0605555
0.5527 0.0601882
0.55305 0.0597875
0.5534 0.0593169999999999
0.55375 0.0593169999999999
0.5541 0.0586005999999999
0.55445 0.0577808
0.5548 0.0577808
0.55515 0.057582
0.5555 0.0569325
0.55585 0.0569182
0.5562 0.0564154
0.55655 0.0564154
0.5569 0.0547462
0.55725 0.0547462
0.5576 0.0548014999999999
0.55795 0.0548014999999999
0.5583 0.0547508
0.55865 0.0542628
0.559 0.0541266
0.55935 0.0537874
0.5597 0.0534604
0.56005 0.0531429
0.5604 0.0527309999999999
0.56075 0.0524928999999999
0.5611 0.0520375
0.56145 0.0517938
0.5618 0.051207
0.56215 0.0511601999999999
0.5625 0.0504957
0.56285 0.0504278
0.5632 0.0501034
0.56355 0.0496935
0.5639 0.0496935
0.56425 0.0491756999999999
0.5646 0.0483479
0.56495 0.0483479
0.5653 0.0484588
0.56565 0.0484588
0.566 0.0479456
0.56635 0.0479456
0.5667 0.0476543
0.56705 0.0452983
0.5674 0.0443205
0.56775 0.0386324
0.5681 0.0386324
0.56845 0.0480058
0.5688 0.0480058
0.56915 0.0480058
0.5695 0.044645
0.56985 0.0411399
0.5702 0.0411399
0.57055 0.0448658
0.5709 0.0448874
0.57125 0.045727
0.5716 0.045727
0.57195 0.0448222
0.5723 0.0436999
0.57265 0.0435951
0.573 0.0433116
0.57335 0.0433200999999999
0.5737 0.0433200999999999
0.57405 0.0433200999999999
0.5744 0.0430109
0.57475 0.0430109
0.5751 0.0412064
0.57545 0.0426788
0.5758 0.0422496
0.57615 0.0422496
0.5765 0.0418408
0.57685 0.0399681999999999
0.5772 0.0411022
0.57755 0.0409425999999999
0.5779 0.0409425999999999
0.57825 0.0405598
0.5786 0.039966
0.57895 0.0396794
0.5793 0.039644
0.57965 0.0396334
0.58 0.038998
0.58035 0.0388038
0.5807 0.0375125
0.58105 0.0375125
0.5814 0.0375570999999999
0.58175 0.0375570999999999
0.5821 0.0371515999999999
0.58245 0.0367949
0.5828 0.0361977
0.58315 0.0352204
0.5835 0.0351011999999999
0.58385 0.0341869
0.5842 0.0335624
0.58455 0.0335624
0.5849 0.0335624
0.58525 0.0332668
0.5856 0.0344906
0.58595 0.0344906
0.5863 0.0344906
0.58665 0.032788
0.587 0.032788
0.58735 0.032788
0.5877 0.030279
0.58805 0.027268
0.5884 0.027268
0.58875 0.0243515999999999
0.5891 0.0243515999999999
0.58945 0.0236936
0.5898 0.0174379
0.59015 0.0174379
0.5905 0.030095
0.59085 0.030095
0.5912 0.0307117
0.59155 0.0307117
0.5919 0.0307117
0.59225 0.0302908
0.5926 0.0302908
0.59295 0.0323961
0.5933 0.0323961
0.59365 0.0348951
0.594 0.0305602
0.59435 0.0305602
0.5947 0.0305602
0.59505 0.0310457
0.5954 0.0310457
0.59575 0.0319183
0.5961 0.0319183
0.59645 0.0328559
0.5968 0.0333142
0.59715 0.033322
0.5975 0.033322
0.59785 0.0332839999999999
0.5982 0.0332839999999999
0.59855 0.0310858
0.5989 0.0336162
0.59925 0.0310858
0.5996 0.0336162
0.59995 0.0337874
0.6003 0.0337874
0.60065 0.0249279
0.601 0.0249279
0.60135 0.0343664
0.6017 0.0349786999999999
0.60205 0.0349786999999999
0.6024 0.0352766
0.60275 0.0352766
0.6031 0.035297
0.60345 0.035297
0.6038 0.035297
0.60415 0.0346054
0.6045 0.0346054
0.60485 0.0367092
0.6052 0.0373197
0.60555 0.0367092
0.6059 0.0360136
0.60625 0.0360136
0.6066 0.0360399
0.60695 0.0361238
0.6073 0.036407
0.60765 0.0366231999999999
0.608 0.036407
0.60835 0.036712
0.6087 0.0345337
0.60905 0.0363845
0.6094 0.0361195
0.60975 0.0363845
0.6101 0.037836
0.61045 0.037836
0.6108 0.0374674
0.61115 0.0347785
0.6115 0.0346632
0.61185 0.0347785
0.6122 0.0350153
0.61255 0.0456714
0.6129 0.0350153
0.61325 0.0350785
0.6136 0.0350785
0.61395 0.0350785
0.6143 0.0348626999999999
0.61465 0.0325537
0.615 0.0348626999999999
0.61535 0.0362011999999999
0.6157 0.0362011999999999
0.61605 0.0321809
0.6164 0.0321809
0.61675 0.0321809
0.6171 0.0300105
0.61745 0.0300105
0.6178 0.0300105
0.61815 0.030626
0.6185 0.0294921
0.61885 0.0317502999999999
0.6192 0.0317502999999999
0.61955 0.0317502999999999
0.6199 0.030452
0.62025 0.030452
0.6206 0.0320313
0.62095 0.0322327
0.6213 0.0322327
0.62165 0.0323929
0.622 0.0323929
0.62235 0.0339111
0.6227 0.0339111
0.62305 0.0339111
0.6234 0.0354187
0.62375 0.0354187
0.6241 0.0337833
0.62445 0.0334739
0.6248 0.0337833
0.62515 0.0343985
0.6255 0.0343985
0.62585 0.0344898
0.6262 0.0349068
0.62655 0.0349068
0.6269 0.0349068
0.62725 0.0351565999999999
0.6276 0.0351565999999999
0.62795 0.0352675999999999
0.6283 0.0351059
0.62865 0.0353557
0.629 0.0354049
0.62935 0.0354651999999999
0.6297 0.0354851
0.63005 0.0355162
0.6304 0.0355162
0.63075 0.0355370999999999
0.6311 0.0348881
0.63145 0.0342666
0.6318 0.0331601
0.63215 0.0342666
0.6325 0.0352566999999999
0.63285 0.0354772
0.6332 0.0354772
0.63355 0.0353255
0.6339 0.0353255
0.63425 0.0354877
0.6346 0.0354877
0.63495 0.0356755
0.6353 0.0356755
0.63565 0.0356822
0.636 0.0356822
0.63635 0.0356822
0.6367 0.0356071999999999
0.63705 0.0356071999999999
0.6374 0.0356071999999999
0.63775 0.0337739
0.6381 0.0337739
0.63845 0.0337739
0.6388 0.0324647999999999
0.63915 0.0348939
0.6395 0.0346236
0.63985 0.0355688
0.6402 0.0358129
0.64055 0.0358129
0.6409 0.0357325999999999
0.64125 0.0355683
0.6416 0.0343404999999999
0.64195 0.0350198
0.6423 0.0350198
0.64265 0.0356604
0.643 0.0356604
0.64335 0.0356604
0.6437 0.0354576
0.64405 0.03151
0.6444 0.03151
0.64475 0.0347468
0.6451 0.0347468
0.64545 0.0348806
0.6458 0.0256048
0.64615 0.0148143
0.6465 0.0138768
0.64685 0.0148143
0.6472 0.0317427
0.64755 0.0349472
0.6479 0.0349472
0.64825 0.0318695
0.6486 0.0318695
0.64895 0.0331736999999999
0.6493 0.0345436
0.64965 0.0356458
0.65 0.0356458
0.65035 0.0356996
0.6507 0.0326687
0.65105 0.0326687
0.6514 0.0312409
0.65175 0.0312245
0.6521 0.0312409
0.65245 0.0320224
0.6528 0.0320224
0.65315 0.034305
0.6535 0.0314349
0.65385 0.0346946
0.6542 0.0314613
0.65455 0.0345751999999999
0.6549 0.0345751999999999
0.65525 0.0345751999999999
0.6556 0.0303142
0.65595 0.0243344
0.6563 0.0243344
0.65665 0.0322111
0.657 0.0322111
0.65735 0.0340792
0.6577 0.0305308
0.65805 0.0343457
0.6584 0.0305308
0.65875 0.0343457
0.6591 0.0346727
0.65945 0.0346727
0.6598 0.033898
0.66015 0.033898
0.6605 0.033898
0.66085 0.0335553
0.6612 0.0315207999999999
0.66155 0.0315207999999999
0.6619 0.033415
0.66225 0.0337516
0.6626 0.0343718
0.66295 0.0337565
0.6633 0.0340304
0.66365 0.0340304
0.664 0.034371
0.66435 0.0343988
0.6647 0.0343988
0.66505 0.0343988
0.6654 0.0343510999999999
0.66575 0.0338338
0.6661 0.0333064
0.66645 0.0338338
0.6668 0.0333064
0.66715 0.0339244
0.6675 0.0339244
0.66785 0.0339244
0.6682 0.0339038
0.66855 0.0334988
0.6689 0.0271923
0.66925 0.0327212999999999
0.6696 0.0327212999999999
0.66995 0.0327212999999999
0.6703 0.0337135999999999
0.67065 0.0337135999999999
0.671 0.0337135999999999
0.67135 0.0344365
0.6717 0.0344226
0.67205 0.0345691999999999
0.6724 0.0345691999999999
0.67275 0.0345691999999999
0.6731 0.0348811
0.67345 0.0342294
0.6738 0.0345174
0.67415 0.0343728
0.6745 0.0343728
0.67485 0.0343728
0.6752 0.0344558
0.67555 0.0344558
0.6759 0.0342104
0.67625 0.0342104
0.6766 0.0342104
0.67695 0.034249
0.6773 0.0339128
0.67765 0.0340491999999999
0.678 0.0339128
0.67835 0.0337229
0.6787 0.0329939
0.67905 0.0330314
0.6794 0.0330314
0.67975 0.0330977
0.6801 0.0330977
0.68045 0.0330136
0.6808 0.0317406
0.68115 0.0317406
0.6815 0.0317406
0.68185 0.0324466999999999
0.6822 0.0317507999999999
0.68255 0.0317507999999999
0.6829 0.0309709
0.68325 0.0309457999999999
0.6836 0.0309709
0.68395 0.0309457999999999
0.6843 0.0308698
0.68465 0.0308698
0.685 0.0312245999999999
0.68535 0.0312245999999999
0.6857 0.0312245999999999
0.68605 0.0310526
0.6864 0.0307406
0.68675 0.0293022
0.6871 0.0293022
0.68745 0.0289017
0.6878 0.0306577
0.68815 0.0290165
0.6885 0.0300659
0.68885 0.0290165
0.6892 0.0300659
0.68955 0.01375
0.6899 0.0292567
0.69025 0.0291241
0.6906 0.0292567
0.69095 0.0291241
0.6913 0.0266341999999999
0.69165 0.0258515999999999
0.692 0.0201743
0.69235 0.0201743
0.6927 0.019742
0.69305 0.019742
0.6934 0.019742
0.69375 0.0220049
0.6941 0.0220049
0.69445 0.0240847
0.6948 0.0250363
0.69515 0.0250363
0.6955 0.022984
0.69585 0.022984
0.6962 0.0222399
0.69655 0.0239267
0.6969 0.0233743
0.69725 0.0239267
0.6976 0.0233743
0.69795 0.0264639999999999
0.6983 0.0253974
0.69865 0.0253974
0.699 0.0236492
0.69935 0.0236492
0.6997 0.0249422
0.70005 0.0249422
0.7004 0.0234752
0.70075 0.0174976
0.7011 0.0216865
0.70145 0.0081611999999999
0.7018 0.0216865
0.70215 0.0218044
0.7025 0.0218044
0.70285 0.0191410999999999
0.7032 0.0191410999999999
0.70355 0.0213512
0.7039 0.024082
0.70425 0.0223059
0.7046 0.0268229
0.70495 0.0223059
0.7053 0.0251410999999999
0.70565 0.0226973
0.706 0.0226973
0.70635 0.0226973
0.7067 0.0228622
0.70705 0.0228622
0.7074 0.022264
0.70775 0.0203509
0.7081 0.0203509
0.70845 0.0166957
0.7088 0.0166957
0.70915 0.0166957
0.7095 0.0167949999999999
0.70985 0.0211852999999999
0.7102 0.0211852999999999
0.71055 0.021126
0.7109 0.0120592
0.71125 0.0120592
0.7116 0.0155313
0.71195 0.0232292
0.7123 0.0232292
0.71265 0.0187563
0.713 0.0187563
0.71335 0.0221045
0.7137 0.0221045
0.71405 0.0217638
0.7144 0.016779
0.71475 0.016779
0.7151 0.0205880999999999
0.71545 0.0205880999999999
0.7158 0.0151686
0.71615 0.0127482999999999
0.7165 0.0046316
0.71685 0.0046316
0.7172 0.0079251
0.71755 0.0079251
0.7179 0.0079251
0.71825 0.0167992
0.7186 0.0167992
0.71895 0.0046133
0.7193 0.0037705999999999
0.71965 0.0046133
0.72 0.0065676999999999
0.72035 0.0101331
0.7207 0.0081434
0.72105 0.0081434
0.7214 0.0081434
0.72175 0.0065932
0.7221 0.0146497
0.72245 0.0130985
0.7228 0.0130985
0.72315 0.0066203
0.7235 0.0049543999999999
0.72385 0.0049543999999999
0.7242 0.0049543999999999
0.72455 0.0080084
0.7249 0.0080084
0.72525 0.0080084
0.7256 0.0073341
0.72595 0.0059961
0.7263 0.0040828
0.72665 0.0059961
0.727 0.0033243
0.72735 0.0095023
0.7277 0.0042798
0.72805 0.0097881
0.7284 0.011038
0.72875 0.0121131
0.7291 0.0121131
0.72945 0.0099646
0.7298 0.0083822999999999
0.73015 0.0093571
0.7305 0.0093571
0.73085 0.0093571
0.7312 0.0119801
0.73155 0.0072496
0.7319 0.0121582
0.73225 0.009682
0.7326 0.009682
0.73295 0.0061206
0.7333 0.0061206
0.73365 0.0153794999999999
0.734 0.0153794999999999
0.73435 0.0126819
0.7347 0.0126819
0.73505 0.0128877
0.7354 0.0177402
0.73575 0.0177402
0.7361 0.015957
0.73645 0.015957
0.7368 0.015957
0.73715 0.019724
0.7375 0.0098212
0.73785 0.0183275
0.7382 0.0160938999999999
0.73855 0.0160938999999999
0.7389 0.0116979
0.73925 0.0116979
0.7396 0.0116979
0.73995 0.0115842999999999
0.7403 0.0115842999999999
0.74065 0.0192772
0.741 0.0192772
0.74135 0.0162002999999999
0.7417 0.0139669999999999
0.74205 0.0139669999999999
0.7424 0.0132851
0.74275 0.0180615999999999
0.7431 0.0180615999999999
0.74345 0.0262127999999999
0.7438 0.0262127999999999
0.74415 0.0173408
0.7445 0.0173408
0.74485 0.0176422
0.7452 0.0176422
0.74555 0.0176422
0.7459 0.013787
0.74625 0.0177360999999999
0.7466 0.0166717
0.74695 0.0166717
0.7473 0.0139753999999999
0.74765 0.0139753999999999
0.748 0.0171562
0.74835 0.0172108
0.7487 0.0188989
0.74905 0.0172108
0.7494 0.0171722999999999
0.74975 0.0156607
0.7501 0.0171722999999999
0.75045 0.0156607
0.7508 0.0171404
0.75115 0.0119817999999999
0.7515 0.0160938999999999
0.75185 0.0119817999999999
0.7522 0.013155
0.75255 0.013155
0.7529 0.0140617
0.75325 0.0144279
0.7536 0.0152903
0.75395 0.0163718999999999
0.7543 0.0157006
0.75465 0.0161709
0.755 0.0161709
0.75535 0.0161709
0.7557 0.0158836
0.75605 0.0158269
0.7564 0.0158269
0.75675 0.0155815
0.7571 0.0155815
0.75745 0.0151157999999999
0.7578 0.0143507
0.75815 0.0143507
0.7585 0.0147814
0.75885 0.0147814
0.7592 0.0145483
0.75955 0.0144526
0.7599 0.014221
0.76025 0.014221
0.7606 0.0134947999999999
0.76095 0.0134947999999999
0.7613 0.0135601
0.76165 0.0135601
0.762 0.0133817999999999
0.76235 0.0130441
0.7627 0.0122563999999999
0.76305 0.0091234
0.7634 0.0122563999999999
0.76375 0.0130719
0.7641 0.0138271
0.76445 0.0138271
0.7648 0.0138271
0.76515 0.0134896
0.7655 0.0130836
0.76585 0.0129086
0.7662 0.0102927
0.76655 0.0102927
0.7669 0.0112915
0.76725 0.0112915
0.7676 0.0124981
0.76795 0.0110046
0.7683 0.0131293
0.76865 0.0131293
0.769 0.0131293
0.76935 0.0130654
0.7697 0.0101923999999999
0.77005 0.0101923999999999
0.7704 0.0121521
0.77075 0.0131466
0.7711 0.0132733
0.77145 0.0134548
0.7718 0.0132733
0.77215 0.0120615
0.7725 0.008919
0.77285 0.008919
0.7732 0.0095946
0.77355 0.0113334
0.7739 0.0117731
0.77425 0.0123306
0.7746 0.0124217999999999
0.77495 0.012625
0.7753 0.0128138
0.77565 0.0128138
0.776 0.0126898
0.77635 0.0126898
0.7767 0.0130455
0.77705 0.0130455
0.7774 0.0130455
0.77775 0.0128243
0.7781 0.0128243
0.77845 0.0123246
0.7788 0.0123246
0.77915 0.0151774
0.7795 0.0151774
0.77985 0.0145831
0.7802 0.0139387
0.78055 0.0139157
0.7809 0.0139387
0.78125 0.0154972
0.7816 0.0154972
0.78195 0.0145934
0.7823 0.0144902
0.78265 0.0127652999999999
0.783 0.012554
0.78335 0.012554
0.7837 0.0145351
0.78405 0.0169905999999999
0.7844 0.0145351
0.78475 0.0169905999999999
0.7851 0.0149112
0.78545 0.0149112
0.7858 0.0127337
0.78615 0.0116472
0.7865 0.0116534999999999
0.78685 0.0116534999999999
0.7872 0.0126708
0.78755 0.0136286
0.7879 0.0136286
0.78825 0.0109488
0.7886 0.0106178
0.78895 0.0106178
0.7893 0.0162668999999999
0.78965 0.0162848
0.79 0.0162668999999999
0.79035 0.0162848
0.7907 0.0160407
0.79105 0.0133932
0.7914 0.0133932
0.79175 0.0133932
0.7921 0.0129389999999999
0.79245 0.0129389999999999
0.7928 0.0103399
0.79315 0.0135139999999999
0.7935 0.0135139999999999
0.79385 0.0145263
0.7942 0.0145263
0.79455 0.0125444
0.7949 0.0125444
0.79525 0.0100514
0.7956 0.0021969
0.79595 0.0021969
0.7963 0.0062282
0.79665 0.0091494
0.797 0.0104288
0.79735 0.010767
0.7977 0.0111905
0.79805 0.0111905
0.7984 0.012513
0.79875 0.0128279
0.7991 0.0151277999999999
0.79945 0.0151277999999999
0.7998 0.0140898
0.80015 0.0140898
0.8005 0.0148487
0.80085 0.0148487
0.8012 0.0132062999999999
0.80155 0.0123577999999999
0.8019 0.0115687999999999
0.80225 0.0115687999999999
0.8026 0.0136912
0.80295 0.0142085
0.8033 0.0136912
0.80365 0.0154098999999999
0.804 0.0129474999999999
0.80435 0.0154098999999999
0.8047 0.0163889
0.80505 0.0163889
0.8054 0.0155311
0.80575 0.0120727
0.8061 0.0077404
0.80645 0.0077404
0.8068 0.0086629
0.80715 0.0116074
0.8075 0.0116074
0.80785 0.0102259
0.8082 0.0058836999999999
0.80855 0.0102259
0.8089 0.0058836999999999
0.80925 0.0065913
0.8096 0.0065913
0.80995 0.0068968
0.8103 0.0115935
0.81065 0.0115935
0.811 0.0115935
0.81135 0.0118874
0.8117 0.0133462
0.81205 0.0133462
0.8124 0.0111955
0.81275 0.0111955
0.8131 0.0067643
0.81345 0.0099755
0.8138 0.0099755
0.81415 0.0099755
0.8145 0.0054228
0.81485 0.0028875999999999
0.8152 0.0028875999999999
0.81555 0.0100877
0.8159 0.0106039
0.81625 0.0100877
0.8166 0.0122102
0.81695 0.0128571
0.8173 0.0128571
0.81765 0.0114481
0.818 0.0114481
0.81835 0.011572
0.8187 0.011572
0.81905 0.0151708
0.8194 0.0122724999999999
0.81975 0.0122724999999999
0.8201 0.0122724999999999
0.82045 0.0118424
0.8208 0.0132325999999999
0.82115 0.0129754
0.8215 0.0129754
0.82185 0.0129754
0.8222 0.0137019
0.82255 0.0137019
0.8229 0.0075371
0.82325 0.0035085
0.8236 0.0033709
0.82395 0.0033709
0.8243 0.0139597
0.82465 0.0139597
0.825 0.0142162999999999
0.82535 0.0155125
0.8257 0.0166215
0.82605 0.0155125
0.8264 0.0121177
0.82675 0.0121177
0.8271 0.0103678
0.82745 0.0158938
0.8278 0.0087582
0.82815 0.0123606
0.8285 0.0123606
0.82885 0.0123606
0.8292 0.0128081
0.82955 0.0135398
0.8299 0.0135398
0.83025 0.0052086
0.8306 0.0052086
0.83095 0.00845
0.8313 0.0133248
0.83165 0.0087562
0.832 0.0087562
0.83235 0.0087562
0.8327 0.0087108
0.83305 0.0127304
0.8334 0.0117506
0.83375 0.0117506
0.8341 0.0031745
0.83445 0.0031745
0.8348 0.0031745
0.83515 0.0160833
0.8355 0.0133991
0.83585 0.0133991
0.8362 0.0087869
0.83655 0.0087869
0.8369 0.0087869
0.83725 0.0052352
0.8376 0.0041881
0.83795 0.0041881
0.8383 0.0084716
0.83865 0.0120622
0.839 0.0120622
0.83935 0.0120622
0.8397 0.0127601
0.84005 0.0091635
0.8404 0.0079705
0.84075 0.0079705
0.8411 0.0106997
0.84145 0.0106997
0.8418 0.0104485
0.84215 0.0104485
0.8425 0.0131245
0.84285 0.0135401
0.8432 0.0135401
0.84355 0.0155664
0.8439 0.0130494
0.84425 0.0130494
0.8446 0.0130494
0.84495 0.0136753999999999
0.8453 0.0136753999999999
0.84565 0.0143173
0.846 0.0462224
0.84635 0.0462224
0.8467 0.0198102
0.84705 0.0154959
0.8474 0.0154959
0.84775 0.0094253999999999
0.8481 0.0051892
0.84845 0.0094253999999999
0.8488 0.0152760999999999
0.84915 0.0152760999999999
0.8495 0.0094778
0.84985 0.0039448
0.8502 0.0039448
0.85055 0.0147736999999999
0.8509 0.0193724
0.85125 0.0147736999999999
0.8516 0.0126106
0.85195 0.0126106
0.8523 0.0126106
0.85265 0.0123968
0.853 0.0121041
0.85335 0.0121041
0.8537 0.0142264999999999
0.85405 0.0142264999999999
0.8544 0.0136226
0.85475 0.0135994
0.8551 0.0136226
0.85545 0.012728
0.8558 0.01342
0.85615 0.012728
0.8565 0.01342
0.85685 0.0173369
0.8572 0.0173369
0.85755 0.0108961
0.8579 0.010293
0.85825 0.0096459
0.8586 0.010293
0.85895 0.0103841
0.8593 0.0103841
0.85965 0.0103052
0.86 0.0091706
0.86035 0.0091706
0.8607 0.0091706
0.86105 0.0077336
0.8614 0.0077336
0.86175 0.0074912999999999
0.8621 0.0064031
0.86245 0.0064031
0.8628 0.0065540999999999
0.86315 0.0068432
0.8635 0.0065540999999999
0.86385 0.0065985
0.8642 0.0065563
0.86455 0.0065563
0.8649 0.0065563
0.86525 0.0069201
0.8656 0.0072676999999999
0.86595 0.0072676999999999
0.8663 0.0072721
0.86665 0.0071663
0.867 0.0072721
0.86735 0.0071322
0.8677 0.0074956999999999
0.86805 0.0082182
0.8684 0.0099416
0.86875 0.0101702999999999
0.8691 0.0107087
0.86945 0.0107087
0.8698 0.0107087
0.87015 0.0069373
0.8705 0.0069373
0.87085 0.0096733999999999
0.8712 0.0096733999999999
0.87155 0.0094385
0.8719 0.0094385
0.87225 0.0129001
0.8726 0.0129001
0.87295 0.0116347
0.8733 0.0114845
0.87365 0.0114845
0.874 0.0114845
0.87435 0.0144002
0.8747 0.0131184
0.87505 0.0131184
0.8754 0.0119471
0.87575 0.010296
0.8761 0.0100547
0.87645 0.0100547
0.8768 0.0100547
0.87715 0.0113617
0.8775 0.0101837
0.87785 0.0102634
0.8782 0.0101837
0.87855 0.0102634
0.8789 0.0100605
0.87925 0.0100605
0.8796 0.0050014
0.87995 0.0050014
0.8803 0.0050014
0.88065 0.0048665
0.881 0.0037979
0.88135 0.0034698
0.8817 0.0024070999999999
0.88205 0.0016125999999999
0.8824 0.0010208
0.88275 0.0010105
0.8831 0.0009953
0.88345 0.0009706
0.8838 0.0009668
0.88415 0.0009706
0.8845 0.00119
0.88485 0.0014177
0.8852 0.0016541
0.88555 0.0016541
0.8859 0.0014907
0.88625 0.0011541
0.8866 0.0006652
0.88695 0.0005797
0.8873 0.0005797
0.88765 0.0005797
0.888 0.000623
0.88835 0.0007734
0.8887 0.0008675
0.88905 0.0007734
0.8894 0.0009597999999999
0.88975 0.0010157
0.8901 0.001102
0.89045 0.0010314999999999
0.8908 0.0010314999999999
0.89115 0.0009396
0.8915 0.0009396
0.89185 0.0009273999999999
0.8922 0.0009369
0.89255 0.0009369
0.8929 0.0009619
0.89325 0.0010126
0.8936 0.0010126
0.89395 0.0009542
0.8943 0.0008793
0.89465 0.0008793
0.895 0.0008914999999999
0.89535 0.0008914999999999
0.8957 0.0008914999999999
0.89605 0.0009651
0.8964 0.001034
0.89675 0.0012966
0.8971 0.0012966
0.89745 0.0014177999999999
0.8978 0.0014177999999999
0.89815 0.0016577999999999
0.8985 0.0016577999999999
0.89885 0.0013719
0.8992 0.0004157
0.89955 0.0004157
0.8999 0.0002514
0.90025 0.0002514
0.9006 0.0002514
0.90095 0.0010302
0.9013 0.0016422999999999
0.90165 0.0031999
0.902 0.0031999
0.90235 0.0029823
0.9027 0.0029823
0.90305 0.0028465
0.9034 0.0034042
0.90375 0.0034042
0.9041 0.0048208999999999
0.90445 0.0055578
0.9048 0.0060783
0.90515 0.0064851
0.9055 0.0064851
0.90585 0.0064851
0.9062 0.0060653999999999
0.90655 0.0060653999999999
0.9069 0.00257
0.90725 0.00257
0.9076 0.0043083999999999
0.90795 0.0043083999999999
0.9083 0.0043083999999999
0.90865 0.0041561
0.909 0.0061748
0.90935 0.0041561
0.9097 0.0040808
0.91005 0.0021390999999999
0.9104 0.0025033
0.91075 0.0025033
0.9111 0.0025935
0.91145 0.0034439999999999
0.9118 0.0025935
0.91215 0.0034439999999999
0.9125 0.0076206999999999
0.91285 0.0076206999999999
0.9132 0.0069818
0.91355 0.0046838999999999
0.9139 0.0069818
0.91425 0.0012565999999999
0.9146 0.0063221
0.91495 0.0021603
0.9153 0.0034654
0.91565 0.0034654
0.916 0.0034654
0.91635 0.0040259
0.9167 0.0018393
0.91705 0.001312
0.9174 0.0010723
0.91775 0.0010723
0.9181 0.0010723
0.91845 0.0013113
0.9188 0.0024574
0.91915 0.0024574
0.9195 0.0007953999999999
0.91985 0.0007953999999999
0.9202 0.0063743
0.92055 0.0081919
0.9209 0.0063743
0.92125 0.0056875
0.9216 0.0022757
0.92195 0.0056875
0.9223 0.0055892
0.92265 0.0057582
0.923 0.0055892
0.92335 0.0035675
0.9237 0.0026028
0.92405 0.0035675
0.9244 0.0026028
0.92475 0.0067605
0.9251 0.0067605
0.92545 0.0067605
0.9258 0.0062521999999999
0.92615 0.0043328
0.9265 0.0028979
0.92685 0.0028979
0.9272 0.0021013
0.92755 0.0021013
0.9279 0.0010632
0.92825 0.0021273
0.9286 0.0020402
0.92895 0.0035123
0.9293 0.0025959
0.92965 0.0025959
0.93 0.0007369
0.93035 0.0007369
0.9307 0.0003938
0.93105 0.0010942999999999
0.9314 0.000831
0.93175 0.0010942999999999
0.9321 0.001663
0.93245 0.001663
0.9328 0.0018971
0.93315 0.0020222
0.9335 0.0020222
0.93385 0.0006959
0.9342 0.0006192
0.93455 0.0003406
0.9349 0.0006192
0.93525 0.0003406
0.9356 0.0006582
0.93595 0.0009362999999999
0.9363 0.0014187
0.93665 0.0009544
0.937 0.0009544
0.93735 0.0009544
0.9377 0.0007348
0.93805 0.0007348
0.9384 0.0007348
0.93875 0.0012445
0.9391 0.0012445
0.93945 0.0013135999999999
0.9398 0.0009333
0.94015 0.0014993
0.9405 0.000834
0.94085 0.0020539
0.9412 0.0029008
0.94155 0.0029008
0.9419 0.0019367
0.94225 0.0017913
0.9426 0.0017913
0.94295 0.0005717
0.9433 0.0005717
0.94365 0.0008086
0.944 0.0008086
0.94435 0.0002624
0.9447 0.0002624
0.94505 0.0023276
0.9454 0.0023276
0.94575 0.0023276
0.9461 0.0010186
0.94645 0.0010186
0.9468 0.0010186
0.94715 0.0013039
0.9475 0.0013039
0.94785 0.0013304
0.9482 0.0019582999999999
0.94855 0.0022792
0.9489 0.0022792
0.94925 0.0002791
0.9496 0.0002791
0.94995 0.0003943
0.9503 0.0007574
0.95065 0.0025047
0.951 0.0025047
0.95135 0.0010933
0.9517 0.0010933
0.95205 0.0012095
0.9524 0.0012095
0.95275 0.0009311
0.9531 0.0005325
0.95345 0.0005325
0.9538 0.000782
0.95415 0.0011300999999999
0.9545 0.0011300999999999
0.95485 0.0019164
0.9552 0.001324
0.95555 0.0018827
0.9559 0.0018827
0.95625 0.0019252
0.9566 0.0019252
0.95695 0.0006045
0.9573 0.0006045
0.95765 0.0022065
0.958 0.0022065
0.95835 0.0017586
0.9587 0.0017586
0.95905 0.0017586
0.9594 0.0005941
0.95975 0.0005941
0.9601 0.0023395
0.96045 0.0023395
0.9608 0.0010557
0.96115 0.0010557
0.9615 0.0014352
0.96185 0.0020217
0.9622 0.0014352
0.96255 0.0005164
0.9629 0.0005164
0.96325 0.0008426
0.9636 0.0008426
0.96395 0.0007266
0.9643 0.0007266
0.96465 0.0027043
0.965 0.0027043
0.96535 0.0013543
0.9657 0.0006638
0.96605 0.0013543
0.9664 0.0009157999999999
0.96675 0.0009157999999999
0.9671 0.0009157999999999
0.96745 0.0010753
0.9678 0.0022440999999999
0.96815 0.0022440999999999
0.9685 0.0015225
0.96885 0.0005917
0.9692 0.0005917
0.96955 0.0015702
0.9699 0.0025478
0.97025 0.0025478
0.9706 0.0025241
0.97095 0.0025241
0.9713 0.002679
0.97165 0.0030291999999999
0.972 0.0030291999999999
0.97235 0.0021875999999999
0.9727 0.0021515
0.97305 0.0011715
0.9734 0.0011715
0.97375 0.0008077
0.9741 0.0008077
0.97445 0.0008077
0.9748 0.0012917
0.97515 0.0017837
0.9755 0.0021713
0.97585 0.0021713
0.9762 0.0018574
0.97655 0.0018574
0.9769 0.0027586999999999
0.97725 0.0030918
0.9776 0.0030918
0.97795 0.0018352
0.9783 0.0011432
0.97865 0.0011432
0.979 0.0011432
0.97935 0.0011962
0.9797 0.0016948
0.98005 0.0016948
0.9804 0.0016598
0.98075 0.0011657
0.9811 0.0011657
0.98145 0.0017184
0.9818 0.0017184
0.98215 0.0013206
0.9825 0.0008824999999999
0.98285 0.0008542
0.9832 0.0008542
0.98355 0.0010884
0.9839 0.0014050999999999
0.98425 0.0014009
0.9846 0.0014009
0.98495 0.0014009
0.9853 0.0012214
0.98565 0.0011202999999999
0.986 0.0009642
0.98635 0.0009642
0.9867 0.0007174999999999
0.98705 0.0008699
0.9874 0.0008699
0.98775 0.0008699
0.9881 0.0003033
0.98845 0.0002946
0.9888 0.0003033
0.98915 0.0004388999999999
0.9895 0.0010132
0.98985 0.0006322999999999
0.9902 0.0011562
0.99055 0.0008714
0.9909 0.0011267999999999
0.99125 0.0008814
0.9916 0.0011267999999999
0.99195 0.0008814
0.9923 0.0012307
0.99265 0.0011166
0.993 0.0011628
0.99335 0.0011628
0.9937 0.0013165
0.99405 0.0013165
0.9944 0.0015566
0.99475 0.0013432
0.9951 0.0013432
0.99545 0.0013432
0.9958 0.000628
0.99615 0.0013504
0.9965 0.000628
0.99685 0.0013514
0.9972 0.0019417
0.99755 0.0019417
0.9979 0.0017282
0.99825 0.0011296
0.9986 0.001351
0.99895 0.0009857999999999
0.9993 0.0009857999999999
