0.3 0.0119467
0.30035 0.0119633
0.3007 0.0119687999999999
0.30105 0.0119687999999999
0.3014 0.011968
0.30175 0.0119635
0.3021 0.0119551
0.30245 0.0119384
0.3028 0.0119016
0.30315 0.0117963
0.3035 0.0117963
0.30385 0.0118084
0.3042 0.0118977
0.30455 0.0119273
0.3049 0.0119384
0.30525 0.0119428
0.3056 0.0119429
0.30595 0.0119429
0.3063 0.0119408999999999
0.30665 0.0119379999999999
0.307 0.0119342999999999
0.30735 0.0119297999999999
0.3077 0.0119242999999999
0.30805 0.0119172
0.3084 0.0119076
0.30875 0.0118938999999999
0.3091 0.0118706
0.30945 0.0118248
0.3098 0.0117185
0.31015 0.0116714
0.3105 0.0116714
0.31085 0.0117965
0.3112 0.0118417
0.31155 0.0118596
0.3119 0.0118664
0.31225 0.011867
0.3126 0.011867
0.31295 0.0118643999999999
0.3133 0.0118607
0.31365 0.0118564
0.314 0.0118515
0.31435 0.0118462
0.3147 0.0118405
0.31505 0.0118345
0.3154 0.0118281
0.31575 0.0118215
0.3161 0.0118145
0.31645 0.0118072
0.3168 0.0117995
0.31715 0.0117915
0.3175 0.011783
0.31785 0.0117741
0.3182 0.0117649
0.31855 0.0117548
0.3189 0.0117442
0.31925 0.0117323
0.3196 0.0117193
0.31995 0.011704
0.3203 0.0116847
0.32065 0.0116576
0.321 0.0116115
0.32135 0.0115096
0.3217 0.0114682
0.32205 0.0114682
0.3224 0.0115692
0.32275 0.0115941
0.3231 0.0115941
0.32345 0.0115889
0.3238 0.0115774
0.32415 0.0115636
0.3245 0.0115481
0.32485 0.0115307999999999
0.3252 0.0115127
0.32555 0.0114933999999999
0.3259 0.0114728
0.32625 0.0114509
0.3266 0.0114277
0.32695 0.0114035
0.3273 0.011377
0.32765 0.0113486
0.328 0.0113191
0.32835 0.0112865
0.3287 0.0112518
0.32905 0.0112111
0.3294 0.011152
0.32975 0.0110488999999999
0.3301 0.0108812
0.33045 0.0108812
0.3308 0.0110493
0.33115 0.0111398
0.3315 0.0111885
0.33185 0.011222
0.3322 0.01125
0.33255 0.0112744
0.3329 0.0112979
0.33325 0.0113189
0.3336 0.0113391
0.33395 0.0113572
0.3343 0.0113747
0.33465 0.0113904
0.335 0.0114051
0.33535 0.011419
0.3357 0.011432
0.33605 0.0114448
0.3364 0.0114559
0.33675 0.0114668
0.3371 0.011477
0.33745 0.0114866
0.3378 0.0114957
0.33815 0.0115037
0.3385 0.0115116
0.33885 0.0115185
0.3392 0.011525
0.33955 0.0115306
0.3399 0.0115357
0.34025 0.0115396
0.3406 0.0115424999999999
0.34095 0.0115439
0.3413 0.0115439
0.34165 0.0115414
0.342 0.0115357
0.34235 0.0115252999999999
0.3427 0.0115079
0.34305 0.0114797999999999
0.3434 0.0114367999999999
0.34375 0.011367
0.3441 0.0112559
0.34445 0.0110812999999999
0.3448 0.0110812999999999
0.34515 0.0112098
0.3455 0.0113301
0.34585 0.0114116
0.3462 0.0114655
0.34655 0.0115039
0.3469 0.0115319999999999
0.34725 0.0115532
0.3476 0.0115696
0.34795 0.0115827
0.3483 0.0115932999999999
0.34865 0.0116021
0.349 0.0116096
0.34935 0.0116157
0.3497 0.0116213
0.35005 0.0116263
0.3504 0.0116304
0.35075 0.0116342999999999
0.3511 0.0116377
0.35145 0.0116407999999999
0.3518 0.0116437
0.35215 0.0116463
0.3525 0.0116486
0.35285 0.0116508
0.3532 0.0116528999999999
0.35355 0.0116547
0.3539 0.0116565
0.35425 0.0116582
0.3546 0.0116597
0.35495 0.0116611
0.3553 0.0116625
0.35565 0.0116636
0.356 0.0116647
0.35635 0.0116659
0.3567 0.0116659
0.35705 0.011667
0.3574 0.0116687999999999
0.35775 0.0116694
0.3581 0.01167
0.35845 0.0116709999999999
0.3588 0.0116714
0.35915 0.0116714
0.3595 0.0116722
0.35985 0.0116689
0.3602 0.0116689
0.36055 0.0116689
0.3609 0.0116742
0.36125 0.0116752999999999
0.3616 0.0116755
0.36195 0.0116755
0.3623 0.0116762
0.36265 0.0116767
0.363 0.011677
0.36335 0.011677
0.3637 0.011677
0.36405 0.0116773
0.3644 0.0116776
0.36475 0.0116777
0.3651 0.0116777
0.36545 0.0116777
0.3658 0.0116777
0.36615 0.0116777
0.3665 0.0116777
0.36685 0.0116777
0.3672 0.0116776
0.36755 0.0116776
0.3679 0.0116774
0.36825 0.0116772
0.3686 0.011677
0.36895 0.0116767
0.3693 0.0116765
0.36965 0.0116764
0.37 0.0116758
0.37035 0.011675
0.3707 0.011675
0.37105 0.0116749
0.3714 0.0116746
0.37175 0.0116741
0.3721 0.0116735
0.37245 0.0116729
0.3728 0.0116726
0.37315 0.0116722
0.3735 0.0116712999999999
0.37385 0.0116704
0.3742 0.0116697
0.37455 0.0116687999999999
0.3749 0.0116687999999999
0.37525 0.011666
0.3756 0.0116674
0.37595 0.011666
0.3763 0.0116652
0.37665 0.0116641
0.377 0.0116641
0.37735 0.0116637
0.3777 0.0116622
0.37805 0.0116604
0.3784 0.0116596
0.37875 0.011656
0.3791 0.0116413
0.37945 0.0116497999999999
0.3798 0.0116497999999999
0.38015 0.0116503999999999
0.3805 0.0116506
0.38085 0.0116503999999999
0.3812 0.0116493
0.38155 0.0116477
0.3819 0.0116427
0.38225 0.0116427
0.3826 0.0116427
0.38295 0.0116412
0.3833 0.0116372
0.38365 0.0116357999999999
0.384 0.011633
0.38435 0.0116329
0.3847 0.01163
0.38505 0.0116282
0.3854 0.0116254999999999
0.38575 0.0116224
0.3861 0.0116201
0.38645 0.0116167
0.3868 0.0116134
0.38715 0.0116101
0.3875 0.0116059
0.38785 0.0116028
0.3882 0.0115996
0.38855 0.0115953999999999
0.3889 0.0115877999999999
0.38925 0.0115818
0.3896 0.0115813
0.38995 0.0115756
0.3903 0.0115701
0.39065 0.0115669
0.391 0.011561
0.39135 0.0115555
0.3917 0.0115477
0.39205 0.0115412
0.3924 0.0115355
0.39275 0.0115271
0.3931 0.0115181
0.39345 0.0115125
0.3938 0.011504
0.39415 0.0114927
0.3945 0.0114851
0.39485 0.0114717
0.3952 0.0114646
0.39555 0.0114527
0.3959 0.0114326
0.39625 0.0114209
0.3966 0.0114102
0.39695 0.0113979
0.3973 0.0113811
0.39765 0.0113624
0.398 0.0113372
0.39835 0.0113276
0.3987 0.0112952
0.39905 0.0112785
0.3994 0.0112613
0.39975 0.0112346
0.4001 0.0112065
0.40045 0.0111752
0.4008 0.01114
0.40115 0.011068
0.4015 0.0110325
0.40185 0.0110261
0.4022 0.0109682999999999
0.40255 0.0109305
0.4029 0.0108747999999999
0.40325 0.0108116
0.4036 0.0107348
0.40395 0.0106444
0.4043 0.0103551
0.40465 0.0103551
0.405 0.0105852
0.40535 0.0107181
0.4057 0.0107907
0.40605 0.0108513
0.4064 0.0109087
0.40675 0.0109589
0.4071 0.0110047
0.40745 0.0110476
0.4078 0.0110867
0.40815 0.0111226
0.4085 0.0111226
0.40885 0.0111557
0.4092 0.0112161
0.40955 0.011244
0.4099 0.0112679
0.41025 0.011293
0.4106 0.0113143999999999
0.41095 0.0113348999999999
0.4113 0.0113542
0.41165 0.011373
0.412 0.0113877
0.41235 0.0114062
0.4127 0.0114199
0.41305 0.0114199
0.4134 0.0114354
0.41375 0.01145
0.4141 0.0114743
0.41445 0.0114856
0.4148 0.0114905
0.41515 0.011501
0.4155 0.011501
0.41585 0.0113783
0.4162 0.0113783
0.41655 0.011544
0.4169 0.011553
0.41725 0.0115536
0.4176 0.0115681
0.41795 0.0115681
0.4183 0.0115751
0.41865 0.0115848
0.419 0.0115982999999999
0.41935 0.0116014
0.4197 0.0116014
0.42005 0.0115815
0.4204 0.0115815
0.42075 0.0116202
0.4211 0.0116336
0.42145 0.0116285
0.4218 0.0116285
0.42215 0.0116268999999999
0.4225 0.0116268999999999
0.42285 0.0116689
0.4232 0.0116689
0.42355 0.0116674
0.4239 0.0116674
0.42425 0.0116817
0.4246 0.0116886
0.42495 0.0116976
0.4253 0.0117111
0.42565 0.0117111
0.426 0.0116886
0.42635 0.0116886
0.4267 0.0117258
0.42705 0.0117319
0.4274 0.011747
0.42775 0.0117514
0.4281 0.0117514
0.42845 0.0117473
0.4288 0.0117473
0.42915 0.0117042
0.4295 0.011757
0.42985 0.0117631
0.4302 0.0117631
0.43055 0.0117745
0.4309 0.0117657999999999
0.43125 0.0117852
0.4316 0.0117657999999999
0.43195 0.0117899
0.4323 0.0118116
0.43265 0.0118167999999999
0.433 0.0118194
0.43335 0.011825
0.4337 0.0118256
0.43405 0.0118256
0.4344 0.011834
0.43475 0.0118424999999999
0.4351 0.011848
0.43545 0.0118523
0.4358 0.011853
0.43615 0.011853
0.4365 0.0118575
0.43685 0.0118592
0.4372 0.0118639
0.43755 0.0118727
0.4379 0.0118794
0.43825 0.0118841
0.4386 0.0118909
0.43895 0.0118914
0.4393 0.0118909
0.43965 0.0118863
0.44 0.0118788
0.44035 0.011869
0.4407 0.011869
0.44105 0.0118872
0.4414 0.0118872
0.44175 0.0118955
0.4421 0.0119042
0.44245 0.0119042
0.4428 0.0119256
0.44315 0.0119434
0.4435 0.0119434
0.44385 0.0119172
0.4442 0.0119172
0.44455 0.0119656
0.4449 0.0119656
0.44525 0.0119493
0.4456 0.0119493
0.44595 0.0119693
0.4463 0.0119842999999999
0.44665 0.0119866
0.447 0.0119876
0.44735 0.0119923
0.4477 0.0119923
0.44805 0.0120009
0.4484 0.0119893999999999
0.44875 0.0120162
0.4491 0.0120273
0.44945 0.0120273
0.4498 0.0120273
0.45015 0.0120337999999999
0.4505 0.0120337999999999
0.45085 0.0120386
0.4512 0.0120415
0.45155 0.0120424
0.4519 0.0120424
0.45225 0.012053
0.4526 0.0120613
0.45295 0.0120613
0.4533 0.0120719
0.45365 0.0120831
0.454 0.0120831
0.45435 0.0120743
0.4547 0.0120743
0.45505 0.0120913
0.4554 0.0120913
0.45575 0.012094
0.4561 0.0120771
0.45645 0.012094
0.4568 0.0120526
0.45715 0.0121187999999999
0.4575 0.0121202999999999
0.45785 0.0121202999999999
0.4582 0.0121204
0.45855 0.0121309
0.4589 0.0121309
0.45925 0.0121319
0.4596 0.0121221
0.45995 0.0121326
0.4603 0.0121478
0.46065 0.0121619
0.461 0.0121678
0.46135 0.0121733
0.4617 0.0121805
0.46205 0.0121818
0.4624 0.012184
0.46275 0.0121944
0.4631 0.0121981
0.46345 0.0121981
0.4638 0.0121981
0.46415 0.0122075
0.4645 0.0122087999999999
0.46485 0.0122075
0.4652 0.0122081
0.46555 0.0122081
0.4659 0.0122081
0.46625 0.012216
0.4666 0.012216
0.46695 0.0122253999999999
0.4673 0.0122253999999999
0.46765 0.0122147
0.468 0.0122147
0.46835 0.0122147
0.4687 0.0121418999999999
0.46905 0.0118154
0.4694 0.0121418999999999
0.46975 0.0122367999999999
0.4701 0.0122367999999999
0.47045 0.0122367999999999
0.4708 0.0122532
0.47115 0.0122532
0.4715 0.0121756
0.47185 0.0121756
0.4722 0.0119385
0.47255 0.0120708
0.4729 0.0120708
0.47325 0.0122791
0.4736 0.0122855
0.47395 0.0122791
0.4743 0.0122808
0.47465 0.0122292999999999
0.475 0.0122808
0.47535 0.0107869
0.4757 0.0122927
0.47605 0.0122239
0.4764 0.0122239
0.47675 0.0122239
0.4771 0.0122273
0.47745 0.0123238
0.4778 0.0123168
0.47815 0.0123375
0.4785 0.0123375
0.47885 0.0123375
0.4792 0.0123328
0.47955 0.0123013
0.4799 0.0123328
0.48025 0.0123416
0.4806 0.0123416
0.48095 0.0123416
0.4813 0.0123265
0.48165 0.0122625
0.482 0.0122625
0.48235 0.0123297999999999
0.4827 0.0123297999999999
0.48305 0.0123075
0.4834 0.0122943
0.48375 0.0122759
0.4841 0.0122759
0.48445 0.0121643999999999
0.4848 0.0120171
0.48515 0.0121213
0.4855 0.0121213
0.48585 0.0121213
0.4862 0.0121748999999999
0.48655 0.0121748999999999
0.4869 0.0122475999999999
0.48725 0.0122475999999999
0.4876 0.0122632
0.48795 0.0117878
0.4883 0.0122632
0.48865 0.0123648
0.489 0.0124194
0.48935 0.0123648
0.4897 0.0124307
0.49005 0.0124327999999999
0.4904 0.0124327999999999
0.49075 0.0123073
0.4911 0.0123073
0.49145 0.0123727
0.4918 0.0124282999999999
0.49215 0.0123937999999999
0.4925 0.0123937999999999
0.49285 0.0121262
0.4932 0.0121262
0.49355 0.0123684
0.4939 0.0123684
0.49425 0.0123684
0.4946 0.0123638
0.49495 0.0123786
0.4953 0.0123638
0.49565 0.0124334
0.496 0.0124334
0.49635 0.0124741
0.4967 0.0124792
0.49705 0.0124792
0.4974 0.0124792
0.49775 0.0123945
0.4981 0.0123945
0.49845 0.0123327
0.4988 0.0123327
0.49915 0.0124767999999999
0.4995 0.0124767999999999
0.49985 0.0124149
0.50055 0.0118819
0.5009 0.0118819
0.50125 0.0124464
0.5016 0.0124598
0.50195 0.0124464
0.5023 0.0124387
0.50265 0.0123502
0.503 0.0105685
0.50335 0.0104244
0.5037 0.0104244
0.50405 0.0115487
0.5044 0.0121725
0.50475 0.0121725
0.5051 0.0123658999999999
0.50545 0.0124487
0.5058 0.0124487
0.50615 0.0123906
0.5065 0.0123424
0.50685 0.0119551
0.5072 0.0119551
0.50755 0.0120486
0.5079 0.0120486
0.50825 0.0120486
0.5086 0.012186
0.50895 0.012186
0.5093 0.0122891
0.50965 0.0122367
0.51 0.0122367
0.51035 0.0122367
0.5107 0.0123214
0.51105 0.0124035
0.5114 0.0123214
0.51175 0.0124035
0.5121 0.0124458
0.51245 0.0125455
0.5128 0.0125455
0.51315 0.012364
0.5135 0.012364
0.51385 0.0124986
0.5142 0.0124986
0.51455 0.0124754999999999
0.5149 0.0123445
0.51525 0.0124754999999999
0.5156 0.0126144999999999
0.51595 0.0126144999999999
0.5163 0.0125893
0.51665 0.0125893
0.517 0.0125893
0.51735 0.0126192
0.5177 0.0126085
0.51805 0.0126085
0.5184 0.0126085
0.51875 0.0126343
0.5191 0.0126343
0.51945 0.0126066
0.5198 0.0126066
0.52015 0.0126447
0.5205 0.0126541
0.52085 0.0126447
0.5212 0.0126541
0.52155 0.0126406
0.5219 0.0126396
0.52225 0.0126306
0.5226 0.0126396
0.52295 0.0126306
0.5233 0.0119709999999999
0.52365 0.0119709999999999
0.524 0.0116133
0.52435 0.0126509
0.5247 0.0126527999999999
0.52505 0.0126527999999999
0.5254 0.0126709
0.52575 0.0126477999999999
0.5261 0.0126564
0.52645 0.0125954
0.5268 0.0126564
0.52715 0.0125596
0.5275 0.0125596
0.52785 0.0125596
0.5282 0.0126664
0.52855 0.0126664
0.5289 0.0126363999999999
0.52925 0.0126363999999999
0.5296 0.0124499
0.52995 0.0126468
0.5303 0.0125668999999999
0.53065 0.0125668999999999
0.531 0.0125609
0.53135 0.0125609
0.5317 0.0125609
0.53205 0.0123872
0.5324 0.0123782999999999
0.53275 0.0123872
0.5331 0.0124839
0.53345 0.0124967
0.5338 0.0125902999999999
0.53415 0.0125949
0.5345 0.0125949
0.53485 0.0125717
0.5352 0.0123837999999999
0.53555 0.0125471
0.5359 0.0124944
0.53625 0.0124944
0.5366 0.0124944
0.53695 0.0124378999999999
0.5373 0.0124378999999999
0.53765 0.0123851
0.538 0.0123845
0.53835 0.0123433
0.5387 0.0122345
0.53905 0.0122001
0.5394 0.0122001
0.53975 0.0121631
0.5401 0.0121631
0.54045 0.011878
0.5408 0.0115223
0.54115 0.0115223
0.5415 0.0115223
0.54185 0.0114417
0.5422 0.0114417
0.54255 0.0114417
0.5429 0.0113436
0.54325 0.0113436
0.5436 0.0114207
0.54395 0.011464
0.5443 0.0115369
0.54465 0.0115706
0.545 0.0117937999999999
0.54535 0.0121459999999999
0.5457 0.0122473
0.54605 0.0122473
0.5464 0.0119096
0.54675 0.0119096
0.5471 0.0119096
0.54745 0.0122954
0.5478 0.0122563999999999
0.54815 0.0122954
0.5485 0.0124978
0.54885 0.0125069
0.5492 0.0124978
0.54955 0.0123488
0.5499 0.01212
0.55025 0.0123488
0.5506 0.0124024
0.55095 0.012472
0.5513 0.012472
0.55165 0.0123881
0.552 0.0123685
0.55235 0.0123731
0.5527 0.0123685
0.55305 0.0123731
0.5534 0.0124589
0.55375 0.0124589
0.5541 0.0124589
0.55445 0.0122311
0.5548 0.0122311
0.55515 0.0122311
0.5555 0.0120149
0.55585 0.0124757
0.5562 0.0124202
0.55655 0.0124202
0.5569 0.011855
0.55725 0.011855
0.5576 0.012242
0.55795 0.0122907
0.5583 0.0123327
0.55865 0.0124163
0.559 0.0124171
0.55935 0.0124223
0.5597 0.0124182999999999
0.56005 0.0124182999999999
0.5604 0.0124182999999999
0.56075 0.0123882
0.5611 0.0123922999999999
0.56145 0.0123481
0.5618 0.0123922999999999
0.56215 0.0122724999999999
0.5625 0.0124003999999999
0.56285 0.0123803
0.5632 0.0123803
0.56355 0.0123728
0.5639 0.0123377
0.56425 0.0123289
0.5646 0.0123164
0.56495 0.0123164
0.5653 0.0122795
0.56565 0.0122795
0.566 0.0122795
0.56635 0.0121097
0.5667 0.0120732999999999
0.56705 0.0120732999999999
0.5674 0.0121756
0.56775 0.0121756
0.5681 0.0110511
0.56845 0.0110511
0.5688 0.0113086
0.56915 0.0114296
0.5695 0.0113086
0.56985 0.0083477999999999
0.5702 0.0083477999999999
0.57055 0.011853
0.5709 0.011853
0.57125 0.0119795
0.5716 0.0118967999999999
0.57195 0.0119292999999999
0.5723 0.0118967999999999
0.57265 0.0118754
0.573 0.0117707
0.57335 0.0113473
0.5737 0.0117458
0.57405 0.0113473
0.5744 0.0112886
0.57475 0.0112886
0.5751 0.0105481
0.57545 0.0115826
0.5758 0.0115826
0.57615 0.0115826
0.5765 0.0114968
0.57685 0.0106432
0.5772 0.011309
0.57755 0.011309
0.5779 0.011309
0.57825 0.0114834
0.5786 0.0110229
0.57895 0.0113301
0.5793 0.0113301
0.57965 0.0113301
0.58 0.0112852
0.58035 0.0112339
0.5807 0.0104515
0.58105 0.0104515
0.5814 0.0112307
0.58175 0.0112486
0.5821 0.0112486
0.58245 0.0111959
0.5828 0.01097
0.58315 0.0106405
0.5835 0.0104333
0.58385 0.0106405
0.5842 0.0107453999999999
0.58455 0.0107453999999999
0.5849 0.0106265
0.58525 0.0106265
0.5856 0.0106265
0.58595 0.0104278
0.5863 0.0102807
0.58665 0.0101401
0.587 0.0097644
0.58735 0.0093932
0.5877 0.0082598
0.58805 0.0069584
0.5884 0.0069584
0.58875 0.0054093999999999
0.5891 0.0054093999999999
0.58945 0.0054093999999999
0.5898 0.0043047
0.59015 0.0043047
0.5905 0.008249
0.59085 0.008249
0.5912 0.0080541
0.59155 0.0080541
0.5919 0.0097369
0.59225 0.0097369
0.5926 0.0097797999999999
0.59295 0.0102442
0.5933 0.0102442
0.59365 0.0104075
0.594 0.0073549999999999
0.59435 0.0073549999999999
0.5947 0.0073549999999999
0.59505 0.0100115
0.5954 0.0100115
0.59575 0.0089213
0.5961 0.0089213
0.59645 0.0104178
0.5968 0.0106898
0.59715 0.0106898
0.5975 0.0106898
0.59785 0.0104711
0.5982 0.0104711
0.59855 0.0090178
0.5989 0.0104897999999999
0.59925 0.0090178
0.5996 0.0104897999999999
0.59995 0.0104359
0.6003 0.0104359
0.60065 0.0042996
0.601 0.0042996
0.60135 0.0108097
0.6017 0.0114092
0.60205 0.0114092
0.6024 0.0116442
0.60275 0.0116442
0.6031 0.0116687999999999
0.60345 0.0116687999999999
0.6038 0.0116687999999999
0.60415 0.0111251
0.6045 0.0111251
0.60485 0.0091027
0.6052 0.0121365999999999
0.60555 0.0120297999999999
0.6059 0.0120559
0.60625 0.0120297999999999
0.6066 0.0120559
0.60695 0.0121453999999999
0.6073 0.0121453999999999
0.60765 0.0122227
0.608 0.0118398
0.60835 0.0122752
0.6087 0.0118398
0.60905 0.012261
0.6094 0.0121812999999999
0.60975 0.012261
0.6101 0.0123846
0.61045 0.0123846
0.6108 0.0123264
0.61115 0.0123107999999999
0.6115 0.0122622999999999
0.61185 0.0121429
0.6122 0.0120581
0.61255 0.0119040999999999
0.6129 0.0115488
0.61325 0.011468
0.6136 0.0113257999999999
0.61395 0.011155
0.6143 0.0110312999999999
0.61465 0.0108902
0.615 0.0108277
0.61535 0.0107807
0.6157 0.0107282
0.61605 0.0105372
0.6164 0.0105317
0.61675 0.0103716
0.6171 0.0101847
0.61745 0.0098234
0.6178 0.0093266
0.61815 0.0090701
0.6185 0.0090067
0.61885 0.0089579
0.6192 0.0087903
0.61955 0.0087903
0.6199 0.008978
0.62025 0.0092287
0.6206 0.0094882
0.62095 0.0094992
0.6213 0.0095503999999999
0.62165 0.0098501
0.622 0.0101824
0.62235 0.0105279
0.6227 0.0107954
0.62305 0.010976
0.6234 0.0111709999999999
0.62375 0.0113685
0.6241 0.0118451
0.62445 0.0118856
0.6248 0.0120473
0.62515 0.0124092999999999
0.6255 0.0124092999999999
0.62585 0.0125017
0.6262 0.0127882999999999
0.62655 0.0127882999999999
0.6269 0.0127882999999999
0.62725 0.0129813999999999
0.6276 0.0129813999999999
0.62795 0.0130579
0.6283 0.0128307
0.62865 0.0131102
0.629 0.0131532
0.62935 0.0131617
0.6297 0.0131977
0.63005 0.0131977
0.6304 0.0131977
0.63075 0.0131827
0.6311 0.0126164
0.63145 0.0120962
0.6318 0.0112953
0.63215 0.0120962
0.6325 0.0129037999999999
0.63285 0.0130924
0.6332 0.0130924
0.63355 0.0130029
0.6339 0.0130029
0.63425 0.013066
0.6346 0.013066
0.63495 0.0132037
0.6353 0.0132037
0.63565 0.0132037
0.636 0.0131804
0.63635 0.0131804
0.6367 0.0130973
0.63705 0.0130973
0.6374 0.0130973
0.63775 0.0118129
0.6381 0.0118129
0.63845 0.0118129
0.6388 0.010641
0.63915 0.0123147
0.6395 0.0121734
0.63985 0.0126067
0.6402 0.0131521
0.64055 0.0132229999999999
0.6409 0.0131521
0.64125 0.01289
0.6416 0.0118071
0.64195 0.0127736
0.6423 0.0127736
0.64265 0.0129877
0.643 0.0129877
0.64335 0.0131066
0.6437 0.0114728
0.64405 0.0114728
0.6444 0.0114728
0.64475 0.0125427
0.6451 0.0125427
0.64545 0.0125753
0.6458 0.0053443
0.64615 0.0016582
0.6465 0.0016582
0.64685 0.0092906
0.6472 0.0111887
0.64755 0.0111887
0.6479 0.0105561
0.64825 0.0105561
0.6486 0.010838
0.64895 0.0116384
0.6493 0.0122908999999999
0.64965 0.0130542
0.65 0.0130542
0.65035 0.0130542
0.6507 0.0109424
0.65105 0.0097417
0.6514 0.0097417
0.65175 0.0097417
0.6521 0.0102723
0.65245 0.0114232999999999
0.6528 0.0114232999999999
0.65315 0.0124219
0.6535 0.0096371
0.65385 0.0123892999999999
0.6542 0.009991
0.65455 0.0123892999999999
0.6549 0.0125267
0.65525 0.0125267
0.6556 0.0106231
0.65595 0.0074033999999999
0.6563 0.0074033999999999
0.65665 0.0113272
0.657 0.0113272
0.65735 0.0098642
0.6577 0.0098642
0.65805 0.0111536
0.6584 0.0111536
0.65875 0.0124697
0.6591 0.0126492999999999
0.65945 0.0126492999999999
0.6598 0.0110898
0.66015 0.0110898
0.6605 0.0127762999999999
0.66085 0.0127762999999999
0.6612 0.0104982999999999
0.66155 0.0104982999999999
0.6619 0.0117751
0.66225 0.0122588
0.6626 0.0123382
0.66295 0.0122588
0.6633 0.0121868
0.66365 0.0121868
0.664 0.0122742
0.66435 0.0125622
0.6647 0.0126924
0.66505 0.0126924
0.6654 0.0125245
0.66575 0.0124391
0.6661 0.0120182999999999
0.66645 0.0121821
0.6668 0.0121821
0.66715 0.0123284
0.6675 0.0123284
0.66785 0.0123976
0.6682 0.011757
0.66855 0.0112296
0.6689 0.0112296
0.66925 0.0124207
0.6696 0.0125949
0.66995 0.0124207
0.6703 0.0125949
0.67065 0.0126688999999999
0.671 0.0126688999999999
0.67135 0.0131890999999999
0.6717 0.0133597
0.67205 0.0133597
0.6724 0.0133123
0.67275 0.0133123
0.6731 0.0133841
0.67345 0.0135769
0.6738 0.0136984
0.67415 0.0136537
0.6745 0.0136537
0.67485 0.0136537
0.6752 0.013871
0.67555 0.013871
0.6759 0.0138551
0.67625 0.0138447999999999
0.6766 0.0138447999999999
0.67695 0.0138447999999999
0.6773 0.0139157999999999
0.67765 0.0140904
0.678 0.0139157999999999
0.67835 0.0140876
0.6787 0.0136379999999999
0.67905 0.0136587999999999
0.6794 0.0136587999999999
0.67975 0.013934
0.6801 0.013934
0.68045 0.0138252999999999
0.6808 0.0130144
0.68115 0.0130144
0.6815 0.0131067999999999
0.68185 0.0135754
0.6822 0.0132674
0.68255 0.0132674
0.6829 0.0132674
0.68325 0.0130005
0.6836 0.0132313999999999
0.68395 0.0130005
0.6843 0.0129439
0.68465 0.0129439
0.685 0.0130513
0.68535 0.0130513
0.6857 0.0132717999999999
0.68605 0.0132467
0.6864 0.0132467
0.68675 0.0122837
0.6871 0.0122837
0.68745 0.012897
0.6878 0.0132859
0.68815 0.012897
0.6885 0.0134128999999999
0.68885 0.012079
0.6892 0.0134128999999999
0.68955 0.0101648
0.6899 0.013158
0.69025 0.013158
0.6906 0.0132059
0.69095 0.0132059
0.6913 0.0116848
0.69165 0.0112201
0.692 0.0052166
0.69235 0.0052166
0.6927 0.0079768999999999
0.69305 0.0079768999999999
0.6934 0.0062347999999999
0.69375 0.0062347999999999
0.6941 0.0079896
0.69445 0.0096287
0.6948 0.0114139
0.69515 0.0114139
0.6955 0.0098496
0.69585 0.0098496
0.6962 0.0075271
0.69655 0.0083026
0.6969 0.0083026
0.69725 0.0099997
0.6976 0.0099997
0.69795 0.0109122
0.6983 0.0109122
0.69865 0.0109122
0.699 0.0112217999999999
0.69935 0.0112217999999999
0.6997 0.0112217999999999
0.70005 0.0070702
0.7004 0.0064781
0.70075 0.0064781
0.7011 0.0064781
0.70145 0.0063688999999999
0.7018 0.0063688999999999
0.70215 0.0078068
0.7025 0.0078068
0.70285 0.004582
0.7032 0.004582
0.70355 0.0074544
0.7039 0.0083792
0.70425 0.0074544
0.7046 0.0073244
0.70495 0.0072886
0.7053 0.0072886
0.70565 0.0107794
0.706 0.0107794
0.70635 0.0082212999999999
0.7067 0.0082212999999999
0.70705 0.0082212999999999
0.7074 0.0074873999999999
0.70775 0.0053351
0.7081 0.0074873999999999
0.70845 0.0053351
0.7088 0.0033548
0.70915 0.003286
0.7095 0.0033548
0.70985 0.0067681
0.7102 0.0107134
0.71055 0.0107134
0.7109 0.0021335
0.71125 0.0021335
0.7116 0.0043631
0.71195 0.0085389
0.7123 0.0085389
0.71265 0.0054123999999999
0.713 0.0054123999999999
0.71335 0.0054123999999999
0.7137 0.0071929
0.71405 0.0045149
0.7144 0.0044438999999999
0.71475 0.0044438999999999
0.7151 0.00873
0.71545 0.00873
0.7158 0.0080857
0.71615 0.0037638
0.7165 0.000484
0.71685 0.000484
0.7172 0.0011562
0.71755 0.0011562
0.7179 0.0011562
0.71825 0.0039268
0.7186 0.0039268
0.71895 0.0004171999999999
0.7193 0.0003051
0.71965 0.0003051
0.72 0.0006732
0.72035 0.001538
0.7207 0.0020829999999999
0.72105 0.0020829999999999
0.7214 0.0024819
0.72175 0.0008505
0.7221 0.0035451
0.72245 0.0022557
0.7228 0.0022557
0.72315 0.000566
0.7235 0.0005599
0.72385 0.0005599
0.7242 0.0005599
0.72455 0.0010179
0.7249 0.0010668
0.72525 0.0010668
0.7256 0.0008972999999999
0.72595 0.0004852
0.7263 0.0004386999999999
0.72665 0.0004852
0.727 0.0001868
0.72735 0.0012694
0.7277 0.0009578
0.72805 0.0013113
0.7284 0.0017383
0.72875 0.0021009
0.7291 0.0021009
0.72945 0.0014404
0.7298 0.0011823
0.73015 0.001398
0.7305 0.001398
0.73085 0.001398
0.7312 0.0022197
0.73155 0.0009059
0.7319 0.0022848
0.73225 0.0014408
0.7326 0.0014408
0.73295 0.0008141
0.7333 0.0008141
0.73365 0.0038028
0.734 0.0038028
0.73435 0.0029664
0.7347 0.0029664
0.73505 0.0055095
0.7354 0.0062669
0.73575 0.0062669
0.7361 0.0047258
0.73645 0.003389
0.7368 0.003389
0.73715 0.003389
0.7375 0.0019137
0.73785 0.0073503
0.7382 0.0058738
0.73855 0.0058738
0.7389 0.0024468
0.73925 0.0024468
0.7396 0.0025068
0.73995 0.0025068
0.7403 0.0025068
0.74065 0.0076549999999999
0.741 0.0076549999999999
0.74135 0.0076549999999999
0.7417 0.0086182
0.74205 0.0091212999999999
0.7424 0.0091212999999999
0.74275 0.0069311999999999
0.7431 0.0069311999999999
0.74345 0.010444
0.7438 0.010444
0.74415 0.0082458
0.7445 0.0082458
0.74485 0.0111807
0.7452 0.0111807
0.74555 0.0111807
0.7459 0.0039726
0.74625 0.0088548999999999
0.7466 0.0088548999999999
0.74695 0.0088548999999999
0.7473 0.0096257
0.74765 0.0096257
0.748 0.0104575
0.74835 0.0111784
0.7487 0.0104575
0.74905 0.0082255
0.7494 0.0082255
0.74975 0.0106631
0.7501 0.0114402999999999
0.75045 0.0106631
0.7508 0.0115735
0.75115 0.0102103
0.7515 0.0102103
0.75185 0.0094146
0.7522 0.0073731
0.75255 0.008368
0.7529 0.008368
0.75325 0.0095981
0.7536 0.0107099
0.75395 0.0115606
0.7543 0.0109129
0.75465 0.0114874
0.755 0.0109129
0.75535 0.011249
0.7557 0.011249
0.75605 0.011249
0.7564 0.0108756
0.75675 0.0108756
0.7571 0.0085182
0.75745 0.0093346
0.7578 0.0093346
0.75815 0.0103802
0.7585 0.0107714
0.75885 0.0107714
0.7592 0.0105884
0.75955 0.0105884
0.7599 0.0105436
0.76025 0.0105436
0.7606 0.0094141
0.76095 0.0094141
0.7613 0.0103736
0.76165 0.0103736
0.762 0.0102863
0.76235 0.0101289
0.7627 0.010031
0.76305 0.0098217
0.7634 0.010013
0.76375 0.0098317
0.7641 0.0098317
0.76445 0.0095103
0.7648 0.0094421
0.76515 0.0092922
0.7655 0.0086062999999999
0.76585 0.0079877
0.7662 0.0065016
0.76655 0.0065016
0.7669 0.0069187
0.76725 0.0077989999999999
0.7676 0.0089415
0.76795 0.009182
0.7683 0.0093297
0.76865 0.009182
0.769 0.0090003
0.76935 0.0083477
0.7697 0.0065388
0.77005 0.0065388
0.7704 0.0076812
0.77075 0.0090636
0.7711 0.0094196
0.77145 0.0095533999999999
0.7718 0.0095976
0.77215 0.0096857
0.7725 0.0095976
0.77285 0.0094216
0.7732 0.0092443
0.77355 0.0092303
0.7739 0.0092443
0.77425 0.0094592999999999
0.7746 0.0094592999999999
0.77495 0.009488
0.7753 0.0094566
0.77565 0.0094566
0.776 0.0092959
0.77635 0.0092737
0.7767 0.0091456
0.77705 0.0091456
0.7774 0.0090606
0.77775 0.0089903999999999
0.7781 0.0088858
0.77845 0.0088858
0.7788 0.0087031
0.77915 0.0083817
0.7795 0.0068268
0.77985 0.0068268
0.7802 0.0076825
0.78055 0.0076825
0.7809 0.0067308
0.78125 0.0067308
0.7816 0.0067308
0.78195 0.0066431
0.7823 0.0066099999999999
0.78265 0.0063435
0.783 0.0063435
0.78335 0.0063435
0.7837 0.0064331
0.78405 0.0052793
0.7844 0.00431
0.78475 0.00431
0.7851 0.0065122
0.78545 0.0065122
0.7858 0.0065122
0.78615 0.0072892
0.7865 0.0072892
0.78685 0.0048251999999999
0.7872 0.0048251999999999
0.78755 0.0057427
0.7879 0.0068123
0.78825 0.0068123
0.7886 0.0068123
0.78895 0.0075808
0.7893 0.0075081
0.78965 0.0075403
0.79 0.0075081
0.79035 0.0075403
0.7907 0.0075305
0.79105 0.0075305
0.7914 0.0075305
0.79175 0.0075211
0.7921 0.0075197
0.79245 0.0071198
0.7928 0.0065117
0.79315 0.0055016
0.7935 0.0055016
0.79385 0.0067319999999999
0.7942 0.0067631
0.79455 0.0067631
0.7949 0.0055323
0.79525 0.0022374
0.7956 0.0055323
0.79595 0.0019007
0.7963 0.0019007
0.79665 0.0019007
0.797 0.0035732
0.79735 0.0035732
0.7977 0.0055095
0.79805 0.0052655
0.7984 0.0055095
0.79875 0.0056943
0.7991 0.0059966
0.79945 0.0059966
0.7998 0.0042581
0.80015 0.0042581
0.8005 0.0067639
0.80085 0.0067639
0.8012 0.0056848
0.80155 0.0047023
0.8019 0.003861
0.80225 0.0035412
0.8026 0.0035412
0.80295 0.0059698
0.8033 0.0059698
0.80365 0.0069135
0.804 0.0056293
0.80435 0.0069135
0.8047 0.0075712
0.80505 0.0076235
0.8054 0.0077154
0.80575 0.0077154
0.8061 0.0012511
0.80645 0.0012511
0.8068 0.0021837
0.80715 0.0036909
0.8075 0.0036909
0.80785 0.0033373
0.8082 0.0033373
0.80855 0.0071524
0.8089 0.0071524
0.80925 0.0011517
0.8096 0.0011517
0.80995 0.0013015
0.8103 0.0050121
0.81065 0.0050121
0.811 0.0043533
0.81135 0.0041787
0.8117 0.0041787
0.81205 0.0036951999999999
0.8124 0.0027857
0.81275 0.0036951999999999
0.8131 0.0014482999999999
0.81345 0.0031925
0.8138 0.0031925
0.81415 0.0031925
0.8145 0.0007707
0.81485 0.0003595
0.8152 0.0003595
0.81555 0.0032275
0.8159 0.0049661
0.81625 0.0032275
0.8166 0.0045455
0.81695 0.0045455
0.8173 0.0045455
0.81765 0.0042273
0.818 0.0042273
0.81835 0.0047262
0.8187 0.0047262
0.81905 0.0064188999999999
0.8194 0.0039705
0.81975 0.0042736999999999
0.8201 0.0042736999999999
0.82045 0.0042736999999999
0.8208 0.0047757
0.82115 0.0047757
0.8215 0.0052623999999999
0.82185 0.0073173
0.8222 0.0076628
0.82255 0.0073173
0.8229 0.0016498
0.82325 0.0004349
0.8236 0.0004216
0.82395 0.0004216
0.8243 0.0064126
0.82465 0.0064126
0.825 0.0079881
0.82535 0.0062769
0.8257 0.0087499
0.82605 0.0062769
0.8264 0.0046546
0.82675 0.0046546
0.8271 0.0046546
0.82745 0.0045743
0.8278 0.001857
0.82815 0.0045743
0.8285 0.0051663
0.82885 0.0051663
0.8292 0.0051663
0.82955 0.0069194
0.8299 0.0069194
0.83025 0.0008464
0.8306 0.0008464
0.83095 0.0021046
0.8313 0.0059773999999999
0.83165 0.0024236
0.832 0.0024236
0.83235 0.0024236
0.8327 0.0021075
0.83305 0.0051734
0.8334 0.0048145
0.83375 0.0048145
0.8341 0.0004369
0.83445 0.0004369
0.8348 0.0004369
0.83515 0.0060358
0.8355 0.0031941999999999
0.83585 0.0031941999999999
0.8362 0.0022142
0.83655 0.0022142
0.8369 0.0022142
0.83725 0.0010807
0.8376 0.0007124
0.83795 0.0007124
0.8383 0.0024713
0.83865 0.003379
0.839 0.00402
0.83935 0.00402
0.8397 0.0040934
0.84005 0.0029249
0.8404 0.0020421
0.84075 0.0020421
0.8411 0.0048359
0.84145 0.0048359
0.8418 0.0036296999999999
0.84215 0.0036296999999999
0.8425 0.0056516
0.84285 0.0067153
0.8432 0.0067153
0.84355 0.0068276
0.8439 0.0063292999999999
0.84425 0.0058613
0.8446 0.0058613
0.84495 0.0067386
0.8453 0.0067386
0.84565 0.0067386
0.846 0.0080644
0.84635 0.0080644
0.8467 0.0081888999999999
0.84705 0.0086494
0.8474 0.0086494
0.84775 0.0029747
0.8481 0.0029747
0.84845 0.0063492
0.8488 0.0072978999999999
0.84915 0.0072978999999999
0.8495 0.0072978999999999
0.84985 0.0078891999999999
0.8502 0.0068524
0.85055 0.0071173999999999
0.8509 0.0071173999999999
0.85125 0.0072533
0.8516 0.0074024
0.85195 0.0077726
0.8523 0.0077726
0.85265 0.0066323
0.853 0.0066323
0.85335 0.007913
0.8537 0.007913
0.85405 0.0068854
0.8544 0.0068676
0.85475 0.0060751
0.8551 0.0060751
0.85545 0.0058039
0.8558 0.0058039
0.85615 0.0055892
0.8565 0.0053491
0.85685 0.0051273
0.8572 0.0046336
0.85755 0.0036390999999999
0.8579 0.0034647
0.85825 0.003325
0.8586 0.0034647
0.85895 0.003325
0.8593 0.0030533
0.85965 0.0029262
0.86 0.0021322
0.86035 0.0018093
0.8607 0.0018093
0.86105 0.0015408
0.8614 0.0013859999999999
0.86175 0.0013090999999999
0.8621 0.0011024
0.86245 0.0011024
0.8628 0.001004
0.86315 0.0011296
0.8635 0.0010995
0.86385 0.0010995
0.8642 0.0010003
0.86455 0.000992
0.8649 0.0010003
0.86525 0.0011205
0.8656 0.0012507
0.86595 0.0015019
0.8663 0.0015859
0.86665 0.0015859
0.867 0.0011866
0.86735 0.0011715999999999
0.8677 0.0011866
0.86805 0.0025082
0.8684 0.0026501
0.86875 0.0026501
0.8691 0.0032881
0.86945 0.0032482
0.8698 0.0034173
0.87015 0.0032482
0.8705 0.0027813
0.87085 0.0027813
0.8712 0.0030833
0.87155 0.0032882
0.8719 0.0042707
0.87225 0.0048091
0.8726 0.0042707
0.87295 0.0038145
0.8733 0.0038145
0.87365 0.0042637
0.874 0.004716
0.87435 0.0048883999999999
0.8747 0.0048883999999999
0.87505 0.0048089
0.8754 0.0048089
0.87575 0.0032165999999999
0.8761 0.0043676
0.87645 0.0037625999999999
0.8768 0.0037625999999999
0.87715 0.00307
0.8775 0.0025888
0.87785 0.00262
0.8782 0.0025888
0.87855 0.00262
0.8789 0.0032691
0.87925 0.0032691
0.8796 0.0006054
0.87995 0.0006054
0.8803 0.0005815
0.88065 0.0005815
0.881 0.0003477
0.88135 0.0002983
0.8817 0.0001776
0.88205 0.0001115
0.8824 6.500000000000001e-05
0.88275 6.500000000000001e-05
0.8831 6.500000000000001e-05
0.88345 6.579999999999999e-05
0.8838 6.409999999999999e-05
0.88415 6.579999999999999e-05
0.8845 8.170000000000001e-05
0.88485 9.93e-05
0.8852 0.0001159
0.88555 0.0001159
0.8859 0.0001036
0.88625 7.82e-05
0.8866 4.39e-05
0.88695 3.84e-05
0.8873 3.84e-05
0.88765 3.84e-05
0.888 4.1200000000000005e-05
0.88835 4.52e-05
0.8887 5.84e-05
0.88905 4.52e-05
0.8894 6.14e-05
0.88975 6.69e-05
0.8901 7.55e-05
0.89045 6.9e-05
0.8908 6.9e-05
0.89115 6.850000000000001e-05
0.8915 6.850000000000001e-05
0.89185 5.920000000000001e-05
0.8922 7.32e-05
0.89255 7.32e-05
0.8929 7.48e-05
0.89325 7.48e-05
0.8936 7.09e-05
0.89395 6.49e-05
0.8943 6.49e-05
0.89465 6.28e-05
0.895 6.28e-05
0.89535 5.95e-05
0.8957 5.95e-05
0.89605 6.73e-05
0.8964 7.41e-05
0.89675 9.96e-05
0.8971 9.96e-05
0.89745 8.590000000000001e-05
0.8978 8.590000000000001e-05
0.89815 0.0001189999999999
0.8985 0.0001189999999999
0.89885 9.66e-05
0.8992 3.929999999999999e-05
0.89955 3.929999999999999e-05
0.8999 1.99e-05
0.90025 1.99e-05
0.9006 1.99e-05
0.90095 0.0001048
0.9013 0.0001447
0.90165 0.0003353
0.902 0.0003353
0.90235 0.0002926
0.9027 0.0002926
0.90305 0.0003013999999999
0.9034 0.0004484
0.90375 0.0004484
0.9041 0.0005205
0.90445 0.0009516
0.9048 0.0011144
0.90515 0.0012839
0.9055 0.0012839
0.90585 0.0012839
0.9062 0.0012291
0.90655 0.0012291
0.9069 0.001149
0.90725 0.001149
0.9076 0.0012224
0.90795 0.0012224
0.9083 0.0010651
0.90865 0.0007272
0.909 0.0010651
0.90935 0.0007272
0.9097 0.0005444
0.91005 0.0001993
0.9104 0.0003924
0.91075 0.0003924
0.9111 0.0003944
0.91145 0.0006257999999999
0.9118 0.0003944
0.91215 0.0006257999999999
0.9125 0.0008912
0.91285 0.0008997
0.9132 0.0008997
0.91355 0.0008997
0.9139 0.0016822
0.91425 0.000177
0.9146 0.0017805
0.91495 0.0003288999999999
0.9153 0.0005109
0.91565 0.0005109
0.916 0.0005109
0.91635 0.0007763999999999
0.9167 0.0002323
0.91705 0.000182
0.9174 0.0001267
0.91775 0.0001267
0.9181 9.26e-05
0.91845 9.26e-05
0.9188 0.0003208
0.91915 0.0003208
0.9195 0.0001032999999999
0.91985 0.0001032999999999
0.9202 0.001339
0.92055 0.0025908
0.9209 0.001339
0.92125 0.0009997
0.9216 0.0002299999999999
0.92195 0.0009997
0.9223 0.0010242
0.92265 0.0010595
0.923 0.0010242
0.92335 0.0005581
0.9237 0.0003512
0.92405 0.0005581
0.9244 0.0003512
0.92475 0.0021735
0.9251 0.0021735
0.92545 0.0021735
0.9258 0.0020249
0.92615 0.0007784
0.9265 0.0006144
0.92685 0.0006144
0.9272 0.0002918999999999
0.92755 0.0002918999999999
0.9279 0.0001443999999999
0.92825 0.0004081
0.9286 0.0003208999999999
0.92895 0.0008152999999999
0.9293 0.0004635
0.92965 0.0004635
0.93 7.59e-05
0.93035 7.59e-05
0.9307 5.07e-05
0.93105 0.0001149
0.9314 0.0001042999999999
0.93175 0.0001149
0.9321 0.0001999
0.93245 0.0001999
0.9328 0.0002657
0.93315 0.000294
0.9335 0.000294
0.93385 9.02e-05
0.9342 7.269999999999999e-05
0.93455 2.89e-05
0.9349 5.610000000000001e-05
0.93525 2.89e-05
0.9356 5.610000000000001e-05
0.93595 0.0001209
0.9363 0.0001903
0.93665 0.0001209
0.937 0.0001155
0.93735 0.0001155
0.9377 8.209999999999999e-05
0.93805 8.209999999999999e-05
0.9384 8.209999999999999e-05
0.93875 0.0001526
0.9391 0.0001526
0.93945 0.0002119
0.9398 0.0001167
0.94015 0.0002508999999999
0.9405 6.82e-05
0.94085 0.0003011
0.9412 0.0005526
0.94155 0.0005526
0.9419 0.0003503999999999
0.94225 0.0002872
0.9426 0.0002872
0.94295 6.659999999999999e-05
0.9433 6.659999999999999e-05
0.94365 9.45e-05
0.944 9.45e-05
0.94435 3.13e-05
0.9447 3.13e-05
0.94505 0.0001769
0.9454 0.0001769
0.94575 0.0001769
0.9461 0.0001047
0.94645 8.77e-05
0.9468 8.77e-05
0.94715 0.0001605
0.9475 0.0001605
0.94785 0.0001952
0.9482 0.000308
0.94855 0.0004061
0.9489 0.0004061
0.94925 2.01e-05
0.9496 2.01e-05
0.94995 5.23e-05
0.9503 9.6e-05
0.95065 0.0004886
0.951 0.0004886
0.95135 0.0001449
0.9517 0.0001449
0.95205 0.000164
0.9524 0.000164
0.95275 0.0001149999999999
0.9531 6.91e-05
0.95345 6.91e-05
0.9538 8.690000000000001e-05
0.95415 0.0001706999999999
0.9545 0.0001706999999999
0.95485 0.0002602
0.9552 0.0001773
0.95555 0.000298
0.9559 0.000298
0.95625 0.000298
0.9566 0.0002948
0.95695 7.68e-05
0.9573 7.68e-05
0.95765 0.0004662
0.958 0.0004662
0.95835 0.0002796
0.9587 0.0002796
0.95905 0.0002796
0.9594 7.879999999999999e-05
0.95975 7.879999999999999e-05
0.9601 0.0004017999999999
0.96045 0.0004017999999999
0.9608 0.0001549
0.96115 0.0001549
0.9615 0.000226
0.96185 0.000346
0.9622 0.000226
0.96255 6.43e-05
0.9629 6.43e-05
0.96325 6.91e-05
0.9636 6.91e-05
0.96395 9.69e-05
0.9643 9.69e-05
0.96465 0.0004638
0.965 0.0004638
0.96535 0.0001865
0.9657 7.42e-05
0.96605 0.0001865
0.9664 0.0001048
0.96675 0.0001048
0.9671 4.71e-05
0.96745 4.71e-05
0.9678 0.0002539
0.96815 0.0002539
0.9685 0.0001994
0.96885 7.240000000000001e-05
0.9692 7.240000000000001e-05
0.96955 0.0002109
0.9699 0.0004085
0.97025 0.0004085
0.9706 0.0003526999999999
0.97095 0.0003526999999999
0.9713 0.0003733
0.97165 0.0004414
0.972 0.0004414
0.97235 0.0003016
0.9727 0.000294
0.97305 0.0001629999999999
0.9734 0.0001351999999999
0.97375 6.440000000000001e-05
0.9741 6.440000000000001e-05
0.97445 6.440000000000001e-05
0.9748 0.0001906999999999
0.97515 0.0002454
0.9755 0.000354
0.97585 0.000354
0.9762 0.0001979
0.97655 0.0001979
0.9769 0.0003427
0.97725 0.0004628
0.9776 0.0004628
0.97795 0.0002083
0.9783 6.1e-05
0.97865 8.35e-05
0.979 8.35e-05
0.97935 0.0001479
0.9797 0.0001479
0.98005 0.0001833
0.9804 0.0001320999999999
0.98075 9.19e-05
0.9811 9.19e-05
0.98145 0.0001276
0.9818 0.0001322
0.98215 0.0001322
0.9825 9.35e-05
0.98285 4.8200000000000006e-05
0.9832 9.35e-05
0.98355 0.0001252999999999
0.9839 0.0001262
0.98425 0.0001375999999999
0.9846 0.0001375999999999
0.98495 0.000149
0.9853 0.0001066999999999
0.98565 0.0001066999999999
0.986 8.43e-05
0.98635 8.43e-05
0.9867 4.79e-05
0.98705 6.82e-05
0.9874 6.69e-05
0.98775 6.69e-05
0.9881 2.99e-05
0.98845 2.29e-05
0.9888 2.29e-05
0.98915 3.05e-05
0.9895 8.55e-05
0.98985 4.61e-05
0.9902 0.0001001
0.99055 5.99e-05
0.9909 0.0001036
0.99125 7.64e-05
0.9916 9.93e-05
0.99195 7.64e-05
0.9923 9.93e-05
0.99265 9.82e-05
0.993 0.0001034
0.99335 0.0001034
0.9937 0.000113
0.99405 0.000113
0.9944 0.0001217999999999
0.99475 9.29e-05
0.9951 8.87e-05
0.99545 8.87e-05
0.9958 2.94e-05
0.99615 9.44e-05
0.9965 2.94e-05
0.99685 9.44e-05
0.9972 0.0001882
0.99755 0.0001882
0.9979 0.0001330999999999
0.99825 9.16e-05
0.9986 0.0001161
0.99895 8.09e-05
0.9993 8.09e-05
