0.3 0.1949956
0.30035 0.1949956
0.3007 0.1949799
0.30105 0.1949642
0.3014 0.1949483
0.30175 0.1949322999999999
0.3021 0.1949161
0.30245 0.1948997999999999
0.3028 0.1948833999999999
0.30315 0.1948668999999999
0.3035 0.1948502
0.30385 0.1948335
0.3042 0.194815
0.30455 0.1947963
0.3049 0.1947775
0.30525 0.1947586
0.3056 0.1947395999999999
0.30595 0.1947205
0.3063 0.1947013
0.30665 0.194682
0.307 0.1946626
0.30735 0.1946431
0.3077 0.1946234999999999
0.30805 0.1946037999999999
0.3084 0.1945839999999999
0.30875 0.1945641
0.3091 0.1945441
0.30945 0.194524
0.3098 0.1945037999999999
0.31015 0.1944835
0.3105 0.1944632
0.31085 0.1944427
0.3112 0.1944221
0.31155 0.1944015
0.3119 0.1943807
0.31225 0.1943599
0.3126 0.194339
0.31295 0.194318
0.3133 0.1942969
0.31365 0.1942757
0.314 0.1942544
0.31435 0.1942331
0.3147 0.1942116
0.31505 0.1941901
0.3154 0.1941685
0.31575 0.1941467999999999
0.3161 0.1941251
0.31645 0.1941032
0.3168 0.1940812999999999
0.31715 0.1940593
0.3175 0.1940372
0.31785 0.1940151
0.3182 0.1939928
0.31855 0.1939705
0.3189 0.1939481
0.31925 0.1939256
0.3196 0.1939031
0.31995 0.1938805
0.3203 0.1938578
0.32065 0.1938349999999999
0.321 0.1938122
0.32135 0.1937892
0.3217 0.1937662
0.32205 0.1937432
0.3224 0.1937201
0.32275 0.1936969
0.3231 0.1936736
0.32345 0.1936502
0.3238 0.1936268
0.32415 0.1936032999999999
0.3245 0.1935797
0.32485 0.1935561
0.3252 0.1935323
0.32555 0.1935085
0.3259 0.1934846
0.32625 0.1934606
0.3266 0.1934366
0.32695 0.1934122999999999
0.3273 0.193388
0.32765 0.1933634
0.328 0.1933387
0.32835 0.1933135
0.3287 0.1932876
0.32905 0.1932606
0.3294 0.1932307
0.32975 0.1931942999999999
0.3301 0.1931178999999999
0.33045 0.1931178999999999
0.3308 0.193107
0.33115 0.193107
0.3315 0.1930874
0.33185 0.1930652999999999
0.3322 0.193042
0.33255 0.193018
0.3329 0.1929937
0.33325 0.1929691
0.3336 0.1929442999999999
0.33395 0.1929194
0.3343 0.1928944
0.33465 0.1928693
0.335 0.1928441
0.33535 0.1928187999999999
0.3357 0.1927934
0.33605 0.192768
0.3364 0.1927424999999999
0.33675 0.1927169
0.3371 0.1926913999999999
0.33745 0.1926665
0.3378 0.1926414
0.33815 0.1926164
0.3385 0.1925912
0.33885 0.192566
0.3392 0.1925407999999999
0.33955 0.1925155
0.3399 0.1924901
0.34025 0.1924647
0.3406 0.1924392
0.34095 0.1924137
0.3413 0.1923881
0.34165 0.1923625
0.342 0.1923369
0.34235 0.1923111
0.3427 0.1922854
0.34305 0.1922596
0.3434 0.1922337
0.34375 0.1922077999999999
0.3441 0.1921817
0.34445 0.1921553999999999
0.3448 0.1921291
0.34515 0.1921035
0.3455 0.1920775
0.34585 0.1920513999999999
0.3462 0.1920252
0.34655 0.1919989
0.3469 0.1919726
0.34725 0.1919463
0.3476 0.1919198999999999
0.34795 0.1918934
0.3483 0.191867
0.34865 0.1918405
0.349 0.1918138999999999
0.34935 0.1917873
0.3497 0.1917607
0.35005 0.191734
0.3504 0.1917073
0.35075 0.1916805
0.3511 0.1916537
0.35145 0.1916269
0.3518 0.1916
0.35215 0.1915731
0.3525 0.1915462
0.35285 0.1915192
0.3532 0.1914922
0.35355 0.1914652
0.3539 0.1914381
0.35425 0.191411
0.3546 0.1913829
0.35495 0.1913557
0.3553 0.1913283999999999
0.35565 0.1913008
0.356 0.1912453999999999
0.35635 0.1912398
0.3567 0.1912193
0.35705 0.1911602999999999
0.3574 0.191155
0.35775 0.1911217999999999
0.3581 0.191076
0.35845 0.1910617
0.3588 0.1910238
0.35915 0.1910172
0.3595 0.1909378
0.35985 0.1908822
0.3602 0.1908757
0.36055 0.190853
0.3609 0.1908407
0.36125 0.1908407
0.3616 0.1908202
0.36195 0.1908026
0.3623 0.1907578
0.36265 0.1907417
0.363 0.1907149
0.36335 0.1906865
0.3637 0.1906557
0.36405 0.1906175
0.3644 0.1906002
0.36475 0.1905721
0.3651 0.1905429
0.36545 0.190512
0.3658 0.1904691
0.36615 0.1904503
0.3665 0.1904247999999999
0.36685 0.1903916
0.3672 0.1903604
0.36755 0.1903347
0.3679 0.1902996
0.36825 0.1902719
0.3686 0.1902225
0.36895 0.1902161
0.3693 0.190179
0.36965 0.1901526
0.37 0.1901108
0.37035 0.1900765
0.3707 0.1900079999999999
0.37105 0.1900012
0.3714 0.1900007999999999
0.37175 0.1899542
0.3721 0.1899207999999999
0.37245 0.1898985
0.3728 0.189843
0.37315 0.1898217
0.3735 0.1898011
0.37385 0.1897631
0.3742 0.1897522999999999
0.37455 0.1897047
0.3749 0.1896552
0.37525 0.1896068
0.3756 0.1895928999999999
0.37595 0.1894679
0.3763 0.1895334
0.37665 0.1894756
0.377 0.1894756
0.37735 0.1894627
0.3777 0.1893793999999999
0.37805 0.1893737
0.3784 0.1893387
0.37875 0.1892773999999999
0.3791 0.189238
0.37945 0.189172
0.3798 0.1891382999999999
0.38015 0.1891565
0.3805 0.1891547
0.38085 0.1891547
0.3812 0.1891321
0.38155 0.1891097
0.3819 0.1889912
0.38225 0.1889536
0.3826 0.1889536
0.38295 0.18896
0.3833 0.18896
0.38365 0.1889458
0.384 0.1888981
0.38435 0.1888977999999999
0.3847 0.1888666
0.38505 0.18884
0.3854 0.1888081
0.38575 0.1887806
0.3861 0.1887492
0.38645 0.1887138
0.3868 0.188687
0.38715 0.1886474
0.3875 0.18862
0.38785 0.1885897
0.3882 0.1885723
0.38855 0.1885182
0.3889 0.1884649
0.38925 0.1884422999999999
0.3896 0.1884399
0.38995 0.1883993
0.3903 0.1883533999999999
0.39065 0.1883374
0.391 0.1883171
0.39135 0.1882878
0.3917 0.1882171
0.39205 0.1882097
0.3924 0.1881881
0.39275 0.1881213
0.3931 0.188106
0.39345 0.188106
0.3938 0.1880645
0.39415 0.1880026
0.3945 0.1879412
0.39485 0.187916
0.3952 0.1879029
0.39555 0.1878683
0.3959 0.1877947999999999
0.39625 0.1877399
0.3966 0.1877399
0.39695 0.1877399
0.3973 0.1876904
0.39765 0.1876305
0.398 0.1876895999999999
0.39835 0.1876305
0.3987 0.1875833999999999
0.39905 0.1875829
0.3994 0.1875786
0.39975 0.1875742
0.4001 0.1875428999999999
0.40045 0.1875208
0.4008 0.1874395999999999
0.40115 0.1874347
0.4015 0.187422
0.40185 0.187422
0.4022 0.1873362
0.40255 0.1873118
0.4029 0.1873118
0.40325 0.187293
0.4036 0.187216
0.40395 0.1871912
0.4043 0.1871912
0.40465 0.1871537999999999
0.405 0.1871413999999999
0.40535 0.1871406
0.4057 0.1870989
0.40605 0.1870422
0.4064 0.1870127
0.40675 0.1869944
0.4071 0.1869855
0.40745 0.1869791
0.4078 0.1869551
0.40815 0.1869299
0.4085 0.1869032
0.40885 0.1868503
0.4092 0.1868231
0.40955 0.1868231
0.4099 0.1867854
0.41025 0.1867517
0.4106 0.1867281
0.41095 0.1867014
0.4113 0.1866461
0.41165 0.1866438999999999
0.412 0.1865715
0.41235 0.1865246
0.4127 0.1865246
0.41305 0.1864904
0.4134 0.1863485
0.41375 0.1863485
0.4141 0.1863694
0.41445 0.1863694
0.4148 0.1862358999999999
0.41515 0.1861145
0.4155 0.1860821
0.41585 0.1856206
0.4162 0.1856206
0.41655 0.1860313999999999
0.4169 0.1860313999999999
0.41725 0.1858462
0.4176 0.1856655
0.41795 0.1858462
0.4183 0.1859772
0.41865 0.1859772
0.419 0.1858928
0.41935 0.1858006
0.4197 0.1854418
0.42005 0.1855321
0.4204 0.1855321
0.42075 0.1857934
0.4211 0.1857934
0.42145 0.1857846
0.4218 0.1856216
0.42215 0.1855346
0.4225 0.1855346
0.42285 0.1855346
0.4232 0.1854418
0.42355 0.1850557
0.4239 0.1850557
0.42425 0.1850936
0.4246 0.1850936
0.42495 0.1853053999999999
0.4253 0.1853649
0.42565 0.1853649
0.426 0.1847341
0.42635 0.1847341
0.4267 0.1849294
0.42705 0.1852347
0.4274 0.1852026
0.42775 0.185222
0.4281 0.1852026
0.42845 0.1851398
0.4288 0.1850562
0.42915 0.1848051
0.4295 0.1849132999999999
0.42985 0.1849132999999999
0.4302 0.1849132999999999
0.43055 0.184934
0.4309 0.184884
0.43125 0.184884
0.4316 0.184884
0.43195 0.1849517
0.4323 0.1849943
0.43265 0.1849943
0.433 0.184946
0.43335 0.1849316
0.4337 0.1848537999999999
0.43405 0.1848322999999999
0.4344 0.1847714
0.43475 0.1847714
0.4351 0.1847714
0.43545 0.1847292
0.4358 0.184704
0.43615 0.1846476
0.4365 0.1844581
0.43685 0.1844581
0.4372 0.1844652
0.43755 0.1844652
0.4379 0.1844574
0.43825 0.1844574
0.4386 0.1844574
0.43895 0.1844259
0.4393 0.1843259
0.43965 0.1842578
0.44 0.1841249
0.44035 0.1837197
0.4407 0.1835016
0.44105 0.1835369999999999
0.4414 0.1835016
0.44175 0.1834058
0.4421 0.1834058
0.44245 0.1834058
0.4428 0.1838023999999999
0.44315 0.1839837
0.4435 0.1839837
0.44385 0.1833275
0.4442 0.1833275
0.44455 0.1838735
0.4449 0.1838735
0.44525 0.1835747
0.4456 0.1835747
0.44595 0.1835781
0.4463 0.1836703999999999
0.44665 0.1838517999999999
0.447 0.183758
0.44735 0.1837849
0.4477 0.183758
0.44805 0.1837849
0.4484 0.1836933
0.44875 0.1837936
0.4491 0.1837522
0.44945 0.1837522
0.4498 0.1836728
0.45015 0.1836728
0.4505 0.1836728
0.45085 0.1835222
0.4512 0.1833249
0.45155 0.1833
0.4519 0.1832602
0.45225 0.1833
0.4526 0.1833722
0.45295 0.1833722
0.4533 0.1833958
0.45365 0.1833382
0.454 0.1833382
0.45435 0.1832031
0.4547 0.1831081
0.45505 0.1831907
0.4554 0.1831081
0.45575 0.1830657
0.4561 0.1829583
0.45645 0.1829583
0.4568 0.1828261
0.45715 0.1830442
0.4575 0.1830027999999999
0.45785 0.1830027999999999
0.4582 0.1829746
0.45855 0.18295
0.4589 0.1829062
0.45925 0.1827726
0.4596 0.1826899
0.45995 0.1827726
0.4603 0.1828056
0.46065 0.1828921
0.461 0.1828921
0.46135 0.1828984
0.4617 0.1828865
0.46205 0.1828619
0.4624 0.1828598
0.46275 0.182844
0.4631 0.1828362999999999
0.46345 0.1827964
0.4638 0.1827839
0.46415 0.1827422999999999
0.4645 0.1826785
0.46485 0.1826769
0.4652 0.1824509
0.46555 0.1824509
0.4659 0.1823424
0.46625 0.1822503
0.4666 0.1821837
0.46695 0.1822503
0.4673 0.1821837
0.46765 0.1820541
0.468 0.1818869
0.46835 0.1816108
0.4687 0.1808007
0.46905 0.1805392999999999
0.4694 0.1808007
0.46975 0.1812665
0.4701 0.1813371
0.47045 0.1816780999999999
0.4708 0.1816780999999999
0.47115 0.1816904
0.4715 0.1812633
0.47185 0.1811829
0.4722 0.1808804
0.47255 0.1808804
0.4729 0.1812085
0.47325 0.1812897
0.4736 0.1814916
0.47395 0.1814916
0.4743 0.1817443
0.47465 0.1811339
0.475 0.1817337
0.47535 0.1801842
0.4757 0.1817337
0.47605 0.1813471
0.4764 0.1813471
0.47675 0.1813471
0.4771 0.1813777
0.47745 0.1816816
0.4778 0.1814192
0.47815 0.1816284
0.4785 0.1815589
0.47885 0.1815589
0.4792 0.181483
0.47955 0.1814662
0.4799 0.18137
0.48025 0.1813575
0.4806 0.1812882
0.48095 0.1812452
0.4813 0.1811257999999999
0.48165 0.1810891
0.482 0.180809
0.48235 0.180809
0.4827 0.180809
0.48305 0.1807704
0.4834 0.1803097
0.48375 0.1797085
0.4841 0.1795876
0.48445 0.1789116
0.4848 0.1782037
0.48515 0.1782147999999999
0.4855 0.1782147999999999
0.48585 0.1782147999999999
0.4862 0.1791712
0.48655 0.1794437
0.4869 0.1799108999999999
0.48725 0.1799108999999999
0.4876 0.1789987999999999
0.48795 0.1789987999999999
0.4883 0.1799897
0.48865 0.1799897
0.489 0.1805902999999999
0.48935 0.179594
0.4897 0.1805902999999999
0.49005 0.1803780999999999
0.4904 0.1803780999999999
0.49075 0.1803003
0.4911 0.1803003
0.49145 0.1804059999999999
0.4918 0.1805423
0.49215 0.1804059999999999
0.4925 0.1802442
0.49285 0.1801145
0.4932 0.1801145
0.49355 0.1801145
0.4939 0.1804797
0.49425 0.1804797
0.4946 0.1804797
0.49495 0.1805714
0.4953 0.1805029
0.49565 0.180689
0.496 0.180549
0.49635 0.1806227999999999
0.4967 0.180574
0.49705 0.180574
0.4974 0.1804927
0.49775 0.1804892
0.4981 0.1804591
0.49845 0.1803418
0.4988 0.1803418
0.49915 0.1801771
0.4995 0.1803682
0.49985 0.1801771
0.50055 0.1792299
0.5009 0.1792299
0.50125 0.1797092
0.5016 0.1797092
0.50195 0.1795464
0.5023 0.1794368999999999
0.50265 0.1782224999999999
0.503 0.1761499
0.50335 0.1767195
0.5037 0.1767195
0.50405 0.1767195
0.5044 0.1784241
0.50475 0.1790031
0.5051 0.1790948
0.50545 0.1790948
0.5058 0.1787168999999999
0.50615 0.1787168999999999
0.5065 0.1772067
0.50685 0.1776302
0.5072 0.1776302
0.50755 0.1782957999999999
0.5079 0.1782957999999999
0.50825 0.1782957999999999
0.5086 0.1783094
0.50895 0.1783094
0.5093 0.1782068
0.50965 0.1780132999999999
0.51 0.1780132999999999
0.51035 0.1784934
0.5107 0.1786622999999999
0.51105 0.1786622999999999
0.5114 0.1786167
0.51175 0.1786167
0.5121 0.1788524
0.51245 0.1794999
0.5128 0.1794999
0.51315 0.1792685
0.5135 0.1792685
0.51385 0.179201
0.5142 0.179201
0.51455 0.179201
0.5149 0.1793345
0.51525 0.1797305
0.5156 0.1797644
0.51595 0.1797644
0.5163 0.1797644
0.51665 0.1796741
0.517 0.1797846
0.51735 0.1797678999999999
0.5177 0.1797678999999999
0.51805 0.1797678999999999
0.5184 0.1797885
0.51875 0.1797915
0.5191 0.1797915
0.51945 0.1796765
0.5198 0.1796765
0.52015 0.1796765
0.5205 0.1796338
0.52085 0.1796306
0.5212 0.1795751
0.52155 0.179559
0.5219 0.1794281
0.52225 0.1794233
0.5226 0.1793392999999999
0.52295 0.1792145
0.5233 0.1777406
0.52365 0.1777406
0.524 0.1775237999999999
0.52435 0.1789836
0.5247 0.1789836
0.52505 0.1791392999999999
0.5254 0.1791826
0.52575 0.1792458999999999
0.5261 0.1792664
0.52645 0.1792458999999999
0.5268 0.1788462999999999
0.52715 0.1785938999999999
0.5275 0.1785938999999999
0.52785 0.1785938999999999
0.5282 0.1790505
0.52855 0.1790505
0.5289 0.1786308
0.52925 0.1785302
0.5296 0.1784518
0.52995 0.1784518
0.5303 0.1784518
0.53065 0.1779446
0.531 0.1779446
0.53135 0.178721
0.5317 0.178721
0.53205 0.1786436
0.5324 0.1781827
0.53275 0.1781907999999999
0.5331 0.1781907999999999
0.53345 0.1785347
0.5338 0.178536
0.53415 0.178536
0.5345 0.178536
0.53485 0.1783442
0.5352 0.1781328999999999
0.53555 0.178084
0.5359 0.1777831
0.53625 0.1777831
0.5366 0.1777747
0.53695 0.177332
0.5373 0.177332
0.53765 0.1770612999999999
0.538 0.1770122999999999
0.53835 0.1768023
0.5387 0.176428
0.53905 0.1762899
0.5394 0.1759417
0.53975 0.1754797
0.5401 0.1754797
0.54045 0.1746616
0.5408 0.1741585
0.54115 0.1738988
0.5415 0.1733096
0.54185 0.1729671
0.5422 0.1728315
0.54255 0.1728315
0.5429 0.1728745
0.54325 0.1728745
0.5436 0.1729303999999999
0.54395 0.1729609
0.5443 0.1736937999999999
0.54465 0.1747908
0.545 0.1747908
0.54535 0.1750112999999999
0.5457 0.1754542
0.54605 0.1754542
0.5464 0.1754821
0.54675 0.1754821
0.5471 0.1760922
0.54745 0.1765243
0.5478 0.176629
0.54815 0.1768874
0.5485 0.1770641
0.54885 0.1772152
0.5492 0.1770641
0.54955 0.1772152
0.5499 0.1766087
0.55025 0.1774022
0.5506 0.1774022
0.55095 0.1774022
0.5513 0.1775872999999999
0.55165 0.1769662
0.552 0.1774656
0.55235 0.1773443
0.5527 0.1773443
0.55305 0.1773443
0.5534 0.177377
0.55375 0.177377
0.5541 0.177358
0.55445 0.1772957999999999
0.5548 0.1772632
0.55515 0.1772632
0.5555 0.1772632
0.55585 0.1775861
0.5562 0.1775165
0.55655 0.1775165
0.5569 0.1772504
0.55725 0.1772504
0.5576 0.1774473
0.55795 0.1775139
0.5583 0.1774473
0.55865 0.1775139
0.559 0.1774604
0.55935 0.1775319
0.5597 0.1774604
0.56005 0.1774057
0.5604 0.1774057
0.56075 0.1773446
0.5611 0.1773887999999999
0.56145 0.1773887999999999
0.5618 0.1773887999999999
0.56215 0.1772318
0.5625 0.1772318
0.56285 0.1773867999999999
0.5632 0.1773867999999999
0.56355 0.1771293
0.5639 0.1769987
0.56425 0.1771293
0.5646 0.1770153
0.56495 0.1770153
0.5653 0.1769698999999999
0.56565 0.1769698999999999
0.566 0.176429
0.56635 0.1758446
0.5667 0.1757527
0.56705 0.1758446
0.5674 0.1757527
0.56775 0.1755968
0.5681 0.1740033999999999
0.56845 0.1740033999999999
0.5688 0.1737348
0.56915 0.1742519
0.5695 0.1733193999999999
0.56985 0.1734667999999999
0.5702 0.1734667999999999
0.57055 0.1755375
0.5709 0.1755375
0.57125 0.1749961
0.5716 0.1745807
0.57195 0.1749961
0.5723 0.1750006
0.57265 0.1750006
0.573 0.1754297999999999
0.57335 0.1733948
0.5737 0.1744826
0.57405 0.1733948
0.5744 0.1731795
0.57475 0.1731795
0.5751 0.172505
0.57545 0.1745161
0.5758 0.1746656
0.57615 0.1746656
0.5765 0.1740172999999999
0.57685 0.1732511
0.5772 0.1740172999999999
0.57755 0.1744343
0.5779 0.1745895999999999
0.57825 0.1750448999999999
0.5786 0.1749705
0.57895 0.1751204999999999
0.5793 0.1751204999999999
0.57965 0.1751204999999999
0.58 0.1751451
0.58035 0.1750454
0.5807 0.1753732
0.58105 0.1755276
0.5814 0.1755276
0.58175 0.1757297
0.5821 0.1755351
0.58245 0.1755351
0.5828 0.1754114
0.58315 0.1754114
0.5835 0.1755781
0.58385 0.1755781
0.5842 0.1755781
0.58455 0.175859
0.5849 0.175859
0.58525 0.1755576
0.5856 0.1755576
0.58595 0.1755576
0.5863 0.1752747
0.58665 0.1752649
0.587 0.1750156
0.58735 0.174993
0.5877 0.174311
0.58805 0.1734052999999999
0.5884 0.1734052999999999
0.58875 0.1734052999999999
0.5891 0.1735944
0.58945 0.1735944
0.5898 0.1723398
0.59015 0.1723398
0.5905 0.1735085
0.59085 0.1735085
0.5912 0.1735259
0.59155 0.1734255
0.5919 0.1735259
0.59225 0.1734255
0.5926 0.1735547999999999
0.59295 0.1741206
0.5933 0.1741206
0.59365 0.1729749
0.594 0.172851
0.59435 0.1707569
0.5947 0.1707569
0.59505 0.1728047999999999
0.5954 0.1728047999999999
0.59575 0.1727759
0.5961 0.1727759
0.59645 0.1726837
0.5968 0.1731662
0.59715 0.1731662
0.5975 0.1731662
0.59785 0.1725784
0.5982 0.1725784
0.59855 0.1730791
0.5989 0.1730791
0.59925 0.1729498
0.5996 0.1729498
0.59995 0.1733627
0.6003 0.1733627
0.60065 0.1721123
0.601 0.1721123
0.60135 0.1731332
0.6017 0.1737114
0.60205 0.1737114
0.6024 0.1742769
0.60275 0.1742769
0.6031 0.1745577
0.60345 0.1748956
0.6038 0.1748956
0.60415 0.1745872999999999
0.6045 0.1745872999999999
0.60485 0.1743476
0.6052 0.1748762
0.60555 0.1748726
0.6059 0.1748726
0.60625 0.1748726
0.6066 0.1747319
0.60695 0.1749148999999999
0.6073 0.1747319
0.60765 0.1749148999999999
0.608 0.1744654
0.60835 0.1745216
0.6087 0.1744654
0.60905 0.1744039
0.6094 0.1742697
0.60975 0.1744039
0.6101 0.1745563999999999
0.61045 0.1745563999999999
0.6108 0.1741779
0.61115 0.174157
0.6115 0.1738289
0.61185 0.1733772
0.6122 0.1728741
0.61255 0.1728361
0.6129 0.1721121
0.61325 0.1713303
0.6136 0.1703875
0.61395 0.1696441
0.6143 0.1690102999999999
0.61465 0.1684702
0.615 0.1682384
0.61535 0.1682194
0.6157 0.1679678
0.61605 0.1673818
0.6164 0.1670264
0.61675 0.166723
0.6171 0.1659
0.61745 0.1643862999999999
0.6178 0.1628518
0.61815 0.1628388999999999
0.6185 0.161651
0.61885 0.1610184999999999
0.6192 0.1606539
0.61955 0.1606539
0.6199 0.1611642
0.62025 0.1620188
0.6206 0.1629526
0.62095 0.1629582
0.6213 0.1634625
0.62165 0.16412
0.622 0.1652797
0.62235 0.1665487
0.6227 0.1675408
0.62305 0.1685648
0.6234 0.1694435
0.62375 0.1695198999999999
0.6241 0.1706325
0.62445 0.1714677999999999
0.6248 0.1716047
0.62515 0.1724692
0.6255 0.1729671
0.62585 0.1732974
0.6262 0.1735109
0.62655 0.1735109
0.6269 0.1735378
0.62725 0.1737655
0.6276 0.1737655
0.62795 0.1739967999999999
0.6283 0.1740987999999999
0.62865 0.1741682
0.629 0.1744692
0.62935 0.1745902999999999
0.6297 0.1746005
0.63005 0.1748105
0.6304 0.1748105
0.63075 0.1747803999999999
0.6311 0.1743411
0.63145 0.1741345
0.6318 0.1726631
0.63215 0.1726631
0.6325 0.173939
0.63285 0.1740573
0.6332 0.1741562999999999
0.63355 0.1743991
0.6339 0.1745425
0.63425 0.1745458999999999
0.6346 0.1745458999999999
0.63495 0.1742516
0.6353 0.1742516
0.63565 0.1740152999999999
0.636 0.1740152999999999
0.63635 0.1740152999999999
0.6367 0.1735085
0.63705 0.1735085
0.6374 0.1735085
0.63775 0.1731452
0.6381 0.1733178
0.63845 0.1733178
0.6388 0.1733178
0.63915 0.1734105
0.6395 0.1734105
0.63985 0.1737411
0.6402 0.1739609999999999
0.64055 0.1737411
0.6409 0.1737975
0.64125 0.1737277
0.6416 0.1734847
0.64195 0.1734847
0.6423 0.1734462
0.64265 0.1735273
0.643 0.1734462
0.64335 0.1734187999999999
0.6437 0.1731636
0.64405 0.1728323
0.6444 0.1728323
0.64475 0.172759
0.6451 0.172759
0.64545 0.172759
0.6458 0.1719743
0.64615 0.1701349
0.6465 0.1701349
0.64685 0.1714901
0.6472 0.1720809
0.64755 0.1720809
0.6479 0.1717114
0.64825 0.1716535
0.6486 0.1716535
0.64895 0.171873
0.6493 0.17207
0.64965 0.1724224999999999
0.65 0.1724513999999999
0.65035 0.1726369999999999
0.6507 0.1724513999999999
0.65105 0.1710192
0.6514 0.1710192
0.65175 0.1710192
0.6521 0.1714055
0.65245 0.1722952999999999
0.6528 0.1722952999999999
0.65315 0.172242
0.6535 0.171631
0.65385 0.172242
0.6542 0.1709405
0.65455 0.1717541
0.6549 0.1717541
0.65525 0.1717541
0.6556 0.1710366
0.65595 0.1709022
0.6563 0.1709022
0.65665 0.1711628
0.657 0.1711628
0.65735 0.1710232
0.6577 0.1710232
0.65805 0.1713145
0.6584 0.1713145
0.65875 0.1713145
0.6591 0.1713559
0.65945 0.1713559
0.6598 0.1707914999999999
0.66015 0.1707914999999999
0.6605 0.1714003999999999
0.66085 0.1714003999999999
0.6612 0.1711117
0.66155 0.1709828
0.6619 0.1711117
0.66225 0.1709828
0.6626 0.1708482
0.66295 0.1707984
0.6633 0.170768
0.66365 0.1707232
0.664 0.1706951
0.66435 0.1706951
0.6647 0.1707431
0.66505 0.1707431
0.6654 0.1704668999999999
0.66575 0.1701258
0.6661 0.1700519
0.66645 0.1699615
0.6668 0.1699615
0.66715 0.1700573
0.6675 0.17008
0.66785 0.1701612
0.6682 0.1701612
0.66855 0.1703004
0.6689 0.1703004
0.66925 0.1705237
0.6696 0.1709138
0.66995 0.1712757999999999
0.6703 0.1713184
0.67065 0.17174
0.671 0.17174
0.67135 0.1720374
0.6717 0.1723352
0.67205 0.1724552999999999
0.6724 0.1724796
0.67275 0.1727957
0.6731 0.1729697
0.67345 0.1731251
0.6738 0.1733911
0.67415 0.1734545
0.6745 0.1735329
0.67485 0.1735749
0.6752 0.1739116
0.67555 0.1739116
0.6759 0.1739581
0.67625 0.174
0.6766 0.174
0.67695 0.1740245
0.6773 0.1740245
0.67765 0.1741092
0.678 0.1741092
0.67835 0.1739271
0.6787 0.1736323
0.67905 0.1735905999999999
0.6794 0.1735905999999999
0.67975 0.1735905999999999
0.6801 0.173583
0.68045 0.1735322
0.6808 0.173175
0.68115 0.1729999
0.6815 0.1729999
0.68185 0.1725708999999999
0.6822 0.1723692
0.68255 0.1723669
0.6829 0.1723669
0.68325 0.1723034
0.6836 0.1723034
0.68395 0.1721412999999999
0.6843 0.1720369
0.68465 0.1720369
0.685 0.1723333
0.68535 0.1728285
0.6857 0.1728679
0.68605 0.1728679
0.6864 0.1728345
0.68675 0.1717984
0.6871 0.1717984
0.68745 0.1726569
0.6878 0.1728216
0.68815 0.1729267
0.6885 0.1729267
0.68885 0.1726073
0.6892 0.1726073
0.68955 0.1712982
0.6899 0.1725382999999999
0.69025 0.1723517
0.6906 0.1725382999999999
0.69095 0.1723517
0.6913 0.1720174
0.69165 0.171879
0.692 0.1715149
0.69235 0.1714892999999999
0.6927 0.1715149
0.69305 0.171446
0.6934 0.1711262
0.69375 0.1711262
0.6941 0.1711262
0.69445 0.1712568
0.6948 0.1709525
0.69515 0.1709525
0.6955 0.170892
0.69585 0.170318
0.6962 0.170318
0.69655 0.1705886
0.6969 0.1705886
0.69725 0.1703817
0.6976 0.1691911
0.69795 0.1695854
0.6983 0.1692553
0.69865 0.1692553
0.699 0.1686931
0.69935 0.168168
0.6997 0.1680925
0.70005 0.1664599
0.7004 0.1656539
0.70075 0.1656539
0.7011 0.1653496
0.70145 0.1653496
0.7018 0.1650251
0.70215 0.1648488
0.7025 0.1648488
0.70285 0.1648488
0.7032 0.1656
0.70355 0.1656
0.7039 0.1653855
0.70425 0.1653855
0.7046 0.1657775
0.70495 0.1658272999999999
0.7053 0.165991
0.70565 0.1678233999999999
0.706 0.1678233999999999
0.70635 0.1678583
0.7067 0.1679265
0.70705 0.1679265
0.7074 0.1684639
0.70775 0.1684639
0.7081 0.1687235
0.70845 0.1687669
0.7088 0.169266
0.70915 0.1688638999999999
0.7095 0.1693567
0.70985 0.1695305
0.7102 0.1699665
0.71055 0.1699665
0.7109 0.1700967
0.71125 0.1699301
0.7116 0.1700967
0.71195 0.1704807
0.7123 0.1704807
0.71265 0.1702887
0.713 0.1702301
0.71335 0.1702301
0.7137 0.1702524
0.71405 0.1702524
0.7144 0.1702185
0.71475 0.1695448
0.7151 0.1694822999999999
0.71545 0.1685797
0.7158 0.1674822999999999
0.71615 0.167435
0.7165 0.1654418
0.71685 0.1623944
0.7172 0.161345
0.71755 0.1584042
0.7179 0.1572864
0.71825 0.1554891
0.7186 0.1554891
0.71895 0.1519853
0.7193 0.1519853
0.71965 0.1519853
0.72 0.1473156
0.72035 0.1473156
0.7207 0.1463203
0.72105 0.1463203
0.7214 0.1459071
0.72175 0.1443625
0.7221 0.1453577
0.72245 0.1442868
0.7228 0.1440712999999999
0.72315 0.1414831
0.7235 0.1341576
0.72385 0.1318003999999999
0.7242 0.1318003999999999
0.72455 0.125991
0.7249 0.1197617
0.72525 0.1197617
0.7256 0.1179045
0.72595 0.1159514
0.7263 0.1130837
0.72665 0.1084306
0.727 0.1060271999999999
0.72735 0.107745
0.7277 0.107745
0.72805 0.1131153
0.7284 0.1197118
0.72875 0.1243759
0.7291 0.1261339
0.72945 0.1272251
0.7298 0.1273805
0.73015 0.1286821
0.7305 0.1336793999999999
0.73085 0.1371002
0.7312 0.1406831
0.73155 0.1406831
0.7319 0.1429252
0.73225 0.1424517
0.7326 0.1456556
0.73295 0.1424517
0.7333 0.1456556
0.73365 0.1519419
0.734 0.1519419
0.73435 0.1538517999999999
0.7347 0.1567096
0.73505 0.1575917
0.7354 0.1590024
0.73575 0.1590024
0.7361 0.1590024
0.73645 0.1617227999999999
0.7368 0.1617227999999999
0.73715 0.1618427
0.7375 0.1643342
0.73785 0.1644313999999999
0.7382 0.1656551
0.73855 0.1661401
0.7389 0.1659757999999999
0.73925 0.1667872
0.7396 0.1680772
0.73995 0.168508
0.7403 0.1688093
0.74065 0.1699042
0.741 0.1699042
0.74135 0.1701722
0.7417 0.1703453
0.74205 0.1708428
0.7424 0.1708428
0.74275 0.1709369999999999
0.7431 0.1713874
0.74345 0.1714691
0.7438 0.1714691
0.74415 0.1714306
0.7445 0.1714306
0.74485 0.1715691
0.7452 0.1715691
0.74555 0.1715691
0.7459 0.1713847
0.74625 0.1716244999999999
0.7466 0.1716244999999999
0.74695 0.1716244999999999
0.7473 0.1716353
0.74765 0.1715475
0.748 0.1716478
0.74835 0.1716224999999999
0.7487 0.1716224999999999
0.74905 0.1716224999999999
0.7494 0.1716191
0.74975 0.1716191
0.7501 0.1716191
0.75045 0.1715477
0.7508 0.1717217
0.75115 0.1717374
0.7515 0.1717416
0.75185 0.1717397
0.7522 0.1717397
0.75255 0.1716737
0.7529 0.1716737
0.75325 0.1718148
0.7536 0.1718148
0.75395 0.1718148
0.7543 0.1718122999999999
0.75465 0.1718569999999999
0.755 0.1717601
0.75535 0.1718004
0.7557 0.1717964
0.75605 0.1717964
0.7564 0.1717356
0.75675 0.1716546
0.7571 0.1715637
0.75745 0.171217
0.7578 0.171217
0.75815 0.171292
0.7585 0.171292
0.75885 0.1711341
0.7592 0.1710406
0.75955 0.170478
0.7599 0.1704376
0.76025 0.1702483
0.7606 0.1699333999999999
0.76095 0.1699333999999999
0.7613 0.1701859
0.76165 0.1701859
0.762 0.1696418999999999
0.76235 0.1694255
0.7627 0.1693242
0.76305 0.1692082999999999
0.7634 0.1692082999999999
0.76375 0.1691425
0.7641 0.1691045
0.76445 0.1688402
0.7648 0.1688085
0.76515 0.1688085
0.7655 0.1689046
0.76585 0.1689046
0.7662 0.1687852
0.76655 0.168771
0.7669 0.1683888
0.76725 0.1683888
0.7676 0.1686369999999999
0.76795 0.1689313999999999
0.7683 0.1689313999999999
0.76865 0.1687828999999999
0.769 0.1687467
0.76935 0.1687467
0.7697 0.1687892999999999
0.77005 0.1687892999999999
0.7704 0.1686725
0.77075 0.168535
0.7711 0.1684594
0.77145 0.1684292
0.7718 0.1683637999999999
0.77215 0.1683294
0.7725 0.1679448999999999
0.77285 0.1671631
0.7732 0.1664122
0.77355 0.1664122
0.7739 0.166492
0.77425 0.166813
0.7746 0.166813
0.77495 0.1667662999999999
0.7753 0.1665222999999999
0.77565 0.1660588999999999
0.776 0.1656757
0.77635 0.1654321
0.7767 0.1653285
0.77705 0.1650835
0.7774 0.1647489
0.77775 0.1647117
0.7781 0.1642823
0.77845 0.1638366
0.7788 0.1634357
0.77915 0.1629437
0.7795 0.1618868
0.77985 0.16088
0.7802 0.1595232
0.78055 0.1595159
0.7809 0.1586062
0.78125 0.1573927
0.7816 0.1570902
0.78195 0.1569574
0.7823 0.156725
0.78265 0.1565993
0.783 0.156134
0.78335 0.154953
0.7837 0.1542221
0.78405 0.1542221
0.7844 0.1559368
0.78475 0.1579477
0.7851 0.1584227
0.78545 0.1584227
0.7858 0.1579374
0.78615 0.157924
0.7865 0.1579374
0.78685 0.1583165
0.7872 0.1587305
0.78755 0.1591553
0.7879 0.1593035
0.78825 0.1599208999999999
0.7886 0.1600142
0.78895 0.1602782999999999
0.7893 0.1602919
0.78965 0.1604243
0.79 0.1604243
0.79035 0.1603363
0.7907 0.1602328
0.79105 0.1596176
0.7914 0.1588693
0.79175 0.1588358
0.7921 0.1579875
0.79245 0.1568726
0.7928 0.1558882999999999
0.79315 0.1558882999999999
0.7935 0.1559119
0.79385 0.1559119
0.7942 0.1558896
0.79455 0.1549219
0.7949 0.1533727999999999
0.79525 0.1530144
0.7956 0.1530144
0.79595 0.1507052
0.7963 0.1507052
0.79665 0.1507052
0.797 0.1518126
0.79735 0.1518126
0.7977 0.1518126
0.79805 0.1522884
0.7984 0.1522884
0.79875 0.1522884
0.7991 0.1526867999999999
0.79945 0.1527797
0.7998 0.1543222
0.80015 0.1543428
0.8005 0.1548787999999999
0.80085 0.155518
0.8012 0.155518
0.80155 0.1555947
0.8019 0.1555947
0.80225 0.1562753
0.8026 0.1564481
0.80295 0.1574972
0.8033 0.1574972
0.80365 0.1580457
0.804 0.1582247
0.80435 0.1586178999999999
0.8047 0.1593666
0.80505 0.159998
0.8054 0.1602418
0.80575 0.1602418
0.8061 0.1602183999999999
0.80645 0.1602183999999999
0.8068 0.1615272999999999
0.80715 0.16234
0.8075 0.16234
0.80785 0.162882
0.8082 0.1631355
0.80855 0.163154
0.8089 0.163154
0.80925 0.162418
0.8096 0.162418
0.80995 0.1634049
0.8103 0.1637049
0.81065 0.1637049
0.811 0.1637737
0.81135 0.1640554
0.8117 0.1643582
0.81205 0.1646157999999999
0.8124 0.1649466
0.81275 0.1653925
0.8131 0.1649466
0.81345 0.1659462
0.8138 0.1662472
0.81415 0.1663311
0.8145 0.1663311
0.81485 0.1591983
0.8152 0.1591983
0.81555 0.1663116
0.8159 0.1665721
0.81625 0.1665721
0.8166 0.1672484
0.81695 0.1670728
0.8173 0.1673368999999999
0.81765 0.1670728
0.818 0.1670598999999999
0.81835 0.1670598999999999
0.8187 0.1670598999999999
0.81905 0.1679436
0.8194 0.1680987
0.81975 0.1680987
0.8201 0.1682918
0.82045 0.1684763
0.8208 0.1684763
0.82115 0.1686396
0.8215 0.1684646
0.82185 0.1684646
0.8222 0.1683098999999999
0.82255 0.1679631
0.8229 0.1671577
0.82325 0.1591575
0.8236 0.1621371
0.82395 0.1621371
0.8243 0.1684369999999999
0.82465 0.1690384
0.825 0.1690384
0.82535 0.1690384
0.8257 0.168851
0.82605 0.168851
0.8264 0.1691404
0.82675 0.1692132999999999
0.8271 0.1691404
0.82745 0.1686137999999999
0.8278 0.1663052
0.82815 0.1683722
0.8285 0.1683722
0.82885 0.1683722
0.8292 0.1687046
0.82955 0.1690057
0.8299 0.1690057
0.83025 0.1688488
0.8306 0.1688488
0.83095 0.168955
0.8313 0.1692309
0.83165 0.168955
0.832 0.1678986
0.83235 0.1678986
0.8327 0.1667767999999999
0.83305 0.1688087
0.8334 0.1680872
0.83375 0.1680872
0.8341 0.164151
0.83445 0.164151
0.8348 0.164151
0.83515 0.1656586
0.8355 0.164686
0.83585 0.164686
0.8362 0.1638875
0.83655 0.1637746
0.8369 0.1629705
0.83725 0.1622541
0.8376 0.1589096
0.83795 0.1576081
0.8383 0.1576081
0.83865 0.1574247999999999
0.839 0.1574247999999999
0.83935 0.1575584
0.8397 0.1578203
0.84005 0.158181
0.8404 0.158181
0.84075 0.1557117999999999
0.8411 0.1541999
0.84145 0.1541999
0.8418 0.1546602
0.84215 0.1576173
0.8425 0.1576173
0.84285 0.1608016
0.8432 0.1608016
0.84355 0.1606094
0.8439 0.1588835
0.84425 0.1588835
0.8446 0.1600057
0.84495 0.1602887
0.8453 0.1616352999999999
0.84565 0.1616352999999999
0.846 0.163215
0.84635 0.1642389
0.8467 0.1642389
0.84705 0.1641938999999999
0.8474 0.1640659
0.84775 0.1639858
0.8481 0.1639858
0.84845 0.1636492
0.8488 0.164553
0.84915 0.1652166
0.8495 0.1652166
0.84985 0.1649466
0.8502 0.1641412
0.85055 0.1612026
0.8509 0.1612026
0.85125 0.1612026
0.8516 0.1627399
0.85195 0.1621757999999999
0.8523 0.1621757999999999
0.85265 0.1609257999999999
0.853 0.1594316
0.85335 0.1591125
0.8537 0.1581381
0.85405 0.1571494
0.8544 0.1553828
0.85475 0.1542976
0.8551 0.1542397
0.85545 0.1516917
0.8558 0.1516917
0.85615 0.148796
0.8565 0.1487019
0.85685 0.1473775
0.8572 0.1438742999999999
0.85755 0.1418083999999999
0.8579 0.1313437999999999
0.85825 0.1313437999999999
0.8586 0.1320247999999999
0.85895 0.1320247999999999
0.8593 0.1320247999999999
0.85965 0.1290307
0.86 0.1275963
0.86035 0.1222747
0.8607 0.1194693999999999
0.86105 0.1133202
0.8614 0.1133016
0.86175 0.1101797
0.8621 0.1056484999999999
0.86245 0.104716
0.8628 0.1016235
0.86315 0.1016235
0.8635 0.1049098999999999
0.86385 0.1049098999999999
0.8642 0.0959545
0.86455 0.0907711
0.8649 0.0959545
0.86525 0.1062693
0.8656 0.1062849999999999
0.86595 0.1115732
0.8663 0.114311
0.86665 0.114311
0.867 0.0990799
0.86735 0.0990799
0.8677 0.1019414
0.86805 0.1160958999999999
0.8684 0.122003
0.86875 0.1237966
0.8691 0.1309917
0.86945 0.1321132
0.8698 0.1321132
0.87015 0.1321132
0.8705 0.1320818
0.87085 0.1264759
0.8712 0.1207869999999999
0.87155 0.1264759
0.8719 0.1261996
0.87225 0.1407422
0.8726 0.1280202
0.87295 0.1280202
0.8733 0.1280202
0.87365 0.1358984999999999
0.874 0.1402382
0.87435 0.1426871
0.8747 0.1426871
0.87505 0.1426871
0.8754 0.1455622
0.87575 0.1287556
0.8761 0.1400583999999999
0.87645 0.1390083999999999
0.8768 0.1390083999999999
0.87715 0.1369467999999999
0.8775 0.1156278
0.87785 0.1156278
0.8782 0.1140997
0.87855 0.1140997
0.8789 0.1347057
0.87925 0.1347057
0.8796 0.0922337
0.87995 0.0744817
0.8803 0.0826103999999999
0.88065 0.0744817
0.881 0.0647723
0.88135 0.0646765
0.8817 0.05232
0.88205 0.0360154
0.8824 0.0192267
0.88275 0.0185509999999999
0.8831 0.0185509999999999
0.88345 0.0183744
0.8838 0.0183744
0.88415 0.0207532
0.8845 0.0251183
0.88485 0.0336881999999999
0.8852 0.0369945999999999
0.88555 0.0369945999999999
0.8859 0.0329153
0.88625 0.0227918
0.8866 0.0074903999999999
0.88695 0.0052729
0.8873 0.0052729
0.88765 0.0072113
0.888 0.0094816
0.88835 0.0094816
0.8887 0.0149484
0.88905 0.0076644999999999
0.8894 0.0162941
0.88975 0.0161144
0.8901 0.0229177
0.89045 0.0206185999999999
0.8908 0.0206185999999999
0.89115 0.0184625
0.8915 0.0184625
0.89185 0.0246513
0.8922 0.0246513
0.89255 0.0246513
0.8929 0.0251601
0.89325 0.0251601
0.8936 0.0213835
0.89395 0.0188312
0.8943 0.0188312
0.89465 0.0197164
0.895 0.0197164
0.89535 0.017228
0.8957 0.017228
0.89605 0.0209155
0.8964 0.0266223999999999
0.89675 0.037467
0.8971 0.037467
0.89745 0.0400499
0.8978 0.0382189
0.89815 0.0400499
0.8985 0.0386064
0.89885 0.0400806
0.8992 0.0386064
0.89955 0.0345151
0.8999 0.0345151
0.90025 0.0577755999999999
0.9006 0.0634435
0.90095 0.0665823
0.9013 0.069109
0.90165 0.0793856
0.902 0.0793856
0.90235 0.0831804999999999
0.9027 0.0831804999999999
0.90305 0.0879378
0.9034 0.1007083
0.90375 0.0879378
0.9041 0.1051862
0.90445 0.1150038999999999
0.9048 0.1164497
0.90515 0.1164497
0.9055 0.1249108999999999
0.90585 0.1337761
0.9062 0.1337761
0.90655 0.1229706999999999
0.9069 0.1229706999999999
0.90725 0.1240593
0.9076 0.1240593
0.90795 0.1318297
0.9083 0.1094793999999999
0.90865 0.1318297
0.909 0.135295
0.90935 0.135295
0.9097 0.1181522
0.91005 0.1181522
0.9104 0.1353806
0.91075 0.1399121
0.9111 0.1457622999999999
0.91145 0.1468583
0.9118 0.1468583
0.91215 0.1429942
0.9125 0.1416645
0.91285 0.1416645
0.9132 0.1416645
0.91355 0.1258911
0.9139 0.1451103
0.91425 0.1461792999999999
0.9146 0.1501725
0.91495 0.1497451
0.9153 0.1497451
0.91565 0.1404201
0.916 0.1404201
0.91635 0.1426372
0.9167 0.1426372
0.91705 0.1441223999999999
0.9174 0.1510377
0.91775 0.1510377
0.9181 0.1468244
0.91845 0.1468244
0.9188 0.1468244
0.91915 0.1449638
0.9195 0.1416795
0.91985 0.1449638
0.9202 0.1456122999999999
0.92055 0.1461093
0.9209 0.1521722999999999
0.92125 0.1461093
0.9216 0.137828
0.92195 0.137828
0.9223 0.1094211
0.92265 0.1398956
0.923 0.153402
0.92335 0.153402
0.9237 0.1473936
0.92405 0.1473936
0.9244 0.1473936
0.92475 0.1475985
0.9251 0.1445604
0.92545 0.1475985
0.9258 0.1423071
0.92615 0.1423071
0.9265 0.1423071
0.92685 0.0974635
0.9272 0.1398856
0.92755 0.1398856
0.9279 0.1398856
0.92825 0.1463519
0.9286 0.1463519
0.92895 0.1487091
0.9293 0.1525383
0.92965 0.1525383
0.93 0.1397966
0.93035 0.1321412
0.9307 0.1143289
0.93105 0.1099567
0.9314 0.1099567
0.93175 0.1099567
0.9321 0.1293636
0.93245 0.1293636
0.9328 0.1296201
0.93315 0.1452342
0.9335 0.1452342
0.93385 0.1264926
0.9342 0.1232761
0.93455 0.1226878
0.9349 0.1232761
0.93525 0.1226878
0.9356 0.1504193
0.93595 0.143045
0.9363 0.1504193
0.93665 0.143045
0.937 0.142423
0.93735 0.142423
0.9377 0.1299712
0.93805 0.1222226999999999
0.9384 0.1222226999999999
0.93875 0.1258135
0.9391 0.1441
0.93945 0.1463777
0.9398 0.1463777
0.94015 0.1483757
0.9405 0.1074681
0.94085 0.1518585
0.9412 0.1506377
0.94155 0.1574652
0.9419 0.1583056
0.94225 0.1583852999999999
0.9426 0.1583852999999999
0.94295 0.1307262
0.9433 0.1307262
0.94365 0.1386078
0.944 0.1386078
0.94435 0.1261157
0.9447 0.1261157
0.94505 0.1502404
0.9454 0.1502404
0.94575 0.1502404
0.9461 0.1512722
0.94645 0.1512722
0.9468 0.1373772
0.94715 0.1373772
0.9475 0.1322194
0.94785 0.1409032999999999
0.9482 0.153035
0.94855 0.1548306
0.9489 0.153035
0.94925 0.1364513
0.9496 0.1364513
0.94995 0.1430976
0.9503 0.1469429
0.95065 0.1565352
0.951 0.1565352
0.95135 0.1498301
0.9517 0.1498301
0.95205 0.15152
0.9524 0.15152
0.95275 0.1465694
0.9531 0.1452791
0.95345 0.1452791
0.9538 0.1570479
0.95415 0.1570479
0.9545 0.1557554
0.95485 0.1557554
0.9552 0.1501374
0.95555 0.1547973
0.9559 0.1547973
0.95625 0.1547973
0.9566 0.1538747999999999
0.95695 0.1451737
0.9573 0.1451737
0.95765 0.1554185
0.958 0.1554185
0.95835 0.1550578
0.9587 0.154139
0.95905 0.154139
0.9594 0.1445485
0.95975 0.1445485
0.9601 0.1502717
0.96045 0.1502717
0.9608 0.1470264
0.96115 0.1470264
0.9615 0.1470264
0.96185 0.1449477
0.9622 0.1425587
0.96255 0.1292143
0.9629 0.1292143
0.96325 0.1294141
0.9636 0.1294141
0.96395 0.1294141
0.9643 0.1296146
0.96465 0.1296146
0.965 0.1260056
0.96535 0.1233539999999999
0.9657 0.1215136
0.96605 0.1181202
0.9664 0.1175782
0.96675 0.11727
0.9671 0.1118898999999999
0.96745 0.1127901
0.9678 0.1127901
0.96815 0.1213108
0.9685 0.1213108
0.96885 0.119226
0.9692 0.1164112
0.96955 0.1150363
0.9699 0.1107603
0.97025 0.1032496
0.9706 0.0921929
0.97095 0.0916133999999999
0.9713 0.0921929
0.97165 0.1005985
0.972 0.1071303999999999
0.97235 0.1127213
0.9727 0.1128354
0.97305 0.1128354
0.9734 0.1101643
0.97375 0.1096293
0.9741 0.1064934999999999
0.97445 0.1096293
0.9748 0.1126081999999999
0.97515 0.1128371
0.9755 0.1134309
0.97585 0.1175464
0.9762 0.1175464
0.97655 0.1081841999999999
0.9769 0.0960547
0.97725 0.1081841999999999
0.9776 0.1015596
0.97795 0.1015596
0.9783 0.0947006
0.97865 0.0947006
0.979 0.0986755
0.97935 0.1072043
0.9797 0.1072043
0.98005 0.0825818
0.9804 0.0768791
0.98075 0.0768791
0.9811 0.0768791
0.98145 0.0804378999999999
0.9818 0.0804378999999999
0.98215 0.077187
0.9825 0.077187
0.98285 0.0206264
0.9832 0.0634624
0.98355 0.0634624
0.9839 0.064551
0.98425 0.0647135
0.9846 0.064551
0.98495 0.069036
0.9853 0.0234889
0.98565 0.0421996999999999
0.986 0.0268004999999999
0.98635 0.0421996999999999
0.9867 0.0352921999999999
0.98705 0.0352921999999999
0.9874 0.0352921999999999
0.98775 0.0374991999999999
0.9881 0.0374991999999999
0.98845 0.0014451
0.9888 0.0014451
0.98915 0.0082519999999999
0.9895 0.0395654
0.98985 0.0211362
0.9902 0.0411621999999999
0.99055 0.0211362
0.9909 0.0411026
0.99125 0.0411026
0.9916 0.0455043
0.99195 0.0455043
0.9923 0.0455043
0.99265 0.0487135
0.993 0.056102
0.99335 0.056102
0.9937 0.0504921999999999
0.99405 0.0504921999999999
0.9944 0.0510859
0.99475 0.0510859
0.9951 0.0338476
0.99545 0.0338476
0.9958 0.0048197
0.99615 0.0448077
0.9965 0.0048197
0.99685 0.0448077
0.9972 0.0491433
0.99755 0.0491433
0.9979 0.0552707
0.99825 0.0382487
0.9986 0.0475121
0.99895 0.0366313
0.9993 0.0359281
