0.3 0.1744912
0.30035 0.1747644
0.3007 0.1748283
0.30105 0.1748283
0.3014 0.1747592
0.30175 0.1746334
0.3021 0.1744297
0.30245 0.174067
0.3028 0.1733573
0.30315 0.1716137999999999
0.3035 0.1716137999999999
0.30385 0.1716987
0.3042 0.173114
0.30455 0.1736267999999999
0.3049 0.1738157
0.30525 0.1738639
0.3056 0.1738639
0.30595 0.1738151
0.3063 0.1737401
0.30665 0.1736452
0.307 0.1735328
0.30735 0.1734016
0.3077 0.1732467999999999
0.30805 0.1730589
0.3084 0.1728184999999999
0.30875 0.1724943
0.3091 0.1719879
0.30945 0.1710924
0.3098 0.1692303
0.31015 0.1682821
0.3105 0.1682821
0.31085 0.1703853
0.3112 0.1711641
0.31155 0.1714774
0.3119 0.1715823
0.31225 0.1715823
0.3126 0.1715271
0.31295 0.1714362
0.3133 0.1713225
0.31365 0.171194
0.314 0.1710520999999999
0.31435 0.1709019
0.3147 0.1707412999999999
0.31505 0.170575
0.3154 0.1704017
0.31575 0.1702214
0.3161 0.1700344
0.31645 0.1698402999999999
0.3168 0.1696387999999999
0.31715 0.1694297
0.3175 0.1692121
0.31785 0.1689852
0.3182 0.1687515
0.31855 0.1685014
0.3189 0.1682402
0.31925 0.1679538
0.3196 0.167644
0.31995 0.1672904
0.3203 0.1668612
0.32065 0.1662812
0.321 0.1653382
0.32135 0.1631631
0.3217 0.1620391
0.32205 0.1620391
0.3224 0.1642595
0.32275 0.1646833999999999
0.3231 0.1646833999999999
0.32345 0.1644846
0.3238 0.1641926
0.32415 0.1638506
0.3245 0.1634672999999999
0.32485 0.1630366
0.3252 0.1625755
0.32555 0.1620714
0.3259 0.1615171
0.32625 0.1609027999999999
0.3266 0.1602151
0.32695 0.1594578
0.3273 0.1585713
0.32765 0.1575474999999999
0.328 0.1563894
0.32835 0.1549964
0.3287 0.1533879
0.32905 0.1514039
0.3294 0.1486034
0.32975 0.1444036
0.3301 0.1382041
0.33045 0.1382041
0.3308 0.1442792
0.33115 0.1480437999999999
0.3315 0.1503931
0.33185 0.1520677
0.3322 0.153392
0.33255 0.1544462
0.3329 0.1553566
0.33325 0.1560869999999999
0.3336 0.1567207
0.33395 0.1572311
0.3343 0.1576795
0.33465 0.1580444
0.335 0.1583575
0.33535 0.1586283
0.3357 0.1588642999999999
0.33605 0.159082
0.3364 0.1592543
0.33675 0.1594163999999999
0.3371 0.1595604
0.33745 0.1596879
0.3378 0.1598008
0.33815 0.1598927
0.3385 0.1599791
0.33885 0.1600456
0.3392 0.1601051
0.33955 0.160144
0.3399 0.1601714
0.34025 0.1601714
0.3406 0.1601542
0.34095 0.1601043999999999
0.3413 0.160016
0.34165 0.1598757999999999
0.342 0.1596637
0.34235 0.1593502
0.3427 0.1588902
0.34305 0.1582141
0.3434 0.1572431
0.34375 0.1556944999999999
0.3441 0.1528697
0.34445 0.146402
0.3448 0.146402
0.34515 0.1512915
0.3455 0.1544792
0.34585 0.156141
0.3462 0.1571652
0.34655 0.1578928999999999
0.3469 0.1584312
0.34725 0.1588392
0.3476 0.1591541
0.34795 0.1594007
0.3483 0.159596
0.34865 0.1597525
0.349 0.1598783999999999
0.34935 0.159973
0.3497 0.1600564
0.35005 0.160124
0.3504 0.1601727
0.35075 0.1602166
0.3511 0.160246
0.35145 0.160268
0.3518 0.1602882
0.35215 0.1602978
0.3525 0.1603022999999999
0.35285 0.1603022999999999
0.3532 0.1602983
0.35355 0.1602906
0.3539 0.1602795
0.35425 0.1602652999999999
0.3546 0.1602481
0.35495 0.1602283
0.3553 0.1602061
0.35565 0.1601767999999999
0.356 0.1601376
0.35635 0.160118
0.3567 0.1600888999999999
0.35705 0.160017
0.3574 0.1599696
0.35775 0.1599696
0.3581 0.1599165
0.35845 0.159887
0.3588 0.159839
0.35915 0.1598062
0.3595 0.1596526
0.35985 0.1596378
0.3602 0.1595601
0.36055 0.1595388999999999
0.3609 0.1594993999999999
0.36125 0.1594993999999999
0.3616 0.1594443
0.36195 0.1593997
0.3623 0.1593144
0.36265 0.1592796
0.363 0.159221
0.36335 0.1591565
0.3637 0.1590946
0.36405 0.1589968
0.3644 0.1589664999999999
0.36475 0.1588995
0.3651 0.158831
0.36545 0.1587577
0.3658 0.1586759
0.36615 0.1586128
0.3665 0.1585456
0.36685 0.1584665
0.3672 0.1583892999999999
0.36755 0.158316
0.3679 0.1582323
0.36825 0.1581537
0.3686 0.1580513999999999
0.36895 0.1579949
0.3693 0.1579007999999999
0.36965 0.1578232
0.37 0.1577058
0.37035 0.1576375
0.3707 0.1575157
0.37105 0.157443
0.3714 0.1573742
0.37175 0.1572633
0.3721 0.1571521
0.37245 0.1570826
0.3728 0.1569524
0.37315 0.1568879
0.3735 0.1567311
0.37385 0.1566702999999999
0.3742 0.1565549
0.37455 0.1564274
0.3749 0.1562526
0.37525 0.1561808
0.3756 0.1560244999999999
0.37595 0.1560226
0.3763 0.1557815
0.37665 0.1556438999999999
0.377 0.1556438999999999
0.37735 0.1555404
0.3777 0.1553817
0.37805 0.1552307
0.3784 0.1551568
0.37875 0.1548298
0.3791 0.1547317
0.37945 0.1544885
0.3798 0.1544161
0.38015 0.1544161
0.3805 0.1542237
0.38085 0.1541686
0.3812 0.1540296
0.38155 0.1538729
0.3819 0.1536071
0.38225 0.1534412
0.3826 0.1533697
0.38295 0.1532383
0.3833 0.1530008
0.38365 0.1529012
0.384 0.152679
0.38435 0.1525501
0.3847 0.1523537999999999
0.38505 0.1521742999999999
0.3854 0.1519742
0.38575 0.1517698999999999
0.3861 0.1515697999999999
0.38645 0.1513484
0.3868 0.1511311
0.38715 0.1508974
0.3875 0.1506562
0.38785 0.1504305
0.3882 0.1502075
0.38855 0.1499411
0.3889 0.1496269
0.38925 0.1493106
0.3896 0.149132
0.38995 0.1488201
0.3903 0.1485289
0.39065 0.1482775
0.391 0.1479541
0.39135 0.1476523
0.3917 0.147269
0.39205 0.1469422
0.3924 0.1466186
0.39275 0.1462067
0.3931 0.1458573
0.39345 0.145494
0.3938 0.1450829
0.39415 0.1445895999999999
0.3945 0.144232
0.39485 0.1437116
0.3952 0.1433092
0.39555 0.1428397
0.3959 0.1422203
0.39625 0.1416751
0.3966 0.1411982
0.39695 0.1407104
0.3973 0.1401022
0.39765 0.1394894
0.398 0.1387692
0.39835 0.1382947
0.3987 0.1374249
0.39905 0.1367924
0.3994 0.136229
0.39975 0.1354675
0.4001 0.1346874
0.40045 0.1338526
0.4008 0.1329172
0.40115 0.1311926
0.4015 0.1310665
0.40185 0.1299770999999999
0.4022 0.1284934
0.40255 0.127245
0.4029 0.125375
0.40325 0.1230114
0.4036 0.1198337999999999
0.40395 0.1161608
0.4043 0.1060693
0.40465 0.1060693
0.405 0.1138643
0.40535 0.1182426999999999
0.4057 0.1211251
0.40605 0.1233361
0.4064 0.1250553999999999
0.40675 0.1263002
0.4071 0.1272856
0.40745 0.1281167
0.4078 0.1288271
0.40815 0.1294571
0.4085 0.1294571
0.40885 0.1300268
0.4092 0.1310708
0.40955 0.1315576
0.4099 0.1319845
0.41025 0.1324331
0.4106 0.1328194
0.41095 0.1331917
0.4113 0.1335158
0.41165 0.1338974
0.412 0.1341313999999999
0.41235 0.1345032
0.4127 0.1347568
0.41305 0.1347568
0.4134 0.1350547999999999
0.41375 0.1353458
0.4141 0.1357714
0.41445 0.1359737999999999
0.4148 0.1360672999999999
0.41515 0.1362409
0.4155 0.1362409
0.41585 0.1347779
0.4162 0.1347779
0.41655 0.136818
0.4169 0.1369845
0.41725 0.1370737
0.4176 0.1371822999999999
0.41795 0.1371832
0.4183 0.1372435
0.41865 0.1373695
0.419 0.1374163
0.41935 0.1376338
0.4197 0.1374163
0.42005 0.1368179
0.4204 0.1368179
0.42075 0.1376494999999999
0.4211 0.1379487999999999
0.42145 0.1376494999999999
0.4218 0.1375973999999999
0.42215 0.1375973999999999
0.4225 0.1376124
0.42285 0.137982
0.4232 0.137982
0.42355 0.1376813999999999
0.4239 0.1376813999999999
0.42425 0.1378052
0.4246 0.1379224
0.42495 0.1381007
0.4253 0.138223
0.42565 0.138223
0.426 0.137515
0.42635 0.137515
0.4267 0.1378129
0.42705 0.1381975
0.4274 0.138253
0.42775 0.138253
0.4281 0.1381842999999999
0.42845 0.1378858
0.4288 0.1378358999999999
0.42915 0.1367287999999999
0.4295 0.1374348
0.42985 0.1374348
0.4302 0.1374348
0.43055 0.1377475
0.4309 0.1370369
0.43125 0.1373323
0.4316 0.1372108
0.43195 0.1373323
0.4323 0.137743
0.43265 0.137743
0.433 0.1376242
0.43335 0.1376187999999999
0.4337 0.1373807
0.43405 0.1373721
0.4344 0.137302
0.43475 0.1373019
0.4351 0.1373019
0.43545 0.1372458999999999
0.4358 0.1370854
0.43615 0.1370347
0.4365 0.1367654999999999
0.43685 0.1365994999999999
0.4372 0.1366611
0.43755 0.1366062
0.4379 0.1366062
0.43825 0.1365684999999999
0.4386 0.1365411
0.43895 0.136442
0.4393 0.1363701
0.43965 0.1359346
0.44 0.1357669
0.44035 0.1351799
0.4407 0.1350951
0.44105 0.1350951
0.4414 0.1350907999999999
0.44175 0.1348609
0.4421 0.1348609
0.44245 0.1348609
0.4428 0.1352971
0.44315 0.1352358
0.4435 0.1352358
0.44385 0.1340132
0.4442 0.1340132
0.44455 0.1347851
0.4449 0.1347851
0.44525 0.1338057
0.4456 0.1338057
0.44595 0.1341133
0.4463 0.1342674
0.44665 0.1342674
0.447 0.134211
0.44735 0.1340366
0.4477 0.1339952999999999
0.44805 0.1339952999999999
0.4484 0.1333047
0.44875 0.1339436
0.4491 0.133668
0.44945 0.133668
0.4498 0.133513
0.45015 0.1334692
0.4505 0.1334063999999999
0.45085 0.1329537999999999
0.4512 0.1327188999999999
0.45155 0.1326918
0.4519 0.1324992
0.45225 0.1326405
0.4526 0.1325753999999999
0.45295 0.1325753999999999
0.4533 0.1324737
0.45365 0.1322517
0.454 0.1322517
0.45435 0.1318152
0.4547 0.1317507999999999
0.45505 0.1317509
0.4554 0.1317507999999999
0.45575 0.131175
0.4561 0.1307174
0.45645 0.131175
0.4568 0.130511
0.45715 0.1309187
0.4575 0.1307658
0.45785 0.1307658
0.4582 0.1305932
0.45855 0.1305511
0.4589 0.130407
0.45925 0.1299492
0.4596 0.1296219
0.45995 0.1298087
0.4603 0.1298087
0.46065 0.1298087
0.461 0.1298079999999999
0.46135 0.1297057
0.4617 0.1296214
0.46205 0.1293927
0.4624 0.1292414
0.46275 0.1292231
0.4631 0.1291303
0.46345 0.1288406
0.4638 0.1286486
0.46415 0.1286184
0.4645 0.1283735
0.46485 0.1283474
0.4652 0.1276742
0.46555 0.1276742
0.4659 0.1274891
0.46625 0.1269663
0.4666 0.1268215
0.46695 0.1268215
0.4673 0.1266705
0.46765 0.1255071
0.468 0.1251364
0.46835 0.1251364
0.4687 0.1231442
0.46905 0.1200344
0.4694 0.1231442
0.46975 0.1250061999999999
0.4701 0.1250061999999999
0.47045 0.1250061999999999
0.4708 0.1245994999999999
0.47115 0.1244538
0.4715 0.1238831999999999
0.47185 0.1232672
0.4722 0.1205796
0.47255 0.121053
0.4729 0.121053
0.47325 0.1232344
0.4736 0.1234989
0.47395 0.1232344
0.4743 0.1231566
0.47465 0.1220721999999999
0.475 0.123092
0.47535 0.109446
0.4757 0.123092
0.47605 0.1213806
0.4764 0.1213806
0.47675 0.1213806
0.4771 0.1205313999999999
0.47745 0.1219309
0.4778 0.1210785
0.47815 0.121428
0.4785 0.1212479
0.47885 0.1212479
0.4792 0.1208114
0.47955 0.1205736
0.4799 0.1204344
0.48025 0.1200975
0.4806 0.1200336
0.48095 0.1197132
0.4813 0.1195186
0.48165 0.1187576
0.482 0.1184581
0.48235 0.1180551
0.4827 0.1180551
0.48305 0.1174272
0.4834 0.1162056
0.48375 0.115301
0.4841 0.115301
0.48445 0.1138236
0.4848 0.1108577999999999
0.48515 0.1122705
0.4855 0.1122705
0.48585 0.1122705
0.4862 0.1130933
0.48655 0.1130933
0.4869 0.1142134
0.48725 0.1142134
0.4876 0.1114605999999999
0.48795 0.1102436999999999
0.4883 0.1114605999999999
0.48865 0.1135422
0.489 0.1146615
0.48935 0.1135422
0.4897 0.1143825
0.49005 0.1136253
0.4904 0.1136253
0.49075 0.1118553999999999
0.4911 0.1118553999999999
0.49145 0.1118553999999999
0.4918 0.1127837
0.49215 0.1116144
0.4925 0.1114979
0.49285 0.1084436
0.4932 0.1084436
0.49355 0.1092821
0.4939 0.1092821
0.49425 0.1092821
0.4946 0.1092154
0.49495 0.1099186
0.4953 0.1093085
0.49565 0.1097713999999999
0.496 0.1094364
0.49635 0.1094364
0.4967 0.1093961
0.49705 0.1091418999999999
0.4974 0.1086307
0.49775 0.1077532
0.4981 0.1074049
0.49845 0.1067708999999999
0.4988 0.1067708999999999
0.49915 0.107101
0.4995 0.107101
0.49985 0.1065888999999999
0.50055 0.101251
0.5009 0.101251
0.50125 0.1046683
0.5016 0.1046683
0.50195 0.1041993
0.5023 0.1038181
0.50265 0.1011976
0.503 0.0827512
0.50335 0.0888051
0.5037 0.0888051
0.50405 0.0903177
0.5044 0.1001146
0.50475 0.1001146
0.5051 0.1011647
0.50545 0.1012431
0.5058 0.1012431
0.50615 0.1005891
0.5065 0.0983521
0.50685 0.0948981
0.5072 0.0948981
0.50755 0.0962741
0.5079 0.0962741
0.50825 0.0962741
0.5086 0.0971241
0.50895 0.0971241
0.5093 0.0967368999999999
0.50965 0.0962406
0.51 0.0962406
0.51035 0.0966356999999999
0.5107 0.0966931
0.51105 0.0966931
0.5114 0.0965348999999999
0.51175 0.096514
0.5121 0.096514
0.51245 0.0980826
0.5128 0.0980826
0.51315 0.0958322
0.5135 0.0958322
0.51385 0.0959865
0.5142 0.0959865
0.51455 0.0959865
0.5149 0.0946133999999999
0.51525 0.0960726
0.5156 0.0963266999999999
0.51595 0.0963266999999999
0.5163 0.0958451
0.51665 0.0957732
0.517 0.0957732
0.51735 0.0953871
0.5177 0.0952896999999999
0.51805 0.0948779
0.5184 0.0948779
0.51875 0.0948779
0.5191 0.0947306
0.51945 0.0940615
0.5198 0.0940615
0.52015 0.0940403
0.5205 0.0938241
0.52085 0.0936956
0.5212 0.0933275
0.52155 0.0932934
0.5219 0.0926728
0.52225 0.092521
0.5226 0.0922393
0.52295 0.0922256
0.5233 0.0862044
0.52365 0.0862044
0.524 0.0851822
0.52435 0.090786
0.5247 0.0906704
0.52505 0.0906704
0.5254 0.0904137
0.52575 0.0901853
0.5261 0.0894973
0.52645 0.0893776
0.5268 0.0890159
0.52715 0.0879113999999999
0.5275 0.0879113999999999
0.52785 0.0879113999999999
0.5282 0.088122
0.52855 0.088122
0.5289 0.0872235
0.52925 0.0867933999999999
0.5296 0.0851982
0.52995 0.0865638
0.5303 0.0851919
0.53065 0.0849099
0.531 0.0849099
0.53135 0.0852714
0.5317 0.0852714
0.53205 0.0835036999999999
0.5324 0.0827477
0.53275 0.083339
0.5331 0.083339
0.53345 0.0833661999999999
0.5338 0.083412
0.53415 0.083412
0.5345 0.0831527
0.53485 0.0823528
0.5352 0.0818164
0.53555 0.0818103999999999
0.5359 0.0810875
0.53625 0.0810875
0.5366 0.0808306
0.53695 0.0799598
0.5373 0.0799598
0.53765 0.079425
0.538 0.0791687
0.53835 0.0786089
0.5387 0.0774241
0.53905 0.0771616
0.5394 0.0769325
0.53975 0.0758919
0.5401 0.0758919
0.54045 0.0737111
0.5408 0.0720859
0.54115 0.0720859
0.5415 0.0706818999999999
0.54185 0.0700276
0.5422 0.0700276
0.54255 0.0696344
0.5429 0.0688669
0.54325 0.0687994
0.5436 0.0687994
0.54395 0.0687994
0.5443 0.069024
0.54465 0.0701041999999999
0.545 0.0701041999999999
0.54535 0.0724163999999999
0.5457 0.0721505
0.54605 0.0721505
0.5464 0.0688856
0.54675 0.0688856
0.5471 0.0688856
0.54745 0.0711107
0.5478 0.0689576
0.54815 0.0711107
0.5485 0.0714802
0.54885 0.0716383
0.5492 0.0714802
0.54955 0.0705177
0.5499 0.0683939
0.55025 0.0700548
0.5506 0.0699862
0.55095 0.0699862
0.5513 0.0697557
0.55165 0.0693284
0.552 0.0687802
0.55235 0.0685474
0.5527 0.0684972
0.55305 0.0684972
0.5534 0.0680573999999999
0.55375 0.0680573999999999
0.5541 0.0676779
0.55445 0.066565
0.5548 0.066565
0.55515 0.066565
0.5555 0.0655278
0.55585 0.0667498999999999
0.5562 0.0660501999999999
0.55655 0.0660501999999999
0.5569 0.063704
0.55725 0.063704
0.5576 0.0646057
0.55795 0.0649628
0.5583 0.0646057
0.55865 0.0646549999999999
0.559 0.064355
0.55935 0.064355
0.5597 0.0640946
0.56005 0.0638033
0.5604 0.0633436
0.56075 0.0632855
0.5611 0.0628963
0.56145 0.0627094
0.5618 0.0623107
0.56215 0.0621441
0.5625 0.0618170999999999
0.56285 0.0615678999999999
0.5632 0.0615678999999999
0.56355 0.0611294999999999
0.5639 0.0608478
0.56425 0.0603678999999999
0.5646 0.0599956
0.56495 0.0599956
0.5653 0.059357
0.56565 0.059357
0.566 0.0592349
0.56635 0.0575952
0.5667 0.0573832
0.56705 0.0573832
0.5674 0.057467
0.56775 0.057467
0.5681 0.0504227
0.56845 0.0504227
0.5688 0.0513068999999999
0.56915 0.0537217
0.5695 0.0513068999999999
0.56985 0.0437981
0.5702 0.0437981
0.57055 0.0547646
0.5709 0.0547646
0.57125 0.0544191
0.5716 0.0539075
0.57195 0.0544191
0.5723 0.0539075
0.57265 0.0538295999999999
0.573 0.0533172
0.57335 0.0500798
0.5737 0.0525679
0.57405 0.0500798
0.5744 0.0495115999999999
0.57475 0.0495115999999999
0.5751 0.0448407
0.57545 0.0509319
0.5758 0.0497369
0.57615 0.0497369
0.5765 0.0497369
0.57685 0.0461583
0.5772 0.049726
0.57755 0.049726
0.5779 0.049726
0.57825 0.049922
0.5786 0.0486414
0.57895 0.0498485
0.5793 0.0489329
0.57965 0.0489329
0.58 0.0480109
0.58035 0.0479096
0.5807 0.0457746999999999
0.58105 0.0457746999999999
0.5814 0.0470544
0.58175 0.0470544
0.5821 0.0468861
0.58245 0.0463130999999999
0.5828 0.0451986999999999
0.58315 0.0446925
0.5835 0.0440973
0.58385 0.0443147
0.5842 0.0443147
0.58455 0.0443147
0.5849 0.0433494
0.58525 0.0433494
0.5856 0.0437155
0.58595 0.0437155
0.5863 0.0421167
0.58665 0.0421167
0.587 0.0421167
0.58735 0.0407631999999999
0.5877 0.0374689
0.58805 0.0324794
0.5884 0.0324794
0.58875 0.0313050999999999
0.5891 0.0313050999999999
0.58945 0.0313050999999999
0.5898 0.0208871
0.59015 0.0208871
0.5905 0.0363646
0.59085 0.0363646
0.5912 0.0359539
0.59155 0.0359539
0.5919 0.0392775
0.59225 0.0392775
0.5926 0.039697
0.59295 0.0415037
0.5933 0.0415037
0.59365 0.0398737
0.594 0.0311855
0.59435 0.0282492999999999
0.5947 0.0282492999999999
0.59505 0.0385364
0.5954 0.0385364
0.59575 0.0362913
0.5961 0.0362913
0.59645 0.039431
0.5968 0.0407644
0.59715 0.0407644
0.5975 0.0407644
0.59785 0.0394878
0.5982 0.0394878
0.59855 0.0372959999999999
0.5989 0.0392671999999999
0.59925 0.0372959999999999
0.5996 0.0392671999999999
0.59995 0.0411171
0.6003 0.0411171
0.60065 0.0231525
0.601 0.0231525
0.60135 0.0394888
0.6017 0.0427099
0.60205 0.0427099
0.6024 0.0442546
0.60275 0.0442546
0.6031 0.0446075
0.60345 0.0446075
0.6038 0.0446075
0.60415 0.043426
0.6045 0.043426
0.60485 0.0370386
0.6052 0.0453782
0.60555 0.0439093
0.6059 0.0439879
0.60625 0.0439879
0.6066 0.0446793
0.60695 0.0449254
0.6073 0.0446793
0.60765 0.0458381
0.608 0.0448589
0.60835 0.0448589
0.6087 0.0446556999999999
0.60905 0.0446556999999999
0.6094 0.04477
0.60975 0.0451958
0.6101 0.0458219
0.61045 0.0458219
0.6108 0.0462147
0.61115 0.0459455999999999
0.6115 0.0459455999999999
0.61185 0.0452691999999999
0.6122 0.0448466
0.61255 0.0448004
0.6129 0.0448004
0.61325 0.0429729
0.6136 0.0426895
0.61395 0.0424065
0.6143 0.0417913
0.61465 0.0412205
0.615 0.0411755
0.61535 0.0411591
0.6157 0.0409186999999999
0.61605 0.0404064
0.6164 0.0403462
0.61675 0.0396883
0.6171 0.0393311
0.61745 0.0382139
0.6178 0.0367992
0.61815 0.0367037
0.6185 0.0367037
0.61885 0.0367037
0.6192 0.0350629
0.61955 0.0350629
0.6199 0.0355240999999999
0.62025 0.036278
0.6206 0.0370703
0.62095 0.0370895
0.6213 0.0372414
0.62165 0.0380827
0.622 0.0390149
0.62235 0.0399924
0.6227 0.0407692
0.62305 0.0413163999999999
0.6234 0.041785
0.62375 0.0420649
0.6241 0.0435541
0.62445 0.0435541
0.6248 0.0441576
0.62515 0.0450097
0.6255 0.0450097
0.62585 0.0452497
0.6262 0.045829
0.62655 0.045829
0.6269 0.045829
0.62725 0.0461955999999999
0.6276 0.0461955999999999
0.62795 0.0465355999999999
0.6283 0.0458639
0.62865 0.0465634
0.629 0.0466485
0.62935 0.0466485
0.6297 0.0467408
0.63005 0.0469240999999999
0.6304 0.0469240999999999
0.63075 0.0462261999999999
0.6311 0.0456555
0.63145 0.0428497
0.6318 0.0405125
0.63215 0.0405125
0.6325 0.0449473
0.63285 0.0453185
0.6332 0.0453185
0.63355 0.0447065
0.6339 0.0447065
0.63425 0.0456576
0.6346 0.0456576
0.63495 0.0457005
0.6353 0.0457005
0.63565 0.0457005
0.636 0.0452712
0.63635 0.0452712
0.6367 0.0443582
0.63705 0.0443582
0.6374 0.0443582
0.63775 0.0392166
0.6381 0.0393366
0.63845 0.0393366
0.6388 0.0393366
0.63915 0.0418728
0.6395 0.0429841
0.63985 0.0434125999999999
0.6402 0.0449608
0.64055 0.0449608
0.6409 0.0446680999999999
0.64125 0.0438969
0.6416 0.0425546999999999
0.64195 0.0424124
0.6423 0.0424124
0.64265 0.0442179
0.643 0.0442179
0.64335 0.0442179
0.6437 0.0398736
0.64405 0.0368303
0.6444 0.0368303
0.64475 0.0406336
0.6451 0.0406336
0.64545 0.0406336
0.6458 0.0201810999999999
0.64615 0.011058
0.6465 0.011058
0.64685 0.0264437
0.6472 0.0335091
0.64755 0.0335091
0.6479 0.0312469
0.64825 0.0312469
0.6486 0.0348259999999999
0.64895 0.0372787
0.6493 0.0388578
0.64965 0.042272
0.65 0.042272
0.65035 0.0424366999999999
0.6507 0.0380018
0.65105 0.0293940999999999
0.6514 0.0293940999999999
0.65175 0.0293940999999999
0.6521 0.0308915999999999
0.65245 0.0386317
0.6528 0.0386317
0.65315 0.039658
0.6535 0.0324421
0.65385 0.0413211
0.6542 0.0324421
0.65455 0.0393764
0.6549 0.0393764
0.65525 0.0393764
0.6556 0.0314243
0.65595 0.0256221
0.6563 0.0256221
0.65665 0.0361721999999999
0.657 0.0361721999999999
0.65735 0.0321838
0.6577 0.0321838
0.65805 0.0384899
0.6584 0.0384899
0.65875 0.0397695
0.6591 0.0397695
0.65945 0.0397695
0.6598 0.0350172
0.66015 0.0350172
0.6605 0.0397796
0.66085 0.0397796
0.6612 0.0343041
0.66155 0.0343041
0.6619 0.0375273
0.66225 0.0377606
0.6626 0.0389983
0.66295 0.0383351
0.6633 0.0383351
0.66365 0.0379515
0.664 0.0379515
0.66435 0.0388541
0.6647 0.0394041
0.66505 0.0394041
0.6654 0.0394012
0.66575 0.0391488
0.6661 0.0370196999999999
0.66645 0.0380449
0.6668 0.0380449
0.66715 0.0384981999999999
0.6675 0.0386537
0.66785 0.0387124
0.6682 0.0387124
0.66855 0.0345888
0.6689 0.0345888
0.66925 0.038288
0.6696 0.0383696
0.66995 0.0383696
0.6703 0.0390431999999999
0.67065 0.0394468
0.671 0.0394468
0.67135 0.0404297
0.6717 0.0407903
0.67205 0.0407903
0.6724 0.0398776
0.67275 0.0398776
0.6731 0.040128
0.67345 0.0401885
0.6738 0.0401885
0.67415 0.0401885
0.6745 0.0395957
0.67485 0.0411497
0.6752 0.041245
0.67555 0.041245
0.6759 0.0399230999999999
0.67625 0.0399230999999999
0.6766 0.0401997
0.67695 0.04078
0.6773 0.0407981
0.67765 0.0411131999999999
0.678 0.0407981
0.67835 0.0409699
0.6787 0.0393698
0.67905 0.0393698
0.6794 0.0393698
0.67975 0.0403242
0.6801 0.0403242
0.68045 0.0398831
0.6808 0.0335706
0.68115 0.0335706
0.6815 0.0371221
0.68185 0.0391528
0.6822 0.0392186999999999
0.68255 0.0392186999999999
0.6829 0.0380236999999999
0.68325 0.0369805
0.6836 0.0369805
0.68395 0.0359988
0.6843 0.0355894
0.68465 0.0355894
0.685 0.037589
0.68535 0.037589
0.6857 0.037589
0.68605 0.0370681999999999
0.6864 0.0369745999999999
0.68675 0.0369745999999999
0.6871 0.0369155
0.68745 0.0369155
0.6878 0.0369155
0.68815 0.0356844
0.6885 0.0362903
0.68885 0.0354361
0.6892 0.0362903
0.68955 0.0270983
0.6899 0.0347736
0.69025 0.034381
0.6906 0.0347736
0.69095 0.034381
0.6913 0.0281425
0.69165 0.0276656
0.692 0.0157461
0.69235 0.0157461
0.6927 0.0200852
0.69305 0.0200852
0.6934 0.0177120999999999
0.69375 0.0177120999999999
0.6941 0.0186513
0.69445 0.0245735999999999
0.6948 0.0186513
0.69515 0.0229365999999999
0.6955 0.0028814
0.69585 0.0229365999999999
0.6962 0.0238117
0.69655 0.0261219
0.6969 0.0242637
0.69725 0.0261219
0.6976 0.0242637
0.69795 0.0285935999999999
0.6983 0.0285935999999999
0.69865 0.0285935999999999
0.699 0.0280067
0.69935 0.0280067
0.6997 0.0280067
0.70005 0.0177839
0.7004 0.0164339
0.70075 0.0164339
0.7011 0.0224146
0.70145 0.0224146
0.7018 0.0210063
0.70215 0.020902
0.7025 0.020902
0.70285 0.0143057
0.7032 0.0143057
0.70355 0.0176628
0.7039 0.0222156
0.70425 0.0183662
0.7046 0.0210511
0.70495 0.0183662
0.7053 0.0210511
0.70565 0.0262784
0.706 0.0262784
0.70635 0.0204128
0.7067 0.0204128
0.70705 0.0204128
0.7074 0.0207989
0.70775 0.0149696
0.7081 0.0207989
0.70845 0.0149696
0.7088 0.0155722
0.70915 0.0124059
0.7095 0.0155722
0.70985 0.0180479
0.7102 0.0250986
0.71055 0.0250986
0.7109 0.0098086
0.71125 0.0098086
0.7116 0.014491
0.71195 0.0224185
0.7123 0.0224185
0.71265 0.0172302
0.713 0.0172302
0.71335 0.0171991
0.7137 0.0177634999999999
0.71405 0.0171991
0.7144 0.0138398
0.71475 0.0138398
0.7151 0.0244397
0.71545 0.0244397
0.7158 0.0188648
0.71615 0.0124879
0.7165 0.004164
0.71685 0.004164
0.7172 0.0049543999999999
0.71755 0.0049543999999999
0.7179 0.0049543999999999
0.71825 0.0108478
0.7186 0.0108478
0.71895 0.0029236
0.7193 0.0028694
0.71965 0.0029236
0.72 0.0034064
0.72035 0.0062919
0.7207 0.0092637999999999
0.72105 0.0092637999999999
0.7214 0.0095357999999999
0.72175 0.004422
0.7221 0.0117807
0.72245 0.0097362
0.7228 0.0097362
0.72315 0.004489
0.7235 0.0030633
0.72385 0.0030633
0.7242 0.0030633
0.72455 0.0049042
0.7249 0.0049042
0.72525 0.0049042
0.7256 0.0044513
0.72595 0.0034059
0.7263 0.0025219
0.72665 0.0034059
0.727 0.0016320999999999
0.72735 0.0061016
0.7277 0.0052851
0.72805 0.0061016
0.7284 0.0073719
0.72875 0.0080495
0.7291 0.0080495
0.72945 0.0061632
0.7298 0.0051587
0.73015 0.0057265
0.7305 0.0057265
0.73085 0.0057265
0.7312 0.0075091
0.73155 0.0055261
0.7319 0.0075091
0.73225 0.0048737
0.7326 0.0048737
0.73295 0.0039841
0.7333 0.0039841
0.73365 0.0125546
0.734 0.0125546
0.73435 0.0087097
0.7347 0.0087097
0.73505 0.0133365
0.7354 0.0142547
0.73575 0.0142547
0.7361 0.0115613
0.73645 0.0094439
0.7368 0.0094439
0.73715 0.0094439
0.7375 0.0068171
0.73785 0.0169295
0.7382 0.0129886
0.73855 0.0129886
0.7389 0.0086209
0.73925 0.0086209
0.7396 0.008512
0.73995 0.008512
0.7403 0.008512
0.74065 0.015912
0.741 0.015912
0.74135 0.015912
0.7417 0.0163942999999999
0.74205 0.0212766
0.7424 0.0212766
0.74275 0.0205693
0.7431 0.0205693
0.74345 0.0205693
0.7438 0.0188390999999999
0.74415 0.017445
0.7445 0.017445
0.74485 0.0227687
0.7452 0.0227687
0.74555 0.0222414
0.7459 0.0134347999999999
0.74625 0.0180824
0.7466 0.0180824
0.74695 0.0180824
0.7473 0.0205588
0.74765 0.0061186999999999
0.748 0.0224209
0.74835 0.0224209
0.7487 0.0224209
0.74905 0.0193525
0.7494 0.0193525
0.74975 0.0225895
0.7501 0.0229825
0.75045 0.0229825
0.7508 0.0229672
0.75115 0.0194217
0.7515 0.0195648
0.75185 0.0195648
0.7522 0.0324077
0.75255 0.0324077
0.7529 0.0200889
0.75325 0.0200889
0.7536 0.0205794
0.75395 0.0226727999999999
0.7543 0.0205794
0.75465 0.0226727999999999
0.755 0.0200299
0.75535 0.0222207
0.7557 0.0221331
0.75605 0.0221331
0.7564 0.0215806
0.75675 0.0215806
0.7571 0.0186967
0.75745 0.0194537
0.7578 0.0194537
0.75815 0.0201614
0.7585 0.0206787999999999
0.75885 0.0206787999999999
0.7592 0.0204859
0.75955 0.0203904
0.7599 0.0200874
0.76025 0.0200874
0.7606 0.0186934
0.76095 0.0186934
0.7613 0.0194315999999999
0.76165 0.0194315999999999
0.762 0.0190639
0.76235 0.018811
0.7627 0.0185765
0.76305 0.0184793
0.7634 0.0182499
0.76375 0.0179697999999999
0.7641 0.0179697999999999
0.76445 0.0175180999999999
0.7648 0.0175144
0.76515 0.0165595
0.7655 0.0165595
0.76585 0.0165595
0.7662 0.0160739
0.76655 0.0160739
0.7669 0.0169548
0.76725 0.017197
0.7676 0.017197
0.76795 0.0171854
0.7683 0.0170408
0.76865 0.0167662
0.769 0.0170408
0.76935 0.0167020999999999
0.7697 0.0159629999999999
0.77005 0.0159629999999999
0.7704 0.0159688
0.77075 0.0165909
0.7711 0.0169763
0.77145 0.0171477
0.7718 0.0172519
0.77215 0.0172678
0.7725 0.0172519
0.77285 0.0171155999999999
0.7732 0.0169264999999999
0.77355 0.0169264999999999
0.7739 0.0169264999999999
0.77425 0.0176635999999999
0.7746 0.0175034999999999
0.77495 0.0175992
0.7753 0.0175969
0.77565 0.0175969
0.776 0.0171984
0.77635 0.0171073
0.7767 0.0171984
0.77705 0.0172187
0.7774 0.0172187
0.77775 0.0170180999999999
0.7781 0.0170180999999999
0.77845 0.0177731
0.7788 0.0177731
0.77915 0.0164154
0.7795 0.0148822
0.77985 0.0148822
0.7802 0.0155431
0.78055 0.0155431
0.7809 0.0158476
0.78125 0.0153523
0.7816 0.0153523
0.78195 0.0153523
0.7823 0.0138636
0.78265 0.0145059
0.783 0.0145059
0.78335 0.0145059
0.7837 0.0148451
0.78405 0.0140653
0.7844 0.0126328999999999
0.78475 0.0126328999999999
0.7851 0.0148058
0.78545 0.0148058
0.7858 0.0148058
0.78615 0.0142585
0.7865 0.0142585
0.78685 0.0104766
0.7872 0.0104766
0.78755 0.0117414
0.7879 0.0129567
0.78825 0.0129567
0.7886 0.0129567
0.78895 0.0142703
0.7893 0.0142703
0.78965 0.0144555
0.79 0.0144555
0.79035 0.0144555
0.7907 0.0153741
0.79105 0.0155294999999999
0.7914 0.0154884999999999
0.79175 0.0155294999999999
0.7921 0.0154884999999999
0.79245 0.0151955
0.7928 0.0132982
0.79315 0.00648
0.7935 0.00648
0.79385 0.0142252999999999
0.7942 0.0144503
0.79455 0.0144503
0.7949 0.0162977
0.79525 0.0080601
0.7956 0.0133362
0.79595 0.0057978
0.7963 0.0057978
0.79665 0.0057978
0.797 0.0089984
0.79735 0.0089984
0.7977 0.0077295
0.79805 0.0077295
0.7984 0.0119447999999999
0.79875 0.0120109
0.7991 0.0120646
0.79945 0.0120646
0.7998 0.0099062999999999
0.80015 0.0075441999999999
0.8005 0.0099062999999999
0.80085 0.0119355
0.8012 0.0119355
0.80155 0.01066
0.8019 0.0089392
0.80225 0.0081423
0.8026 0.0081423
0.80295 0.0132024
0.8033 0.0132024
0.80365 0.0134726
0.804 0.0102882
0.80435 0.0102882
0.8047 0.0102882
0.80505 0.0142075999999999
0.8054 0.0151913999999999
0.80575 0.0151913999999999
0.8061 0.0052663
0.80645 0.0052663
0.8068 0.0059209
0.80715 0.0087102
0.8075 0.0087102
0.80785 0.0075698
0.8082 0.0075698
0.80855 0.0131059
0.8089 0.0131059
0.80925 0.0050563999999999
0.8096 0.0050563999999999
0.80995 0.0057803
0.8103 0.0093416
0.81065 0.0093416
0.811 0.008568
0.81135 0.0077821
0.8117 0.0077821
0.81205 0.0071768999999999
0.8124 0.0062022
0.81275 0.0071768999999999
0.8131 0.0044395
0.81345 0.0066156999999999
0.8138 0.0066156999999999
0.81415 0.0066156999999999
0.8145 0.0041923
0.81485 0.001698
0.8152 0.001698
0.81555 0.0071492
0.8159 0.0080197
0.81625 0.0071492
0.8166 0.0080069
0.81695 0.0080069
0.8173 0.0091758
0.81765 0.0091758
0.818 0.0086301
0.81835 0.0086301
0.8187 0.0086301
0.81905 0.0121216
0.8194 0.009926
0.81975 0.009926
0.8201 0.009926
0.82045 0.0085066
0.8208 0.0088897
0.82115 0.0088897
0.8215 0.0117165999999999
0.82185 0.0117165999999999
0.8222 0.0115265
0.82255 0.0112146
0.8229 0.0046722
0.82325 0.0017140999999999
0.8236 0.0017140999999999
0.82395 0.0017140999999999
0.8243 0.0101041
0.82465 0.0101041
0.825 0.0113385
0.82535 0.0103567
0.8257 0.0139937
0.82605 0.0103567
0.8264 0.0104752
0.82675 0.0104752
0.8271 0.0104752
0.82745 0.0087142
0.8278 0.0046501999999999
0.82815 0.0087142
0.8285 0.0092357
0.82885 0.0092357
0.8292 0.0092357
0.82955 0.0106993
0.8299 0.0106993
0.83025 0.0043331
0.8306 0.0043331
0.83095 0.0060583
0.8313 0.0103669
0.83165 0.0060583
0.832 0.0053618
0.83235 0.0053618
0.8327 0.0053979
0.83305 0.0086468999999999
0.8334 0.0075825
0.83375 0.0075825
0.8341 0.0020032
0.83445 0.0020032
0.8348 0.0020032
0.83515 0.0098505
0.8355 0.0075843
0.83585 0.0075843
0.8362 0.0065169
0.83655 0.0062458999999999
0.8369 0.0062458999999999
0.83725 0.004255
0.8376 0.0028461
0.83795 0.0028461
0.8383 0.0056846
0.83865 0.0086896
0.839 0.0091317
0.83935 0.0091317
0.8397 0.0089884
0.84005 0.006894
0.8404 0.0067214
0.84075 0.0067214
0.8411 0.008551
0.84145 0.008551
0.8418 0.0070679
0.84215 0.0070679
0.8425 0.0093743
0.84285 0.0117377
0.8432 0.0117377
0.84355 0.0119883
0.8439 0.0109187
0.84425 0.0097478
0.8446 0.0097478
0.84495 0.0112439
0.8453 0.0112439
0.84565 0.0112439
0.846 0.0131886
0.84635 0.0131886
0.8467 0.0131886
0.84705 0.0142864
0.8474 0.0142864
0.84775 0.0088333
0.8481 0.0088333
0.84845 0.0118742
0.8488 0.012636
0.84915 0.012636
0.8495 0.012636
0.84985 0.0145973999999999
0.8502 0.0131242
0.85055 0.0131242
0.8509 0.0131242
0.85125 0.0122455
0.8516 0.013737
0.85195 0.0158526
0.8523 0.0158526
0.85265 0.0120461
0.853 0.0120461
0.85335 0.0139302
0.8537 0.0139302
0.85405 0.0127694
0.8544 0.0127694
0.85475 0.011584
0.8551 0.012631
0.85545 0.0107552999999999
0.8558 0.0113641
0.85615 0.0103985
0.8565 0.0106325
0.85685 0.0097466
0.8572 0.0094988
0.85755 0.0082031
0.8579 0.0081874
0.85825 0.0076406999999999
0.8586 0.0076406999999999
0.85895 0.0076406999999999
0.8593 0.0070922
0.85965 0.0067576
0.86 0.0057297
0.86035 0.0051499
0.8607 0.0051499
0.86105 0.0047574
0.8614 0.0043346
0.86175 0.0041974
0.8621 0.0037878
0.86245 0.0037878
0.8628 0.0035825
0.86315 0.0038408
0.8635 0.0037868
0.86385 0.0037868
0.8642 0.003479
0.86455 0.0034316
0.8649 0.003479
0.86525 0.0037121
0.8656 0.0039994
0.86595 0.0045373
0.8663 0.0045447
0.86665 0.0045447
0.867 0.0037424
0.86735 0.0037424
0.8677 0.0040393
0.86805 0.005942
0.8684 0.0059633
0.86875 0.005942
0.8691 0.007519
0.86945 0.0070177999999999
0.8698 0.0071111
0.87015 0.0070177999999999
0.8705 0.0066487
0.87085 0.0060331
0.8712 0.0060331
0.87155 0.0063998999999999
0.8719 0.0071761
0.87225 0.0082873
0.8726 0.0082873
0.87295 0.0074987
0.8733 0.0074987
0.87365 0.0080247
0.874 0.0089532
0.87435 0.0082451
0.8747 0.0085557
0.87505 0.0082451
0.8754 0.0085557
0.87575 0.0069548
0.8761 0.0085186
0.87645 0.0075458
0.8768 0.0075458
0.87715 0.0066367
0.8775 0.0051339
0.87785 0.0052196
0.8782 0.0051339
0.87855 0.0052196
0.8789 0.0059755
0.87925 0.0059755
0.8796 0.0024454
0.87995 0.0022676
0.8803 0.0023283
0.88065 0.0022676
0.881 0.0019832
0.88135 0.0016105
0.8817 0.0011904
0.88205 0.000846
0.8824 0.0005314
0.88275 0.0005314
0.8831 0.0005314
0.88345 0.0005304
0.8838 0.0005219
0.88415 0.0005304
0.8845 0.0006472
0.88485 0.0007565
0.8852 0.0008658999999999
0.88555 0.0008658999999999
0.8859 0.0007894999999999
0.88625 0.0006169
0.8866 0.0003577
0.88695 0.0003086
0.8873 0.0003086
0.88765 0.0003086
0.888 0.0003406
0.88835 0.000373
0.8887 0.0004743
0.88905 0.000373
0.8894 0.0005049
0.88975 0.0005252
0.8901 0.0005993999999999
0.89045 0.0005583
0.8908 0.0005583
0.89115 0.0005527
0.8915 0.0005527
0.89185 0.0004846999999999
0.8922 0.0005704
0.89255 0.0005704
0.8929 0.0005906
0.89325 0.0005906
0.8936 0.000562
0.89395 0.0005237
0.8943 0.0005133
0.89465 0.0005115
0.895 0.0005115
0.89535 0.0004841999999999
0.8957 0.0004841999999999
0.89605 0.0005338
0.8964 0.0005805
0.89675 0.0007178
0.8971 0.0007178
0.89745 0.0007074
0.8978 0.0007074
0.89815 0.0008394
0.8985 0.0008394
0.89885 0.0007096
0.8992 0.0003106
0.89955 0.0003106
0.8999 0.000224
0.90025 0.000224
0.9006 0.000224
0.90095 0.0006198
0.9013 0.0010714
0.90165 0.0015154
0.902 0.0015154
0.90235 0.0014377
0.9027 0.0014377
0.90305 0.0014067
0.9034 0.0017358
0.90375 0.0017358
0.9041 0.0019848
0.90445 0.0025231
0.9048 0.0034189
0.90515 0.0034189
0.9055 0.0027297
0.90585 0.0027297
0.9062 0.0026774999999999
0.90655 0.0028791999999999
0.9069 0.0026774999999999
0.90725 0.0028791999999999
0.9076 0.0029618
0.90795 0.0029618
0.9083 0.0029618
0.90865 0.0019012
0.909 0.0030146
0.90935 0.0019012
0.9097 0.0017917999999999
0.91005 0.0014052
0.9104 0.0015984999999999
0.91075 0.0015984999999999
0.9111 0.0018102999999999
0.91145 0.0019047
0.9118 0.0018102999999999
0.91215 0.0019048
0.9125 0.0028326
0.91285 0.0028326
0.9132 0.0028326
0.91355 0.0021914
0.9139 0.00357
0.91425 0.0009547
0.9146 0.0034608
0.91495 0.0015706
0.9153 0.0018242999999999
0.91565 0.0018242999999999
0.916 0.0018242999999999
0.91635 0.0024582
0.9167 0.0010791
0.91705 0.0009869
0.9174 0.0008318999999999
0.91775 0.0008318999999999
0.9181 0.000614
0.91845 0.000614
0.9188 0.0019645
0.91915 0.0019645
0.9195 0.0005292999999999
0.91985 0.0005292999999999
0.9202 0.0040948999999999
0.92055 0.0040948999999999
0.9209 0.0040113
0.92125 0.0023823
0.9216 0.0015425
0.92195 0.0023823
0.9223 0.0026213
0.92265 0.0029384
0.923 0.0029384
0.92335 0.0018524
0.9237 0.0013895
0.92405 0.0018524
0.9244 0.0012347
0.92475 0.0037034
0.9251 0.0036921999999999
0.92545 0.0036921999999999
0.9258 0.0035156999999999
0.92615 0.0018611
0.9265 0.0018611
0.92685 0.0018611
0.9272 0.0014026
0.92755 0.0014026
0.9279 0.0007645999999999
0.92825 0.0018093
0.9286 0.0013548
0.92895 0.0022372
0.9293 0.0016527999999999
0.92965 0.0016527999999999
0.93 0.0004147
0.93035 0.0004147
0.9307 0.0002876
0.93105 0.0008025
0.9314 0.0005617
0.93175 0.0008209
0.9321 0.0009754
0.93245 0.0009754
0.9328 0.0012081
0.93315 0.0012495999999999
0.9335 0.0012495999999999
0.93385 0.0004591999999999
0.9342 0.0003398999999999
0.93455 0.0002608
0.9349 0.0003398999999999
0.93525 0.0002608
0.9356 0.0005135
0.93595 0.000871
0.9363 0.0008716
0.93665 0.000871
0.937 0.0007132
0.93735 0.0007132
0.9377 0.0003593
0.93805 0.0003593
0.9384 0.0003593
0.93875 0.0010907999999999
0.9391 0.0010907999999999
0.93945 0.0011809
0.9398 0.0007304999999999
0.94015 0.0012003
0.9405 0.0004258
0.94085 0.0012003
0.9412 0.0015375
0.94155 0.0015375
0.9419 0.0015489
0.94225 0.0013507
0.9426 0.0013507
0.94295 0.0002936
0.9433 0.0002936
0.94365 0.0004352
0.944 0.0004352
0.94435 0.0001484
0.9447 0.0001484
0.94505 0.0009434
0.9454 0.0009434
0.94575 0.0009434
0.9461 0.0005938
0.94645 0.0005938
0.9468 0.0005938
0.94715 0.000733
0.9475 0.000733
0.94785 0.0009815
0.9482 0.0012489
0.94855 0.0013208
0.9489 0.0013208
0.94925 0.0002138
0.9496 0.0002138
0.94995 0.0003052
0.9503 0.0005248
0.95065 0.001682
0.951 0.001682
0.95135 0.0007157999999999
0.9517 0.0007157999999999
0.95205 0.0008132999999999
0.9524 0.0008132999999999
0.95275 0.0005269999999999
0.9531 0.0003606
0.95345 0.0003606
0.9538 0.0007019
0.95415 0.0010888
0.9545 0.0010888
0.95485 0.0010998
0.9552 0.0008662
0.95555 0.0011588
0.9559 0.0011588
0.95625 0.0011588
0.9566 0.0011232
0.95695 0.0004028
0.9573 0.0004028
0.95765 0.0017994
0.958 0.0017994
0.95835 0.0014056
0.9587 0.001374
0.95905 0.001374
0.9594 0.0004279
0.95975 0.0004279
0.9601 0.0013085999999999
0.96045 0.0013085999999999
0.9608 0.0008567
0.96115 0.0008567
0.9615 0.0010984999999999
0.96185 0.0016163
0.9622 0.0010984999999999
0.96255 0.0003276
0.9629 0.0003276
0.96325 0.000551
0.9636 0.000551
0.96395 0.0005575
0.9643 0.0005575
0.96465 0.0014862
0.965 0.0014862
0.96535 0.0009351
0.9657 0.0006025
0.96605 0.0009351
0.9664 0.0006025
0.96675 0.0005187
0.9671 0.0003628
0.96745 0.0003628
0.9678 0.0011722999999999
0.96815 0.0011722999999999
0.9685 0.0009876
0.96885 0.0005569
0.9692 0.0005569
0.96955 0.0012298
0.9699 0.0015040999999999
0.97025 0.0015040999999999
0.9706 0.0014297
0.97095 0.0014279
0.9713 0.0014297
0.97165 0.0015289
0.972 0.0015289
0.97235 0.001241
0.9727 0.0010784
0.97305 0.0008861
0.9734 0.0006395
0.97375 0.0005411
0.9741 0.0005411
0.97445 0.0005411
0.9748 0.0010257
0.97515 0.001035
0.9755 0.0013008
0.97585 0.0013008
0.9762 0.0009161
0.97655 0.0009161
0.9769 0.001215
0.97725 0.0014491
0.9776 0.0014491
0.97795 0.0009912
0.9783 0.0004628
0.97865 0.0004655
0.979 0.0004655
0.97935 0.0007512
0.9797 0.0007512
0.98005 0.0008439
0.9804 0.0007409
0.98075 0.0006688
0.9811 0.0006688
0.98145 0.000821
0.9818 0.000821
0.98215 0.0007603
0.9825 0.0005381
0.98285 0.0003625
0.9832 0.0005381
0.98355 0.0007407
0.9839 0.0007668999999999
0.98425 0.0007851
0.9846 0.0007851
0.98495 0.0008246
0.9853 0.0006123999999999
0.98565 0.0005752
0.986 0.0005489
0.98635 0.0005489
0.9867 0.0003767
0.98705 0.0004559999999999
0.9874 0.0004559999999999
0.98775 0.0004559999999999
0.9881 0.0002583999999999
0.98845 0.0001625
0.9888 0.0001625
0.98915 0.0002491
0.9895 0.0005795
0.98985 0.0003679
0.9902 0.0006328999999999
0.99055 0.0003679
0.9909 0.0006328999999999
0.99125 0.0005161
0.9916 0.0006119
0.99195 0.0005161
0.9923 0.0006119
0.99265 0.0006219999999999
0.993 0.0006502
0.99335 0.0006498999999999
0.9937 0.0006502
0.99405 0.0006498999999999
0.9944 0.0006851
0.99475 0.0005702
0.9951 0.0005702
0.99545 0.0005702
0.9958 0.0002431
0.99615 0.0006245
0.9965 0.0002431
0.99685 0.0006245
0.9972 0.0008597
0.99755 0.0008597
0.9979 0.0007128999999999
0.99825 0.0005562
0.9986 0.0006353
0.99895 0.0005272
0.9993 0.0005272
