0.3 0.0414134
0.30035 0.0414265999999999
0.3007 0.0414265999999999
0.30105 0.0414264
0.3014 0.0414209
0.30175 0.0414125
0.3021 0.0414
0.30245 0.0413783
0.3028 0.0413346
0.30315 0.0412151
0.3035 0.0412151
0.30385 0.0412193
0.3042 0.041314
0.30455 0.0413428
0.3049 0.0413512
0.30525 0.0413512
0.3056 0.0413493
0.30595 0.0413444
0.3063 0.0413380999999999
0.30665 0.0413308
0.307 0.0413224
0.30735 0.0413131
0.3077 0.0413024
0.30805 0.0412897
0.3084 0.0412739
0.30875 0.0412529
0.3091 0.0412198
0.30945 0.041158
0.3098 0.0410154
0.31015 0.0409413999999999
0.3105 0.0409413999999999
0.31085 0.0411025
0.3112 0.0411564
0.31155 0.0411753
0.3119 0.0411782
0.31225 0.0411782
0.3126 0.0411728
0.31295 0.0411653
0.3133 0.0411564
0.31365 0.0411464999999999
0.314 0.0411358
0.31435 0.0411246
0.3147 0.0411126
0.31505 0.0411001999999999
0.3154 0.0410873
0.31575 0.0410739
0.3161 0.0410598999999999
0.31645 0.0410454
0.3168 0.0410303
0.31715 0.0410144999999999
0.3175 0.040998
0.31785 0.0409806999999999
0.3182 0.0409627
0.31855 0.0409433
0.3189 0.0409228
0.31925 0.0409002
0.3196 0.0408753
0.31995 0.0408464
0.3203 0.0408105
0.32065 0.0407606
0.321 0.0406773
0.32135 0.0404978
0.3217 0.0404157
0.32205 0.0404157
0.3224 0.0405839
0.32275 0.040625
0.3231 0.040625
0.32345 0.0406093
0.3238 0.0405847
0.32415 0.0405554
0.3245 0.0405224
0.32485 0.0404856
0.3252 0.0404464999999999
0.32555 0.0404044
0.3259 0.0403593
0.32625 0.040311
0.3266 0.0402591999999999
0.32695 0.0402051
0.3273 0.040146
0.32765 0.0400828
0.328 0.0400165
0.32835 0.0399425
0.3287 0.0398604
0.32905 0.0397573
0.3294 0.0395936999999999
0.32975 0.0392623
0.3301 0.0385635999999999
0.33045 0.0385635999999999
0.3308 0.039254
0.33115 0.039533
0.3315 0.0396573
0.33185 0.0397311
0.3322 0.0397859
0.33255 0.0398303
0.3329 0.0398721
0.33325 0.0399087
0.3336 0.0399440999999999
0.33395 0.0399751999999999
0.3343 0.0400051
0.33465 0.0400311999999999
0.335 0.0400549
0.33535 0.0400765
0.3357 0.040096
0.33605 0.0401146999999999
0.3364 0.0401296
0.33675 0.0401439
0.3371 0.0401566
0.33745 0.0401676999999999
0.3378 0.0401774
0.33815 0.040185
0.3385 0.040192
0.33885 0.040197
0.3392 0.0402011999999999
0.33955 0.0402034
0.3399 0.0402034
0.34025 0.0402031
0.3406 0.0401997
0.34095 0.0401935999999999
0.3413 0.040184
0.34165 0.0401699
0.342 0.0401493
0.34235 0.0401195
0.3427 0.0400758
0.34305 0.0400108
0.3434 0.0399153
0.34375 0.0397624
0.3441 0.0395212
0.34445 0.0392028
0.3448 0.0392028
0.34515 0.0394013
0.3455 0.0396433
0.34585 0.0398059
0.3462 0.0399068
0.34655 0.0399744
0.3469 0.0400208
0.34725 0.0400535
0.3476 0.0400768
0.34795 0.0400936
0.3483 0.0401056
0.34865 0.0401143
0.349 0.0401202
0.34935 0.0401237
0.3497 0.0401261
0.35005 0.0401268
0.3504 0.0401268
0.35075 0.040126
0.3511 0.0401242
0.35145 0.0401216999999999
0.3518 0.0401191
0.35215 0.0401157
0.3525 0.0401119
0.35285 0.0401078
0.3532 0.0401033
0.35355 0.0400986
0.3539 0.0400936999999999
0.35425 0.0400885
0.3546 0.040083
0.35495 0.0400774
0.3553 0.0400716
0.35565 0.0400649999999999
0.356 0.0400561999999999
0.35635 0.040052
0.3567 0.0400465
0.35705 0.0400327
0.3574 0.0400235
0.35775 0.0400235
0.3581 0.0400138
0.35845 0.0400095
0.3588 0.0400006999999999
0.35915 0.0399964
0.3595 0.0399654999999999
0.35985 0.0399604
0.3602 0.0399434
0.36055 0.0399434
0.3609 0.0399485
0.36125 0.0399485
0.3616 0.0399403
0.36195 0.0399345
0.3623 0.0399202
0.36265 0.0399174
0.363 0.0399092
0.36335 0.0399002
0.3637 0.0398918
0.36405 0.0398745999999999
0.3644 0.0398732
0.36475 0.0398658999999999
0.3651 0.0398569
0.36545 0.0398471
0.3658 0.0398359
0.36615 0.0398279999999999
0.3665 0.0398201
0.36685 0.0398099
0.3672 0.0398001999999999
0.36755 0.0397913
0.3679 0.0397806
0.36825 0.039771
0.3686 0.0397576
0.36895 0.0397523
0.3693 0.0397403
0.36965 0.0397316
0.37 0.0397153
0.37035 0.0397089999999999
0.3707 0.0396926
0.37105 0.0396849
0.3714 0.0396793
0.37175 0.0396653999999999
0.3721 0.0396513
0.37245 0.0396457
0.3728 0.0396285
0.37315 0.0396244
0.3735 0.0396046
0.37385 0.0395996
0.3742 0.0395865
0.37455 0.0395721999999999
0.3749 0.0395555999999999
0.37525 0.0395381
0.3756 0.0395315
0.37595 0.03952
0.3763 0.0395055
0.37665 0.0394893
0.377 0.0394893
0.37735 0.039481
0.3777 0.0394616
0.37805 0.0394418
0.3784 0.0394408
0.37875 0.0394053
0.3791 0.0393506
0.37945 0.0393575
0.3798 0.0393575
0.38015 0.0393575
0.3805 0.0393450999999999
0.38085 0.0393450999999999
0.3812 0.0393309
0.38155 0.0393177
0.3819 0.0392738
0.38225 0.0392681999999999
0.3826 0.0392646
0.38295 0.0392614
0.3833 0.039236
0.38365 0.0392314
0.384 0.0392065999999999
0.38435 0.039201
0.3847 0.0391826
0.38505 0.0391683
0.3854 0.0391505999999999
0.38575 0.0391326
0.3861 0.0391161
0.38645 0.0390958
0.3868 0.0390775
0.38715 0.0390573
0.3875 0.0390352
0.38785 0.0390179
0.3882 0.0390008
0.38855 0.0389768
0.3889 0.038938
0.38925 0.0389134
0.3896 0.0389091
0.38995 0.0388818
0.3903 0.0388517
0.39065 0.0388407
0.391 0.038813
0.39135 0.0387889
0.3917 0.0387514
0.39205 0.0387287
0.3924 0.038704
0.39275 0.0386633
0.3931 0.0386339999999999
0.39345 0.0386121999999999
0.3938 0.0385775
0.39415 0.038526
0.3945 0.038507
0.39485 0.0384545
0.3952 0.0384268
0.39555 0.0383912
0.3959 0.0383130999999999
0.39625 0.0382665
0.3966 0.0382381999999999
0.39695 0.0382059
0.3973 0.0381450999999999
0.39765 0.0380923
0.398 0.0380130999999999
0.39835 0.0379886999999999
0.3987 0.0378765
0.39905 0.0378296
0.3994 0.0377901999999999
0.39975 0.0377114
0.4001 0.0376281
0.40045 0.0375345
0.4008 0.0374193
0.40115 0.0372020999999999
0.4015 0.0370716
0.40185 0.0370716
0.4022 0.036855
0.40255 0.0367631
0.4029 0.0365911
0.40325 0.036407
0.4036 0.0362144
0.40395 0.0360707
0.4043 0.0353074
0.40465 0.0353074
0.405 0.0359482
0.40535 0.0361187
0.4057 0.0362472
0.40605 0.036379
0.4064 0.0365237
0.40675 0.036655
0.4071 0.0367746
0.40745 0.036884
0.4078 0.0369786
0.40815 0.0370616
0.4085 0.0370616
0.40885 0.037135
0.4092 0.037261
0.40955 0.0373161
0.4099 0.0373591
0.41025 0.0374055
0.4106 0.0374438
0.41095 0.0374776999999999
0.4113 0.0375022
0.41165 0.0375386
0.412 0.0375476999999999
0.41235 0.0375863
0.4127 0.0376026
0.41305 0.0376026
0.4134 0.0376113
0.41375 0.0376113
0.4141 0.0376786999999999
0.41445 0.0376786999999999
0.4148 0.0376825
0.41515 0.037667
0.4155 0.0376545999999999
0.41585 0.0370498
0.4162 0.0370498
0.41655 0.0377107
0.4169 0.0377107
0.41725 0.0377181999999999
0.4176 0.0376899
0.41795 0.0377046999999999
0.4183 0.0377046999999999
0.41865 0.0377373
0.419 0.0377373
0.41935 0.0377232
0.4197 0.0376808
0.42005 0.0375327
0.4204 0.0375327
0.42075 0.0377106
0.4211 0.0377601
0.42145 0.0377106
0.4218 0.0376554
0.42215 0.0375858
0.4225 0.0375858
0.42285 0.0376995
0.4232 0.0376995
0.42355 0.0376154
0.4239 0.0376154
0.42425 0.0376315
0.4246 0.0376315
0.42495 0.037703
0.4253 0.0377288999999999
0.42565 0.0377288999999999
0.426 0.0375101
0.42635 0.0375101
0.4267 0.0376017
0.42705 0.0377071
0.4274 0.0377163
0.42775 0.0377163
0.4281 0.0377058
0.42845 0.0376468
0.4288 0.0376385
0.42915 0.0374056
0.4295 0.037572
0.42985 0.037572
0.4302 0.037572
0.43055 0.0376117
0.4309 0.037505
0.43125 0.0375595
0.4316 0.0375138
0.43195 0.0375595
0.4323 0.0376395
0.43265 0.0376395
0.433 0.0376233
0.43335 0.0376226
0.4337 0.0375821999999999
0.43405 0.0375803
0.4344 0.0375770999999999
0.43475 0.0375770999999999
0.4351 0.0375770999999999
0.43545 0.0375723
0.4358 0.0375511
0.43615 0.0375385
0.4365 0.0374911999999999
0.43685 0.0374672
0.4372 0.0374903
0.43755 0.0374827
0.4379 0.0374827
0.43825 0.0374827
0.4386 0.0374804
0.43895 0.0374753
0.4393 0.0374488
0.43965 0.0373828
0.44 0.03735
0.44035 0.0372111
0.4407 0.0372111
0.44105 0.0372112
0.4414 0.0372112
0.44175 0.0371993
0.4421 0.0371993
0.44245 0.0371993
0.4428 0.0373073
0.44315 0.0373303
0.4435 0.0373303
0.44385 0.0370255
0.4442 0.0370255
0.44455 0.0372959
0.4449 0.0372959
0.44525 0.0370726
0.4456 0.0370726
0.44595 0.0371914
0.4463 0.037239
0.44665 0.0372499
0.447 0.037239
0.44735 0.0372271
0.4477 0.0372218
0.44805 0.0372218
0.4484 0.0371261999999999
0.44875 0.0372491999999999
0.4491 0.0372142
0.44945 0.0372142
0.4498 0.0371875999999999
0.45015 0.0371875999999999
0.4505 0.0371875999999999
0.45085 0.0371114
0.4512 0.037081
0.45155 0.037081
0.4519 0.0370440999999999
0.45225 0.0370889
0.4526 0.0370889
0.45295 0.0370889
0.4533 0.037106
0.45365 0.0370791
0.454 0.0370791
0.45435 0.0370096
0.4547 0.0370059
0.45505 0.0370096
0.4554 0.0370059
0.45575 0.0369263
0.4561 0.0368849
0.45645 0.0369263
0.4568 0.0367672
0.45715 0.0369481
0.4575 0.0369276
0.45785 0.0369276
0.4582 0.0369236
0.45855 0.0368996999999999
0.4589 0.0368957
0.45925 0.0368336
0.4596 0.0367794
0.45995 0.0368336
0.4603 0.0368417
0.46065 0.0368815
0.461 0.0368815
0.46135 0.0368799
0.4617 0.0368763
0.46205 0.0368519999999999
0.4624 0.0368519999999999
0.46275 0.0368508
0.4631 0.0368508
0.46345 0.0368165
0.4638 0.0368035
0.46415 0.0368032
0.4645 0.0367811999999999
0.46485 0.0367631
0.4652 0.0366571999999999
0.46555 0.0366571999999999
0.4659 0.036625
0.46625 0.0365638
0.4666 0.0365638
0.46695 0.0365657
0.4673 0.0365657
0.46765 0.0363922
0.468 0.036326
0.46835 0.036326
0.4687 0.0357412
0.46905 0.0348635
0.4694 0.0357412
0.46975 0.0363289
0.4701 0.0363289
0.47045 0.0363289
0.4708 0.0363227
0.47115 0.0363227
0.4715 0.0360853
0.47185 0.0360853
0.4722 0.0353215
0.47255 0.0357131
0.4729 0.0357131
0.47325 0.036253
0.4736 0.0362884
0.47395 0.036253
0.4743 0.0362914
0.47465 0.0358990999999999
0.475 0.0362742
0.47535 0.0324705999999999
0.4757 0.0362742
0.47605 0.0359308
0.4764 0.0359308
0.47675 0.0359308
0.4771 0.035911
0.47745 0.0362556
0.4778 0.036122
0.47815 0.0362225
0.4785 0.036202
0.47885 0.036202
0.4792 0.0361465
0.47955 0.0361027
0.4799 0.0361253
0.48025 0.0360570999999999
0.4806 0.0360570999999999
0.48095 0.036028
0.4813 0.0359975
0.48165 0.0358089
0.482 0.0358089
0.48235 0.0357983
0.4827 0.0357983
0.48305 0.0356978
0.4834 0.0354706
0.48375 0.0352615
0.4841 0.0352615
0.48445 0.0348770999999999
0.4848 0.0340042
0.48515 0.0343728
0.4855 0.0343728
0.48585 0.0343728
0.4862 0.0348984
0.48655 0.0348984
0.4869 0.0351907
0.48725 0.0351907
0.4876 0.0345841
0.48795 0.0340919
0.4883 0.0345841
0.48865 0.0352545
0.489 0.0356961
0.48935 0.0352545
0.4897 0.0356961
0.49005 0.0355841
0.4904 0.0355841
0.49075 0.0352583
0.4911 0.0352583
0.49145 0.0352583
0.4918 0.0355097
0.49215 0.0352399
0.4925 0.0352399
0.49285 0.034272
0.4932 0.034272
0.49355 0.0349136999999999
0.4939 0.0350644
0.49425 0.0350644
0.4946 0.0350644
0.49495 0.0351871999999999
0.4953 0.035037
0.49565 0.0353368
0.496 0.0352971
0.49635 0.0353341
0.4967 0.0353151
0.49705 0.0353151
0.4974 0.0352703
0.49775 0.0350334999999999
0.4981 0.0350334999999999
0.49845 0.0349272
0.4988 0.0349272
0.49915 0.0350814
0.4995 0.0350814
0.49985 0.0349705
0.50055 0.032741
0.5009 0.032741
0.50125 0.0347078
0.5016 0.0347078
0.50195 0.0346294
0.5023 0.0346087
0.50265 0.0337375
0.503 0.0269899
0.50335 0.0286359
0.5037 0.0286359
0.50405 0.0292406999999999
0.5044 0.0336919
0.50475 0.0336919
0.5051 0.0340558
0.50545 0.0342786
0.5058 0.0342786
0.50615 0.0342786
0.5065 0.0331381
0.50685 0.0322389
0.5072 0.0322389
0.50755 0.0329202
0.5079 0.0329202
0.50825 0.0329202
0.5086 0.0332176999999999
0.50895 0.0333168
0.5093 0.0333168
0.50965 0.033106
0.51 0.033106
0.51035 0.0333733
0.5107 0.033797
0.51105 0.033797
0.5114 0.0336772
0.51175 0.0336772
0.5121 0.0338134999999999
0.51245 0.0344316
0.5128 0.0344316
0.51315 0.0338515
0.5135 0.0338515
0.51385 0.0340551
0.5142 0.0340551
0.51455 0.0340551
0.5149 0.0337731
0.51525 0.034269
0.5156 0.0345356
0.51595 0.0345356
0.5163 0.0344651
0.51665 0.0344651
0.517 0.0344651
0.51735 0.0344693
0.5177 0.0344260999999999
0.51805 0.0344609
0.5184 0.0344609
0.51875 0.0345048
0.5191 0.0345048
0.51945 0.0343912
0.5198 0.0343912
0.52015 0.0344133
0.5205 0.0344441
0.52085 0.0344133
0.5212 0.0344218
0.52155 0.0343775
0.5219 0.0342939
0.52225 0.0342814
0.5226 0.0342939
0.52295 0.0342135
0.5233 0.0317987
0.52365 0.0317987
0.524 0.0309003
0.52435 0.0341487
0.5247 0.0341487
0.52505 0.0341487
0.5254 0.0341679
0.52575 0.0340913
0.5261 0.0340349
0.52645 0.0339273
0.5268 0.0340036
0.52715 0.0336152
0.5275 0.0336152
0.52785 0.0336152
0.5282 0.0339205
0.52855 0.0339205
0.5289 0.0336378
0.52925 0.0336056
0.5296 0.0329815
0.52995 0.0336056
0.5303 0.0330136999999999
0.53065 0.0330136999999999
0.531 0.0330136999999999
0.53135 0.0333852
0.5317 0.0333852
0.53205 0.0330361999999999
0.5324 0.0322888
0.53275 0.0329584999999999
0.5331 0.0329584999999999
0.53345 0.0331276999999999
0.5338 0.0332536
0.53415 0.0332663
0.5345 0.0332663
0.53485 0.0329982
0.5352 0.0327859
0.53555 0.0329222
0.5359 0.0326798
0.53625 0.0326798
0.5366 0.0326798
0.53695 0.0323382
0.5373 0.0323382
0.53765 0.0321166
0.538 0.0321058
0.53835 0.0319308
0.5387 0.0314219
0.53905 0.031369
0.5394 0.0314015
0.53975 0.0309292
0.5401 0.0309292
0.54045 0.029944
0.5408 0.0288607
0.54115 0.0288607
0.5415 0.0281547
0.54185 0.0278921
0.5422 0.0278921
0.54255 0.0278921
0.5429 0.0281246
0.54325 0.028005
0.5436 0.028005
0.54395 0.028005
0.5443 0.0282019
0.54465 0.029356
0.545 0.029356
0.54535 0.0303779
0.5457 0.0305382999999999
0.54605 0.0305382999999999
0.5464 0.0285895999999999
0.54675 0.0285895999999999
0.5471 0.0285895999999999
0.54745 0.0307654
0.5478 0.0305786
0.54815 0.0307654
0.5485 0.0313154
0.54885 0.0313869
0.5492 0.0313154
0.54955 0.0311597
0.5499 0.0298517
0.55025 0.0308676
0.5506 0.0308676
0.55095 0.030982
0.5513 0.0310238
0.55165 0.030982
0.552 0.0308542
0.55235 0.0308417
0.5527 0.0308417
0.55305 0.0308417
0.5534 0.0308389
0.55375 0.0308389
0.5541 0.0308389
0.55445 0.0303551
0.5548 0.0303551
0.55515 0.0303551
0.5555 0.0300117999999999
0.55585 0.030925
0.5562 0.0306314
0.55655 0.0306314
0.5569 0.0295727
0.55725 0.0295727
0.5576 0.0303
0.55795 0.0304779999999999
0.5583 0.0303
0.55865 0.0305700999999999
0.559 0.0305595
0.55935 0.0305595
0.5597 0.0305507
0.56005 0.0304714
0.5604 0.0304494
0.56075 0.0303189
0.5611 0.0303189
0.56145 0.0303177
0.5618 0.0302922
0.56215 0.0301497999999999
0.5625 0.0302897999999999
0.56285 0.03028
0.5632 0.03028
0.56355 0.0300672
0.5639 0.030044
0.56425 0.0300072
0.5646 0.029837
0.56495 0.029837
0.5653 0.0295841999999999
0.56565 0.0295841999999999
0.566 0.0295252
0.56635 0.0284652
0.5667 0.0284426
0.56705 0.0284652
0.5674 0.0290937
0.56775 0.0290937
0.5681 0.0234835
0.56845 0.0234835
0.5688 0.0236617
0.56915 0.0265524
0.5695 0.0236617
0.56985 0.0195009
0.5702 0.0195009
0.57055 0.0285565999999999
0.5709 0.0285565999999999
0.57125 0.0284367
0.5716 0.0278892
0.57195 0.0283862
0.5723 0.0283862
0.57265 0.0283862
0.573 0.0282034
0.57335 0.0245094
0.5737 0.0277981
0.57405 0.0248453
0.5744 0.0248453
0.57475 0.0248453
0.5751 0.0207183
0.57545 0.0275167
0.5758 0.02761
0.57615 0.02761
0.5765 0.0269192
0.57685 0.0228997999999999
0.5772 0.0268609
0.57755 0.0268609
0.5779 0.0268609
0.57825 0.0275164
0.5786 0.0264815999999999
0.57895 0.0272114
0.5793 0.0272114
0.57965 0.0272114
0.58 0.0269776
0.58035 0.026831
0.5807 0.0253184
0.58105 0.0253184
0.5814 0.0270504999999999
0.58175 0.0270887
0.5821 0.0270504999999999
0.58245 0.0267519999999999
0.5828 0.0255697
0.58315 0.0255697
0.5835 0.0250856
0.58385 0.0258069
0.5842 0.0258069
0.58455 0.0258069
0.5849 0.0254128
0.58525 0.0254128
0.5856 0.0256325999999999
0.58595 0.0256325999999999
0.5863 0.0252159
0.58665 0.0251869
0.587 0.0244162
0.58735 0.0238685999999999
0.5877 0.0222016
0.58805 0.0172959
0.5884 0.0172959
0.58875 0.0172959
0.5891 0.0174015
0.58945 0.0174015
0.5898 0.0085738999999999
0.59015 0.0085738999999999
0.5905 0.0200913
0.59085 0.0200913
0.5912 0.01944
0.59155 0.01944
0.5919 0.0221613
0.59225 0.0221613
0.5926 0.0223762
0.59295 0.0241748
0.5933 0.0241748
0.59365 0.0220595
0.594 0.0151195
0.59435 0.0105238
0.5947 0.0105238
0.59505 0.0204236
0.5954 0.0204236
0.59575 0.0186429
0.5961 0.0186429
0.59645 0.0206497
0.5968 0.0225082
0.59715 0.0225082
0.5975 0.0225082
0.59785 0.0205095
0.5982 0.0205095
0.59855 0.0196638
0.5989 0.0201288
0.59925 0.0196638
0.5996 0.0201288
0.59995 0.0217089
0.6003 0.0217089
0.60065 0.0099807
0.601 0.0099807
0.60135 0.0205537
0.6017 0.0239324
0.60205 0.0239324
0.6024 0.0255212
0.60275 0.0255212
0.6031 0.0264173
0.60345 0.0264173
0.6038 0.0264173
0.60415 0.0248115
0.6045 0.0248115
0.60485 0.0201524
0.6052 0.027145
0.60555 0.0268827
0.6059 0.0268827
0.60625 0.0268827
0.6066 0.0268488
0.60695 0.0270363
0.6073 0.0268488
0.60765 0.0272457999999999
0.608 0.0262102
0.60835 0.0271533
0.6087 0.0262102
0.60905 0.0268428
0.6094 0.0265019
0.60975 0.0268428
0.6101 0.0273922
0.61045 0.0273922
0.6108 0.0271053
0.61115 0.0268935999999999
0.6115 0.0268337999999999
0.61185 0.0264762999999999
0.6122 0.0261432
0.61255 0.0259334
0.6129 0.0249964
0.61325 0.0244349
0.6136 0.0239785999999999
0.61395 0.0233612
0.6143 0.0230487
0.61465 0.0226030999999999
0.615 0.0224053
0.61535 0.0223775999999999
0.6157 0.0222047
0.61605 0.0216437999999999
0.6164 0.0215369
0.61675 0.0210604
0.6171 0.0206502
0.61745 0.019643
0.6178 0.0185174
0.61815 0.0182025
0.6185 0.0177684
0.61885 0.0174394
0.6192 0.017026
0.61955 0.017026
0.6199 0.0174444999999999
0.62025 0.0180268
0.6206 0.0185975
0.62095 0.0186252
0.6213 0.0187903
0.62165 0.0194182
0.622 0.0202287999999999
0.62235 0.0211241
0.6227 0.0218201
0.62305 0.0223787999999999
0.6234 0.0227388
0.62375 0.0229938
0.6241 0.0244287999999999
0.62445 0.0244287999999999
0.6248 0.0250545
0.62515 0.0258663
0.6255 0.0258663
0.62585 0.0261752
0.6262 0.0266824999999999
0.62655 0.0266824999999999
0.6269 0.0267249
0.62725 0.0270537
0.6276 0.0270537
0.62795 0.0273927
0.6283 0.0266879
0.62865 0.0273928
0.629 0.0276245
0.62935 0.0276245
0.6297 0.02769
0.63005 0.0279264
0.6304 0.0279264
0.63075 0.0270921
0.6311 0.0270361
0.63145 0.0243845999999999
0.6318 0.0205395
0.63215 0.0205395
0.6325 0.026003
0.63285 0.02617
0.6332 0.02617
0.63355 0.0258356
0.6339 0.0258356
0.63425 0.0269665
0.6346 0.0269665
0.63495 0.0264336999999999
0.6353 0.0264336999999999
0.63565 0.0264336999999999
0.636 0.0263711999999999
0.63635 0.0263711999999999
0.6367 0.0252158
0.63705 0.0252158
0.6374 0.0252158
0.63775 0.020665
0.6381 0.021621
0.63845 0.021621
0.6388 0.021621
0.63915 0.0242495
0.6395 0.0244705
0.63985 0.0254868
0.6402 0.0268740999999999
0.64055 0.0268740999999999
0.6409 0.0261973
0.64125 0.0255062
0.6416 0.0247279
0.64195 0.0246071
0.6423 0.0246071
0.64265 0.0260804
0.643 0.0260804
0.64335 0.0261418
0.6437 0.0229644
0.64405 0.0197860999999999
0.6444 0.0197860999999999
0.64475 0.0225596
0.6451 0.0225596
0.64545 0.0225596
0.6458 0.0092357999999999
0.64615 0.0040136
0.6465 0.0040136
0.64685 0.0131536
0.6472 0.0163459
0.64755 0.0163459
0.6479 0.0147305
0.64825 0.0147305
0.6486 0.0172224999999999
0.64895 0.01975
0.6493 0.0206492
0.64965 0.0242556
0.65 0.0242556
0.65035 0.0247603
0.6507 0.0215142
0.65105 0.0128016
0.6514 0.0128016
0.65175 0.0128016
0.6521 0.0153102999999999
0.65245 0.0223225
0.6528 0.0223225
0.65315 0.0225242
0.6535 0.0129004999999999
0.65385 0.0245794999999999
0.6542 0.0154034
0.65455 0.0221555
0.6549 0.0221555
0.65525 0.0221555
0.6556 0.0157675
0.65595 0.0129717
0.6563 0.0129717
0.65665 0.0198148
0.657 0.0198148
0.65735 0.0142162999999999
0.6577 0.0142162999999999
0.65805 0.0220102
0.6584 0.0220102
0.65875 0.0220102
0.6591 0.0231309
0.65945 0.0231309
0.6598 0.0167647
0.66015 0.0167647
0.6605 0.023485
0.66085 0.023485
0.6612 0.0189342
0.66155 0.0189342
0.6619 0.0214561
0.66225 0.021868
0.6626 0.0230955999999999
0.66295 0.0223910999999999
0.6633 0.0223910999999999
0.66365 0.0221708
0.664 0.0221708
0.66435 0.0228327
0.6647 0.0237404
0.66505 0.0237404
0.6654 0.0234724
0.66575 0.02307
0.6661 0.0209957
0.66645 0.0224643
0.6668 0.0224643
0.66715 0.023013
0.6675 0.023013
0.66785 0.0230815
0.6682 0.0225757999999999
0.66855 0.0203101
0.6689 0.0203101
0.66925 0.0229589
0.6696 0.0231785
0.66995 0.0231785
0.6703 0.0239824
0.67065 0.0244946
0.671 0.0244946
0.67135 0.0252542
0.6717 0.0252598
0.67205 0.0252598
0.6724 0.0249129
0.67275 0.0249129
0.6731 0.0251794
0.67345 0.0255194
0.6738 0.0264486
0.67415 0.0263132
0.6745 0.0263132
0.67485 0.0263132
0.6752 0.0269409
0.67555 0.0269409
0.6759 0.027004
0.67625 0.0269524999999999
0.6766 0.0269524999999999
0.67695 0.0269524999999999
0.6773 0.0269721
0.67765 0.0272565
0.678 0.0269721
0.67835 0.0271709999999999
0.6787 0.0254297
0.67905 0.0258375
0.6794 0.0258375
0.67975 0.0266479
0.6801 0.0266479
0.68045 0.0265404999999999
0.6808 0.0243158
0.68115 0.0243158
0.6815 0.0243158
0.68185 0.0256162
0.6822 0.0246263
0.68255 0.0246263
0.6829 0.0246263
0.68325 0.0234722
0.6836 0.0237291
0.68395 0.0234722
0.6843 0.0217615
0.68465 0.0217615
0.685 0.0231523
0.68535 0.0247813
0.6857 0.0250517
0.68605 0.0247813
0.6864 0.0245703
0.68675 0.0203269
0.6871 0.0203269
0.68745 0.0236644
0.6878 0.0242452
0.68815 0.0236644
0.6885 0.0237615
0.68885 0.0233380999999999
0.6892 0.0237615
0.68955 0.01372
0.6899 0.0224773
0.69025 0.0221093
0.6906 0.0224773
0.69095 0.0221093
0.6913 0.0168954
0.69165 0.0149185
0.692 0.0071471999999999
0.69235 0.0071471999999999
0.6927 0.0090982
0.69305 0.0090982
0.6934 0.0083732999999999
0.69375 0.0083732999999999
0.6941 0.0083732999999999
0.69445 0.011677
0.6948 0.0147207
0.69515 0.0147207
0.6955 0.0127257999999999
0.69585 0.0127257999999999
0.6962 0.0141944
0.69655 0.0144422
0.6969 0.0141944
0.69725 0.0157111999999999
0.6976 0.0119607999999999
0.69795 0.0173939
0.6983 0.0173155999999999
0.69865 0.0173155999999999
0.699 0.0166644
0.69935 0.0166644
0.6997 0.0166644
0.70005 0.006668
0.7004 0.0062013999999999
0.70075 0.0062013999999999
0.7011 0.0095424999999999
0.70145 0.0095424999999999
0.7018 0.0095424999999999
0.70215 0.0099032
0.7025 0.0099032
0.70285 0.0062363
0.7032 0.0062363
0.70355 0.0075259
0.7039 0.0116192999999999
0.70425 0.0085802
0.7046 0.0102327
0.70495 0.0085802
0.7053 0.0102327
0.70565 0.0146179
0.706 0.0146179
0.70635 0.0100696
0.7067 0.0100696
0.70705 0.0100696
0.7074 0.0107366
0.70775 0.0070488
0.7081 0.0107366
0.70845 0.0070488
0.7088 0.007605
0.70915 0.0052477
0.7095 0.007605
0.70985 0.0096801
0.7102 0.0151197
0.71055 0.0151197
0.7109 0.0047354999999999
0.71125 0.0047354999999999
0.7116 0.0064774
0.71195 0.013085
0.7123 0.013085
0.71265 0.0098775
0.713 0.0088752
0.71335 0.0088752
0.7137 0.0092736
0.71405 0.0092736
0.7144 0.0074081999999999
0.71475 0.0074081999999999
0.7151 0.0123918
0.71545 0.0123918
0.7158 0.0097657
0.71615 0.0062736999999999
0.7165 0.0021074
0.71685 0.0021074
0.7172 0.0020484
0.71755 0.0020484
0.7179 0.0020484
0.71825 0.0041428
0.7186 0.0041428
0.71895 0.0010096
0.7193 0.0010096
0.71965 0.001286
0.72 0.001286
0.72035 0.0022485
0.7207 0.0034575
0.72105 0.0034575
0.7214 0.0034575
0.72175 0.0018635
0.7221 0.0051443
0.72245 0.0035498
0.7228 0.0035498
0.72315 0.0016070999999999
0.7235 0.0012172
0.72385 0.0012172
0.7242 0.0012172
0.72455 0.0015813
0.7249 0.0018686
0.72525 0.0018686
0.7256 0.0016614999999999
0.72595 0.0011043
0.7263 0.0010096
0.72665 0.0011043
0.727 0.000488
0.72735 0.0020815
0.7277 0.0018194
0.72805 0.0020815
0.7284 0.0025393
0.72875 0.0031028
0.7291 0.0031028
0.72945 0.0021969
0.7298 0.0019684
0.73015 0.0020962
0.7305 0.0020962
0.73085 0.0023293
0.7312 0.002693
0.73155 0.0023293
0.7319 0.002693
0.73225 0.001545
0.7326 0.0016511
0.73295 0.001545
0.7333 0.0016511
0.73365 0.0059552
0.734 0.0059552
0.73435 0.0036742
0.7347 0.0036742
0.73505 0.0057241
0.7354 0.007528
0.73575 0.007528
0.7361 0.0051208999999999
0.73645 0.0042265
0.7368 0.0042265
0.73715 0.0042265
0.7375 0.0029486
0.73785 0.0089378
0.7382 0.0058138
0.73855 0.0058138
0.7389 0.0041166
0.73925 0.0041166
0.7396 0.0037671
0.73995 0.0037671
0.7403 0.0037671
0.74065 0.0083958
0.741 0.0083958
0.74135 0.0083958
0.7417 0.0090766
0.74205 0.0127919
0.7424 0.0127919
0.74275 0.0127919
0.7431 0.0139857
0.74345 0.0139857
0.7438 0.0136666
0.74415 0.0103354
0.7445 0.0103354
0.74485 0.0170796
0.7452 0.0170796
0.74555 0.0170796
0.7459 0.0078759
0.74625 0.0125726
0.7466 0.0125726
0.74695 0.0125726
0.7473 0.0157354
0.74765 0.0157354
0.748 0.0158735
0.74835 0.0167627999999999
0.7487 0.0158735
0.74905 0.0124304
0.7494 0.0124304
0.74975 0.0152035
0.7501 0.0175977999999999
0.75045 0.0152035
0.7508 0.0193569
0.75115 0.0165262
0.7515 0.0165262
0.75185 0.0165262
0.7522 0.0152115
0.75255 0.0153804
0.7529 0.0153804
0.75325 0.0171449
0.7536 0.0176932
0.75395 0.0195129
0.7543 0.0176932
0.75465 0.0199321
0.755 0.0176084
0.75535 0.0199195
0.7557 0.0198424
0.75605 0.0199195
0.7564 0.0198424
0.75675 0.0200332
0.7571 0.0162665
0.75745 0.017046
0.7578 0.017046
0.75815 0.0177929
0.7585 0.0185825999999999
0.75885 0.0187172
0.7592 0.0185825999999999
0.75955 0.0187172
0.7599 0.0185779
0.76025 0.0185779
0.7606 0.0165395999999999
0.76095 0.0165395999999999
0.7613 0.018338
0.76165 0.018338
0.762 0.017699
0.76235 0.0175567999999999
0.7627 0.0174613
0.76305 0.0173163
0.7634 0.0171807
0.76375 0.0167749
0.7641 0.0167749
0.76445 0.0162294999999999
0.7648 0.0161186
0.76515 0.0159548
0.7655 0.0156279
0.76585 0.015528
0.7662 0.0151831999999999
0.76655 0.0151831999999999
0.7669 0.0150197999999999
0.76725 0.0152319
0.7676 0.015813
0.76795 0.015813
0.7683 0.015944
0.76865 0.0158575
0.769 0.0158575
0.76935 0.0156136
0.7697 0.0151928
0.77005 0.01513
0.7704 0.01513
0.77075 0.0157491
0.7711 0.0158007
0.77145 0.0160535
0.7718 0.0161317999999999
0.77215 0.0161533
0.7725 0.0161533
0.77285 0.0156978999999999
0.7732 0.0150684
0.77355 0.0150684
0.7739 0.0153867
0.77425 0.0156338
0.7746 0.0156338
0.77495 0.0156128999999999
0.7753 0.0155807999999999
0.77565 0.0155006
0.776 0.0151536
0.77635 0.0150085
0.7767 0.0147332
0.77705 0.0146
0.7774 0.0144472999999999
0.77775 0.0141913999999999
0.7781 0.0137769
0.77845 0.0137769
0.7788 0.0133044999999999
0.77915 0.0127482999999999
0.7795 0.0106025
0.77985 0.0106025
0.7802 0.0112069
0.78055 0.0112069
0.7809 0.0088001
0.78125 0.0088001
0.7816 0.0088001
0.78195 0.0085509
0.7823 0.0083107999999999
0.78265 0.0083107999999999
0.783 0.0083107999999999
0.78335 0.0081539
0.7837 0.0084923999999999
0.78405 0.0076151
0.7844 0.0075098
0.78475 0.0075098
0.7851 0.009375
0.78545 0.009375
0.7858 0.0097389
0.78615 0.0092415999999999
0.7865 0.0092415999999999
0.78685 0.0046536
0.7872 0.0046536
0.78755 0.0055724
0.7879 0.0084547999999999
0.78825 0.0084547999999999
0.7886 0.0084547999999999
0.78895 0.0086179
0.7893 0.0086179
0.78965 0.0096563
0.79 0.0096563
0.79035 0.0101446
0.7907 0.0090715
0.79105 0.0092474
0.7914 0.009164
0.79175 0.0092474
0.7921 0.009164
0.79245 0.0092313999999999
0.7928 0.007973
0.79315 0.0080056
0.7935 0.0080056
0.79385 0.0082619
0.7942 0.0084751
0.79455 0.0084751
0.7949 0.0060097
0.79525 0.0036478
0.7956 0.0060097
0.79595 0.0020176
0.7963 0.0020176
0.79665 0.0020176
0.797 0.0040843
0.79735 0.0040843
0.7977 0.0058997
0.79805 0.0058997
0.7984 0.0060069
0.79875 0.0062895
0.7991 0.0066733999999999
0.79945 0.0066733999999999
0.7998 0.0044553
0.80015 0.0044553
0.8005 0.0076706999999999
0.80085 0.0078575
0.8012 0.0076706999999999
0.80155 0.0053541
0.8019 0.0037339
0.80225 0.0031564
0.8026 0.0031564
0.80295 0.0063387
0.8033 0.0063387
0.80365 0.007414
0.804 0.0064846
0.80435 0.007414
0.8047 0.0084011
0.80505 0.0090114999999999
0.8054 0.0092567999999999
0.80575 0.0090114999999999
0.8061 0.0021122
0.80645 0.0021122
0.8068 0.0026478
0.80715 0.0042344999999999
0.8075 0.0042344999999999
0.80785 0.0039058
0.8082 0.0039058
0.80855 0.0075
0.8089 0.0075
0.80925 0.0026235
0.8096 0.0026235
0.80995 0.0030903
0.8103 0.0050116
0.81065 0.0050116
0.811 0.0044287
0.81135 0.0034983
0.8117 0.0034983
0.81205 0.0033518999999999
0.8124 0.0028956
0.81275 0.0033518999999999
0.8131 0.0020012999999999
0.81345 0.0030819
0.8138 0.0030819
0.81415 0.0030819
0.8145 0.0020474
0.81485 0.0006954
0.8152 0.0006954
0.81555 0.0032903
0.8159 0.0032986999999999
0.81625 0.0032986999999999
0.8166 0.0034774
0.81695 0.0034774
0.8173 0.0039832
0.81765 0.0039832
0.818 0.0037175
0.81835 0.0037175
0.8187 0.0037175
0.81905 0.006406
0.8194 0.0054718999999999
0.81975 0.0054718999999999
0.8201 0.0054718999999999
0.82045 0.0048216
0.8208 0.0048216
0.82115 0.0048216
0.8215 0.0064869
0.82185 0.0064869
0.8222 0.0057599
0.82255 0.0057493
0.8229 0.0019004
0.82325 0.0006332999999999
0.8236 0.0006644
0.82395 0.0006644
0.8243 0.0052304
0.82465 0.0052304
0.825 0.0060179
0.82535 0.0051952
0.8257 0.0081321
0.82605 0.0051952
0.8264 0.0062023
0.82675 0.0062023
0.8271 0.0062023
0.82745 0.00417
0.8278 0.0016363
0.82815 0.00417
0.8285 0.0044033
0.82885 0.0044033
0.8292 0.0044033
0.82955 0.0053501
0.8299 0.0053501
0.83025 0.0022518
0.8306 0.0022518
0.83095 0.0028420999999999
0.8313 0.0053111999999999
0.83165 0.0028420999999999
0.832 0.0022015
0.83235 0.0022015
0.8327 0.0020870999999999
0.83305 0.0043788
0.8334 0.0033762
0.83375 0.0033762
0.8341 0.0008647
0.83445 0.0008647
0.8348 0.0008647
0.83515 0.0047737
0.8355 0.0037924
0.83585 0.0037924
0.8362 0.0031976
0.83655 0.0030171
0.8369 0.0030171
0.83725 0.0023144
0.8376 0.0013029
0.83795 0.0013029
0.8383 0.002738
0.83865 0.0044857
0.839 0.0047207
0.83935 0.0047207
0.8397 0.004326
0.84005 0.0039148
0.8404 0.0039148
0.84075 0.0039148
0.8411 0.0043086
0.84145 0.0043086
0.8418 0.0035046
0.84215 0.0035046
0.8425 0.0058541
0.84285 0.0066419
0.8432 0.0066419
0.84355 0.006808
0.8439 0.0060725
0.84425 0.005287
0.8446 0.005287
0.84495 0.0065296
0.8453 0.0065296
0.84565 0.0065296
0.846 0.0086240999999999
0.84635 0.0086240999999999
0.8467 0.0086240999999999
0.84705 0.0107443
0.8474 0.0107443
0.84775 0.0059835
0.8481 0.0059835
0.84845 0.007513
0.8488 0.0089
0.84915 0.0089
0.8495 0.0089
0.84985 0.0093228
0.8502 0.0077518
0.85055 0.0079978
0.8509 0.0079978
0.85125 0.0084242
0.8516 0.0085586
0.85195 0.0092508
0.8523 0.0092508
0.85265 0.0079359
0.853 0.0079359
0.85335 0.0089647
0.8537 0.0089647
0.85405 0.0082545
0.8544 0.0077093
0.85475 0.0069823
0.8551 0.0069823
0.85545 0.0060916
0.8558 0.0060916
0.85615 0.0056872
0.8565 0.0056479
0.85685 0.0053001
0.8572 0.0048071999999999
0.85755 0.0038493
0.8579 0.0033128
0.85825 0.0033128
0.8586 0.0033128
0.85895 0.0032734
0.8593 0.0030508
0.85965 0.0028171999999999
0.86 0.0021849
0.86035 0.001999
0.8607 0.0019002
0.86105 0.0016684999999999
0.8614 0.0015405999999999
0.86175 0.0015384
0.8621 0.0013248
0.86245 0.0013248
0.8628 0.0012691
0.86315 0.0013177
0.8635 0.001317
0.86385 0.001317
0.8642 0.0011405999999999
0.86455 0.001107
0.8649 0.0011405999999999
0.86525 0.0012711999999999
0.8656 0.0013876
0.86595 0.0015806
0.8663 0.0016612
0.86665 0.0016612
0.867 0.0011918
0.86735 0.0011918
0.8677 0.0013962999999999
0.86805 0.0023305
0.8684 0.002468
0.86875 0.0025504
0.8691 0.0031117
0.86945 0.0028093
0.8698 0.0029923
0.87015 0.0029181999999999
0.8705 0.0029181999999999
0.87085 0.0027728
0.8712 0.0026664
0.87155 0.0027728
0.8719 0.0033811999999999
0.87225 0.0043207
0.8726 0.0033811999999999
0.87295 0.0030111
0.8733 0.0030111
0.87365 0.0035997
0.874 0.0038134
0.87435 0.0040059
0.8747 0.0040212
0.87505 0.0040059
0.8754 0.0040212
0.87575 0.0027429999999999
0.8761 0.0037381999999999
0.87645 0.0029075
0.8768 0.0029075
0.87715 0.0025012
0.8775 0.0016709
0.87785 0.0016709
0.8782 0.0016242
0.87855 0.0016242
0.8789 0.0022835999999999
0.87925 0.0022835999999999
0.8796 0.0007679
0.87995 0.0006848
0.8803 0.0007434999999999
0.88065 0.0006848
0.881 0.0005329
0.88135 0.0005044
0.8817 0.0003819
0.88205 0.0002748999999999
0.8824 0.0001730999999999
0.88275 0.0001730999999999
0.8831 0.0001730999999999
0.88345 0.0001746
0.8838 0.0001698
0.88415 0.0001746
0.8845 0.0002126
0.88485 0.0002508999999999
0.8852 0.000281
0.88555 0.000281
0.8859 0.0002563999999999
0.88625 0.0002013
0.8866 0.0001163
0.88695 0.0001027
0.8873 0.0001027
0.88765 0.0001027
0.888 0.0001114
0.88835 0.0001125
0.8887 0.0001553
0.88905 0.0001125
0.8894 0.0001609
0.88975 0.0001701
0.8901 0.0001965
0.89045 0.000183
0.8908 0.0001857
0.89115 0.000183
0.8915 0.0001857
0.89185 0.0001538
0.8922 0.000195
0.89255 0.000195
0.8929 0.0001994
0.89325 0.0001994
0.8936 0.0001858
0.89395 0.0001715
0.8943 0.0001715
0.89465 0.0001688
0.895 0.0001688
0.89535 0.0001569
0.8957 0.0001569
0.89605 0.0001766999999999
0.8964 0.0001965
0.89675 0.0002454
0.8971 0.0002454
0.89745 0.0002340999999999
0.8978 0.0002340999999999
0.89815 0.0002743
0.8985 0.0002743
0.89885 0.0002378
0.8992 0.0001353
0.89955 0.0001353
0.8999 0.0001035
0.90025 0.0001035
0.9006 0.0001035
0.90095 0.0002444
0.9013 0.0004034
0.90165 0.0005073
0.902 0.0005073
0.90235 0.0005073
0.9027 0.0005101
0.90305 0.0005101
0.9034 0.0006366
0.90375 0.000598
0.9041 0.0006366
0.90445 0.0008481
0.9048 0.0013321
0.90515 0.0013321
0.9055 0.0009451
0.90585 0.0009451
0.9062 0.0009451
0.90655 0.0009378
0.9069 0.0008867
0.90725 0.0008867
0.9076 0.0008517999999999
0.90795 0.0008517999999999
0.9083 0.0008517999999999
0.90865 0.0007022
0.909 0.0009609
0.90935 0.0007022
0.9097 0.0006077999999999
0.91005 0.0005865
0.9104 0.0006077999999999
0.91075 0.0006571
0.9111 0.0006842
0.91145 0.0007657
0.9118 0.0007657
0.91215 0.0007657
0.9125 0.0009507999999999
0.91285 0.0009507999999999
0.9132 0.0009507999999999
0.91355 0.0007921
0.9139 0.0014392
0.91425 0.0004458
0.9146 0.0015180999999999
0.91495 0.0007168999999999
0.9153 0.0007303
0.91565 0.0007303
0.916 0.0007303
0.91635 0.0009642999999999
0.9167 0.0003898999999999
0.91705 0.0004625
0.9174 0.000385
0.91775 0.000385
0.9181 0.0002186
0.91845 0.0002186
0.9188 0.0009533999999999
0.91915 0.0009533999999999
0.9195 0.0002408
0.91985 0.0002408
0.9202 0.0019032
0.92055 0.0019032
0.9209 0.0015709
0.92125 0.0009042
0.9216 0.000688
0.92195 0.0009042
0.9223 0.0009314
0.92265 0.001114
0.923 0.001114
0.92335 0.0006609
0.9237 0.0006138
0.92405 0.0006609
0.9244 0.0004742
0.92475 0.001773
0.9251 0.0013492
0.92545 0.0016618
0.9258 0.0013492
0.92615 0.0006667999999999
0.9265 0.0006667999999999
0.92685 0.0006667999999999
0.9272 0.0005757
0.92755 0.0005757
0.9279 0.0003491
0.92825 0.0009413
0.9286 0.0005925
0.92895 0.0010195
0.9293 0.0007191
0.92965 0.0007191
0.93 0.0001669
0.93035 0.0001669
0.9307 0.0001409999999999
0.93105 0.0003685
0.9314 0.0002559
0.93175 0.0003713
0.9321 0.000384
0.93245 0.000384
0.9328 0.0005019
0.93315 0.00049
0.9335 0.00049
0.93385 0.0002133
0.9342 0.0001399
0.93455 0.0001250999999999
0.9349 0.0001399
0.93525 0.0001250999999999
0.9356 0.0002179
0.93595 0.0003393999999999
0.9363 0.0004355
0.93665 0.0004355
0.937 0.0003038999999999
0.93735 0.0003038999999999
0.9377 0.0001391
0.93805 0.0001391
0.9384 0.0001391
0.93875 0.0005082
0.9391 0.0005082
0.93945 0.0005769
0.9398 0.0003143999999999
0.94015 0.0004777
0.9405 0.0001434
0.94085 0.0004777
0.9412 0.0005785
0.94155 0.0005993
0.9419 0.0007185
0.94225 0.0006247
0.9426 0.0006247
0.94295 0.0001169
0.9433 0.0001169
0.94365 0.0001758
0.944 0.0001758
0.94435 6.36e-05
0.9447 6.36e-05
0.94505 0.0002739
0.9454 0.0002739
0.94575 0.0002739
0.9461 0.0002281
0.94645 0.0002281
0.9468 0.0002281
0.94715 0.0002904
0.9475 0.0002904
0.94785 0.000455
0.9482 0.0004808
0.94855 0.0005025
0.9489 0.0004808
0.94925 8.66e-05
0.9496 8.66e-05
0.94995 0.0001472
0.9503 0.0002363
0.95065 0.0007706
0.951 0.0007706
0.95135 0.0003231
0.9517 0.0003231
0.95205 0.0003444999999999
0.9524 0.0003444999999999
0.95275 0.0002162
0.9531 0.0001654
0.95345 0.0001654
0.9538 0.0003458999999999
0.95415 0.0004293
0.9545 0.0004293
0.95485 0.0004293
0.9552 0.0003673
0.95555 0.0004758999999999
0.9559 0.0004758999999999
0.95625 0.0004758999999999
0.9566 0.0004569
0.95695 0.0001853
0.9573 0.0001853
0.95765 0.0007996
0.958 0.0007996
0.95835 0.000655
0.9587 0.0005766
0.95905 0.0005766
0.9594 0.0002037
0.95975 0.0002037
0.9601 0.0005167999999999
0.96045 0.0005167999999999
0.9608 0.0004131999999999
0.96115 0.0004131999999999
0.9615 0.0005013
0.96185 0.0006654
0.9622 0.0005013
0.96255 0.0001465
0.9629 0.0001465
0.96325 0.0001939
0.9636 0.0001939
0.96395 0.00027
0.9643 0.00027
0.96465 0.0005917
0.965 0.0005917
0.96535 0.0004007
0.9657 0.0002698
0.96605 0.0003927
0.9664 0.0002698
0.96675 0.0001974
0.9671 0.0001789
0.96745 0.0001789
0.9678 0.0004099
0.96815 0.0004099
0.9685 0.0004076
0.96885 0.000288
0.9692 0.000288
0.96955 0.0005605
0.9699 0.0005643
0.97025 0.0005643
0.9706 0.0005528
0.97095 0.0005388999999999
0.9713 0.0005528
0.97165 0.0005733
0.972 0.0005733
0.97235 0.0005003
0.9727 0.0003998
0.97305 0.0003846
0.9734 0.0002389
0.97375 0.0002103
0.9741 0.0002103
0.97445 0.0002103
0.9748 0.0003843
0.97515 0.0004636
0.9755 0.0005155
0.97585 0.0005155
0.9762 0.0003202
0.97655 0.0003202
0.9769 0.0004713999999999
0.97725 0.0005105
0.9776 0.0005105
0.97795 0.0003988
0.9783 0.0001551
0.97865 0.0002021999999999
0.979 0.0002021999999999
0.97935 0.0003034
0.9797 0.0003034
0.98005 0.0003253999999999
0.9804 0.0002785
0.98075 0.0002785
0.9811 0.0002785
0.98145 0.0003197
0.9818 0.0003197
0.98215 0.000293
0.9825 0.0002183
0.98285 0.0001174
0.9832 0.0002183
0.98355 0.0002675
0.9839 0.0002853999999999
0.98425 0.0002956
0.9846 0.0002853999999999
0.98495 0.0003073
0.9853 0.0002011
0.98565 0.0002011
0.986 0.0001942
0.98635 0.0001942
0.9867 0.0001244
0.98705 0.0001681
0.9874 0.0001663
0.98775 0.0001663
0.9881 0.0001208
0.98845 5.9e-05
0.9888 5.9e-05
0.98915 8.43e-05
0.9895 0.0001984
0.98985 0.0001324
0.9902 0.0002124
0.99055 0.0001324
0.9909 0.0002124
0.99125 0.0001899999999999
0.9916 0.0002181
0.99195 0.0001899999999999
0.9923 0.0002181
0.99265 0.0002288
0.993 0.0002362
0.99335 0.0002288
0.9937 0.000233
0.99405 0.0002284
0.9944 0.000233
0.99475 0.0002006999999999
0.9951 0.0001918
0.99545 0.0001918
0.9958 7.070000000000001e-05
0.99615 0.0002025
0.9965 6.02e-05
0.99685 0.0002025
0.9972 0.0002881999999999
0.99755 0.0002881999999999
0.9979 0.0002566999999999
0.99825 0.000192
0.9986 0.0002242
0.99895 0.0001923
0.9993 0.0001923
