0.3 0.1237123
0.30035 0.1242993999999999
0.3007 0.1244892
0.30105 0.1244892
0.3014 0.12445
0.30175 0.1242813
0.3021 0.1239749
0.30245 0.1233715
0.3028 0.1220461
0.30315 0.1182873
0.3035 0.1182873
0.30385 0.1187045
0.3042 0.1218828
0.30455 0.1229366
0.3049 0.123328
0.30525 0.1234787
0.3056 0.1234787
0.30595 0.1234714
0.3063 0.1233937
0.30665 0.1232835
0.307 0.123146
0.30735 0.1229785
0.3077 0.1227732
0.30805 0.1225134
0.3084 0.1221652
0.30875 0.1216692
0.3091 0.1208321
0.30945 0.1191913
0.3098 0.1154135
0.31015 0.1137368
0.3105 0.1137368
0.31085 0.1181598
0.3112 0.1197636
0.31155 0.1203926999999999
0.3119 0.1206285
0.31225 0.1206372
0.3126 0.1206372
0.31295 0.1205365
0.3133 0.120399
0.31365 0.1202382
0.314 0.1200555
0.31435 0.1198601
0.3147 0.1196476
0.31505 0.1194262999999999
0.3154 0.1191933999999999
0.31575 0.1189491999999999
0.3161 0.1186933999999999
0.31645 0.1184258
0.3168 0.1181458
0.31715 0.1178525
0.3175 0.1175446
0.31785 0.1172204999999999
0.3182 0.1168848
0.31855 0.1165198999999999
0.3189 0.1161358
0.31925 0.1157066
0.3196 0.1152359999999999
0.31995 0.1146867
0.3203 0.1139999
0.32065 0.1130357999999999
0.321 0.1114071
0.32135 0.1078377
0.3217 0.1063819999999999
0.32205 0.1063819999999999
0.3224 0.109889
0.32275 0.1107512
0.3231 0.1107512
0.32345 0.1105523
0.3238 0.1101376999999999
0.32415 0.1096465
0.3245 0.1090969
0.32485 0.1084847999999999
0.3252 0.1078445
0.32555 0.1071634
0.3259 0.1064407
0.32625 0.1056743999999999
0.3266 0.1048608999999999
0.32695 0.1040192
0.3273 0.1030992999999999
0.32765 0.1021182
0.328 0.1011005
0.32835 0.0999853999999999
0.3287 0.09881
0.32905 0.0974509
0.3294 0.0955184999999999
0.32975 0.0921906999999999
0.3301 0.0869205
0.33045 0.0869205
0.3308 0.092168
0.33115 0.0950536999999999
0.3315 0.0966123999999999
0.33185 0.0977013
0.3322 0.0986216
0.33255 0.0994323
0.3329 0.100214
0.33325 0.1009138
0.3336 0.1015886
0.33395 0.1021924999999999
0.3343 0.1027772
0.33465 0.1033026
0.335 0.103795
0.33535 0.1042572
0.3357 0.1046918
0.33605 0.1051164
0.3364 0.105484
0.33675 0.105845
0.3371 0.1061839
0.33745 0.1065011
0.3378 0.1067974999999999
0.33815 0.1070609999999999
0.3385 0.1073165
0.33885 0.1075392
0.3392 0.1077507
0.33955 0.1079281999999999
0.3399 0.1080872
0.34025 0.1082066
0.3406 0.1082889
0.34095 0.1083012
0.3413 0.1083012
0.34165 0.1081964999999999
0.342 0.1079791
0.34235 0.1075991999999999
0.3427 0.1069772
0.34305 0.1059865
0.3434 0.1044851
0.34375 0.1020706
0.3441 0.0982799
0.34445 0.0924574
0.3448 0.0924574
0.34515 0.0966679
0.3455 0.1007128
0.34585 0.1034799
0.3462 0.1053115
0.34655 0.1066128
0.3469 0.1075625
0.34725 0.1082742
0.3476 0.1088214
0.34795 0.1092518
0.3483 0.1095974999999999
0.34865 0.1098802
0.349 0.1101152
0.34935 0.1103031999999999
0.3497 0.1104726
0.35005 0.1106182
0.3504 0.1107367
0.35075 0.1108471999999999
0.3511 0.1109375
0.35145 0.1110168999999999
0.3518 0.1110926
0.35215 0.111154
0.3525 0.1112079999999999
0.35285 0.1112557
0.3532 0.1112975
0.35355 0.1113341
0.3539 0.1113658
0.35425 0.1113933
0.3546 0.1114166
0.35495 0.1114362
0.3553 0.1114525
0.35565 0.1114608
0.356 0.1114676
0.35635 0.1114773
0.3567 0.1114773
0.35705 0.1114778
0.3574 0.1114704999999999
0.35775 0.1114704999999999
0.3581 0.1114587
0.35845 0.1114535
0.3588 0.1114396999999999
0.35915 0.1114307
0.3595 0.1113738
0.35985 0.1113625999999999
0.3602 0.1113341999999999
0.36055 0.1113279
0.3609 0.1113107
0.36125 0.1113107
0.3616 0.1112845
0.36195 0.1112626999999999
0.3623 0.1112202
0.36265 0.1112016
0.363 0.1111708999999999
0.36335 0.1111351
0.3637 0.1111019
0.36405 0.1110476999999999
0.3644 0.1110288
0.36475 0.1109891
0.3651 0.1109482
0.36545 0.1109041
0.3658 0.1108589999999999
0.36615 0.1108166
0.3665 0.1107734999999999
0.36685 0.1107244999999999
0.3672 0.1106754
0.36755 0.1106273999999999
0.3679 0.1105747
0.36825 0.1105225
0.3686 0.1104601999999999
0.36895 0.1104151
0.3693 0.1103546
0.36965 0.1102996
0.37 0.1102249
0.37035 0.1101771999999999
0.3707 0.1101041999999999
0.37105 0.1100451
0.3714 0.1099895
0.37175 0.1099164
0.3721 0.1098398999999999
0.37245 0.1097848
0.3728 0.1097011
0.37315 0.109643
0.3735 0.1095384
0.37385 0.1094894
0.3742 0.1094014
0.37455 0.1093113
0.3749 0.109175
0.37525 0.109147
0.3756 0.1090517
0.37595 0.1090056
0.3763 0.1088213
0.37665 0.1087244999999999
0.377 0.1087244999999999
0.37735 0.1086393
0.3777 0.1085323
0.37805 0.1084208
0.3784 0.1083433999999999
0.37875 0.1080999
0.3791 0.1080795
0.37945 0.107852
0.3798 0.1077845
0.38015 0.1077845
0.3805 0.1076353
0.38085 0.1075605
0.3812 0.1074503
0.38155 0.1073205
0.3819 0.1071462
0.38225 0.1070307
0.3826 0.1069293999999999
0.38295 0.1068
0.3833 0.1066095
0.38365 0.1065184999999999
0.384 0.1063462
0.38435 0.1062231
0.3847 0.1060605
0.38505 0.1059078
0.3854 0.1057408
0.38575 0.1055678999999999
0.3861 0.1053981
0.38645 0.1052133
0.3868 0.1050262
0.38715 0.1048307
0.3875 0.1046254
0.38785 0.1044277
0.3882 0.1042292
0.38855 0.1040073999999999
0.3889 0.1037572
0.38925 0.1034863
0.3896 0.1033006
0.38995 0.1030329
0.3903 0.1027874
0.39065 0.1025423
0.391 0.1022608
0.39135 0.1019886
0.3917 0.1016693
0.39205 0.1013583
0.3924 0.1010586
0.39275 0.1007093999999999
0.3931 0.1003728
0.39345 0.1000253
0.3938 0.0996517
0.39415 0.0992261
0.3945 0.0988496
0.39485 0.0983822999999999
0.3952 0.0979786
0.39555 0.0974998
0.3959 0.0969477
0.39625 0.096426
0.3966 0.0958999
0.39695 0.0953522
0.3973 0.0947322999999999
0.39765 0.094067
0.398 0.0933197
0.39835 0.0926941
0.3987 0.0918113999999999
0.39905 0.0910173
0.3994 0.0902208999999999
0.39975 0.0892723999999999
0.4001 0.0882677
0.40045 0.0871853
0.4008 0.0860065
0.40115 0.0844228
0.4015 0.0835225
0.40185 0.0821133
0.4022 0.0805097
0.40255 0.0790051
0.4029 0.0772337
0.40325 0.0753568
0.4036 0.0732155
0.40395 0.0708273
0.4043 0.0636765
0.40465 0.0636765
0.405 0.0690828999999999
0.40535 0.0721315
0.4057 0.074013
0.40605 0.0756984
0.4064 0.0773073
0.40675 0.078549
0.4071 0.079983
0.40745 0.0811591
0.4078 0.0822428
0.40815 0.0832452
0.4085 0.0837258999999999
0.40885 0.0841702
0.4092 0.0858317
0.40955 0.0865766
0.4099 0.0872452
0.41025 0.0879177
0.4106 0.0884424
0.41095 0.0889781
0.4113 0.0894659999999999
0.41165 0.089937
0.412 0.0903096
0.41235 0.0907307
0.4127 0.0910658
0.41305 0.0912146
0.4134 0.0914148
0.41375 0.0918985
0.4141 0.0922617
0.41445 0.0925083999999999
0.4148 0.0926904
0.41515 0.0929021999999999
0.4155 0.0929021999999999
0.41585 0.0924174
0.4162 0.0924174
0.41655 0.0935993
0.4169 0.0937725
0.41725 0.0938438
0.4176 0.0940146999999999
0.41795 0.0941036
0.4183 0.0941143
0.41865 0.0941788
0.419 0.0944573
0.41935 0.0944655
0.4197 0.0944655
0.42005 0.0942069
0.4204 0.0942069
0.42075 0.0946234
0.4211 0.0948371
0.42145 0.094736
0.4218 0.094736
0.42215 0.094736
0.4225 0.0948276
0.42285 0.0951023999999999
0.4232 0.0951023999999999
0.42355 0.0950389
0.4239 0.0950389
0.42425 0.0951086
0.4246 0.0952045
0.42495 0.0952599
0.4253 0.095328
0.42565 0.095328
0.426 0.0950533
0.42635 0.0950533
0.4267 0.0952491999999999
0.42705 0.0953789999999999
0.4274 0.0954432
0.42775 0.0954432
0.4281 0.0954049
0.42845 0.0952521
0.4288 0.0952363
0.42915 0.0946369
0.4295 0.0950791
0.42985 0.0950791
0.4302 0.0950791
0.43055 0.0952408
0.4309 0.0948108999999999
0.43125 0.0950367
0.4316 0.0948301
0.43195 0.0950367
0.4323 0.0951956
0.43265 0.0951956
0.433 0.0951302
0.43335 0.0951299
0.4337 0.0950015
0.43405 0.0949783
0.4344 0.0949648
0.43475 0.0949478
0.4351 0.0949478
0.43545 0.0949128
0.4358 0.0948144
0.43615 0.0947943
0.4365 0.0946659
0.43685 0.0945223
0.4372 0.0945678
0.43755 0.0945496
0.4379 0.0945496
0.43825 0.0945003999999999
0.4386 0.0944882
0.43895 0.0944118999999999
0.4393 0.0943937
0.43965 0.0940964
0.44 0.0940414
0.44035 0.0937426
0.4407 0.0937424999999999
0.44105 0.0937424999999999
0.4414 0.0937258
0.44175 0.0935862
0.4421 0.0935862
0.44245 0.0935862
0.4428 0.0936857
0.44315 0.0936288
0.4435 0.0936288
0.44385 0.0930883999999999
0.4442 0.0930883999999999
0.44455 0.0933348
0.4449 0.0933348
0.44525 0.0929158
0.4456 0.0929158
0.44595 0.0929501
0.4463 0.092969
0.44665 0.092969
0.447 0.0928621
0.44735 0.0927651999999999
0.4477 0.092758
0.44805 0.0927173
0.4484 0.0922559
0.44875 0.0926333
0.4491 0.092451
0.44945 0.092451
0.4498 0.0923565
0.45015 0.0923098
0.4505 0.0922323
0.45085 0.0919598
0.4512 0.0919122
0.45155 0.0918211
0.4519 0.0917815
0.45225 0.0917118999999999
0.4526 0.0916591
0.45295 0.0916591
0.4533 0.0915401
0.45365 0.0914009
0.454 0.0914009
0.45435 0.0910827
0.4547 0.0910697
0.45505 0.0910697
0.4554 0.0910113999999999
0.45575 0.090673
0.4561 0.0903447
0.45645 0.090673
0.4568 0.0902603999999999
0.45715 0.0903798
0.4575 0.0902559999999999
0.45785 0.0902559999999999
0.4582 0.09008
0.45855 0.0900747
0.4589 0.0899586
0.45925 0.0896529
0.4596 0.0894225
0.45995 0.0894986
0.4603 0.0894986
0.46065 0.0894986
0.461 0.0894047
0.46135 0.089313
0.4617 0.0892196
0.46205 0.0890659
0.4624 0.0889316
0.46275 0.0888885
0.4631 0.0887876
0.46345 0.0885813999999999
0.4638 0.0883918
0.46415 0.0883868999999999
0.4645 0.08822
0.46485 0.0881594
0.4652 0.0878011
0.46555 0.0877796
0.4659 0.0876918
0.46625 0.0873315
0.4666 0.0872017
0.46695 0.0871011
0.4673 0.0871004
0.46765 0.086403
0.468 0.0862146999999999
0.46835 0.0862146999999999
0.4687 0.0852248999999999
0.46905 0.083065
0.4694 0.0852248999999999
0.46975 0.0857677
0.4701 0.0857677
0.47045 0.0857677
0.4708 0.0854567
0.47115 0.0853012
0.4715 0.0848635
0.47185 0.0847156999999999
0.4722 0.0828078
0.47255 0.082951
0.4729 0.082951
0.47325 0.0842462
0.4736 0.0842462
0.47395 0.0842334
0.4743 0.0838804
0.47465 0.0836005
0.475 0.0837743999999999
0.47535 0.0749093
0.4757 0.0836188
0.47605 0.082715
0.4764 0.082715
0.47675 0.082715
0.4771 0.081956
0.47745 0.0826645
0.4778 0.0821358
0.47815 0.0822589
0.4785 0.0821358
0.47885 0.0821185
0.4792 0.0817349
0.47955 0.0815758
0.4799 0.0814291
0.48025 0.0812575
0.4806 0.0811525
0.48095 0.0808447
0.4813 0.0807691
0.48165 0.0801645
0.482 0.0800128
0.48235 0.0797756
0.4827 0.0797756
0.48305 0.0793372
0.4834 0.0787351
0.48375 0.0783749
0.4841 0.0783749
0.48445 0.0773611999999999
0.4848 0.0760659
0.48515 0.0767053999999999
0.4855 0.0767053999999999
0.48585 0.0767053999999999
0.4862 0.0764108999999999
0.48655 0.0764108999999999
0.4869 0.0768836
0.48725 0.0768836
0.4876 0.0758552
0.48795 0.0740594
0.4883 0.0758552
0.48865 0.0763337
0.489 0.076589
0.48935 0.0763337
0.4897 0.0761903
0.49005 0.0757992
0.4904 0.0757992
0.49075 0.0744718
0.4911 0.0744718
0.49145 0.0744718
0.4918 0.0749031
0.49215 0.0744609
0.4925 0.07433
0.49285 0.0721931
0.4932 0.0721931
0.49355 0.0730159
0.4939 0.0730159
0.49425 0.0728164
0.4946 0.072612
0.49495 0.0728164
0.4953 0.0723159999999999
0.49565 0.0723472
0.496 0.0723159999999999
0.49635 0.0723008999999999
0.4967 0.0721692999999999
0.49705 0.0719551
0.4974 0.0715734
0.49775 0.0708978999999999
0.4981 0.0707173
0.49845 0.0701678
0.4988 0.0701678
0.49915 0.0704641
0.4995 0.0704641
0.49985 0.0699733
0.50055 0.0672779
0.5009 0.0672779
0.50125 0.0688059999999999
0.5016 0.0688059999999999
0.50195 0.0686075
0.5023 0.0682623999999999
0.50265 0.0672724
0.503 0.0582729
0.50335 0.060119
0.5037 0.060119
0.50405 0.0627399
0.5044 0.0657545
0.50475 0.0657545
0.5051 0.0663918
0.50545 0.0663918
0.5058 0.0662778
0.50615 0.0655443
0.5065 0.0653306
0.50685 0.0630322
0.5072 0.0630322
0.50755 0.0632983
0.5079 0.0632983
0.50825 0.0632983
0.5086 0.0636085
0.50895 0.0636085
0.5093 0.0632194
0.50965 0.0630911999999999
0.51 0.0630707
0.51035 0.0630707
0.5107 0.0627705
0.51105 0.0628494
0.5114 0.0626312
0.51175 0.0627351
0.5121 0.0627351
0.51245 0.0629432
0.5128 0.0629432
0.51315 0.0609941
0.5135 0.0609941
0.51385 0.0618092
0.5142 0.0618092
0.51455 0.0614017
0.5149 0.0606718
0.51525 0.0614017
0.5156 0.0614894999999999
0.51595 0.0614894999999999
0.5163 0.0609914
0.51665 0.0609306
0.517 0.0609306
0.51735 0.0605506999999999
0.5177 0.0604744
0.51805 0.0601943
0.5184 0.0600044
0.51875 0.0599638
0.5191 0.0597178
0.51945 0.0593669
0.5198 0.0593294999999999
0.52015 0.0593272
0.5205 0.0590688
0.52085 0.0589744
0.5212 0.0586954
0.52155 0.0585567
0.5219 0.0582644
0.52225 0.0579859
0.5226 0.0578196
0.52295 0.0578
0.5233 0.0550717
0.52365 0.0550717
0.524 0.0541585
0.52435 0.0566947
0.5247 0.0564883
0.52505 0.0564883
0.5254 0.0561491999999999
0.52575 0.0560890999999999
0.5261 0.0556202
0.52645 0.0555597
0.5268 0.0551121999999999
0.52715 0.054849
0.5275 0.0545604
0.52785 0.0544683
0.5282 0.0543212
0.52855 0.0543212
0.5289 0.0539423
0.52925 0.0535312
0.5296 0.052679
0.52995 0.0531221
0.5303 0.052679
0.53065 0.0525884999999999
0.531 0.0520575
0.53135 0.0520575
0.5317 0.0520575
0.53205 0.0512009
0.5324 0.0509877
0.53275 0.0509458
0.5331 0.0507390999999999
0.53345 0.0508026
0.5338 0.0507390999999999
0.53415 0.0505794
0.5345 0.0503979
0.53485 0.0500086999999999
0.5352 0.0497318
0.53555 0.049513
0.5359 0.0490945999999999
0.53625 0.0490870999999999
0.5366 0.0486945
0.53695 0.0483272
0.5373 0.0483272
0.53765 0.0480379
0.538 0.047816
0.53835 0.0474908
0.5387 0.0469888
0.53905 0.0468148
0.5394 0.046321
0.53975 0.0459611999999999
0.5401 0.0459611999999999
0.54045 0.0450156
0.5408 0.0442163
0.54115 0.0442163
0.5415 0.0439802
0.54185 0.0432325
0.5422 0.0431195
0.54255 0.0430811
0.5429 0.042443
0.54325 0.0422524
0.5436 0.042167
0.54395 0.042246
0.5443 0.042167
0.54465 0.042246
0.545 0.0422058
0.54535 0.0430018
0.5457 0.0428772
0.54605 0.0428772
0.5464 0.0416615
0.54675 0.0416615
0.5471 0.0416615
0.54745 0.0418638
0.5478 0.0416381
0.54815 0.0418638
0.5485 0.0417222
0.54885 0.0417222
0.5492 0.0416041
0.54955 0.0408908
0.5499 0.0400619
0.55025 0.040719
0.5506 0.0405524
0.55095 0.0405524
0.5513 0.0404303
0.55165 0.0399716
0.552 0.039858
0.55235 0.0396714
0.5527 0.0394889
0.55305 0.039424
0.5534 0.0391740999999999
0.55375 0.0391740999999999
0.5541 0.0388501
0.55445 0.0382916
0.5548 0.0382916
0.55515 0.0382916
0.5555 0.0377404
0.55585 0.0381005
0.5562 0.0378193
0.55655 0.0378193
0.5569 0.036629
0.55725 0.036629
0.5576 0.0369842
0.55795 0.0370558
0.5583 0.0369842
0.55865 0.0367826
0.559 0.0367729
0.55935 0.0366168
0.5597 0.0364733
0.56005 0.0363266999999999
0.5604 0.0361213
0.56075 0.0360361
0.5611 0.0357846
0.56145 0.0357088
0.5618 0.0354731
0.56215 0.0353172
0.5625 0.0351702
0.56285 0.0350845
0.5632 0.035006
0.56355 0.0348577
0.5639 0.0346746999999999
0.56425 0.0343969
0.5646 0.0342450999999999
0.56495 0.0342450999999999
0.5653 0.0339095
0.56565 0.0338979
0.566 0.0338729
0.56635 0.0332277
0.5667 0.0331805
0.56705 0.0331805
0.5674 0.0330365
0.56775 0.0329534
0.5681 0.0308652
0.56845 0.0308652
0.5688 0.0315635
0.56915 0.0325745999999999
0.5695 0.0315635
0.56985 0.0271411
0.5702 0.0271411
0.57055 0.0317941
0.5709 0.0317941
0.57125 0.0315996
0.5716 0.0315253
0.57195 0.0315253
0.5723 0.0311613
0.57265 0.0307404
0.573 0.0303276
0.57335 0.0302607
0.5737 0.0302607
0.57405 0.0302607
0.5744 0.0300692999999999
0.57475 0.0300692999999999
0.5751 0.0293483
0.57545 0.0293483
0.5758 0.0293483
0.57615 0.0292139999999999
0.5765 0.0294565
0.57685 0.028293
0.5772 0.0289589
0.57755 0.0289589
0.5779 0.0289589
0.57825 0.0288005
0.5786 0.0282077999999999
0.57895 0.0281995
0.5793 0.0281724
0.57965 0.0281724
0.58 0.0277862
0.58035 0.0276860999999999
0.5807 0.0265961
0.58105 0.0265961
0.5814 0.0270209
0.58175 0.0270209
0.5821 0.0267927
0.58245 0.0265718
0.5828 0.026175
0.58315 0.0254963
0.5835 0.0254247
0.58385 0.0252762
0.5842 0.0251622
0.58455 0.0251622
0.5849 0.0248229999999999
0.58525 0.0245325999999999
0.5856 0.0245319999999999
0.58595 0.0240775
0.5863 0.0238947999999999
0.58665 0.0231727
0.587 0.0229432
0.58735 0.0229432
0.5877 0.0211034
0.58805 0.0187919
0.5884 0.0187919
0.58875 0.0160038999999999
0.5891 0.0160038999999999
0.58945 0.0158196
0.5898 0.0145406
0.59015 0.0145406
0.5905 0.0209608
0.59085 0.0210857
0.5912 0.0216918
0.59155 0.0216918
0.5919 0.0224805
0.59225 0.0231115
0.5926 0.0233407
0.59295 0.0234852
0.5933 0.0233407
0.59365 0.0234905
0.594 0.0202299
0.59435 0.0202299
0.5947 0.0202299
0.59505 0.0232734
0.5954 0.0232734
0.59575 0.0221396
0.5961 0.0221396
0.59645 0.0239509
0.5968 0.024142
0.59715 0.024142
0.5975 0.024142
0.59785 0.0241386
0.5982 0.0241386
0.59855 0.0226614
0.5989 0.0243125
0.59925 0.0226614
0.5996 0.0243125
0.59995 0.0243433
0.6003 0.0243433
0.60065 0.0163278
0.601 0.0163278
0.60135 0.024787
0.6017 0.0254014
0.60205 0.0254014
0.6024 0.0257604
0.60275 0.0257604
0.6031 0.0257085
0.60345 0.0257085
0.6038 0.0257085
0.60415 0.0253671
0.6045 0.0253671
0.60485 0.0228778
0.6052 0.0261961
0.60555 0.0261125999999999
0.6059 0.0261125999999999
0.60625 0.025991
0.6066 0.0254958
0.60695 0.025991
0.6073 0.025521
0.60765 0.0268092
0.608 0.0261449
0.60835 0.0268092
0.6087 0.0261449
0.60905 0.0260022
0.6094 0.0260022
0.60975 0.0260512
0.6101 0.0260512
0.61045 0.0261184
0.6108 0.0255639
0.61115 0.0255908
0.6115 0.0255908
0.61185 0.0255908
0.6122 0.0256014
0.61255 0.0254601
0.6129 0.0251208
0.61325 0.0251208
0.6136 0.024571
0.61395 0.0247235
0.6143 0.0247235
0.61465 0.0247235
0.615 0.0245197999999999
0.61535 0.0245197999999999
0.6157 0.0245197999999999
0.61605 0.0243348
0.6164 0.023913
0.61675 0.0238053
0.6171 0.0230677
0.61745 0.022491
0.6178 0.022491
0.61815 0.0223402
0.6185 0.0223402
0.61885 0.0223402
0.6192 0.0219470999999999
0.61955 0.0219470999999999
0.6199 0.0221210999999999
0.62025 0.0226190999999999
0.6206 0.0227897
0.62095 0.0227215
0.6213 0.0227897
0.62165 0.0229734
0.622 0.0233517
0.62235 0.0238662999999999
0.6227 0.0240148
0.62305 0.0241897
0.6234 0.0244187999999999
0.62375 0.0246064
0.6241 0.0250955
0.62445 0.0250955
0.6248 0.025285
0.62515 0.0256334999999999
0.6255 0.0256334999999999
0.62585 0.0257084
0.6262 0.0259719
0.62655 0.0259719
0.6269 0.0259719
0.62725 0.0261437
0.6276 0.0261437
0.62795 0.0262165
0.6283 0.0259859
0.62865 0.0262535
0.629 0.0262712999999999
0.62935 0.0262787
0.6297 0.0263080999999999
0.63005 0.0263080999999999
0.6304 0.0263080999999999
0.63075 0.0262721
0.6311 0.0257257999999999
0.63145 0.0251437999999999
0.6318 0.0243822
0.63215 0.0251437999999999
0.6325 0.0259406999999999
0.63285 0.0261355
0.6332 0.0261355
0.63355 0.0260017
0.6339 0.0260017
0.63425 0.0260846
0.6346 0.0260846
0.63495 0.0262289
0.6353 0.0262289
0.63565 0.0262289
0.636 0.0261809
0.63635 0.0261809
0.6367 0.0260478
0.63705 0.0260478
0.6374 0.0260478
0.63775 0.0246462
0.6381 0.0246462
0.63845 0.0246462
0.6388 0.0235065
0.63915 0.0252929
0.6395 0.025122
0.63985 0.025468
0.6402 0.0260452
0.64055 0.0260645999999999
0.6409 0.0260452
0.64125 0.0257629
0.6416 0.0247243
0.64195 0.0254733
0.6423 0.0254733
0.64265 0.0259017999999999
0.643 0.0259017999999999
0.64335 0.0259017999999999
0.6437 0.0238378
0.64405 0.0238378
0.6444 0.0238378
0.64475 0.0251005999999999
0.6451 0.0251005999999999
0.64545 0.0251005999999999
0.6458 0.015324
0.64615 0.0082797999999999
0.6465 0.0082797999999999
0.64685 0.021123
0.6472 0.0233859
0.64755 0.0233859
0.6479 0.0226299
0.64825 0.0226299
0.6486 0.0231193
0.64895 0.0239709
0.6493 0.0247613
0.64965 0.0256429
0.65 0.0256429
0.65035 0.0256442
0.6507 0.0232805
0.65105 0.0214788
0.6514 0.0214788
0.65175 0.0214788
0.6521 0.0220160999999999
0.65245 0.0234763
0.6528 0.0234763
0.65315 0.0246825
0.6535 0.0215048
0.65385 0.0247372
0.6542 0.0217757999999999
0.65455 0.0246928
0.6549 0.0246928
0.65525 0.0246928
0.6556 0.0222592
0.65595 0.0190407
0.6563 0.0190407
0.65665 0.0233285
0.657 0.0233285
0.65735 0.02109
0.6577 0.02109
0.65805 0.0230757
0.6584 0.0244863
0.65875 0.0247245
0.6591 0.0247925999999999
0.65945 0.0247245
0.6598 0.0225577
0.66015 0.0225577
0.6605 0.0248074
0.66085 0.0248074
0.6612 0.0227587
0.66155 0.0227587
0.6619 0.0235922
0.66225 0.0239219
0.6626 0.0241395999999999
0.66295 0.0240305
0.6633 0.0240305
0.66365 0.0239201
0.664 0.0239201
0.66435 0.0243016
0.6647 0.0244930999999999
0.66505 0.0244930999999999
0.6654 0.0246678
0.66575 0.0242806
0.6661 0.0240867
0.66645 0.0237493
0.6668 0.0237493
0.66715 0.0237835
0.6675 0.0237835
0.66785 0.0240073
0.6682 0.0231270999999999
0.66855 0.0220703
0.6689 0.0220703
0.66925 0.0236159999999999
0.6696 0.0239372999999999
0.66995 0.0236159999999999
0.6703 0.0239372999999999
0.67065 0.0242784
0.671 0.0242784
0.67135 0.0246699999999999
0.6717 0.0245505
0.67205 0.0245505
0.6724 0.023955
0.67275 0.023955
0.6731 0.0245272
0.67345 0.0245272
0.6738 0.0247577
0.67415 0.0244753
0.6745 0.02441
0.67485 0.02441
0.6752 0.0246817999999999
0.67555 0.0246817999999999
0.6759 0.0245987
0.67625 0.0243205999999999
0.6766 0.0243205999999999
0.67695 0.0243205999999999
0.6773 0.0244347
0.67765 0.0245983
0.678 0.0244347
0.67835 0.0244891
0.6787 0.0237343
0.67905 0.0237343
0.6794 0.0237343
0.67975 0.0240752
0.6801 0.0240785
0.68045 0.0240785
0.6808 0.0229425
0.68115 0.0229425
0.6815 0.0229425
0.68185 0.0232969
0.6822 0.0230328
0.68255 0.0230328
0.6829 0.0208049
0.68325 0.0208049
0.6836 0.0225733
0.68395 0.0225733
0.6843 0.0223891
0.68465 0.0223891
0.685 0.0224013
0.68535 0.0225034
0.6857 0.0226352999999999
0.68605 0.0225034
0.6864 0.0224152
0.68675 0.0213405999999999
0.6871 0.0213405999999999
0.68745 0.0216026
0.6878 0.0221245999999999
0.68815 0.0216026
0.6885 0.0220594
0.68885 0.0211605
0.6892 0.0220594
0.68955 0.0189085
0.6899 0.0214657
0.69025 0.0214657
0.6906 0.021502
0.69095 0.0218602
0.6913 0.0218602
0.69165 0.0196099
0.692 0.0131918
0.69235 0.0131918
0.6927 0.0158231
0.69305 0.0158231
0.6934 0.0143533999999999
0.69375 0.0143533999999999
0.6941 0.0155152
0.69445 0.0165423
0.6948 0.0190595
0.69515 0.0190595
0.6955 0.0173039
0.69585 0.0173039
0.6962 0.0164293
0.69655 0.0164293
0.6969 0.0164293
0.69725 0.0175507
0.6976 0.0175507
0.69795 0.0181447
0.6983 0.0181447
0.69865 0.0181447
0.699 0.0186385
0.69935 0.0186385
0.6997 0.0186385
0.70005 0.0139674
0.7004 0.0137762
0.70075 0.0137762
0.7011 0.0162918
0.70145 0.0162918
0.7018 0.0144383999999999
0.70215 0.0144383999999999
0.7025 0.0144383999999999
0.70285 0.0115721
0.7032 0.0115721
0.70355 0.0174214
0.7039 0.017661
0.70425 0.0174214
0.7046 0.0146844
0.70495 0.0126144
0.7053 0.0146844
0.70565 0.017144
0.706 0.017144
0.70635 0.0144518
0.7067 0.0144518
0.70705 0.0144518
0.7074 0.0135525
0.70775 0.0122797
0.7081 0.0135525
0.70845 0.0122797
0.7088 0.0104095
0.70915 0.0096054
0.7095 0.0104095
0.70985 0.0134186
0.7102 0.0165796
0.71055 0.0165796
0.7109 0.006704
0.71125 0.006704
0.7116 0.0109424999999999
0.71195 0.0148859
0.7123 0.0148859
0.71265 0.0117828
0.713 0.0117828
0.71335 0.0117828
0.7137 0.0126053
0.71405 0.0108112
0.7144 0.0101879
0.71475 0.0101879
0.7151 0.0142957
0.71545 0.0142957
0.7158 0.0135617999999999
0.71615 0.0093156
0.7165 0.0024376999999999
0.71685 0.0024376999999999
0.7172 0.0046348
0.71755 0.0046348
0.7179 0.0046348
0.71825 0.0111812999999999
0.7186 0.0111812999999999
0.71895 0.0021872
0.7193 0.0019849
0.71965 0.0021872
0.72 0.0034818
0.72035 0.0060803
0.7207 0.006906
0.72105 0.006906
0.7214 0.0078608
0.72175 0.0037418
0.7221 0.0092487
0.72245 0.007453
0.7228 0.007453
0.72315 0.0033768
0.7235 0.0026910999999999
0.72385 0.0026910999999999
0.7242 0.0026910999999999
0.72455 0.0045674999999999
0.7249 0.0045674999999999
0.72525 0.0045674999999999
0.7256 0.0041033
0.72595 0.0030416
0.7263 0.0021754
0.72665 0.0030416
0.727 0.0014829
0.72735 0.0051788999999999
0.7277 0.0046298
0.72805 0.0055956
0.7284 0.0064101
0.72875 0.006794
0.7291 0.006794
0.72945 0.0056466
0.7298 0.004809
0.73015 0.0053743
0.7305 0.0010142
0.73085 0.0040414
0.7312 0.0040414
0.73155 0.0040414
0.7319 0.0069703999999999
0.73225 0.0054898
0.7326 0.0054898
0.73295 0.0035101
0.7333 0.0035101
0.73365 0.0086457
0.734 0.0086457
0.73435 0.0077973
0.7347 0.0077973
0.73505 0.0113987
0.7354 0.0113987
0.73575 0.0111647999999999
0.7361 0.0098286
0.73645 0.0084212
0.7368 0.0084212
0.73715 0.0084212
0.7375 0.0059521999999999
0.73785 0.0122366
0.7382 0.01099
0.73855 0.01099
0.7389 0.0069875
0.73925 0.0069875
0.7396 0.0070658999999999
0.73995 0.0070658999999999
0.7403 0.0070658999999999
0.74065 0.0109877
0.741 0.0109877
0.74135 0.0112646
0.7417 0.0112646
0.74205 0.0125536
0.7424 0.0125536
0.74275 0.0113068
0.7431 0.0113068
0.74345 0.0127166
0.7438 0.0127166
0.74415 0.0119186
0.7445 0.0119186
0.74485 0.0133761
0.7452 0.0133761
0.74555 0.0134921
0.7459 0.0087615
0.74625 0.0119797
0.7466 0.0119797
0.74695 0.0119797
0.7473 0.0123087
0.74765 0.0123087
0.748 0.0126577999999999
0.74835 0.0130119
0.7487 0.0126577999999999
0.74905 0.0098909
0.7494 0.0098909
0.74975 0.0127112
0.7501 0.0132064
0.75045 0.0127112
0.7508 0.0131193999999999
0.75115 0.0122054
0.7515 0.0122054
0.75185 0.0116379999999999
0.7522 0.0110182
0.75255 0.0116379999999999
0.7529 0.011845
0.75325 0.0127857
0.7536 0.0127857
0.75395 0.0127114
0.7543 0.0122987
0.75465 0.0125119
0.755 0.0122987
0.75535 0.0122852999999999
0.7557 0.0122845
0.75605 0.0122845
0.7564 0.0121497999999999
0.75675 0.0121497999999999
0.7571 0.0121497999999999
0.75745 0.010587
0.7578 0.010587
0.75815 0.011518
0.7585 0.0115906
0.75885 0.0115906
0.7592 0.011455
0.75955 0.0113829999999999
0.7599 0.0112374
0.76025 0.0112374
0.7606 0.0106327
0.76095 0.0106327
0.7613 0.0109089
0.76165 0.0109089
0.762 0.0108071
0.76235 0.0106765
0.7627 0.0105119
0.76305 0.0104698
0.7634 0.0103166
0.76375 0.0102496
0.7641 0.0102012
0.76445 0.0101554
0.7648 0.0101894
0.76515 0.0101554
0.7655 0.0101084
0.76585 0.0098346
0.7662 0.0080395
0.76655 0.0080395
0.7669 0.0085678
0.76725 0.009041
0.7676 0.0095321
0.76795 0.0098652999999999
0.7683 0.0098652999999999
0.76865 0.0098033
0.769 0.0096751
0.76935 0.0096751
0.7697 0.0079551999999999
0.77005 0.0079551999999999
0.7704 0.0093295
0.77075 0.0098201
0.7711 0.0098461
0.77145 0.0103328
0.7718 0.0103328
0.77215 0.0099649
0.7725 0.0098874
0.77285 0.0098874
0.7732 0.0098741
0.77355 0.0098741
0.7739 0.0098969
0.77425 0.0100457
0.7746 0.0101018999999999
0.77495 0.0101356
0.7753 0.0101566
0.77565 0.0101566
0.776 0.0101245
0.77635 0.0101245
0.7767 0.0101117
0.77705 0.0101117
0.7774 0.0101055
0.77775 0.0101055
0.7781 0.0100878999999999
0.77845 0.0100878999999999
0.7788 0.0099772
0.77915 0.009306
0.7795 0.009306
0.77985 0.0095295
0.7802 0.0095295
0.78055 0.0095085999999999
0.7809 0.0095085999999999
0.78125 0.0095219
0.7816 0.0095219
0.78195 0.0091376
0.7823 0.0091376
0.78265 0.009788
0.783 0.009788
0.78335 0.009358
0.7837 0.0084737
0.78405 0.0083023
0.7844 0.008002
0.78475 0.008002
0.7851 0.0096831
0.78545 0.0096831
0.7858 0.0096831
0.78615 0.0093273
0.7865 0.0093273
0.78685 0.0084210999999999
0.7872 0.0084210999999999
0.78755 0.0088703
0.7879 0.0094024
0.78825 0.0094024
0.7886 0.0094024
0.78895 0.0097572
0.7893 0.0096327
0.78965 0.0097572
0.79 0.0098151
0.79035 0.0098151
0.7907 0.0100399
0.79105 0.0096074
0.7914 0.0093642999999999
0.79175 0.0092355
0.7921 0.0082322
0.79245 0.0092355
0.7928 0.0077884
0.79315 0.0087266
0.7935 0.0087266
0.79385 0.0088703
0.7942 0.0092391
0.79455 0.0092391
0.7949 0.0086306
0.79525 0.0056625
0.7956 0.0086306
0.79595 0.0052599
0.7963 0.0052599
0.79665 0.0052599
0.797 0.0055217
0.79735 0.0066735
0.7977 0.0084811
0.79805 0.0083848999999999
0.7984 0.0084811
0.79875 0.0088292
0.7991 0.0088292
0.79945 0.0077943
0.7998 0.0067044
0.80015 0.0067044
0.8005 0.0094191
0.80085 0.0094191
0.8012 0.0082348
0.80155 0.007767
0.8019 0.006572
0.80225 0.0069584
0.8026 0.0069584
0.80295 0.0080139
0.8033 0.0080139
0.80365 0.0080139
0.804 0.0086544
0.80435 0.0086544
0.8047 0.0083965
0.80505 0.0083965
0.8054 0.0085208
0.80575 0.0085208
0.8061 0.0042204999999999
0.80645 0.0042204999999999
0.8068 0.0053261
0.80715 0.0053261
0.8075 0.0007281
0.80785 0.0007281
0.8082 0.0063428
0.80855 0.0090842999999999
0.8089 0.0090842999999999
0.80925 0.003764
0.8096 0.003764
0.80995 0.0039961
0.8103 0.0079054
0.81065 0.0079054
0.811 0.0070965
0.81135 0.0070965
0.8117 0.0070965
0.81205 0.0066375
0.8124 0.0057187
0.81275 0.0066375
0.8131 0.0040333
0.81345 0.0060872
0.8138 0.0060872
0.81415 0.0060872
0.8145 0.0029883
0.81485 0.0016002
0.8152 0.0016002
0.81555 0.0061718
0.8159 0.0080805
0.81625 0.0061718
0.8166 0.0074014
0.81695 0.0074014
0.8173 0.0074014
0.81765 0.0071134
0.818 0.0071134
0.81835 0.0075908999999999
0.8187 0.0075908999999999
0.81905 0.0090499
0.8194 0.0071417
0.81975 0.0071905
0.8201 0.0071905
0.82045 0.0072515
0.8208 0.0082897
0.82115 0.008051
0.8215 0.0087198
0.82185 0.008051
0.8222 0.0089332
0.82255 0.0056983999999999
0.8229 0.004423
0.82325 0.0019363
0.8236 0.0018751999999999
0.82395 0.0018751999999999
0.8243 0.0093074
0.82465 0.0093074
0.825 0.009751
0.82535 0.0083314
0.8257 0.0089767999999999
0.82605 0.0083314
0.8264 0.007857
0.82675 0.007857
0.8271 0.007857
0.82745 0.0079831
0.8278 0.0048635
0.82815 0.0079831
0.8285 0.0076064999999999
0.82885 0.0076064999999999
0.8292 0.0076064999999999
0.82955 0.0088632
0.8299 0.0088632
0.83025 0.0041884999999999
0.8306 0.0041884999999999
0.83095 0.0048099
0.8313 0.0076318
0.83165 0.0051475
0.832 0.0051475
0.83235 0.0051475
0.8327 0.0049489
0.83305 0.0078129999999999
0.8334 0.0070328
0.83375 0.0070328
0.8341 0.0018050999999999
0.83445 0.0018050999999999
0.8348 0.0018050999999999
0.83515 0.008033
0.8355 0.006179
0.83585 0.006179
0.8362 0.0050162
0.83655 0.0050162
0.8369 0.0050162
0.83725 0.0031512
0.8376 0.00247
0.83795 0.00247
0.8383 0.0050788999999999
0.83865 0.0066078
0.839 0.0069025
0.83935 0.0069025
0.8397 0.0068273
0.84005 0.0059167
0.8404 0.0046473
0.84075 0.0046473
0.8411 0.0074527
0.84145 0.0074527
0.8418 0.006174
0.84215 0.006174
0.8425 0.0074239999999999
0.84285 0.0076763
0.8432 0.0076763
0.84355 0.0089862
0.8439 0.0089862
0.84425 0.0089862
0.8446 0.0096687999999999
0.84495 0.0089115
0.8453 0.0089115
0.84565 0.0089115
0.846 0.0090366
0.84635 0.0092984
0.8467 0.0092984
0.84705 0.0104578
0.8474 0.0029070999999999
0.84775 0.005548
0.8481 0.005548
0.84845 0.0077763999999999
0.8488 0.0077763999999999
0.84915 0.0077763999999999
0.8495 0.0074741
0.84985 0.0091719
0.8502 0.0088072999999999
0.85055 0.0088072999999999
0.8509 0.0088072999999999
0.85125 0.0086912999999999
0.8516 0.0092532999999999
0.85195 0.0087633
0.8523 0.0087633
0.85265 0.0077449
0.853 0.0076484
0.85335 0.0076484
0.8537 0.0076484
0.85405 0.0077495
0.8544 0.0077495
0.85475 0.0078066999999999
0.8551 0.007887
0.85545 0.0078668
0.8558 0.007887
0.85615 0.0078668
0.8565 0.0075799
0.85685 0.0075744
0.8572 0.0069923999999999
0.85755 0.0062356
0.8579 0.0062277999999999
0.85825 0.0059657
0.8586 0.0062277999999999
0.85895 0.0059657
0.8593 0.0059265
0.85965 0.0056223
0.86 0.0040768
0.86035 0.0040768
0.8607 0.0041398
0.86105 0.0041398
0.8614 0.0039027
0.86175 0.0038006
0.8621 0.0034844999999999
0.86245 0.0034844999999999
0.8628 0.0034066
0.86315 0.0034996
0.8635 0.0035843
0.86385 0.0035843
0.8642 0.0033298
0.86455 0.0033058999999999
0.8649 0.0033058999999999
0.86525 0.0032546999999999
0.8656 0.0035176
0.86595 0.0040966
0.8663 0.004156
0.86665 0.004156
0.867 0.0036585
0.86735 0.0036585
0.8677 0.0039853
0.86805 0.0047137
0.8684 0.0055194
0.86875 0.0067113
0.8691 0.0067113
0.86945 0.0062946999999999
0.8698 0.006221
0.87015 0.0053986999999999
0.8705 0.0053187
0.87085 0.0053986999999999
0.8712 0.0053187
0.87155 0.0059567
0.8719 0.0065949
0.87225 0.0074417
0.8726 0.0068124
0.87295 0.0068124
0.8733 0.0068124
0.87365 0.0068576999999999
0.874 0.0074926999999999
0.87435 0.0071598
0.8747 0.0074943
0.87505 0.0071598
0.8754 0.0061594
0.87575 0.0055266
0.8761 0.0061594
0.87645 0.0064123999999999
0.8768 0.0064123999999999
0.87715 0.0062575
0.8775 0.005533
0.87785 0.005533
0.8782 0.0054125
0.87855 0.0054125
0.8789 0.0060462
0.87925 0.0060462
0.8796 0.0026158
0.87995 0.0025430999999999
0.8803 0.0023855
0.88065 0.0023855
0.881 0.0017807
0.88135 0.0016317999999999
0.8817 0.0011264
0.88205 0.0007547
0.8824 0.0004562
0.88275 0.0004562
0.8831 0.0004551
0.88345 0.0004496
0.8838 0.0004454
0.88415 0.0004496
0.8845 0.0005566
0.88485 0.000667
0.8852 0.0007765
0.88555 0.0007765
0.8859 0.0006997
0.88625 0.0005367999999999
0.8866 0.0002993
0.88695 0.0002603
0.8873 0.0002603
0.88765 0.0002603
0.888 0.0002816
0.88835 0.0003406
0.8887 0.0004004
0.88905 0.0003406
0.8894 0.0004371
0.88975 0.0004654
0.8901 0.0005151
0.89045 0.0004775999999999
0.8908 0.0004775999999999
0.89115 0.0004473
0.8915 0.0004473
0.89185 0.0004219999999999
0.8922 0.0004593999999999
0.89255 0.0004593999999999
0.8929 0.0004718
0.89325 0.0004777
0.8936 0.0004777
0.89395 0.0004443
0.8943 0.0004211
0.89465 0.0004211
0.895 0.0004211
0.89535 0.0004126
0.8957 0.0004126
0.89605 0.0004541
0.8964 0.0004915
0.89675 0.0006311
0.8971 0.0006311
0.89745 0.000632
0.8978 0.000632
0.89815 0.0007798999999999
0.8985 0.0007798999999999
0.89885 0.0006457
0.8992 0.0002034
0.89955 0.0002034
0.8999 0.0001165
0.90025 0.0001165
0.9006 0.0001165
0.90095 0.0005321
0.9013 0.0008201
0.90165 0.0015752
0.902 0.0015752
0.90235 0.0014306
0.9027 0.0014306
0.90305 0.0014255999999999
0.9034 0.0017717
0.90375 0.0017717
0.9041 0.0022156999999999
0.90445 0.002602
0.9048 0.0031163
0.90515 0.0035591999999999
0.9055 0.0035591999999999
0.90585 0.0035591999999999
0.9062 0.0031958
0.90655 0.0032936999999999
0.9069 0.0031958
0.90725 0.0032936999999999
0.9076 0.003259
0.90795 0.003259
0.9083 0.003259
0.90865 0.0022535
0.909 0.0035675
0.90935 0.0022535
0.9097 0.0020280999999999
0.91005 0.0010622
0.9104 0.001449
0.91075 0.001449
0.9111 0.0014692
0.91145 0.0019498
0.9118 0.0014692
0.91215 0.0019498
0.9125 0.0029003
0.91285 0.0029003
0.9132 0.0029003
0.91355 0.0025196
0.9139 0.0037173
0.91425 0.0007107999999999
0.9146 0.0035074
0.91495 0.0012500999999999
0.9153 0.0018271
0.91565 0.0018271
0.916 0.0018271
0.91635 0.0022116999999999
0.9167 0.0010148
0.91705 0.0007422999999999
0.9174 0.0005792
0.91775 0.0005792
0.9181 0.0005792
0.91845 0.0005952
0.9188 0.0013189
0.91915 0.0013189
0.9195 0.0004288
0.91985 0.0004288
0.9202 2.84e-05
0.92055 0.0042353
0.9209 0.0011229
0.92125 0.0028243
0.9216 0.0011229
0.92195 0.0028085
0.9223 0.0028085
0.92265 0.0028160999999999
0.923 0.0028160999999999
0.92335 0.0018753
0.9237 0.0013922
0.92405 0.0018753
0.9244 0.0013922
0.92475 0.0036701
0.9251 0.0037904
0.92545 0.0037904
0.9258 0.0035479
0.92615 0.0022716
0.9265 0.0017563
0.92685 0.0017563
0.9272 0.0011843
0.92755 0.0011843
0.9279 0.000594
0.92825 0.0013273
0.9286 0.0011982999999999
0.92895 0.0020899
0.9293 0.0015209
0.92965 0.0015209
0.93 0.0003768
0.93035 0.0003768
0.9307 0.0002075
0.93105 0.0005796
0.9314 0.0004483
0.93175 0.0005796
0.9321 0.0009157999999999
0.93245 0.0009157999999999
0.9328 0.001086
0.93315 0.0011575
0.9335 0.0011575
0.93385 0.000374
0.9342 0.0003224
0.93455 0.0001617
0.9349 0.0003224
0.93525 0.0001617
0.9356 0.0003239
0.93595 0.0005167999999999
0.9363 0.0008083999999999
0.93665 0.0005204
0.937 0.0005204
0.93735 0.0005204
0.9377 0.0003807
0.93805 0.0003807
0.9384 0.0003807
0.93875 0.0006945
0.9391 0.0006945
0.93945 0.0007841
0.9398 0.0005135
0.94015 0.0009052
0.9405 0.0004144
0.94085 0.0011658
0.9412 0.0016599
0.94155 0.0016599
0.9419 0.0011845999999999
0.94225 0.0010593
0.9426 0.0010593
0.94295 0.0002965
0.9433 0.0002965
0.94365 0.0004271
0.944 0.0004271
0.94435 0.0001349
0.9447 0.0001349
0.94505 0.0010446
0.9454 0.0010446
0.94575 0.0010446
0.9461 0.0005132
0.94645 0.0005132
0.9468 0.0005132
0.94715 0.0007205
0.9475 0.0007205
0.94785 0.0007731
0.9482 0.0011354
0.94855 0.0013411
0.9489 0.0013411
0.94925 0.0001258
0.9496 0.0001258
0.94995 0.0002093
0.9503 0.0004093999999999
0.95065 0.0014809
0.951 0.0014809
0.95135 0.000606
0.9517 0.000606
0.95205 0.0006885
0.9524 0.0006885
0.95275 0.0005048
0.9531 0.0002842999999999
0.95345 0.0002842999999999
0.9538 0.0004158
0.95415 0.0006631
0.9545 0.0006631
0.95485 0.0010497
0.9552 0.0007537
0.95555 0.0010967
0.9559 0.0010967
0.95625 0.001102
0.9566 0.001102
0.95695 0.000324
0.9573 0.000324
0.95765 0.0013682
0.958 0.0013682
0.95835 0.001025
0.9587 0.001025
0.95905 0.001025
0.9594 0.0003216
0.95975 0.0003216
0.9601 0.0013287
0.96045 0.0013287
0.9608 0.0006092
0.96115 0.0006092
0.9615 0.0008557
0.96185 0.0011755
0.9622 0.0008557
0.96255 0.0002731999999999
0.9629 0.0002731999999999
0.96325 0.0004277
0.9636 0.0004277
0.96395 0.0004008
0.9643 0.0004008
0.96465 0.0014697
0.965 0.0014697
0.96535 0.000779
0.9657 0.0003517
0.96605 0.000779
0.9664 0.0004946
0.96675 0.0004946
0.9671 0.0003941
0.96745 0.0003941
0.9678 0.0011110999999999
0.96815 0.0011110999999999
0.9685 0.0008527999999999
0.96885 0.0003168999999999
0.9692 0.0003168999999999
0.96955 0.0008747
0.9699 0.0013675999999999
0.97025 0.0013675999999999
0.9706 0.0012993
0.97095 0.0012993
0.9713 0.0013575999999999
0.97165 0.0015203
0.972 0.0015203
0.97235 0.0011575
0.9727 0.0011363
0.97305 0.000677
0.9734 0.0006442
0.97375 0.0003973
0.9741 0.0003973
0.97445 0.0003973
0.9748 0.000762
0.97515 0.0009806
0.9755 0.0012159
0.97585 0.0012159
0.9762 0.0009193999999999
0.97655 0.0009193999999999
0.9769 0.0013345999999999
0.97725 0.0015785999999999
0.9776 0.0015785999999999
0.97795 0.0009279999999999
0.9783 0.0004693999999999
0.97865 0.0004693999999999
0.979 0.0004693999999999
0.97935 0.0006669
0.9797 0.0007742
0.98005 0.0008475
0.9804 0.0007742
0.98075 0.0004962
0.9811 0.0004962
0.98145 0.0007612
0.9818 0.0007612
0.98215 0.0006805
0.9825 0.000458
0.98285 0.0003788
0.9832 0.000458
0.98355 0.0006048
0.9839 0.0006856
0.98425 0.0007267
0.9846 0.0007267
0.98495 0.0007308
0.9853 0.0006065
0.98565 0.0005708999999999
0.986 0.0004892
0.98635 0.0004892
0.9867 0.0003353
0.98705 0.000411
0.9874 0.000411
0.98775 0.000411
0.9881 0.000147
0.98845 0.0001391
0.9888 0.0001391
0.98915 0.0002065
0.9895 0.0005059
0.98985 0.0002987
0.9902 0.0005691
0.99055 0.0003983
0.9909 0.0005666
0.99125 0.0004388999999999
0.9916 0.0005666
0.99195 0.0004388999999999
0.9923 0.0005821
0.99265 0.0005537999999999
0.993 0.0005775
0.99335 0.0005775
0.9937 0.000632
0.99405 0.000632
0.9944 0.0007153
0.99475 0.0005809999999999
0.9951 0.0005809999999999
0.99545 0.0005809999999999
0.9958 0.0002588
0.99615 0.0006007
0.9965 0.0002588
0.99685 0.0006007
0.9972 0.0009096
0.99755 0.0009096
0.9979 0.0007607
0.99825 0.0005358
0.9986 0.0006418999999999
0.99895 0.0004684999999999
0.9993 0.0004684999999999
