0.3 0.0468892
0.30035 0.0468947
0.3007 0.0469
0.30105 0.0469051999999999
0.3014 0.0469103
0.30175 0.0469152
0.3021 0.0469199999999999
0.30245 0.0469246
0.3028 0.0469291
0.30315 0.0469334999999999
0.3035 0.0469376999999999
0.30385 0.0469418
0.3042 0.0469455
0.30455 0.0469491
0.3049 0.0469525
0.30525 0.0469558
0.3056 0.046959
0.30595 0.046962
0.3063 0.0469649
0.30665 0.0469676999999999
0.307 0.0469703
0.30735 0.0469728
0.3077 0.0469751999999999
0.30805 0.0469774
0.3084 0.0469795999999999
0.30875 0.0469815
0.3091 0.0469834
0.30945 0.0469851
0.3098 0.0469867
0.31015 0.0469881999999999
0.3105 0.0469895
0.31085 0.0469906999999999
0.3112 0.0469918
0.31155 0.0469928
0.3119 0.0469935999999999
0.31225 0.0469941999999999
0.3126 0.0469946999999999
0.31295 0.0469951
0.3133 0.0469954
0.31365 0.0469954999999999
0.314 0.0469954999999999
0.31435 0.0469953
0.3147 0.0469951
0.31505 0.0469946999999999
0.3154 0.0469941999999999
0.31575 0.0469935999999999
0.3161 0.0469928
0.31645 0.046992
0.3168 0.046991
0.31715 0.0469898
0.3175 0.0469886
0.31785 0.0469871999999999
0.3182 0.0469858
0.31855 0.0469842
0.3189 0.0469824999999999
0.31925 0.0469806
0.3196 0.0469787
0.31995 0.0469765999999999
0.3203 0.0469744
0.32065 0.0469721
0.321 0.0469696999999999
0.32135 0.0469671
0.3217 0.0469645
0.32205 0.0469616999999999
0.3224 0.0469588
0.32275 0.0469558
0.3231 0.0469527
0.32345 0.0469495
0.3238 0.0469462
0.32415 0.0469427
0.3245 0.0469392
0.32485 0.0469355
0.3252 0.0469316999999999
0.32555 0.0469278
0.3259 0.0469238
0.32625 0.0469196999999999
0.3266 0.0469155
0.32695 0.0469111999999999
0.3273 0.0469066999999999
0.32765 0.0469022
0.328 0.0468975
0.32835 0.0468928
0.3287 0.0468879
0.32905 0.0468829
0.3294 0.0468778
0.32975 0.0468724
0.3301 0.0468662
0.33045 0.0468609
0.3308 0.0468563
0.33115 0.0468508
0.3315 0.0468452
0.33185 0.0468395
0.3322 0.0468336
0.33255 0.0468276
0.3329 0.0468214999999999
0.33325 0.0468153
0.3336 0.0468091
0.33395 0.0468026999999999
0.3343 0.0467961999999999
0.33465 0.0467895999999999
0.335 0.046783
0.33535 0.0467762
0.3357 0.0467693
0.33605 0.0467624
0.3364 0.0467553
0.33675 0.0467482
0.3371 0.046741
0.33745 0.0467341
0.3378 0.0467271999999999
0.33815 0.0467201999999999
0.3385 0.046713
0.33885 0.0467058
0.3392 0.0466985
0.33955 0.0466911
0.3399 0.0466837
0.34025 0.0466761
0.3406 0.0466685
0.34095 0.0466607
0.3413 0.0466529
0.34165 0.046645
0.342 0.0466371
0.34235 0.046629
0.3427 0.0466209
0.34305 0.0466126
0.3434 0.0466043
0.34375 0.046596
0.3441 0.0465875
0.34445 0.046579
0.3448 0.0465703
0.34515 0.0465617
0.3455 0.0465529
0.34585 0.046544
0.3462 0.0465351
0.34655 0.0465260999999999
0.3469 0.046517
0.34725 0.0465079
0.3476 0.0464986
0.34795 0.0464893
0.3483 0.04648
0.34865 0.0464705
0.349 0.046461
0.34935 0.0464514
0.3497 0.0464418
0.35005 0.046432
0.3504 0.0464222
0.35075 0.0464124
0.3511 0.0464024
0.35145 0.0463924
0.3518 0.0463823
0.35215 0.0463721999999999
0.3525 0.046362
0.35285 0.0463517
0.3532 0.0463414
0.35355 0.0463309
0.3539 0.0463205
0.35425 0.0463099
0.3546 0.0462992
0.35495 0.0462884999999999
0.3553 0.0462778
0.35565 0.046267
0.356 0.0462524999999999
0.35635 0.0462444
0.3567 0.0462343
0.35705 0.04622
0.3574 0.0462115
0.35775 0.0461991
0.3581 0.0461858
0.35845 0.0461759
0.3588 0.046163
0.35915 0.0461544
0.3595 0.046138
0.35985 0.0461224
0.3602 0.0461144
0.36055 0.0460996
0.3609 0.0460933
0.36125 0.0460835
0.3616 0.0460729
0.36195 0.0460622
0.3623 0.0460481
0.36265 0.0460368
0.363 0.0460244
0.36335 0.0460116999999999
0.3637 0.0459987
0.36405 0.0459852
0.3644 0.0459733
0.36475 0.0459604
0.3651 0.0459474
0.36545 0.0459341
0.3658 0.0459194
0.36615 0.0459074
0.3665 0.0458945999999999
0.36685 0.0458808
0.3672 0.0458672
0.36755 0.0458543
0.3679 0.0458402
0.36825 0.0458269
0.3686 0.045811
0.36895 0.0458000999999999
0.3693 0.0457856
0.36965 0.0457722
0.37 0.0457573
0.37035 0.0457425
0.3707 0.0457241
0.37105 0.0457126
0.3714 0.0457028
0.37175 0.0456866
0.3721 0.0456724
0.37245 0.0456589
0.3728 0.0456378
0.37315 0.0456312
0.3735 0.0456161999999999
0.37385 0.0455999
0.3742 0.0455888
0.37455 0.045572
0.3749 0.0455481
0.37525 0.045544
0.3756 0.0455152
0.37595 0.0455087
0.3763 0.0454903
0.37665 0.0454863
0.377 0.045468
0.37735 0.0454556
0.3777 0.0454341
0.37805 0.0454182
0.3784 0.0454121
0.37875 0.0453871
0.3791 0.0453778
0.37945 0.0453438
0.3798 0.0453267
0.38015 0.0453267
0.3805 0.0453193
0.38085 0.0453067
0.3812 0.0452933
0.38155 0.0452794
0.3819 0.0452541999999999
0.38225 0.0452256
0.3826 0.0452248
0.38295 0.0452205
0.3833 0.0452046999999999
0.38365 0.0451913
0.384 0.045174
0.38435 0.0451629
0.3847 0.0451475
0.38505 0.0451327
0.3854 0.0451171999999999
0.38575 0.0451023
0.3861 0.0450866999999999
0.38645 0.0450708
0.3868 0.0450558
0.38715 0.0450393
0.3875 0.0450251999999999
0.38785 0.0450101
0.3882 0.0449972
0.38855 0.0449788999999999
0.3889 0.0449621999999999
0.38925 0.0449481999999999
0.3896 0.0449369
0.38995 0.0449206
0.3903 0.0449015
0.39065 0.0448924
0.391 0.0448769
0.39135 0.0448619
0.3917 0.0448412
0.39205 0.0448306
0.3924 0.0448156
0.39275 0.0447874
0.3931 0.0447853
0.39345 0.0447724
0.3938 0.0447556999999999
0.39415 0.0447276999999999
0.3945 0.0447254
0.39485 0.0447027
0.3952 0.0446839999999999
0.39555 0.0446786
0.3959 0.0446532
0.39625 0.0446316999999999
0.3966 0.0446243
0.39695 0.0446193
0.3973 0.0445846
0.39765 0.0445845
0.398 0.0445656
0.39835 0.0445629
0.3987 0.0445399999999999
0.39905 0.044528
0.3994 0.0445121999999999
0.39975 0.0445028
0.4001 0.0444866
0.40045 0.0444725
0.4008 0.044451
0.40115 0.0444279999999999
0.4015 0.0444151
0.40185 0.0444151
0.4022 0.0443809
0.40255 0.0443707
0.4029 0.0443661999999999
0.40325 0.0443545
0.4036 0.0443306
0.40395 0.0443223
0.4043 0.0443089999999999
0.40465 0.0442928
0.405 0.0442788
0.40535 0.0442668
0.4057 0.0442483
0.40605 0.0442278
0.4064 0.0442116
0.40675 0.0441986999999999
0.4071 0.0441871999999999
0.40745 0.0441761999999999
0.4078 0.0441620999999999
0.40815 0.0441475
0.4085 0.0441330999999999
0.40885 0.0441029
0.4092 0.0440878
0.40955 0.0440876
0.4099 0.0440707
0.41025 0.044054
0.4106 0.0440394999999999
0.41095 0.0440246
0.4113 0.0440066
0.41165 0.0439944
0.412 0.0439659
0.41235 0.0439614
0.4127 0.0439434
0.41305 0.0439257
0.4134 0.0438888
0.41375 0.0438853
0.4141 0.0438824
0.41445 0.0438630999999999
0.4148 0.0438332
0.41515 0.043802
0.4155 0.0437875999999999
0.41585 0.0437389
0.4162 0.0437389
0.41655 0.0437471
0.4169 0.0437471
0.41725 0.0436842
0.4176 0.0436653
0.41795 0.0436842
0.4183 0.0436709999999999
0.41865 0.0436709999999999
0.419 0.0436455
0.41935 0.0436113
0.4197 0.0435717
0.42005 0.0435621999999999
0.4204 0.0435621999999999
0.42075 0.0435693
0.4211 0.0435693
0.42145 0.043555
0.4218 0.0435269
0.42215 0.0434928
0.4225 0.0434885
0.42285 0.0434885
0.4232 0.0434511
0.42355 0.043384
0.4239 0.0433679
0.42425 0.0433679
0.4246 0.0433679
0.42495 0.0433764
0.4253 0.0433541999999999
0.42565 0.0433541999999999
0.426 0.0432481
0.42635 0.0432481
0.4267 0.0432564
0.42705 0.0432916999999999
0.4274 0.0432631999999999
0.42775 0.0432631999999999
0.4281 0.0432573
0.42845 0.0432366999999999
0.4288 0.0432026
0.42915 0.0431699
0.4295 0.0431679
0.42985 0.0431616
0.4302 0.0431522
0.43055 0.0431488
0.4309 0.0431169
0.43125 0.0431169
0.4316 0.0431021
0.43195 0.043101
0.4323 0.0430935
0.43265 0.0430805
0.433 0.0430624
0.43335 0.0430491
0.4337 0.043024
0.43405 0.0430151999999999
0.4344 0.0429914
0.43475 0.0429806
0.4351 0.0429707
0.43545 0.0429503
0.4358 0.0429361999999999
0.43615 0.0429169
0.4365 0.042865
0.43685 0.0428621
0.4372 0.042855
0.43755 0.0428504
0.4379 0.0428329
0.43825 0.0428234
0.4386 0.0428178
0.43895 0.0427844
0.4393 0.042783
0.43965 0.0427464
0.44 0.0427115999999999
0.44035 0.0426181999999999
0.4407 0.0425813
0.44105 0.0425738
0.4414 0.0425689
0.44175 0.0425324
0.4421 0.0425324
0.44245 0.0425324
0.4428 0.0425811
0.44315 0.0425891
0.4435 0.0425891
0.44385 0.0424971
0.4442 0.0424971
0.44455 0.0425334999999999
0.4449 0.0425334999999999
0.44525 0.0424855
0.4456 0.0424612
0.44595 0.0424612
0.4463 0.0424612
0.44665 0.0424709999999999
0.447 0.0424496
0.44735 0.0424452
0.4477 0.0424420999999999
0.44805 0.0424241
0.4484 0.0424088
0.44875 0.0424000999999999
0.4491 0.0423999
0.44945 0.0423851
0.4498 0.0423614
0.45015 0.0423519
0.4505 0.0423426
0.45085 0.0423104
0.4512 0.0422711
0.45155 0.0422511
0.4519 0.0422416
0.45225 0.0422341
0.4526 0.0422263
0.45295 0.0422263
0.4533 0.0422068
0.45365 0.042187
0.454 0.042187
0.45435 0.0421451
0.4547 0.0421205
0.45505 0.0421225
0.4554 0.0421205
0.45575 0.0420994
0.4561 0.0420698
0.45645 0.0420698
0.4568 0.0420438
0.45715 0.0420411
0.4575 0.0420237
0.45785 0.0420237
0.4582 0.0420028
0.45855 0.0419964
0.4589 0.0419739
0.45925 0.0419319
0.4596 0.041931
0.45995 0.0419231
0.4603 0.0419231
0.46065 0.0419233
0.461 0.0419233
0.46135 0.041912
0.4617 0.0419060999999999
0.46205 0.0418934
0.4624 0.0418824
0.46275 0.0418743
0.4631 0.0418606
0.46345 0.041846
0.4638 0.0418344
0.46415 0.0418181999999999
0.4645 0.0418
0.46485 0.0417893
0.4652 0.0417498
0.46555 0.0417446
0.4659 0.0417236
0.46625 0.0416851
0.4666 0.0416784
0.46695 0.0416645
0.4673 0.0416599
0.46765 0.0416341999999999
0.468 0.0415958
0.46835 0.0415519
0.4687 0.0414518
0.46905 0.0414392
0.4694 0.0414392
0.46975 0.0414492
0.4701 0.0414533
0.47045 0.041503
0.4708 0.041503
0.47115 0.0414814
0.4715 0.0414224
0.47185 0.0414224
0.4722 0.041348
0.47255 0.041348
0.4729 0.0413649
0.47325 0.0413844
0.4736 0.0413916
0.47395 0.0413916
0.4743 0.0414019
0.47465 0.0413343
0.475 0.0413816
0.47535 0.041226
0.4757 0.0413743
0.47605 0.0413079
0.4764 0.0413079
0.47675 0.0413079
0.4771 0.0412837
0.47745 0.0413093999999999
0.4778 0.0412837
0.47815 0.0412844
0.4785 0.0412661
0.47885 0.0412635
0.4792 0.0412431
0.47955 0.0412268
0.4799 0.0412036
0.48025 0.0411894
0.4806 0.0411615
0.48095 0.0411593
0.4813 0.0411173
0.48165 0.0411158
0.482 0.0410576
0.48235 0.0410477
0.4827 0.0410434
0.48305 0.0410254
0.4834 0.0409443
0.48375 0.0409077
0.4841 0.0408351999999999
0.48445 0.0406681999999999
0.4848 0.0405931
0.48515 0.0405744
0.4855 0.0405744
0.48585 0.040587
0.4862 0.0406308
0.48655 0.0406860999999999
0.4869 0.0407735
0.48725 0.0407735
0.4876 0.0407152
0.48795 0.0407152
0.4883 0.0408369
0.48865 0.0408369
0.489 0.0408688
0.48935 0.0407546
0.4897 0.0408688
0.49005 0.0408184
0.4904 0.0408184
0.49075 0.0408011999999999
0.4911 0.0408011999999999
0.49145 0.0408059
0.4918 0.0408232
0.49215 0.0408059
0.4925 0.0407631
0.49285 0.0407428
0.4932 0.0407428
0.49355 0.0407428
0.4939 0.0407634
0.49425 0.0407634
0.4946 0.0407634
0.49495 0.0407668
0.4953 0.0407352
0.49565 0.0407434
0.496 0.0407311999999999
0.49635 0.0407181999999999
0.4967 0.0407181999999999
0.49705 0.0407029999999999
0.4974 0.040687
0.49775 0.0406743
0.4981 0.0406663
0.49845 0.0406385
0.4988 0.0406232
0.49915 0.0406069
0.4995 0.0406063
0.49985 0.0405855
0.50055 0.0404683
0.5009 0.0404683
0.50125 0.0404714
0.5016 0.0404714
0.50195 0.0404421
0.5023 0.0404169
0.50265 0.040268
0.503 0.0401019
0.50335 0.0401264999999999
0.5037 0.0401264999999999
0.50405 0.0401264999999999
0.5044 0.0402448
0.50475 0.0402999
0.5051 0.0403045999999999
0.50545 0.0402999
0.5058 0.0402188
0.50615 0.0402188
0.5065 0.0400615999999999
0.50685 0.0400892
0.5072 0.0400892
0.50755 0.0401297
0.5079 0.0401297
0.50825 0.0401008
0.5086 0.0401008
0.50895 0.0401008
0.5093 0.0400723
0.50965 0.0400324
0.51 0.0400324
0.51035 0.0400748
0.5107 0.0400945
0.51105 0.0400996999999999
0.5114 0.0400996999999999
0.51175 0.0400996999999999
0.5121 0.040123
0.51245 0.040194
0.5128 0.040194
0.51315 0.0401764
0.5135 0.0401764
0.51385 0.0401593
0.5142 0.0401593
0.51455 0.0401593
0.5149 0.0401589
0.51525 0.0402031
0.5156 0.0401911
0.51595 0.0401911
0.5163 0.0401800999999999
0.51665 0.0401584
0.517 0.0401691
0.51735 0.0401556
0.5177 0.0401538
0.51805 0.0401388
0.5184 0.0401378
0.51875 0.0401299
0.5191 0.0401201
0.51945 0.0400906
0.5198 0.0400866
0.52015 0.0400798
0.5205 0.0400661
0.52085 0.0400542
0.5212 0.0400359
0.52155 0.0400288
0.5219 0.0400029
0.52225 0.0399946
0.5226 0.0399676
0.52295 0.0399619
0.5233 0.0398
0.52365 0.0398
0.524 0.0397531
0.52435 0.0398846
0.5247 0.0398846
0.52505 0.0399028
0.5254 0.0399053
0.52575 0.0399108
0.5261 0.0399108
0.52645 0.0399056999999999
0.5268 0.0398242
0.52715 0.0398009
0.5275 0.0398009
0.52785 0.0398009
0.5282 0.0398253
0.52855 0.0398253
0.5289 0.0397696999999999
0.52925 0.0397566999999999
0.5296 0.0397346
0.52995 0.0397346
0.5303 0.0397346
0.53065 0.0396589
0.531 0.0396589
0.53135 0.0397156
0.5317 0.0397156
0.53205 0.0396906
0.5324 0.0396302
0.53275 0.0396302
0.5331 0.0396302
0.53345 0.0396279
0.5338 0.0396279
0.53415 0.0396196999999999
0.5345 0.039619
0.53485 0.0395768
0.5352 0.0395285
0.53555 0.039486
0.5359 0.0394397
0.53625 0.0394284
0.5366 0.0393936
0.53695 0.0393279
0.5373 0.0393279
0.53765 0.03926
0.538 0.0392236999999999
0.53835 0.0391766
0.5387 0.0391203
0.53905 0.0390777
0.5394 0.0389894
0.53975 0.0389049
0.5401 0.0389049
0.54045 0.0387709
0.5408 0.0386629
0.54115 0.0385006999999999
0.5415 0.0384707
0.54185 0.0382925
0.5422 0.0382241999999999
0.54255 0.0382152
0.5429 0.0382181999999999
0.54325 0.0382181999999999
0.5436 0.0382401
0.54395 0.0383251
0.5443 0.0384745
0.54465 0.0386804
0.545 0.0387005999999999
0.54535 0.0387806999999999
0.5457 0.0388936
0.54605 0.0388936
0.5464 0.038965
0.54675 0.0390419
0.5471 0.0391484
0.54745 0.0391621999999999
0.5478 0.039202
0.54815 0.0392276
0.5485 0.039237
0.54885 0.0392519999999999
0.5492 0.039237
0.54955 0.0392519999999999
0.5499 0.0391926
0.55025 0.0392681999999999
0.5506 0.0392681999999999
0.55095 0.0392681999999999
0.5513 0.0392757
0.55165 0.0392021
0.552 0.0392484
0.55235 0.0392277
0.5527 0.0392277
0.55305 0.0392277
0.5534 0.0392142
0.55375 0.0392142
0.5541 0.0392029999999999
0.55445 0.0391898
0.5548 0.0391761999999999
0.55515 0.0391761999999999
0.5555 0.0391761999999999
0.55585 0.0391973
0.5562 0.0391798
0.55655 0.0391798
0.5569 0.0391475
0.55725 0.0391475
0.5576 0.0391543
0.55795 0.0391543
0.5583 0.0391501999999999
0.55865 0.0391479
0.559 0.0391195
0.55935 0.0391286
0.5597 0.0391195
0.56005 0.0391064
0.5604 0.0390993
0.56075 0.039081
0.5611 0.0390868
0.56145 0.039081
0.5618 0.0390801
0.56215 0.0390522
0.5625 0.0390522
0.56285 0.0390529
0.5632 0.0390529
0.56355 0.0390048
0.5639 0.0389956
0.56425 0.0389974
0.5646 0.0389696999999999
0.56495 0.0389696999999999
0.5653 0.0389580999999999
0.56565 0.0389406999999999
0.566 0.0388828
0.56635 0.0388026999999999
0.5667 0.0388006
0.56705 0.0387952
0.5674 0.0387922
0.56775 0.0387466999999999
0.5681 0.0386136999999999
0.56845 0.0386136999999999
0.5688 0.0385776
0.56915 0.0385741999999999
0.5695 0.0384676
0.56985 0.0384892
0.5702 0.0384892
0.57055 0.038663
0.5709 0.038663
0.57125 0.0385700999999999
0.5716 0.0385519999999999
0.57195 0.0385514
0.5723 0.0385514
0.57265 0.0385514
0.573 0.0385673
0.57335 0.0383821999999999
0.5737 0.0384338
0.57405 0.0383698
0.5744 0.0382761999999999
0.57475 0.0382761999999999
0.5751 0.0381485
0.57545 0.0383688
0.5758 0.038368
0.57615 0.038368
0.5765 0.0383269
0.57685 0.0382691
0.5772 0.0383269
0.57755 0.0383772
0.5779 0.0384099
0.57825 0.0384368
0.5786 0.0384586
0.57895 0.0384929
0.5793 0.0384929
0.57965 0.0385073
0.58 0.038516
0.58035 0.0385311999999999
0.5807 0.0385606
0.58105 0.038604
0.5814 0.038604
0.58175 0.038619
0.5821 0.0385974
0.58245 0.0385974
0.5828 0.0385945
0.58315 0.0385945
0.5835 0.0386115999999999
0.58385 0.0386115999999999
0.5842 0.0386115999999999
0.58455 0.0386236
0.5849 0.0386236
0.58525 0.038573
0.5856 0.038573
0.58595 0.038573
0.5863 0.0385381999999999
0.58665 0.0385309
0.587 0.0384998
0.58735 0.038492
0.5877 0.0384272
0.58805 0.0383043
0.5884 0.0383043
0.58875 0.0383043
0.5891 0.0383306
0.58945 0.0383306
0.5898 0.0381739
0.59015 0.0381739
0.5905 0.0382869
0.59085 0.0382869
0.5912 0.0382588
0.59155 0.0382109
0.5919 0.0382136999999999
0.59225 0.0382109
0.5926 0.0382136999999999
0.59295 0.038252
0.5933 0.038252
0.59365 0.0381447
0.594 0.0380609
0.59435 0.0375684
0.5947 0.0375684
0.59505 0.0380106999999999
0.5954 0.0380145
0.59575 0.0380145
0.5961 0.0380145
0.59645 0.0379759
0.5968 0.0380461
0.59715 0.0380461
0.5975 0.0380461
0.59785 0.0379574
0.5982 0.0379574
0.59855 0.0380331999999999
0.5989 0.0380331999999999
0.59925 0.0380331999999999
0.5996 0.0380386
0.59995 0.0380838
0.6003 0.0380838
0.60065 0.0379645
0.601 0.0379645
0.60135 0.0380827
0.6017 0.0381393
0.60205 0.0381393
0.6024 0.0381919
0.60275 0.0381919
0.6031 0.0382098
0.60345 0.0382473
0.6038 0.0382473
0.60415 0.0382215
0.6045 0.0382215
0.60485 0.0381868
0.6052 0.0382224
0.60555 0.0381945
0.6059 0.0381945
0.60625 0.0381696
0.6066 0.0381468
0.60695 0.038147
0.6073 0.0381468
0.60765 0.0380953
0.608 0.0380595
0.60835 0.0380214
0.6087 0.0380064
0.60905 0.0379839
0.6094 0.0379826
0.60975 0.0379824
0.6101 0.0379705
0.61045 0.0379515999999999
0.6108 0.0378815
0.61115 0.0378316999999999
0.6115 0.0377346
0.61185 0.0376001
0.6122 0.0374442
0.61255 0.0374426999999999
0.6129 0.0372418
0.61325 0.0369875
0.6136 0.0366861999999999
0.61395 0.0364593
0.6143 0.0362517
0.61465 0.0360805
0.615 0.0359999
0.61535 0.0359944
0.6157 0.0359076
0.61605 0.0357211
0.6164 0.0356023
0.61675 0.0355059
0.6171 0.0352332
0.61745 0.0347403
0.6178 0.0342402
0.61815 0.0342344
0.6185 0.0338443
0.61885 0.0336343
0.6192 0.0335178
0.61955 0.0335178
0.6199 0.0336724
0.62025 0.0339454999999999
0.6206 0.034243
0.62095 0.0342484
0.6213 0.0344075999999999
0.62165 0.0346154
0.622 0.0349877
0.62235 0.0353946
0.6227 0.0357126999999999
0.62305 0.0360305999999999
0.6234 0.0363430999999999
0.62375 0.0363487
0.6241 0.0366716
0.62445 0.0369274
0.6248 0.0370890999999999
0.62515 0.0372652
0.6255 0.0374085
0.62585 0.0375315
0.6262 0.0376059
0.62655 0.0376065
0.6269 0.0376065
0.62725 0.037698
0.6276 0.037698
0.62795 0.0377391
0.6283 0.0378052
0.62865 0.0378283
0.629 0.0378678
0.62935 0.0378769
0.6297 0.037892
0.63005 0.0379232
0.6304 0.0379407
0.63075 0.0379407
0.6311 0.0378841
0.63145 0.0378672
0.6318 0.0376771
0.63215 0.0376771
0.6325 0.0378568
0.63285 0.0378654
0.6332 0.0378779
0.63355 0.0378954
0.6339 0.0379008
0.63425 0.0379087
0.6346 0.0379008
0.63495 0.0378648
0.6353 0.0378648
0.63565 0.0378292
0.636 0.0378236
0.63635 0.0378236
0.6367 0.0377621999999999
0.63705 0.0377621999999999
0.6374 0.0377621999999999
0.63775 0.0377218
0.6381 0.0377386999999999
0.63845 0.0377386999999999
0.6388 0.0377386999999999
0.63915 0.03771
0.6395 0.03771
0.63985 0.0377227
0.6402 0.0377357
0.64055 0.0377227
0.6409 0.0377093
0.64125 0.0376878
0.6416 0.0376486999999999
0.64195 0.0376397
0.6423 0.0376115
0.64265 0.0376397
0.643 0.0376115
0.64335 0.0376052
0.6437 0.0375966
0.64405 0.0375765999999999
0.6444 0.0375765999999999
0.64475 0.0375731999999999
0.6451 0.0375636999999999
0.64545 0.0375636999999999
0.6458 0.0374670999999999
0.64615 0.0372493
0.6465 0.0372493
0.64685 0.0372992
0.6472 0.0374377
0.64755 0.0374377
0.6479 0.037369
0.64825 0.0373260999999999
0.6486 0.0373487
0.64895 0.0373074
0.6493 0.0373487
0.64965 0.0373731
0.65 0.0373731
0.65035 0.0373803
0.6507 0.0373561999999999
0.65105 0.0370738
0.6514 0.0370738
0.65175 0.0370738
0.6521 0.0371798
0.65245 0.0373175
0.6528 0.0373175
0.65315 0.0372416999999999
0.6535 0.0372226
0.65385 0.0372036
0.6542 0.0369828
0.65455 0.0371245
0.6549 0.0371245
0.65525 0.0371245
0.6556 0.0369732
0.65595 0.0369204
0.6563 0.0369204
0.65665 0.0369467
0.657 0.0369527
0.65735 0.0369527
0.6577 0.0369527
0.65805 0.0369329
0.6584 0.0369329
0.65875 0.0368866999999999
0.6591 0.0368778
0.65945 0.0368778
0.6598 0.0368311
0.66015 0.0368311
0.6605 0.0368818
0.66085 0.0368818
0.6612 0.0367975
0.66155 0.0367971
0.6619 0.0367513
0.66225 0.0367112
0.6626 0.0366493
0.66295 0.0366446
0.6633 0.0366113
0.66365 0.0366096999999999
0.664 0.0366011
0.66435 0.0366011
0.6647 0.0365783
0.66505 0.0365515
0.6654 0.036451
0.66575 0.036425
0.6661 0.0363298
0.66645 0.0362737
0.6668 0.0362737
0.66715 0.0363054
0.6675 0.0363086
0.66785 0.0363352
0.6682 0.0363433
0.66855 0.036391
0.6689 0.0364156
0.66925 0.0364719
0.6696 0.0365627
0.66995 0.0366565
0.6703 0.0367309
0.67065 0.036816
0.671 0.0368161
0.67135 0.0368846
0.6717 0.0369663
0.67205 0.037051
0.6724 0.0370902
0.67275 0.0371726
0.6731 0.0372235999999999
0.67345 0.0372836
0.6738 0.0372906999999999
0.67415 0.0373197
0.6745 0.0373431999999999
0.67485 0.0373765999999999
0.6752 0.0374337
0.67555 0.0374337
0.6759 0.0374541
0.67625 0.0374689
0.6766 0.0374689
0.67695 0.0374783
0.6773 0.0374783
0.67765 0.0374921
0.678 0.0374921
0.67835 0.0374491
0.6787 0.0374372
0.67905 0.0373996999999999
0.6794 0.0373852
0.67975 0.0373735
0.6801 0.0373381999999999
0.68045 0.0373101999999999
0.6808 0.0372481
0.68115 0.0372039
0.6815 0.0371851999999999
0.68185 0.0370693
0.6822 0.0370191999999999
0.68255 0.036991
0.6829 0.036991
0.68325 0.0370092
0.6836 0.0370092
0.68395 0.0369961
0.6843 0.0369961
0.68465 0.0370319
0.685 0.0370613
0.68535 0.037103
0.6857 0.0371163
0.68605 0.0371301999999999
0.6864 0.0371301999999999
0.68675 0.037013
0.6871 0.037013
0.68745 0.0371844
0.6878 0.0371848
0.68815 0.0371844
0.6885 0.0371786999999999
0.68885 0.0371459
0.6892 0.0371459
0.68955 0.0369956
0.6899 0.0371962
0.69025 0.0371714999999999
0.6906 0.0371807
0.69095 0.0371714999999999
0.6913 0.0371401
0.69165 0.0371222
0.692 0.0370570999999999
0.69235 0.0370509
0.6927 0.0370361
0.69305 0.0370135
0.6934 0.0369518
0.69375 0.0369264
0.6941 0.0369264
0.69445 0.0369264
0.6948 0.0368002
0.69515 0.0368002
0.6955 0.0367651
0.69585 0.0365513
0.6962 0.0365513
0.69655 0.0365821999999999
0.6969 0.0365821999999999
0.69725 0.0364343
0.6976 0.0362085
0.69795 0.0362286999999999
0.6983 0.0361228
0.69865 0.0361228
0.699 0.0359204
0.69935 0.0357894999999999
0.6997 0.0356895
0.70005 0.0352136999999999
0.7004 0.0350064
0.70075 0.0350064
0.7011 0.034863
0.70145 0.034863
0.7018 0.0346898
0.70215 0.0345885
0.7025 0.0345885
0.70285 0.0345885
0.7032 0.034906
0.70355 0.034906
0.7039 0.034769
0.70425 0.034769
0.7046 0.0348977
0.70495 0.0349244
0.7053 0.0350434
0.70565 0.0355816
0.706 0.0355816
0.70635 0.0356152
0.7067 0.0356604
0.70705 0.0356604
0.7074 0.0357983
0.70775 0.0358621
0.7081 0.0359651
0.70845 0.0360938
0.7088 0.036121
0.70915 0.0360938
0.7095 0.0361931
0.70985 0.0362226
0.7102 0.0363441999999999
0.71055 0.0363441999999999
0.7109 0.0363814
0.71125 0.0364332
0.7116 0.0364808
0.71195 0.0364771
0.7123 0.0364771
0.71265 0.0364547
0.713 0.0364547
0.71335 0.0364696
0.7137 0.0365023
0.71405 0.0365023
0.7144 0.0364538
0.71475 0.0362513
0.7151 0.0361559
0.71545 0.0358619
0.7158 0.035467
0.71615 0.0354399
0.7165 0.0348814
0.71685 0.0342071999999999
0.7172 0.0334573
0.71755 0.0325586999999999
0.7179 0.0319385
0.71825 0.0316985
0.7186 0.0313610999999999
0.71895 0.0307685999999999
0.7193 0.0301582
0.71965 0.0301582
0.72 0.0290303
0.72035 0.0288925999999999
0.7207 0.0286517
0.72105 0.0286517
0.7214 0.0282671
0.72175 0.0281682
0.7221 0.0280336999999999
0.72245 0.0279082
0.7228 0.0276985
0.72315 0.0270467
0.7235 0.0251209
0.72385 0.0249081
0.7242 0.0242268
0.72455 0.0233044
0.7249 0.022546
0.72525 0.0207305
0.7256 0.0196071
0.72595 0.0196071
0.7263 0.0194599
0.72665 0.0183062999999999
0.727 0.0178747
0.72735 0.0177802
0.7277 0.0177802
0.72805 0.0189737
0.7284 0.0207487
0.72875 0.0219457
0.7291 0.0224384
0.72945 0.0227386
0.7298 0.0231379
0.73015 0.0232902
0.7305 0.0241402
0.73085 0.0255525999999999
0.7312 0.0266382999999999
0.73155 0.0269267999999999
0.7319 0.0273694999999999
0.73225 0.0278057
0.7326 0.0282984
0.73295 0.0283409
0.7333 0.0286621
0.73365 0.0300632999999999
0.734 0.0305672
0.73435 0.0307125999999999
0.7347 0.0317014
0.73505 0.0319795
0.7354 0.0324606
0.73575 0.0324606
0.7361 0.0324606
0.73645 0.03338
0.7368 0.03338
0.73715 0.0334316
0.7375 0.0342883
0.73785 0.0343838
0.7382 0.0347583
0.73855 0.0348919
0.7389 0.0350056
0.73925 0.03518
0.7396 0.0357272
0.73995 0.0357624
0.7403 0.0360118
0.74065 0.036225
0.741 0.0362728
0.74135 0.0363589999999999
0.7417 0.0364243
0.74205 0.0365401
0.7424 0.036574
0.74275 0.0366021
0.7431 0.036708
0.74345 0.0367499
0.7438 0.0367636999999999
0.74415 0.0367694
0.7445 0.0367745
0.74485 0.0367745
0.7452 0.0367713
0.74555 0.0367713
0.7459 0.0367713
0.74625 0.0367863
0.7466 0.0367808
0.74695 0.0367808
0.7473 0.0367808
0.74765 0.0367591
0.748 0.03677
0.74835 0.03677
0.7487 0.03677
0.74905 0.0367684
0.7494 0.0367643
0.74975 0.0367582
0.7501 0.0367468
0.75045 0.0367468
0.7508 0.0367483
0.75115 0.0367725
0.7515 0.0367725
0.75185 0.0367574
0.7522 0.0367388
0.75255 0.0367342
0.7529 0.0367342
0.75325 0.0367709
0.7536 0.0367709
0.75395 0.0367638
0.7543 0.0367618
0.75465 0.0367344
0.755 0.0367302
0.75535 0.0367232
0.7557 0.0367149
0.75605 0.0366991
0.7564 0.0366767
0.75675 0.0366429
0.7571 0.0366213
0.75745 0.0365556999999999
0.7578 0.0365401
0.75815 0.0365368
0.7585 0.0365237
0.75885 0.0364843
0.7592 0.036435
0.75955 0.0362602
0.7599 0.0362077
0.76025 0.0361401
0.7606 0.0360781
0.76095 0.0360781
0.7613 0.0361264
0.76165 0.0361264
0.762 0.0359397
0.76235 0.0358506999999999
0.7627 0.0358080999999999
0.76305 0.035773
0.7634 0.0357717
0.76375 0.0357683
0.7641 0.0357332
0.76445 0.0356459
0.7648 0.0356328
0.76515 0.0356328
0.7655 0.0356712
0.76585 0.0356712
0.7662 0.0356281
0.76655 0.0356249
0.7669 0.0354908
0.76725 0.0354908
0.7676 0.0355776
0.76795 0.0356888
0.7683 0.0356888
0.76865 0.0356365
0.769 0.0356195
0.76935 0.0356195
0.7697 0.0356386
0.77005 0.0356386
0.7704 0.0356132
0.77075 0.0355495
0.7711 0.0355318
0.77145 0.0355198
0.7718 0.0354967
0.77215 0.0354957
0.7725 0.0353510999999999
0.77285 0.0350779
0.7732 0.0348211
0.77355 0.0348211
0.7739 0.0348481999999999
0.77425 0.0349612
0.7746 0.0349612
0.77495 0.0349538999999999
0.7753 0.0348615
0.77565 0.0346996999999999
0.776 0.0345685
0.77635 0.0344887
0.7767 0.0344487
0.77705 0.0343663
0.7774 0.0342527
0.77775 0.0342455999999999
0.7781 0.0340878
0.77845 0.0339345
0.7788 0.0337968
0.77915 0.0336294
0.7795 0.0332905
0.77985 0.0329256
0.7802 0.0324638
0.78055 0.0324595
0.7809 0.0319522
0.78125 0.0317232
0.7816 0.0316354
0.78195 0.0315625999999999
0.7823 0.0315299
0.78265 0.0314673
0.783 0.0311813
0.78335 0.0311789
0.7837 0.0306812
0.78405 0.0306812
0.7844 0.0312479
0.78475 0.0320034
0.7851 0.0321019
0.78545 0.0321019
0.7858 0.0319008
0.78615 0.0318999
0.7865 0.0319008
0.78685 0.0319716
0.7872 0.0321128
0.78755 0.0323365
0.7879 0.0324251
0.78825 0.0326075999999999
0.7886 0.0326532
0.78895 0.0327064
0.7893 0.032733
0.78965 0.0327671
0.79 0.0327671
0.79035 0.0327537
0.7907 0.0326806
0.79105 0.0325047
0.7914 0.0322425999999999
0.79175 0.0322343
0.7921 0.0319284
0.79245 0.0315477
0.7928 0.0312236
0.79315 0.0312236
0.7935 0.0312305
0.79385 0.0312305
0.7942 0.030858
0.79455 0.0308533
0.7949 0.0304355
0.79525 0.0303105
0.7956 0.0303105
0.79595 0.0299492
0.7963 0.0299492
0.79665 0.0299089999999999
0.797 0.0298475
0.79735 0.0298475
0.7977 0.0298475
0.79805 0.0299474
0.7984 0.0300461
0.79875 0.0300680999999999
0.7991 0.0301395999999999
0.79945 0.0304527
0.7998 0.0306977
0.80015 0.0306994
0.8005 0.0308247
0.80085 0.0311035
0.8012 0.0311035
0.80155 0.0311209
0.8019 0.0311209
0.80225 0.0313950999999999
0.8026 0.0315458
0.80295 0.0317243
0.8033 0.0317243
0.80365 0.0319308
0.804 0.0320407
0.80435 0.0321337
0.8047 0.0323779
0.80505 0.0325719
0.8054 0.0326616
0.80575 0.0326616
0.8061 0.0326616
0.80645 0.0329264
0.8068 0.0332041
0.80715 0.0334452
0.8075 0.0334452
0.80785 0.0335662
0.8082 0.0336835
0.80855 0.0336835
0.8089 0.0336705999999999
0.80925 0.0335491
0.8096 0.0335491
0.80995 0.0337841
0.8103 0.0338716
0.81065 0.0338716
0.811 0.0338954999999999
0.81135 0.0340039
0.8117 0.0341416
0.81205 0.0342466
0.8124 0.034384
0.81275 0.0344917
0.8131 0.034384
0.81345 0.0346716
0.8138 0.0348094
0.81415 0.0348556
0.8145 0.0348556
0.81485 0.0334630999999999
0.8152 0.0334630999999999
0.81555 0.0348535
0.8159 0.0349615
0.81625 0.0349615
0.8166 0.0351516
0.81695 0.0351181999999999
0.8173 0.0351971
0.81765 0.0351181999999999
0.818 0.0351371
0.81835 0.0351371
0.8187 0.0352094
0.81905 0.0354443
0.8194 0.0354443
0.81975 0.0354443
0.8201 0.0355189
0.82045 0.0356506999999999
0.8208 0.0356506999999999
0.82115 0.0356365
0.8215 0.0356365
0.82185 0.0356365
0.8222 0.035528
0.82255 0.0355275
0.8229 0.0352388
0.82325 0.0338783999999999
0.8236 0.0344791
0.82395 0.0344791
0.8243 0.0355749
0.82465 0.0357865
0.825 0.0358151
0.82535 0.0358151
0.8257 0.0356955
0.82605 0.0356955
0.8264 0.0357995
0.82675 0.0358083
0.8271 0.0357995
0.82745 0.035628
0.8278 0.0351494
0.82815 0.0355526
0.8285 0.0355526
0.82885 0.0355526
0.8292 0.0357004
0.82955 0.0357473
0.8299 0.0357473
0.83025 0.0357180999999999
0.8306 0.0357180999999999
0.83095 0.0357672
0.8313 0.0358209
0.83165 0.0357672
0.832 0.0354338
0.83235 0.0354338
0.8327 0.0354508
0.83305 0.0356664
0.8334 0.0354508
0.83375 0.0354330999999999
0.8341 0.0347071
0.83445 0.0347071
0.8348 0.0347071
0.83515 0.0345296
0.8355 0.034197
0.83585 0.034197
0.8362 0.0339166
0.83655 0.0339053
0.8369 0.033589
0.83725 0.0333279
0.8376 0.032514
0.83795 0.0323201
0.8383 0.0317384
0.83865 0.0316519
0.839 0.0316519
0.83935 0.0316709
0.8397 0.0320202999999999
0.84005 0.0320202999999999
0.8404 0.0319370999999999
0.84075 0.0311968
0.8411 0.0305562999999999
0.84145 0.0305562999999999
0.8418 0.0306139
0.84215 0.0306247
0.8425 0.0317265
0.84285 0.0328085
0.8432 0.0328085
0.84355 0.0327398
0.8439 0.0322695
0.84425 0.0322695
0.8446 0.0325332
0.84495 0.032623
0.8453 0.0331194999999999
0.84565 0.0331316999999999
0.846 0.0336485
0.84635 0.0339924
0.8467 0.0339924
0.84705 0.0339690999999999
0.8474 0.0339203
0.84775 0.0339202
0.8481 0.0339202
0.84845 0.0337083
0.8488 0.0340885
0.84915 0.0343063
0.8495 0.0343063
0.84985 0.0342468
0.8502 0.0338975
0.85055 0.0330795
0.8509 0.0330795
0.85125 0.0330795
0.8516 0.0334449999999999
0.85195 0.0332608
0.8523 0.0332608
0.85265 0.032826
0.853 0.0322867
0.85335 0.0321882999999999
0.8537 0.031938
0.85405 0.0315608
0.8544 0.0309560999999999
0.85475 0.0305878
0.8551 0.0305495
0.85545 0.0296339
0.8558 0.0296339
0.85615 0.0289099
0.8565 0.0287574
0.85685 0.0283555
0.8572 0.0272337
0.85755 0.0263685
0.8579 0.0235985
0.85825 0.0235985
0.8586 0.0236557999999999
0.85895 0.0236557999999999
0.8593 0.0235374
0.85965 0.0235168
0.86 0.0223517
0.86035 0.0209927
0.8607 0.0203576
0.86105 0.0189672
0.8614 0.0183387
0.86175 0.0178334
0.8621 0.0169401
0.86245 0.0169401
0.8628 0.0166217
0.86315 0.0166972
0.8635 0.0165384
0.86385 0.0165384
0.8642 0.0145811
0.86455 0.0132784
0.8649 0.0145811
0.86525 0.0169935
0.8656 0.0172285999999999
0.86595 0.0182371
0.8663 0.0188643
0.86665 0.0188643
0.867 0.0156676
0.86735 0.0156676
0.8677 0.0157444999999999
0.86805 0.0192584
0.8684 0.0212387
0.86875 0.0218453
0.8691 0.0234225
0.86945 0.0239065
0.8698 0.0239514
0.87015 0.0239514
0.8705 0.0239514
0.87085 0.0220220999999999
0.8712 0.0210750999999999
0.87155 0.0220220999999999
0.8719 0.0218989
0.87225 0.02606
0.8726 0.0228493
0.87295 0.0228493
0.8733 0.0228493
0.87365 0.0249358
0.874 0.0265072999999999
0.87435 0.0268954
0.8747 0.0268954
0.87505 0.0268954
0.8754 0.0278464999999999
0.87575 0.0254123
0.8761 0.0258010999999999
0.87645 0.0258010999999999
0.8768 0.0258010999999999
0.87715 0.0253464
0.8775 0.020296
0.87785 0.020296
0.8782 0.0194099
0.87855 0.0194099
0.8789 0.0247113
0.87925 0.0247113
0.8796 0.0136937
0.87995 0.0090932999999999
0.8803 0.0117494
0.88065 0.0090932999999999
0.881 0.0087147
0.88135 0.0080298
0.8817 0.0061882
0.88205 0.0035586999999999
0.8824 0.001489
0.88275 0.001489
0.8831 0.001489
0.88345 0.0014857
0.8838 0.0013564
0.88415 0.0014857
0.8845 0.0022161
0.88485 0.0032489
0.8852 0.0037335999999999
0.88555 0.0037335999999999
0.8859 0.0031260999999999
0.88625 0.0019578
0.8866 0.0005491
0.88695 0.000327
0.8873 0.000327
0.88765 0.0004826999999999
0.888 0.0006962
0.88835 0.0006962
0.8887 0.0011512
0.88905 0.0004546
0.8894 0.0012933
0.88975 0.0012579
0.8901 0.0019319
0.89045 0.0018089
0.8908 0.0018089
0.89115 0.0017295
0.8915 0.0017295
0.89185 0.0021863
0.8922 0.0021863
0.89255 0.0021863
0.8929 0.002219
0.89325 0.002219
0.8936 0.0017990999999999
0.89395 0.0015335
0.8943 0.0015335
0.89465 0.0016714
0.895 0.0016714
0.89535 0.0013502
0.8957 0.0013502
0.89605 0.0017798999999999
0.8964 0.0024476999999999
0.89675 0.0037702
0.8971 0.0037702
0.89745 0.0045242
0.8978 0.0037084
0.89815 0.0045242
0.8985 0.0039903
0.89885 0.004467
0.8992 0.0039903
0.89955 0.0037186999999999
0.8999 0.0037186999999999
0.90025 0.0073751999999999
0.9006 0.0083442999999999
0.90095 0.008736
0.9013 0.0095761
0.90165 0.011322
0.902 0.011322
0.90235 0.0115098
0.9027 0.0115098
0.90305 0.013228
0.9034 0.0157366
0.90375 0.013228
0.9041 0.0167387
0.90445 0.0193402999999999
0.9048 0.0196352999999999
0.90515 0.0196352999999999
0.9055 0.0218328
0.90585 0.0245908
0.9062 0.0245908
0.90655 0.0215204
0.9069 0.0215204
0.90725 0.0230999
0.9076 0.0230999
0.90795 0.0263495999999999
0.9083 0.0190818
0.90865 0.0263495999999999
0.909 0.0241028
0.90935 0.0241028
0.9097 0.0198951
0.91005 0.0198951
0.9104 0.0270794
0.91075 0.0270794
0.9111 0.0277778
0.91145 0.0285537
0.9118 0.0285537
0.91215 0.027523
0.9125 0.0270045
0.91285 0.0270045
0.9132 0.0270045
0.91355 0.0242025999999999
0.9139 0.0282577
0.91425 0.0289308
0.9146 0.0295435
0.91495 0.0295466
0.9153 0.0295466
0.91565 0.027599
0.916 0.027599
0.91635 0.0273723999999999
0.9167 0.0285656
0.91705 0.0289355
0.9174 0.0305889
0.91775 0.0305889
0.9181 0.0305889
0.91845 0.0306502
0.9188 0.0306502
0.91915 0.0303479
0.9195 0.0293695999999999
0.91985 0.0293695999999999
0.9202 0.0293695999999999
0.92055 0.0289492
0.9209 0.0302767999999999
0.92125 0.0289492
0.9216 0.0274577999999999
0.92195 0.0259555
0.9223 0.0173337
0.92265 0.0259555
0.923 0.0308902
0.92335 0.0308902
0.9237 0.0298711
0.92405 0.0298711
0.9244 0.0298711
0.92475 0.0283322
0.9251 0.0277435
0.92545 0.0283322
0.9258 0.0280843
0.92615 0.0280843
0.9265 0.0280843
0.92685 0.0139244
0.9272 0.0295380999999999
0.92755 0.0295380999999999
0.9279 0.0295380999999999
0.92825 0.0288508
0.9286 0.0286554
0.92895 0.0288508
0.9293 0.0304175
0.92965 0.0304175
0.93 0.0293596
0.93035 0.0218155999999999
0.9307 0.0201955
0.93105 0.0182590999999999
0.9314 0.0182590999999999
0.93175 0.0182590999999999
0.9321 0.0231595
0.93245 0.0231595
0.9328 0.0285012999999999
0.93315 0.0285012999999999
0.9335 0.0282136
0.93385 0.0239394
0.9342 0.0239394
0.93455 0.0239394
0.9349 0.0251982
0.93525 0.0219739
0.9356 0.031216
0.93595 0.0270005999999999
0.9363 0.03057
0.93665 0.0287230999999999
0.937 0.0287925
0.93735 0.0287925
0.9377 0.0287925
0.93805 0.0251254
0.9384 0.0214915
0.93875 0.0214915
0.9391 0.0282125999999999
0.93945 0.0287962999999999
0.9398 0.0287962999999999
0.94015 0.0287962999999999
0.9405 0.0227352
0.94085 0.0312402
0.9412 0.0303305
0.94155 0.0327319
0.9419 0.0327669
0.94225 0.0327669
0.9426 0.0327482
0.94295 0.0294079
0.9433 0.0294079
0.94365 0.02975
0.944 0.02975
0.94435 0.02975
0.9447 0.030136
0.94505 0.030136
0.9454 0.0309822
0.94575 0.0309822
0.9461 0.0314839
0.94645 0.0314839
0.9468 0.0300815999999999
0.94715 0.0266879
0.9475 0.0266879
0.94785 0.0286180999999999
0.9482 0.0314882
0.94855 0.0318452
0.9489 0.0314882
0.94925 0.0285866
0.9496 0.0285866
0.94995 0.0305341999999999
0.9503 0.0309764999999999
0.95065 0.0319602
0.951 0.0319602
0.95135 0.0308212
0.9517 0.0308212
0.95205 0.0310603
0.9524 0.0311039
0.95275 0.0311039
0.9531 0.0311039
0.95345 0.0313426
0.9538 0.0325684
0.95415 0.0325962999999999
0.9545 0.0325962999999999
0.95485 0.0325962999999999
0.9552 0.0309802
0.95555 0.0318593
0.9559 0.0318593
0.95625 0.0318593
0.9566 0.0315095
0.95695 0.0304149
0.9573 0.0304149
0.95765 0.0316743
0.958 0.0316743
0.95835 0.0316743
0.9587 0.0313291
0.95905 0.0313291
0.9594 0.0298445999999999
0.95975 0.0298445999999999
0.9601 0.0302973
0.96045 0.0302973
0.9608 0.0291887999999999
0.96115 0.0291887999999999
0.9615 0.0291887999999999
0.96185 0.0283093
0.9622 0.0275519999999999
0.96255 0.026076
0.9629 0.0254822
0.96325 0.0235468
0.9636 0.0236533
0.96395 0.0236533
0.9643 0.0236533
0.96465 0.0235756
0.965 0.0224802
0.96535 0.0222866
0.9657 0.0216797
0.96605 0.0209244
0.9664 0.0205956999999999
0.96675 0.0205956999999999
0.9671 0.0199947
0.96745 0.0194694
0.9678 0.0194694
0.96815 0.0213572
0.9685 0.0213572
0.96885 0.0207050999999999
0.9692 0.0197287
0.96955 0.0196389
0.9699 0.0187310999999999
0.97025 0.0165227999999999
0.9706 0.0142192999999999
0.97095 0.0137747
0.9713 0.0142192999999999
0.97165 0.0158554
0.972 0.0171616
0.97235 0.0190677
0.9727 0.0193685999999999
0.97305 0.0193685999999999
0.9734 0.0187752
0.97375 0.0184669
0.9741 0.0178459
0.97445 0.0184669
0.9748 0.0189682
0.97515 0.0189682
0.9755 0.0194997999999999
0.97585 0.0209213
0.9762 0.0209213
0.97655 0.0187909
0.9769 0.0187407
0.97725 0.0187909
0.9776 0.0177922
0.97795 0.0177922
0.9783 0.0155778
0.97865 0.0155778
0.979 0.0163662999999999
0.97935 0.0177897
0.9797 0.0177897
0.98005 0.012232
0.9804 0.0115137
0.98075 0.0115137
0.9811 0.0115137
0.98145 0.0114869
0.9818 0.0114869
0.98215 0.0114722
0.9825 0.0110846
0.98285 0.0013362
0.9832 0.0080796
0.98355 0.0080287999999999
0.9839 0.0080287999999999
0.98425 0.0080287999999999
0.9846 0.0080244
0.98495 0.0091638
0.9853 0.00201
0.98565 0.0046863
0.986 0.0023269
0.98635 0.0046863
0.9867 0.0042483999999999
0.98705 0.0042483999999999
0.9874 0.0040978
0.98775 0.004021
0.9881 0.004021
0.98845 0.0001036
0.9888 0.0001036
0.98915 0.0005949
0.9895 0.0040236
0.98985 0.0017948
0.9902 0.0041802
0.99055 0.0017948
0.9909 0.0041802
0.99125 0.004377
0.9916 0.0045983
0.99195 0.0045983
0.9923 0.0051177
0.99265 0.006239
0.993 0.0067588
0.99335 0.0067588
0.9937 0.0058614
0.99405 0.0058614
0.9944 0.0060731
0.99475 0.0060731
0.9951 0.0032841
0.99545 0.0032841
0.9958 0.0001972
0.99615 0.0044595
0.9965 0.0001372
0.99685 0.0044595
0.9972 0.0052928
0.99755 0.0052928
0.9979 0.006578
0.99825 0.0042802
0.9986 0.0048975
0.99895 0.0042802
0.9993 0.0039778
