0.3 0.4955352
0.30035 0.4966473
0.3007 0.4968955
0.30105 0.4968955
0.3014 0.4966056
0.30175 0.4960835999999999
0.3021 0.4952425999999999
0.30245 0.4937505999999999
0.3028 0.4908388
0.30315 0.4837044
0.3035 0.4837044
0.30385 0.4840369
0.3042 0.4898179
0.30455 0.4919115
0.3049 0.49268
0.30525 0.4928670999999999
0.3056 0.4928670999999999
0.30595 0.4926622
0.3063 0.4923502999999999
0.30665 0.4919564
0.307 0.4914914000000001
0.30735 0.4909490999999999
0.3077 0.4903106
0.30805 0.4895363
0.3084 0.4885473
0.30875 0.4872155999999999
0.3091 0.4851389
0.30945 0.4814732
0.3098 0.4738710999999999
0.31015 0.4700015
0.3105 0.4700015
0.31085 0.4785647
0.3112 0.4817412
0.31155 0.483017
0.3119 0.483441
0.31225 0.483441
0.3126 0.4832060999999999
0.31295 0.4828297
0.3133 0.4823600999999999
0.31365 0.4818298
0.314 0.481245
0.31435 0.4806263
0.3147 0.4799654
0.31505 0.4792809
0.3154 0.478568
0.31575 0.4778269
0.3161 0.4770582
0.31645 0.4762608
0.3168 0.4754337
0.31715 0.4745753
0.3175 0.4736827
0.31785 0.4727522
0.3182 0.4717943
0.31855 0.4707697
0.3189 0.4697004
0.31925 0.4685287
0.3196 0.4672622
0.31995 0.4658181999999999
0.3203 0.4640672999999999
0.32065 0.4617050999999999
0.321 0.4578741
0.32135 0.4490795999999999
0.3217 0.4445414000000001
0.32205 0.4445414000000001
0.3224 0.4534872
0.32275 0.4551928
0.3231 0.4551928
0.32345 0.4543839
0.3238 0.4531984999999999
0.32415 0.4518122999999999
0.3245 0.4502602
0.32485 0.4485191
0.3252 0.4466575
0.32555 0.4446254
0.3259 0.4423948
0.32625 0.4399268
0.3266 0.4371693
0.32695 0.4341385
0.3273 0.4305976999999999
0.32765 0.4265184
0.328 0.4219164000000001
0.32835 0.4164007
0.3287 0.4100645999999999
0.32905 0.4023105
0.3294 0.3914794
0.32975 0.3754017
0.3301 0.352288
0.33045 0.352288
0.3308 0.3750145
0.33115 0.3892653
0.3315 0.3983032
0.33185 0.4048057
0.3322 0.4099848
0.33255 0.4141237
0.3329 0.4177063
0.33325 0.4205837999999999
0.3336 0.4230818
0.33395 0.4250938
0.3343 0.4268621
0.33465 0.4283009
0.335 0.4295353
0.33535 0.4306027
0.3357 0.4315329
0.33605 0.4323913
0.3364 0.4330696
0.33675 0.4337082999999999
0.3371 0.4342754
0.33745 0.4347770999999999
0.3378 0.4352208999999999
0.33815 0.4355814
0.3385 0.4359198
0.33885 0.4361792
0.3392 0.4364101999999999
0.33955 0.4365587999999999
0.3399 0.4366615
0.34025 0.4366615
0.3406 0.4365772
0.34095 0.4363692
0.3413 0.4360057
0.34165 0.4354332
0.342 0.4345719
0.34235 0.4333028
0.3427 0.4314459
0.34305 0.4287245
0.3434 0.4248305999999999
0.34375 0.4186562
0.3441 0.4074893
0.34445 0.3822317999999999
0.3448 0.3822317999999999
0.34515 0.401258
0.3455 0.4137885999999999
0.34585 0.4203709
0.3462 0.4244516
0.34655 0.4273598
0.3469 0.4295148
0.34725 0.4311494
0.3476 0.4324107
0.34795 0.4333978
0.3483 0.4341788
0.34865 0.4348035
0.349 0.4353053
0.34935 0.4356808
0.3497 0.436011
0.35005 0.4362775
0.3504 0.4364675999999999
0.35075 0.4366385
0.3511 0.4367508
0.35145 0.4368332
0.3518 0.4369082
0.35215 0.4369403
0.3525 0.4369457
0.35285 0.4369457
0.3532 0.4369228
0.35355 0.436885
0.3539 0.4368335
0.35425 0.4367695
0.3546 0.436693
0.35495 0.4366064999999999
0.3553 0.4365097
0.35565 0.4363867
0.356 0.4362287999999999
0.35635 0.4361369
0.3567 0.4360087
0.35705 0.4357057
0.3574 0.4355995
0.35775 0.4355167
0.3581 0.4353026
0.35845 0.4351662
0.3588 0.4349712
0.35915 0.4348204
0.3595 0.434335
0.35985 0.4341840999999999
0.3602 0.4339455
0.36055 0.4337252
0.3609 0.4335425
0.36125 0.4335425
0.3616 0.4333153
0.36195 0.4331183
0.3623 0.4327968
0.36265 0.4326198
0.363 0.4323751
0.36335 0.4321100999999999
0.3637 0.4318510999999999
0.36405 0.4314981
0.3644 0.431318
0.36475 0.4310395
0.3651 0.4307553
0.36545 0.4304552
0.3658 0.4301220999999999
0.36615 0.4298590999999999
0.3665 0.4295736
0.36685 0.4292502
0.3672 0.4289318
0.36755 0.4286263
0.3679 0.428284
0.36825 0.42796
0.3686 0.4275508
0.36895 0.4273005
0.3693 0.4269210999999999
0.36965 0.4265948
0.37 0.4261433
0.37035 0.4258371
0.3707 0.4253560999999999
0.37105 0.4250521
0.3714 0.4247497
0.37175 0.4243067
0.3721 0.4238702
0.37245 0.4235572
0.3728 0.4230478
0.37315 0.4227558
0.3735 0.4221590999999999
0.37385 0.4218714
0.3742 0.4214175
0.37455 0.4209076
0.3749 0.4201566
0.37525 0.4200294
0.3756 0.4192987
0.37595 0.4192242
0.3763 0.4182457999999999
0.37665 0.4176980999999999
0.377 0.4176980999999999
0.37735 0.4172558
0.3777 0.4166337
0.37805 0.4160630999999999
0.3784 0.4157015
0.37875 0.4144286
0.3791 0.4143936
0.37945 0.4131479999999999
0.3798 0.4127388
0.38015 0.4127388
0.3805 0.411989
0.38085 0.4117058
0.3812 0.4111385
0.38155 0.4105036
0.3819 0.4095624
0.38225 0.4088297
0.3826 0.4084728
0.38295 0.4079194
0.3833 0.4070276
0.38365 0.4065558
0.384 0.4057098
0.38435 0.4051338
0.3847 0.404355
0.38505 0.4036183
0.3854 0.4028158
0.38575 0.4020019999999999
0.3861 0.4011866
0.38645 0.4003105
0.3868 0.3994382
0.38715 0.3985064
0.3875 0.3975579
0.38785 0.3966408
0.3882 0.3957359
0.38855 0.3946817
0.3889 0.3935128
0.38925 0.3922788
0.3896 0.3914739
0.38995 0.3902526
0.3903 0.3891194
0.39065 0.3880619
0.391 0.3867890999999999
0.39135 0.3855878
0.3917 0.3841145
0.39205 0.3828118
0.3924 0.3815094
0.39275 0.3799225
0.3931 0.3785612
0.39345 0.3770827
0.3938 0.3754755999999999
0.39415 0.3736057
0.3945 0.3721474999999999
0.39485 0.3701807
0.3952 0.368543
0.39555 0.3667078
0.3959 0.3644636
0.39625 0.3623467999999999
0.3966 0.3604093
0.39695 0.3584600999999999
0.3973 0.3561424
0.39765 0.3537967
0.398 0.3511508
0.39835 0.3491339
0.3987 0.3460348
0.39905 0.3435235
0.3994 0.3411955
0.39975 0.3382998
0.4001 0.3353279
0.40045 0.3321810999999999
0.4008 0.3287176
0.40115 0.3235809
0.4015 0.3217801
0.40185 0.3177534
0.4022 0.3125934999999999
0.40255 0.3078429
0.4029 0.3012935
0.40325 0.2927431
0.4036 0.2815566
0.40395 0.2688171
0.4043 0.2366422999999999
0.40465 0.2366422999999999
0.405 0.2611375
0.40535 0.2757547999999999
0.4057 0.2858792
0.40605 0.2937384
0.4064 0.2997720999999999
0.40675 0.3041907
0.4071 0.3077002
0.40745 0.3106708
0.4078 0.3132405
0.40815 0.3155421
0.4085 0.3155421
0.40885 0.3176404
0.4092 0.3215039
0.40955 0.3233844999999999
0.4099 0.3249245
0.41025 0.3265804
0.4106 0.3280192999999999
0.41095 0.3294279
0.4113 0.3306487
0.41165 0.3320600999999999
0.412 0.3329925999999999
0.41235 0.3342954
0.4127 0.3353117
0.41305 0.3353117
0.4134 0.33642
0.41375 0.3377446
0.4141 0.3391105
0.41445 0.3398885
0.4148 0.3403676
0.41515 0.3409698
0.4155 0.3409698
0.41585 0.3384734
0.4162 0.3384734
0.41655 0.3431189
0.4169 0.343937
0.41725 0.3440635
0.4176 0.3445677
0.41795 0.344645
0.4183 0.3449998
0.41865 0.3452742
0.419 0.3455935999999999
0.41935 0.3462350999999999
0.4197 0.3455935999999999
0.42005 0.3444424
0.4204 0.3444424
0.42075 0.3465276
0.4211 0.3473742999999999
0.42145 0.3465276
0.4218 0.3465014
0.42215 0.3465014
0.4225 0.3468399
0.42285 0.3476303
0.4232 0.3476303
0.42355 0.3467487999999999
0.4239 0.3467487999999999
0.42425 0.3471652
0.4246 0.3475955999999999
0.42495 0.3479968
0.4253 0.3483386
0.42565 0.3483386
0.426 0.3464625999999999
0.42635 0.3464625999999999
0.4267 0.3471392
0.42705 0.3482337
0.4274 0.3483288
0.42775 0.3483288
0.4281 0.3480922
0.42845 0.3472119
0.4288 0.3469804
0.42915 0.3444177
0.4295 0.3456487
0.42985 0.3456487
0.4302 0.3456487
0.43055 0.3466276
0.4309 0.3443796
0.43125 0.3451184
0.4316 0.3450597
0.43195 0.3451184
0.4323 0.3463027
0.43265 0.3463027
0.433 0.3458827
0.43335 0.3458232999999999
0.4337 0.345043
0.43405 0.3450357999999999
0.4344 0.3446492
0.43475 0.3446167999999999
0.4351 0.3446167999999999
0.43545 0.344402
0.4358 0.3438556
0.43615 0.343669
0.4365 0.3427415
0.43685 0.3422197999999999
0.4372 0.3422957
0.43755 0.3422197999999999
0.4379 0.342061
0.43825 0.3418187
0.4386 0.3418055
0.43895 0.3413397999999999
0.4393 0.3412027
0.43965 0.3398275
0.44 0.3392336999999999
0.44035 0.3374775
0.4407 0.3370250999999999
0.44105 0.3370250999999999
0.4414 0.3369140999999999
0.44175 0.3360619999999999
0.4421 0.3360619999999999
0.44245 0.3360619999999999
0.4428 0.3372198
0.44315 0.3368936999999999
0.4435 0.3368936999999999
0.44385 0.3334699
0.4442 0.3334699
0.44455 0.335153
0.4449 0.335153
0.44525 0.3324533
0.4456 0.3324533
0.44595 0.3328486
0.4463 0.3332376999999999
0.44665 0.3332376999999999
0.447 0.3329962999999999
0.44735 0.332378
0.4477 0.3321956
0.44805 0.3321657
0.4484 0.3299942
0.44875 0.3317383
0.4491 0.3308205
0.44945 0.3308205
0.4498 0.3303153
0.45015 0.3301031
0.4505 0.3298355
0.45085 0.3284435
0.4512 0.327491
0.45155 0.3273076
0.4519 0.32679
0.45225 0.3271075999999999
0.4526 0.3267481
0.45295 0.3267481
0.4533 0.3262954
0.45365 0.3255241
0.454 0.3255241
0.45435 0.3241618
0.4547 0.3238214
0.45505 0.3238214
0.4554 0.3237063
0.45575 0.3218884
0.4561 0.3203302
0.45645 0.3218884
0.4568 0.3200747
0.45715 0.3207093
0.4575 0.3201968
0.45785 0.3201968
0.4582 0.3195112
0.45855 0.3195008
0.4589 0.3188796
0.45925 0.3173338
0.4596 0.3163375
0.45995 0.316717
0.4603 0.316717
0.46065 0.316717
0.461 0.3164912
0.46135 0.3160925
0.4617 0.3157244
0.46205 0.3149539
0.4624 0.3143494
0.46275 0.3143034
0.4631 0.3138779
0.46345 0.3129106
0.4638 0.312231
0.46415 0.3120567
0.4645 0.3112727
0.46485 0.311057
0.4652 0.3089969
0.46555 0.3089969
0.4659 0.3083606
0.46625 0.3066697
0.4666 0.3060055999999999
0.46695 0.3060055999999999
0.4673 0.3053292999999999
0.46765 0.3015974
0.468 0.3008475
0.46835 0.3003138
0.4687 0.2951453
0.46905 0.2880332
0.4694 0.2951453
0.46975 0.299735
0.4701 0.299735
0.47045 0.299735
0.4708 0.2988705
0.47115 0.2976357
0.4715 0.2966189
0.47185 0.2938246
0.4722 0.2881223
0.47255 0.288049
0.4729 0.288049
0.47325 0.2932078
0.4736 0.2940563
0.47395 0.2932078
0.4743 0.2928476
0.47465 0.2903147
0.475 0.2925528
0.47535 0.2607288
0.4757 0.2920917999999999
0.47605 0.2875749
0.4764 0.2875749
0.47675 0.2875749
0.4771 0.2846351
0.47745 0.2880735
0.4778 0.2855033
0.47815 0.2863984
0.4785 0.2857432
0.47885 0.2857432
0.4792 0.2843604
0.47955 0.2838017
0.4799 0.2829449
0.48025 0.2825047
0.4806 0.281703
0.48095 0.2807029
0.4813 0.2799602
0.48165 0.2781181
0.482 0.2765969
0.48235 0.275217
0.4827 0.275217
0.48305 0.2733712
0.4834 0.2695205999999999
0.48375 0.2668232
0.4841 0.2668232
0.48445 0.2630337
0.4848 0.2553242
0.48515 0.2589386
0.4855 0.2589386
0.48585 0.2589386
0.4862 0.2604425
0.48655 0.2604425
0.4869 0.2632839
0.48725 0.2632839
0.4876 0.2549607
0.48795 0.2539752999999999
0.4883 0.2549607
0.48865 0.2600485
0.489 0.2626786
0.48935 0.2600485
0.4897 0.2618326
0.49005 0.2594583
0.4904 0.2594583
0.49075 0.2546817
0.4911 0.2546817
0.49145 0.2546817
0.4918 0.2562961
0.49215 0.2534938
0.4925 0.2526275
0.49285 0.2462103
0.4932 0.2462103
0.49355 0.2462103
0.4939 0.2460231
0.49425 0.2460231
0.4946 0.2455888
0.49495 0.2475978999999999
0.4953 0.2457732
0.49565 0.2463547999999999
0.496 0.2457732
0.49635 0.2451053
0.4967 0.2448284999999999
0.49705 0.243964
0.4974 0.2421938
0.49775 0.2406324
0.4981 0.2389772
0.49845 0.2373042999999999
0.4988 0.2371123
0.49915 0.2371123
0.4995 0.2371123
0.49985 0.2361453
0.50055 0.2247245
0.5009 0.2247245
0.50125 0.2302641
0.5016 0.2302641
0.50195 0.2285359
0.5023 0.2273397999999999
0.50265 0.2205288999999999
0.503 0.1806917999999999
0.50335 0.1959239
0.5037 0.1959239
0.50405 0.1966967999999999
0.5044 0.2175453
0.50475 0.2175453
0.5051 0.2200565
0.50545 0.2200565
0.5058 0.2193875
0.50615 0.2174257
0.5065 0.2122933
0.50685 0.2045672999999999
0.5072 0.2045672999999999
0.50755 0.2071248
0.5079 0.2071248
0.50825 0.2071248
0.5086 0.2092327
0.50895 0.2092327
0.5093 0.2070086
0.50965 0.2055899
0.51 0.2055899
0.51035 0.2062949
0.5107 0.2062949
0.51105 0.2052922
0.5114 0.2046816
0.51175 0.2040989
0.5121 0.2040989
0.51245 0.2072494999999999
0.5128 0.2072494999999999
0.51315 0.2020069
0.5135 0.2020069
0.51385 0.2016382
0.5142 0.2016382
0.51455 0.2016382
0.5149 0.198294
0.51525 0.1997648
0.5156 0.1997648
0.51595 0.1997648
0.5163 0.199778
0.51665 0.199778
0.517 0.199778
0.51735 0.1982295
0.5177 0.1981005
0.51805 0.1967465
0.5184 0.1966956
0.51875 0.1965336
0.5191 0.1962539999999999
0.51945 0.1944327
0.5198 0.1939565
0.52015 0.1937657
0.5205 0.1928985
0.52085 0.1926688999999999
0.5212 0.1915433
0.52155 0.1911002
0.5219 0.1890587
0.52225 0.1882235
0.5226 0.188131
0.52295 0.1878865
0.5233 0.1756887
0.52365 0.1756887
0.524 0.1741751
0.52435 0.1831979
0.5247 0.1831979
0.52505 0.1831979
0.5254 0.1820308
0.52575 0.1818585
0.5261 0.1801736
0.52645 0.1799799
0.5268 0.1781454999999999
0.52715 0.1762744
0.5275 0.175709
0.52785 0.1757026
0.5282 0.1752957999999999
0.52855 0.1752957999999999
0.5289 0.1731947
0.52925 0.1719484
0.5296 0.1692481
0.52995 0.170944
0.5303 0.1686707
0.53065 0.1673326
0.531 0.1673326
0.53135 0.1675944
0.5317 0.1675944
0.53205 0.1634999
0.5324 0.1623562
0.53275 0.1627077
0.5331 0.1625356
0.53345 0.1625702
0.5338 0.1625356
0.53415 0.1620633
0.5345 0.161334
0.53485 0.1593416
0.5352 0.1586187999999999
0.53555 0.1578572999999999
0.5359 0.156188
0.53625 0.156188
0.5366 0.155333
0.53695 0.1534265
0.5373 0.1534265
0.53765 0.1522546
0.538 0.1515217999999999
0.53835 0.1502217
0.5387 0.1478263
0.53905 0.1470191
0.5394 0.1461744999999999
0.53975 0.1439356
0.5401 0.1439356
0.54045 0.1386576
0.5408 0.1368243999999999
0.54115 0.1368243999999999
0.5415 0.1331602999999999
0.54185 0.1331602999999999
0.5422 0.1327239
0.54255 0.1318782
0.5429 0.1305416
0.54325 0.1305416
0.5436 0.1305416
0.54395 0.1289732999999999
0.5443 0.1289732999999999
0.54465 0.1306384
0.545 0.1306384
0.54535 0.1349361
0.5457 0.1330519
0.54605 0.1330519
0.5464 0.1266065
0.54675 0.1266065
0.5471 0.1266065
0.54745 0.1310989
0.5478 0.1301364
0.54815 0.1310989
0.5485 0.1301364
0.54885 0.1306945
0.5492 0.1225255
0.54955 0.1287116
0.5499 0.1225255
0.55025 0.1271929
0.5506 0.1271145
0.55095 0.1271145
0.5513 0.1266547
0.55165 0.1257396
0.552 0.1257396
0.55235 0.1241106999999999
0.5527 0.1234673999999999
0.55305 0.1234508
0.5534 0.1225155
0.55375 0.1225155
0.5541 0.1225155
0.55445 0.1194301999999999
0.5548 0.1194301999999999
0.55515 0.1194301999999999
0.5555 0.1174671
0.55585 0.118864
0.5562 0.1173767
0.55655 0.1173767
0.5569 0.1137482
0.55725 0.1137482
0.5576 0.1141395
0.55795 0.114642
0.5583 0.1141395
0.55865 0.1137596999999999
0.559 0.1133176
0.55935 0.1130479
0.5597 0.1124141
0.56005 0.111718
0.5604 0.1106607
0.56075 0.1105686999999999
0.5611 0.1096626
0.56145 0.1091492
0.5618 0.1080946999999999
0.56215 0.1080523999999999
0.5625 0.1068655
0.56285 0.1063354
0.5632 0.1062875
0.56355 0.1053827
0.5639 0.1047347999999999
0.56425 0.1035789
0.5646 0.1027673
0.56495 0.1027673
0.5653 0.1015931
0.56565 0.1012092
0.566 0.1011084
0.56635 0.0980491
0.5667 0.0974491
0.56705 0.0974491
0.5674 0.0967263
0.56775 0.0967263
0.5681 0.0861779999999999
0.56845 0.0861779999999999
0.5688 0.0883263
0.56915 0.0923724
0.5695 0.0883263
0.56985 0.0771661
0.5702 0.0771661
0.57055 0.092454
0.5709 0.092454
0.57125 0.0888306
0.5716 0.0888306
0.57195 0.0910039
0.5723 0.0910039
0.57265 0.0891674
0.573 0.0852856999999999
0.57335 0.0852856999999999
0.5737 0.1006276999999999
0.57405 0.1006276999999999
0.5744 0.082941
0.57475 0.082941
0.5751 0.077943
0.57545 0.0856409
0.5758 0.0856409
0.57615 0.087513
0.5765 0.087513
0.57685 0.0849845
0.5772 0.0832076
0.57755 0.0832076
0.5779 0.0832076
0.57825 0.0829352
0.5786 0.0802072
0.57895 0.0806426
0.5793 0.0806426
0.57965 0.0806426
0.58 0.0797836
0.58035 0.0785022
0.5807 0.0756932
0.58105 0.0756932
0.5814 0.0766119
0.58175 0.0766119
0.5821 0.0761298
0.58245 0.0750924999999999
0.5828 0.0732721
0.58315 0.0722135
0.5835 0.0716599
0.58385 0.0709835
0.5842 0.0708701
0.58455 0.0708701
0.5849 0.0686204
0.58525 0.0658673999999999
0.5856 0.0658673999999999
0.58595 0.0685526
0.5863 0.0710214
0.58665 0.0713029
0.587 0.0713029
0.58735 0.0635328
0.5877 0.0616425999999999
0.58805 0.0539582
0.5884 0.0539582
0.58875 0.0519306
0.5891 0.0519306
0.58945 0.0519306
0.5898 0.0380432
0.59015 0.0380432
0.5905 0.0566206999999999
0.59085 0.0566206999999999
0.5912 0.0556286999999999
0.59155 0.0556286999999999
0.5919 0.064045
0.59225 0.064045
0.5926 0.0656763
0.59295 0.0639648
0.5933 0.0639648
0.59365 0.0639648
0.594 0.0509508
0.59435 0.0509508
0.5947 0.0509508
0.59505 0.0543993
0.5954 0.0593659999999999
0.59575 0.0593659999999999
0.5961 0.0593659999999999
0.59645 0.0641969
0.5968 0.0658054
0.59715 0.0658054
0.5975 0.0658054
0.59785 0.0635052
0.5982 0.0635052
0.59855 0.0605217
0.5989 0.0605217
0.59925 0.0589766999999999
0.5996 0.0589766999999999
0.59995 0.0668405
0.6003 0.0668405
0.60065 0.0441950999999999
0.601 0.0441950999999999
0.60135 0.0646936
0.6017 0.0701946
0.60205 0.0701946
0.6024 0.0726586999999999
0.60275 0.0726586999999999
0.6031 0.0734355
0.60345 0.0734355
0.6038 0.0734355
0.60415 0.0716036999999999
0.6045 0.0716036999999999
0.60485 0.0605469
0.6052 0.0727304
0.60555 0.0745643999999999
0.6059 0.0745643999999999
0.60625 0.0740891
0.6066 0.0695806
0.60695 0.0695806
0.6073 0.0634703
0.60765 0.0734597
0.608 0.0727873999999999
0.60835 0.0727873999999999
0.6087 0.0687861999999999
0.60905 0.0687861999999999
0.6094 0.0744796
0.60975 0.0744796
0.6101 0.0736611
0.61045 0.0725223
0.6108 0.0736611
0.61115 0.0756381999999999
0.6115 0.0756381999999999
0.61185 0.0732708
0.6122 0.0732708
0.61255 0.0740986
0.6129 0.0742167
0.61325 0.0740986
0.6136 0.0722426
0.61395 0.0664048
0.6143 0.0664048
0.61465 0.0702088
0.615 0.0702088
0.61535 0.0690356
0.6157 0.0683047
0.61605 0.0683047
0.6164 0.0596006999999999
0.61675 0.0596006999999999
0.6171 0.0622428
0.61745 0.0622428
0.6178 0.0615475
0.61815 0.0615475
0.6185 0.0622563999999999
0.61885 0.0622563999999999
0.6192 0.0605346
0.61955 0.0579672
0.6199 0.0579672
0.62025 0.0606626999999999
0.6206 0.0606626999999999
0.62095 0.0606626999999999
0.6213 0.0613409
0.62165 0.0631047
0.622 0.0648061
0.62235 0.0663348999999999
0.6227 0.0675698
0.62305 0.0684566
0.6234 0.0690948
0.62375 0.0695003
0.6241 0.0717291
0.62445 0.0717291
0.6248 0.0725676
0.62515 0.0737674
0.6255 0.0737674
0.62585 0.0741326
0.6262 0.074961
0.62655 0.074961
0.6269 0.0749643999999999
0.62725 0.0754978999999999
0.6276 0.0754978999999999
0.62795 0.0758287
0.6283 0.0748831
0.62865 0.0761075
0.629 0.0761666999999999
0.62935 0.0762518
0.6297 0.0763325
0.63005 0.0765452
0.6304 0.0765452
0.63075 0.0756717
0.6311 0.0749257
0.63145 0.0707289
0.6318 0.0673579
0.63215 0.0673579
0.6325 0.0733841
0.63285 0.0744604
0.6332 0.0744604
0.63355 0.0734905
0.6339 0.0734905
0.63425 0.0750189
0.6346 0.0750189
0.63495 0.0746711
0.6353 0.0746711
0.63565 0.0746711
0.636 0.0746393
0.63635 0.0746393
0.6367 0.0731496
0.63705 0.0731496
0.6374 0.0731496
0.63775 0.0650531999999999
0.6381 0.0658973
0.63845 0.0658973
0.6388 0.0658973
0.63915 0.0700848
0.6395 0.0710505
0.63985 0.0725975
0.6402 0.0746191
0.64055 0.0746191
0.6409 0.0723424
0.64125 0.0723424
0.6416 0.0706556
0.64195 0.0698249
0.6423 0.0698249
0.64265 0.0730975
0.643 0.0730975
0.64335 0.0730975
0.6437 0.0660886
0.64405 0.0595052
0.6444 0.0595052
0.64475 0.0672685
0.6451 0.0672685
0.64545 0.0672685
0.6458 0.0377828
0.64615 0.0295214
0.6465 0.0295214
0.64685 0.0543979
0.6472 0.0584969
0.64755 0.0584969
0.6479 0.0437267
0.64825 0.0437267
0.6486 0.0496066
0.64895 0.0614136999999999
0.6493 0.0647951
0.64965 0.0704547
0.65 0.0704547
0.65035 0.0710238
0.6507 0.0636905
0.65105 0.0488105
0.6514 0.0488105
0.65175 0.0488105
0.6521 0.059473
0.65245 0.0641288
0.6528 0.0641288
0.65315 0.0658552
0.6535 0.0554959
0.65385 0.0698595
0.6542 0.0554959
0.65455 0.0654368
0.6549 0.0654368
0.65525 0.0654368
0.6556 0.0533839
0.65595 0.0499639
0.6563 0.0499639
0.65665 0.0605706
0.657 0.0605706
0.65735 0.0515947999999999
0.6577 0.0515947999999999
0.65805 0.0645691
0.6584 0.0645691
0.65875 0.0652626
0.6591 0.0661993
0.65945 0.0661993
0.6598 0.0545603
0.66015 0.0545603
0.6605 0.0545603
0.66085 0.0449385999999999
0.6612 0.0449385999999999
0.66155 0.057759
0.6619 0.0624439
0.66225 0.0625160999999999
0.6626 0.0625160999999999
0.66295 0.0625160999999999
0.6633 0.0636537
0.66365 0.0636537
0.664 0.0636537
0.66435 0.0652426
0.6647 0.0652426
0.66505 0.0642638
0.6654 0.0581291999999999
0.66575 0.0642638
0.6661 0.0598563
0.66645 0.0598563
0.6668 0.0598563
0.66715 0.0436082
0.6675 0.0638838
0.66785 0.0638838
0.6682 0.0638838
0.66855 0.0569058
0.6689 0.0569058
0.66925 0.0639276999999999
0.6696 0.0644946
0.66995 0.0639276999999999
0.6703 0.065345
0.67065 0.0661095
0.671 0.0661095
0.67135 0.0684924
0.6717 0.0658383999999999
0.67205 0.0671735
0.6724 0.066423
0.67275 0.0671735
0.6731 0.0715976
0.67345 0.0715976
0.6738 0.0680949
0.67415 0.0676235
0.6745 0.0680949
0.67485 0.0663993
0.6752 0.0663993
0.67555 0.0660105
0.6759 0.0660105
0.67625 0.0635615
0.6766 0.0677541
0.67695 0.0635601
0.6773 0.0656993999999999
0.67765 0.0648050999999999
0.678 0.0648050999999999
0.67835 0.0648050999999999
0.6787 0.0657777
0.67905 0.0657777
0.6794 0.0657777
0.67975 0.0666138
0.6801 0.0666741
0.68045 0.0666138
0.6808 0.0657789999999999
0.68115 0.0657789999999999
0.6815 0.0657789999999999
0.68185 0.0643198
0.6822 0.0643198
0.68255 0.0643198
0.6829 0.0625135
0.68325 0.0592668
0.6836 0.0596660999999999
0.68395 0.0592668
0.6843 0.0587674
0.68465 0.0587674
0.685 0.0608052
0.68535 0.0610685
0.6857 0.0620744
0.68605 0.0620744
0.6864 0.0596266999999999
0.68675 0.056524
0.6871 0.056524
0.68745 0.0588442
0.6878 0.0588442
0.68815 0.0582920999999999
0.6885 0.0582920999999999
0.68885 0.0582920999999999
0.6892 0.0596625
0.68955 0.0452510999999999
0.6899 0.0569757
0.69025 0.05596
0.6906 0.0569757
0.69095 0.05596
0.6913 0.0506254
0.69165 0.0487639
0.692 0.0289019999999999
0.69235 0.0289019999999999
0.6927 0.0360446999999999
0.69305 0.0360446999999999
0.6934 0.0354327
0.69375 0.031125
0.6941 0.0347875
0.69445 0.0347875
0.6948 0.0474797
0.69515 0.0474797
0.6955 0.0422680999999999
0.69585 0.0422680999999999
0.6962 0.0443436999999999
0.69655 0.0458057
0.6969 0.0443436999999999
0.69725 0.0468139
0.6976 0.0433714
0.69795 0.0419994
0.6983 0.0419994
0.69865 0.0419994
0.699 0.0413355
0.69935 0.0413355
0.6997 0.0413355
0.70005 0.0320692
0.7004 0.0309542
0.70075 0.0309542
0.7011 0.0409007
0.70145 0.0409007
0.7018 0.0368638
0.70215 0.0368638
0.7025 0.0368638
0.70285 0.0268968999999999
0.7032 0.0268968999999999
0.70355 0.0335877
0.7039 0.0407136999999999
0.70425 0.0344568
0.7046 0.0374776
0.70495 0.0344568
0.7053 0.032012
0.70565 0.032012
0.706 0.032012
0.70635 0.0376993
0.7067 0.0376993
0.70705 0.0376993
0.7074 0.0388353
0.70775 0.0267000999999999
0.7081 0.0333653
0.70845 0.0278757
0.7088 0.0278757
0.70915 0.0274837
0.7095 0.0274837
0.70985 0.037491
0.7102 0.037491
0.71055 0.0085285
0.7109 0.0085285
0.71125 0.0182197
0.7116 0.0217634
0.71195 0.0385145999999999
0.7123 0.0385145999999999
0.71265 0.0321321
0.713 0.0321321
0.71335 0.0319749
0.7137 0.0325363
0.71405 0.0319749
0.7144 0.0251245999999999
0.71475 0.0251245999999999
0.7151 0.0522766
0.71545 0.0522766
0.7158 0.0362245999999999
0.71615 0.0221658
0.7165 0.0081356
0.71685 0.0081356
0.7172 0.009344
0.71755 0.009344
0.7179 0.009344
0.71825 0.0199638
0.7186 0.0199638
0.71895 0.0065128999999999
0.7193 0.0059035
0.71965 0.0065128999999999
0.72 0.0069714
0.72035 0.0120562
0.7207 0.0171224
0.72105 0.0171224
0.7214 0.0191784
0.72175 0.0084765
0.7221 0.02221
0.72245 0.0179198
0.7228 0.0179198
0.72315 0.0094417
0.7235 0.0060694
0.72385 0.0060694
0.7242 0.0060694
0.72455 0.0094462
0.7249 0.0094462
0.72525 0.0094462
0.7256 0.0086756
0.72595 0.0072156999999999
0.7263 0.0050487
0.72665 0.0072156999999999
0.727 0.003821
0.72735 0.0122122
0.7277 0.0107399
0.72805 0.0122122
0.7284 0.0146641
0.72875 0.0163597999999999
0.7291 0.0163597999999999
0.72945 0.0119793
0.7298 0.0098414
0.73015 0.0109437999999999
0.7305 0.0109437999999999
0.73085 0.0109437999999999
0.7312 0.014407
0.73155 0.0105873
0.7319 0.014407
0.73225 0.0096356
0.7326 0.0096356
0.73295 0.00762
0.7333 0.00762
0.73365 0.0235554
0.734 0.0235554
0.73435 0.0156878999999999
0.7347 0.0156878999999999
0.73505 0.0213095999999999
0.7354 0.0243584
0.73575 0.0213095999999999
0.7361 0.0211694
0.73645 0.0167650999999999
0.7368 0.0167650999999999
0.73715 0.0167650999999999
0.7375 0.0124081
0.73785 0.0291356
0.7382 0.0225958
0.73855 0.0225958
0.7389 0.0158102
0.73925 0.0158102
0.7396 0.0154733
0.73995 0.0154733
0.7403 0.0154733
0.74065 0.0277830999999999
0.741 0.0277830999999999
0.74135 0.0277830999999999
0.7417 0.0316524
0.74205 0.0316524
0.7424 0.0279884
0.74275 0.0279884
0.7431 0.0207798
0.74345 0.0350668
0.7438 0.0299827
0.74415 0.0299827
0.7445 0.0299827
0.74485 0.0341565999999999
0.7452 0.0341565999999999
0.74555 0.0284947999999999
0.7459 0.0241421
0.74625 0.0284947999999999
0.7466 0.0241421
0.74695 0.0213771
0.7473 0.0213771
0.74765 0.0319488
0.748 0.0341928
0.74835 0.0341928
0.7487 0.0341928
0.74905 0.0319057
0.7494 0.0319057
0.74975 0.0364523
0.7501 0.0366043
0.75045 0.0366043
0.7508 0.0375788
0.75115 0.0341348999999999
0.7515 0.0341348999999999
0.75185 0.0336892
0.7522 0.0322045
0.75255 0.0322045
0.7529 0.0322045
0.75325 0.0373272
0.7536 0.0387881999999999
0.75395 0.0378087
0.7543 0.0378087
0.75465 0.0366555999999999
0.755 0.0311767999999999
0.75535 0.0361613
0.7557 0.0358899
0.75605 0.0358899
0.7564 0.0354049
0.75675 0.0354049
0.7571 0.0304188
0.75745 0.0302632
0.7578 0.0302632
0.75815 0.0304813
0.7585 0.0332446999999999
0.75885 0.0332446999999999
0.7592 0.0327297
0.75955 0.0324305
0.7599 0.0318474
0.76025 0.0318474
0.7606 0.0298757999999999
0.76095 0.0298757999999999
0.7613 0.0303278999999999
0.76165 0.0303278999999999
0.762 0.0296319
0.76235 0.0291233
0.7627 0.0285904
0.76305 0.0282945
0.7634 0.027598
0.76375 0.0270014999999999
0.7641 0.0269587999999999
0.76445 0.0258684
0.7648 0.0258684
0.76515 0.0258505
0.7655 0.0253793
0.76585 0.0248797
0.7662 0.0245842
0.76655 0.0245842
0.7669 0.0255340999999999
0.76725 0.0261374
0.7676 0.0255340999999999
0.76795 0.0246354999999999
0.7683 0.0239295
0.76865 0.0239295
0.769 0.0253058
0.76935 0.0253058
0.7697 0.0244118
0.77005 0.0243331
0.7704 0.0243331
0.77075 0.0250785
0.7711 0.0257109
0.77145 0.0257109
0.7718 0.0261587
0.77215 0.0262662
0.7725 0.0267648
0.77285 0.0267648
0.7732 0.0263432
0.77355 0.0263432
0.7739 0.0280863
0.77425 0.0281091
0.7746 0.0281091
0.77495 0.0284179
0.7753 0.0284608
0.77565 0.0284608
0.776 0.0285531
0.77635 0.0289625
0.7767 0.0285531
0.77705 0.0282118
0.7774 0.0261620999999999
0.77775 0.0263346
0.7781 0.0263346
0.77845 0.0270183
0.7788 0.0270183
0.77915 0.0269126
0.7795 0.0269126
0.77985 0.0269126
0.7802 0.0352827
0.78055 0.024427
0.7809 0.0261623
0.78125 0.024427
0.7816 0.0238035999999999
0.78195 0.0238035999999999
0.7823 0.0261452999999999
0.78265 0.0261452999999999
0.783 0.0261452999999999
0.78335 0.0267134999999999
0.7837 0.0267134999999999
0.78405 0.0260019999999999
0.7844 0.024802
0.78475 0.024802
0.7851 0.0325425
0.78545 0.0325425
0.7858 0.0299837
0.78615 0.0266022
0.7865 0.0266022
0.78685 0.0196107
0.7872 0.0196107
0.78755 0.0203776
0.7879 0.0263654999999999
0.78825 0.0263654999999999
0.7886 0.0263654999999999
0.78895 0.0250685
0.7893 0.025038
0.78965 0.0250685
0.79 0.0263891999999999
0.79035 0.0297404
0.7907 0.02914
0.79105 0.02914
0.7914 0.02914
0.79175 0.0291401999999999
0.7921 0.0291401999999999
0.79245 0.0291746
0.7928 0.0125372
0.79315 0.0229307999999999
0.7935 0.0229307999999999
0.79385 0.0239010999999999
0.7942 0.0239010999999999
0.79455 0.0236059
0.7949 0.0235094
0.79525 0.0123801
0.7956 0.0229585
0.79595 0.0115141
0.7963 0.0115141
0.79665 0.0115141
0.797 0.0173599
0.79735 0.0173599
0.7977 0.022419
0.79805 0.0386571
0.7984 0.0386571
0.79875 0.0315957
0.7991 0.0308133
0.79945 0.0277935
0.7998 0.0199587
0.80015 0.0199587
0.8005 0.0225697999999999
0.80085 0.0246852999999999
0.8012 0.0246852999999999
0.80155 0.0222792
0.8019 0.0173168
0.80225 0.0163594
0.8026 0.0163594
0.80295 0.0239625
0.8033 0.0239625
0.80365 0.0195363
0.804 0.0195363
0.80435 0.0226282
0.8047 0.0261757
0.80505 0.0273063
0.8054 0.0273063
0.80575 0.0264168
0.8061 0.0109728
0.80645 0.0109728
0.8068 0.0112409
0.80715 0.0161228
0.8075 0.0161228
0.80785 0.0134745
0.8082 0.0134745
0.80855 0.0218942
0.8089 0.0218942
0.80925 0.0093274
0.8096 0.0093274
0.80995 0.0105040999999999
0.8103 0.0168054
0.81065 0.0168054
0.811 0.0151613
0.81135 0.0141337
0.8117 0.0141337
0.81205 0.0126918
0.8124 0.0108817
0.81275 0.0126918
0.8131 0.0078818
0.81345 0.0115761
0.8138 0.0115761
0.81415 0.0115761
0.8145 0.0079180999999999
0.81485 0.0033018
0.8152 0.0033018
0.81555 0.0129967
0.8159 0.0148106
0.81625 0.0129967
0.8166 0.0147985
0.81695 0.0147985
0.8173 0.016977
0.81765 0.016977
0.818 0.0163075
0.81835 0.0123603
0.8187 0.0123603
0.81905 0.0123603
0.8194 0.0201164
0.81975 0.0201164
0.8201 0.0197597999999999
0.82045 0.0154132
0.8208 0.016293
0.82115 0.016293
0.8215 0.0227231
0.82185 0.0244649
0.8222 0.0244649
0.82255 0.0230032
0.8229 0.0084969
0.82325 0.0033637
0.8236 0.0033637
0.82395 0.0033637
0.8243 0.019295
0.82465 0.019295
0.825 0.0235669999999999
0.82535 0.0197442
0.8257 0.0268332999999999
0.82605 0.0197442
0.8264 0.0205353
0.82675 0.0205353
0.8271 0.0205353
0.82745 0.0162232
0.8278 0.0091847
0.82815 0.0162232
0.8285 0.0175627
0.82885 0.0175627
0.8292 0.0175627
0.82955 0.0200144
0.8299 0.0200144
0.83025 0.0081167
0.8306 0.0081167
0.83095 0.0112173999999999
0.8313 0.0202915
0.83165 0.0112173999999999
0.832 0.0096783999999999
0.83235 0.0096783999999999
0.8327 0.0105002999999999
0.83305 0.0160402
0.8334 0.0140675
0.83375 0.0140675
0.8341 0.0037872
0.83445 0.0037872
0.8348 0.0037872
0.83515 0.0178638
0.8355 0.0147467
0.83585 0.0147467
0.8362 0.0125517
0.83655 0.0112971
0.8369 0.0112971
0.83725 0.0074891
0.8376 0.0051503
0.83795 0.0051503
0.8383 0.0102475
0.83865 0.018266
0.839 0.018266
0.83935 0.018266
0.8397 0.0161603
0.84005 0.014182
0.8404 0.0128171
0.84075 0.0128171
0.8411 0.0168343
0.84145 0.0168343
0.8418 0.0131563
0.84215 0.0131563
0.8425 0.0204285999999999
0.84285 0.0204285999999999
0.8432 0.0203998
0.84355 0.0203998
0.8439 0.0188486
0.84425 0.0188486
0.8446 0.0188486
0.84495 0.0220668
0.8453 0.0220668
0.84565 0.0220668
0.846 0.0252263
0.84635 0.0252263
0.8467 0.0227653
0.84705 0.0227653
0.8474 0.0227653
0.84775 0.0170087
0.8481 0.0170087
0.84845 0.021965
0.8488 0.0290359
0.84915 0.0290359
0.8495 0.0290359
0.84985 0.0356859
0.8502 0.0267644999999999
0.85055 0.0272836999999999
0.8509 0.0267644999999999
0.85125 0.0258614
0.8516 0.0258614
0.85195 0.0285729
0.8523 0.0285729
0.85265 0.0247701
0.853 0.0247701
0.85335 0.0263788
0.8537 0.0263788
0.85405 0.0263788
0.8544 0.0258267999999999
0.85475 0.0258267999999999
0.8551 0.0258267999999999
0.85545 0.0227269
0.8558 0.023959
0.85615 0.023959
0.8565 0.023959
0.85685 0.0220965
0.8572 0.0215391
0.85755 0.0180197
0.8579 0.0161976
0.85825 0.0161976
0.8586 0.016433
0.85895 0.016433
0.8593 0.0160515
0.85965 0.0158183
0.86 0.0127636
0.86035 0.0113557
0.8607 0.0113557
0.86105 0.0102323
0.8614 0.0095984
0.86175 0.0091914
0.8621 0.0083136
0.86245 0.0083136
0.8628 0.0076729
0.86315 0.0083796
0.8635 0.0083553
0.86385 0.0083553
0.8642 0.0078277
0.86455 0.0077387
0.8649 0.0078277
0.86525 0.0083252999999999
0.8656 0.0089303
0.86595 0.0099295
0.8663 0.010296
0.86665 0.010296
0.867 0.0087117999999999
0.86735 0.0087117999999999
0.8677 0.0097169
0.86805 0.0150418999999999
0.8684 0.0156662999999999
0.86875 0.0156662999999999
0.8691 0.0158927
0.86945 0.0158927
0.8698 0.0160476
0.87015 0.0160476
0.8705 0.0149731
0.87085 0.0142835
0.8712 0.0149731
0.87155 0.0165532
0.8719 0.0189604999999999
0.87225 0.0196822999999999
0.8726 0.0205129
0.87295 0.0205129
0.8733 0.0188177
0.87365 0.0179358
0.874 0.0188177
0.87435 0.0195761
0.8747 0.0195761
0.87505 0.0189685
0.8754 0.0189685
0.87575 0.0149001
0.8761 0.0182705999999999
0.87645 0.0164497
0.8768 0.0164497
0.87715 0.0145391
0.8775 0.0109385
0.87785 0.0109385
0.8782 0.0108128
0.87855 0.0108128
0.8789 0.0138789999999999
0.87925 0.0138789999999999
0.8796 0.0058402
0.87995 0.0058386
0.8803 0.0051582
0.88065 0.0051373999999999
0.881 0.0037976999999999
0.88135 0.0035728
0.8817 0.0025863
0.88205 0.0018381
0.8824 0.0011821
0.88275 0.0011821
0.8831 0.0011821
0.88345 0.001173
0.8838 0.0011598
0.88415 0.001173
0.8845 0.0014173
0.88485 0.0016384
0.8852 0.0018768
0.88555 0.0018768
0.8859 0.0017147
0.88625 0.0013568
0.8866 0.0008023999999999
0.88695 0.0006971
0.8873 0.0006971
0.88765 0.0006971
0.888 0.0007672
0.88835 0.0008625
0.8887 0.0010543
0.88905 0.0008625
0.8894 0.0011288
0.88975 0.001166
0.8901 0.0013149
0.89045 0.001233
0.8908 0.001233
0.89115 0.0012075999999999
0.8915 0.0012075999999999
0.89185 0.0010865
0.8922 0.001228
0.89255 0.001228
0.8929 0.0012709
0.89325 0.0012709
0.8936 0.0012296
0.89395 0.0011565
0.8943 0.0011142
0.89465 0.0011142
0.895 0.0011142
0.89535 0.0010761
0.8957 0.0010761
0.89605 0.0011698
0.8964 0.0012577999999999
0.89675 0.0015224
0.8971 0.0015224
0.89745 0.0015606
0.8978 0.0015606
0.89815 0.0018007
0.8985 0.0018007
0.89885 0.0015237999999999
0.8992 0.00063
0.89955 0.00063
0.8999 0.0004677
0.90025 0.0004677
0.9006 0.0004677
0.90095 0.0012546
0.9013 0.0022024
0.90165 0.003088
0.902 0.003088
0.90235 0.0030315999999999
0.9027 0.0030315999999999
0.90305 0.0028033
0.9034 0.0033801
0.90375 0.0033801
0.9041 0.0047303999999999
0.90445 0.0052431
0.9048 0.007453
0.90515 0.007453
0.9055 0.0056821999999999
0.90585 0.0056821999999999
0.9062 0.0053293
0.90655 0.0067849999999999
0.9069 0.0053293
0.90725 0.0067849999999999
0.9076 0.0068934
0.90795 0.0068934
0.9083 0.0072838
0.90865 0.0035702
0.909 0.0072841
0.90935 0.0035702
0.9097 0.0036756
0.91005 0.0028063
0.9104 0.0029352
0.91075 0.0029352
0.9111 0.0033031999999999
0.91145 0.0034865
0.9118 0.0033031999999999
0.91215 0.0034865
0.9125 0.0065822
0.91285 0.0065822
0.9132 0.0065822
0.91355 0.0041245
0.9139 0.0073056
0.91425 0.0018096
0.9146 0.00646
0.91495 0.0028803
0.9153 0.0034558999999999
0.91565 0.0034558999999999
0.916 0.0034558999999999
0.91635 0.0044995
0.9167 0.0021065999999999
0.91705 0.001872
0.9174 0.0016082
0.91775 0.0016082
0.9181 0.0013454
0.91845 0.0013454
0.9188 0.003811
0.91915 0.003811
0.9195 0.0010191
0.91985 0.0010191
0.9202 0.0089045
0.92055 0.0089045
0.9209 0.0083361
0.92125 0.0049185
0.9216 0.0031341
0.92195 0.0049185
0.9223 0.00558
0.92265 0.0064352
0.923 0.0064352
0.92335 0.0036217
0.9237 0.002581
0.92405 0.0036217
0.9244 0.002371
0.92475 0.0068351
0.9251 0.0068351
0.92545 0.0068351
0.9258 0.0063262
0.92615 0.0035917
0.9265 0.0035738
0.92685 0.0035738
0.9272 0.0026325
0.92755 0.0026325
0.9279 0.0014624
0.92825 0.0031429
0.9286 0.0024854
0.92895 0.0039412
0.9293 0.0029735
0.92965 0.0029735
0.93 0.0008437999999999
0.93035 0.0008437999999999
0.9307 0.0005534
0.93105 0.0015282
0.9314 0.0010842
0.93175 0.0016125
0.9321 0.0018882999999999
0.93245 0.0018882999999999
0.9328 0.0022628
0.93315 0.0023501999999999
0.9335 0.0023501999999999
0.93385 0.0008795
0.9342 0.0006674
0.93455 0.0005387
0.9349 0.0006674
0.93525 0.0005387
0.9356 0.0010664
0.93595 0.0016434
0.9363 0.0016864999999999
0.93665 0.0016434
0.937 0.0013915999999999
0.93735 0.0013915999999999
0.9377 0.0007147
0.93805 0.0007147
0.9384 0.0007147
0.93875 0.0020625
0.9391 0.0020625
0.93945 0.0021624
0.9398 0.0014144
0.94015 0.0022497
0.9405 0.0009181
0.94085 0.0022497
0.9412 0.0028174
0.94155 0.0028174
0.9419 0.0027613
0.94225 0.0024495
0.9426 0.0024495
0.94295 0.0005803
0.9433 0.0005803
0.94365 0.0008586
0.944 0.0008586
0.94435 0.0002895
0.9447 0.0002895
0.94505 0.0020744
0.9454 0.0020744
0.94575 0.0020744
0.9461 0.0012192
0.94645 0.0012192
0.9468 0.0012192
0.94715 0.0014301
0.9475 0.0014301
0.94785 0.0018304
0.9482 0.0023063
0.94855 0.00247
0.9489 0.00247
0.94925 0.0004445
0.9496 0.0004445
0.94995 0.0005832999999999
0.9503 0.0010135
0.95065 0.0029675
0.951 0.0029675
0.95135 0.0013659
0.9517 0.0013659
0.95205 0.0015565
0.9524 0.0015565
0.95275 0.0010317
0.9531 0.0006917
0.95345 0.0006917
0.9538 0.0013597
0.95415 0.0019935
0.9545 0.0019935
0.95485 0.002084
0.9552 0.0016455999999999
0.95555 0.0021379999999999
0.9559 0.0021379999999999
0.95625 0.0021379999999999
0.9566 0.0020863
0.95695 0.000774
0.9573 0.000774
0.95765 0.0030797
0.958 0.0030797
0.95835 0.0025468
0.9587 0.0025073
0.95905 0.0025073
0.9594 0.0008132999999999
0.95975 0.0008132999999999
0.9601 0.0023986
0.96045 0.0023986
0.9608 0.0016007
0.96115 0.0016007
0.9615 0.0020109
0.96185 0.0029508
0.9622 0.0020109
0.96255 0.0006331
0.9629 0.0006331
0.96325 0.0011520999999999
0.9636 0.0011520999999999
0.96395 0.0010603
0.9643 0.0010603
0.96465 0.0027429999999999
0.965 0.0027429999999999
0.96535 0.0017570999999999
0.9657 0.0011784
0.96605 0.0017570999999999
0.9664 0.0011784
0.96675 0.0010349
0.9671 0.0008277
0.96745 0.0008277
0.9678 0.0024028
0.96815 0.0024028
0.9685 0.0018602999999999
0.96885 0.0010613
0.9692 0.0010613
0.96955 0.0022861
0.9699 0.0029271
0.97025 0.0029271
0.9706 0.002781
0.97095 0.002781
0.9713 0.0027875
0.97165 0.0030118
0.972 0.0030118
0.97235 0.0023498
0.9727 0.0020664
0.97305 0.0016591999999999
0.9734 0.001264
0.97375 0.0011282
0.9741 0.0011282
0.97445 0.0011282
0.9748 0.0018847999999999
0.97515 0.0019658
0.9755 0.0024124
0.97585 0.0024124
0.9762 0.0018530999999999
0.97655 0.0018530999999999
0.9769 0.0023742
0.97725 0.0029433
0.9776 0.0029433
0.97795 0.0019137
0.9783 0.0010325
0.97865 0.0010325
0.979 0.0010325
0.97935 0.0014458
0.9797 0.0015581
0.98005 0.0016340999999999
0.9804 0.0015581
0.98075 0.0013245
0.9811 0.0013245
0.98145 0.0016954
0.9818 0.0016954
0.98215 0.0014999
0.9825 0.0010659
0.98285 0.0008172
0.9832 0.0010659
0.98355 0.0014953
0.9839 0.0014965
0.98425 0.0015795
0.9846 0.0015795
0.98495 0.0016179999999999
0.9853 0.0012719
0.98565 0.0011656
0.986 0.001124
0.98635 0.001124
0.9867 0.0008201
0.98705 0.0009462
0.9874 0.0009462
0.98775 0.0009462
0.9881 0.0005167999999999
0.98845 0.0003521
0.9888 0.0003521
0.98915 0.0005528
0.9895 0.0011975
0.98985 0.000781
0.9902 0.0012974
0.99055 0.0008043
0.9909 0.0013115
0.99125 0.0010597999999999
0.9916 0.0012534
0.99195 0.0010597999999999
0.9923 0.0012534
0.99265 0.0012571
0.993 0.0013152
0.99335 0.0013152
0.9937 0.0013276
0.99405 0.0013276
0.9944 0.0014510999999999
0.99475 0.0012376
0.9951 0.0012376
0.99545 0.0012376
0.9958 0.0005862
0.99615 0.0013460999999999
0.9965 0.0005862
0.99685 0.0013460999999999
0.9972 0.00178
0.99755 0.00178
0.9979 0.0014845999999999
0.99825 0.0011539
0.9986 0.0012901
0.99895 0.0010868
0.9993 0.0010868
