0.3 0.0017546
0.30035 0.0017578
0.3007 0.001761
0.30105 0.0017643
0.3014 0.0017675999999999
0.30175 0.0017707999999999
0.3021 0.0017741
0.30245 0.0017774
0.3028 0.0017808
0.30315 0.0017840999999999
0.3035 0.0017875
0.30385 0.0017908
0.3042 0.0017942
0.30455 0.0017976
0.3049 0.001801
0.30525 0.0018044
0.3056 0.0018078
0.30595 0.0018113
0.3063 0.0018147
0.30665 0.0018182
0.307 0.0018216999999999
0.30735 0.0018252
0.3077 0.0018287
0.30805 0.0018323
0.3084 0.0018358
0.30875 0.0018394
0.3091 0.001843
0.30945 0.0018465999999999
0.3098 0.0018502
0.31015 0.0018538
0.3105 0.0018574
0.31085 0.0018611
0.3112 0.0018648
0.31155 0.0018685
0.3119 0.0018722
0.31225 0.0018759
0.3126 0.0018797
0.31295 0.0018834
0.3133 0.0018872
0.31365 0.001891
0.314 0.0018949
0.31435 0.0018987
0.3147 0.0019025
0.31505 0.0019064
0.3154 0.0019102999999999
0.31575 0.0019142
0.3161 0.0019182
0.31645 0.0019221
0.3168 0.0019260999999999
0.31715 0.0019301
0.3175 0.0019340999999999
0.31785 0.0019381
0.3182 0.0019421
0.31855 0.0019462
0.3189 0.0019503
0.31925 0.0019543
0.3196 0.0019585
0.31995 0.0019625999999999
0.3203 0.0019668
0.32065 0.0019709
0.321 0.0019750999999999
0.32135 0.0019793
0.3217 0.0019836
0.32205 0.0019878
0.3224 0.0019921
0.32275 0.0019964
0.3231 0.0020007
0.32345 0.0020050999999999
0.3238 0.0020094
0.32415 0.0020137999999999
0.3245 0.0020182
0.32485 0.0020226
0.3252 0.0020271
0.32555 0.0020315
0.3259 0.002036
0.32625 0.0020405
0.3266 0.0020451
0.32695 0.0020496
0.3273 0.0020542
0.32765 0.0020588
0.328 0.0020634
0.32835 0.0020681
0.3287 0.0020727
0.32905 0.0020774
0.3294 0.0020821
0.32975 0.0020869
0.3301 0.0020916
0.33045 0.0020964
0.3308 0.0021011999999999
0.33115 0.002106
0.3315 0.0021109
0.33185 0.0021158
0.3322 0.0021206999999999
0.33255 0.0021256
0.3329 0.0021306
0.33325 0.0021355
0.3336 0.0021405
0.33395 0.0021455
0.3343 0.0021506
0.33465 0.0021557
0.335 0.0021608
0.33535 0.0021659
0.3357 0.002171
0.33605 0.0021761999999999
0.3364 0.0021814
0.33675 0.0021866
0.3371 0.0021919
0.33745 0.0021969999999999
0.3378 0.0022021999999999
0.33815 0.0022075
0.3385 0.0022126999999999
0.33885 0.002218
0.3392 0.0022233
0.33955 0.0022286
0.3399 0.002234
0.34025 0.0022393
0.3406 0.0022447
0.34095 0.0022502
0.3413 0.0022555999999999
0.34165 0.0022611
0.342 0.0022666
0.34235 0.0022722
0.3427 0.0022776999999999
0.34305 0.0022833
0.3434 0.0022889
0.34375 0.0022946
0.3441 0.0023002
0.34445 0.0023059
0.3448 0.0023116
0.34515 0.0023174
0.3455 0.0023231
0.34585 0.0023289
0.3462 0.0023348
0.34655 0.0023406
0.3469 0.0023465
0.34725 0.0023524
0.3476 0.0023584
0.34795 0.0023643
0.3483 0.0023703
0.34865 0.0023763
0.349 0.0023824
0.34935 0.0023884
0.3497 0.0023945
0.35005 0.0024007
0.3504 0.0024068
0.35075 0.0024129999999999
0.3511 0.0024192
0.35145 0.0024254999999999
0.3518 0.0024316999999999
0.35215 0.002438
0.3525 0.0024443
0.35285 0.0024506999999999
0.3532 0.0024571
0.35355 0.0024635
0.3539 0.0024699
0.35425 0.0024764
0.3546 0.0024829
0.35495 0.0024894
0.3553 0.002496
0.35565 0.0025025
0.356 0.0025091
0.35635 0.0025158
0.3567 0.0025224
0.35705 0.0025291
0.3574 0.0025359
0.35775 0.0025426
0.3581 0.0025494
0.35845 0.0025562
0.3588 0.0025629999999999
0.35915 0.0025699
0.3595 0.0025768
0.35985 0.0025837
0.3602 0.0025905999999999
0.36055 0.0025976
0.3609 0.0026046
0.36125 0.0026117
0.3616 0.0026188
0.36195 0.0026259
0.3623 0.0026330999999999
0.36265 0.0026405
0.363 0.0026478
0.36335 0.0026552
0.3637 0.0026627
0.36405 0.0026701
0.3644 0.0026776
0.36475 0.0026850999999999
0.3651 0.0026927
0.36545 0.0027003
0.3658 0.0027079
0.36615 0.0027155
0.3665 0.0027232
0.36685 0.0027309
0.3672 0.0027386999999999
0.36755 0.0027464
0.3679 0.0027541999999999
0.36825 0.0027621
0.3686 0.0027699
0.36895 0.0027778
0.3693 0.0027857
0.36965 0.0027936999999999
0.37 0.0028016
0.37035 0.0028096
0.3707 0.0028177
0.37105 0.0028257
0.3714 0.0028338
0.37175 0.002842
0.3721 0.0028501
0.37245 0.0028583
0.3728 0.0028665
0.37315 0.0028748
0.3735 0.0028831
0.37385 0.0028914
0.3742 0.0028997
0.37455 0.0029081
0.3749 0.0029164
0.37525 0.0029249
0.3756 0.0029333
0.37595 0.0029418
0.3763 0.0029503
0.37665 0.0029589
0.377 0.0029674
0.37735 0.0029760999999999
0.3777 0.0029847
0.37805 0.0029933
0.3784 0.003002
0.37875 0.0030107
0.3791 0.0030195
0.37945 0.0030281999999999
0.3798 0.0030371
0.38015 0.0030459
0.3805 0.0030548
0.38085 0.0030636999999999
0.3812 0.0030726
0.38155 0.0030816
0.3819 0.0030905
0.38225 0.0030995
0.3826 0.0031086
0.38295 0.0031177
0.3833 0.0031268
0.38365 0.0031359
0.384 0.003145
0.38435 0.0031542
0.3847 0.0031634
0.38505 0.0031726999999999
0.3854 0.0031819
0.38575 0.0031912
0.3861 0.0032005
0.38645 0.0032099
0.3868 0.0032193
0.38715 0.0032286
0.3875 0.0032375999999999
0.38785 0.0032467
0.3882 0.0032558
0.38855 0.0032649
0.3889 0.0032741
0.38925 0.0032832
0.3896 0.0032925
0.38995 0.0033016999999999
0.3903 0.0033109
0.39065 0.0033201999999999
0.391 0.0033295
0.39135 0.0033388
0.3917 0.0033482
0.39205 0.0033576
0.3924 0.003367
0.39275 0.0033763
0.3931 0.0033858
0.39345 0.0033953
0.3938 0.0034048
0.39415 0.0034143
0.3945 0.0034239
0.39485 0.0034334
0.3952 0.003443
0.39555 0.0034527
0.3959 0.0034623
0.39625 0.0034719
0.3966 0.0034816
0.39695 0.0034914
0.3973 0.0035010999999999
0.39765 0.0035109
0.398 0.0035207
0.39835 0.0035305
0.3987 0.0035402999999999
0.39905 0.0035501999999999
0.3994 0.00356
0.39975 0.00357
0.4001 0.0035799
0.40045 0.0035898
0.4008 0.0035998
0.40115 0.0036097
0.4015 0.0036198
0.40185 0.0036299
0.4022 0.0036398
0.40255 0.00365
0.4029 0.0036601
0.40325 0.0036701999999999
0.4036 0.0036803
0.40395 0.0036905
0.4043 0.0037007
0.40465 0.0037109
0.405 0.0037210999999999
0.40535 0.0037314
0.4057 0.0037415
0.40605 0.0037516
0.4064 0.0037618
0.40675 0.0037722
0.4071 0.0037827
0.40745 0.0037931999999999
0.4078 0.0038036999999999
0.40815 0.0038141
0.4085 0.0038247
0.40885 0.0038354
0.4092 0.0038461999999999
0.40955 0.003857
0.4099 0.0038678
0.41025 0.0038784999999999
0.4106 0.0038894
0.41095 0.0039003
0.4113 0.0039111999999999
0.41165 0.0039220999999999
0.412 0.003933
0.41235 0.003944
0.4127 0.0039549
0.41305 0.0039659
0.4134 0.0039768
0.41375 0.0039879
0.4141 0.0039989
0.41445 0.00401
0.4148 0.004021
0.41515 0.004032
0.4155 0.0040431
0.41585 0.0040542
0.4162 0.0040652
0.41655 0.0040766
0.4169 0.0040878
0.41725 0.0040986999999999
0.4176 0.0041101
0.41795 0.0041211999999999
0.4183 0.0041327
0.41865 0.0041438
0.419 0.0041548999999999
0.41935 0.0041659999999999
0.4197 0.0041773999999999
0.42005 0.0041884999999999
0.4204 0.0041998999999999
0.42075 0.0042115
0.4211 0.0042229999999999
0.42145 0.0042346
0.4218 0.0042461
0.42215 0.0042574
0.4225 0.0042688999999999
0.42285 0.0042803999999999
0.4232 0.0042918
0.42355 0.0043031
0.4239 0.0043143999999999
0.42425 0.0043262
0.4246 0.0043378
0.42495 0.0043492
0.4253 0.004361
0.42565 0.0043725
0.426 0.0043838
0.42635 0.0043953999999999
0.4267 0.0044071999999999
0.42705 0.0044186
0.4274 0.0044303999999999
0.42775 0.0044418999999999
0.4281 0.0044536
0.42845 0.0044652
0.4288 0.0044766
0.42915 0.0044883999999999
0.4295 0.0045
0.42985 0.0045116999999999
0.4302 0.0045233999999999
0.43055 0.004535
0.4309 0.004547
0.43125 0.0045586
0.4316 0.0045702
0.43195 0.0045821
0.4323 0.0045938
0.43265 0.0046055
0.433 0.0046172
0.43335 0.004629
0.4337 0.0046406
0.43405 0.0046523999999999
0.4344 0.0046641
0.43475 0.0046761
0.4351 0.004688
0.43545 0.0046997
0.4358 0.0047115
0.43615 0.0047233999999999
0.4365 0.004735
0.43685 0.0047468999999999
0.4372 0.0047588
0.43755 0.0047709
0.4379 0.0047831
0.43825 0.0047951999999999
0.4386 0.0048073
0.43895 0.0048192
0.4393 0.004831
0.43965 0.0048422
0.44 0.0048528
0.44035 0.0048629
0.4407 0.0048741
0.44105 0.0048857
0.4414 0.0048983
0.44175 0.0049102
0.4421 0.0049233
0.44245 0.0049367
0.4428 0.0049496
0.44315 0.0049629
0.4435 0.0049755
0.44385 0.0049876999999999
0.4442 0.005
0.44455 0.0050123999999999
0.4449 0.0050249
0.44525 0.005037
0.4456 0.0050491
0.44595 0.0050616
0.4463 0.005074
0.44665 0.0050861999999999
0.447 0.0050986
0.44735 0.0051109
0.4477 0.0051232
0.44805 0.0051354999999999
0.4484 0.0051478999999999
0.44875 0.0051601
0.4491 0.0051726
0.44945 0.0051848999999999
0.4498 0.0051971
0.45015 0.0052095
0.4505 0.0052219
0.45085 0.0052341
0.4512 0.0052463
0.45155 0.0052587
0.4519 0.005271
0.45225 0.0052832
0.4526 0.0052958
0.45295 0.0053082
0.4533 0.0053201
0.45365 0.0053328
0.454 0.005345
0.45435 0.005357
0.4547 0.0053696
0.45505 0.0053818999999999
0.4554 0.0053944
0.45575 0.0054067
0.4561 0.005419
0.45645 0.0054312
0.4568 0.0054437
0.45715 0.0054556
0.4575 0.0054681
0.45785 0.0054802
0.4582 0.0054919
0.45855 0.0055044
0.4589 0.0055161
0.45925 0.0055279
0.4596 0.0055398999999999
0.45995 0.0055527
0.4603 0.0055663999999999
0.46065 0.0055799
0.461 0.0055931
0.46135 0.0056056
0.4617 0.0056185
0.46205 0.0056313999999999
0.4624 0.0056441
0.46275 0.0056567
0.4631 0.0056691
0.46345 0.0056815
0.4638 0.0056939999999999
0.46415 0.0057065
0.4645 0.0057188999999999
0.46485 0.0057312
0.4652 0.0057428
0.46555 0.0057545
0.4659 0.0057663
0.46625 0.0057781
0.4666 0.0057901
0.46695 0.005802
0.4673 0.005814
0.46765 0.0058258999999999
0.468 0.0058376999999999
0.46835 0.0058495
0.4687 0.0058612
0.46905 0.0058731
0.4694 0.0058848999999999
0.46975 0.0058968999999999
0.4701 0.0059086999999999
0.47045 0.0059207999999999
0.4708 0.005933
0.47115 0.0059443
0.4715 0.0059565
0.47185 0.0059681
0.4722 0.0059797
0.47255 0.0059913999999999
0.4729 0.0060037
0.47325 0.0060154
0.4736 0.0060275
0.47395 0.0060396
0.4743 0.006051
0.47465 0.006063
0.475 0.0060739
0.47535 0.0060866
0.4757 0.0060978
0.47605 0.0061101
0.4764 0.0061216
0.47675 0.0061331
0.4771 0.0061449
0.47745 0.0061562
0.4778 0.0061678
0.47815 0.0061795
0.4785 0.0061911
0.47885 0.0062023999999999
0.4792 0.0062134999999999
0.47955 0.0062243
0.4799 0.0062353
0.48025 0.0062461999999999
0.4806 0.0062571
0.48095 0.0062688999999999
0.4813 0.0062797
0.48165 0.0062905
0.482 0.0063008999999999
0.48235 0.0063123
0.4827 0.0063235
0.48305 0.0063346
0.4834 0.0063446
0.48375 0.0063565
0.4841 0.0063649
0.48445 0.0063681999999999
0.4848 0.0063691
0.48515 0.0063739
0.4855 0.0063839
0.48585 0.0063949
0.4862 0.0064176
0.48655 0.0064303
0.4869 0.0064557
0.48725 0.0064769999999999
0.4876 0.006493
0.48795 0.0065108999999999
0.4883 0.006527
0.48865 0.0065418
0.489 0.0065548
0.48935 0.0065676999999999
0.4897 0.0065802
0.49005 0.0065938
0.4904 0.0066061
0.49075 0.0066184
0.4911 0.0066311
0.49145 0.0066438
0.4918 0.0066563999999999
0.49215 0.006669
0.4925 0.006681
0.49285 0.0066933999999999
0.4932 0.006706
0.49355 0.0067188999999999
0.4939 0.006731
0.49425 0.0067436
0.4946 0.006756
0.49495 0.0067684
0.4953 0.0067808999999999
0.49565 0.0067932
0.496 0.0068055
0.49635 0.0068178
0.4967 0.0068301
0.49705 0.0068423
0.4974 0.0068546
0.49775 0.0068669
0.4981 0.0068792
0.49845 0.0068911
0.4988 0.0069031
0.49915 0.0069153999999999
0.4995 0.0069274
0.49985 0.0069396999999999
0.50055 0.0069636
0.5009 0.0069753
0.50125 0.0069878999999999
0.5016 0.0069998
0.50195 0.0070113999999999
0.5023 0.0070231
0.50265 0.007034
0.503 0.0070459999999999
0.50335 0.0070571
0.5037 0.0070694999999999
0.50405 0.0070815
0.5044 0.0070922
0.50475 0.0071051
0.5051 0.0071165
0.50545 0.0071276
0.5058 0.0071388999999999
0.50615 0.0071505
0.5065 0.0071623
0.50685 0.0071717
0.5072 0.0071826
0.50755 0.0071926999999999
0.5079 0.0072024
0.50825 0.007212
0.5086 0.0072221
0.50895 0.007234
0.5093 0.0072442999999999
0.50965 0.0072548999999999
0.51 0.0072658999999999
0.51035 0.0072768
0.5107 0.0072906
0.51105 0.0073049
0.5114 0.0073199
0.51175 0.0073311
0.5121 0.0073466
0.51245 0.0073613
0.5128 0.0073753999999999
0.51315 0.007389
0.5135 0.007402
0.51385 0.0074148
0.5142 0.007427
0.51455 0.0074385
0.5149 0.0074506
0.51525 0.0074621999999999
0.5156 0.007474
0.51595 0.0074853
0.5163 0.0074967
0.51665 0.0075082
0.517 0.0075193
0.51735 0.0075308
0.5177 0.0075416
0.51805 0.0075525
0.5184 0.0075634
0.51875 0.0075739999999999
0.5191 0.0075845
0.51945 0.0075947
0.5198 0.0076051
0.52015 0.0076164
0.5205 0.0076271999999999
0.52085 0.0076375
0.5212 0.0076478
0.52155 0.0076586
0.5219 0.0076692999999999
0.52225 0.0076804
0.5226 0.0076918
0.52295 0.0077031
0.5233 0.0077141999999999
0.52365 0.0077262
0.524 0.0077387
0.52435 0.0077507999999999
0.5247 0.0077636
0.52505 0.0077759
0.5254 0.007788
0.52575 0.0077997
0.5261 0.0078117
0.52645 0.0078241
0.5268 0.0078354
0.52715 0.0078471
0.5275 0.0078584
0.52785 0.0078696
0.5282 0.0078815
0.52855 0.0078928
0.5289 0.0079037
0.52925 0.0079148
0.5296 0.0079257
0.52995 0.007937
0.5303 0.0079481
0.53065 0.0079581999999999
0.531 0.0079679
0.53135 0.0079797
0.5317 0.0079893
0.53205 0.0079986
0.5324 0.0080085
0.53275 0.0080179
0.5331 0.008027
0.53345 0.0080368
0.5338 0.0080462
0.53415 0.0080574
0.5345 0.0080667
0.53485 0.008075
0.5352 0.0080826
0.53555 0.00809
0.5359 0.0080952
0.53625 0.0080989
0.5366 0.0081032
0.53695 0.0081146
0.5373 0.0081192
0.53765 0.0081194
0.538 0.00812
0.53835 0.0081232
0.5387 0.0081281
0.53905 0.0081281
0.5394 0.0081307
0.53975 0.0081336
0.5401 0.0081336
0.54045 0.0081234
0.5408 0.0081125
0.54115 0.0080963
0.5415 0.0080787
0.54185 0.0080595
0.5422 0.0080595
0.54255 0.0080601
0.5429 0.0080637
0.54325 0.0080764
0.5436 0.0081003999999999
0.54395 0.0081411
0.5443 0.0081857
0.54465 0.0082384
0.545 0.0082855
0.54535 0.0082954999999999
0.5457 0.0083396
0.54605 0.008374
0.5464 0.0084036
0.54675 0.0084294
0.5471 0.008451
0.54745 0.0084689
0.5478 0.0084848
0.54815 0.0084952999999999
0.5485 0.0085096
0.54885 0.0085224
0.5492 0.0085344
0.54955 0.0085458
0.5499 0.0085576
0.55025 0.008568
0.5506 0.0085789
0.55095 0.0085893
0.5513 0.0085997
0.55165 0.0086103
0.552 0.0086203
0.55235 0.0086305
0.5527 0.0086402999999999
0.55305 0.0086498
0.5534 0.0086598
0.55375 0.00867
0.5541 0.0086795
0.55445 0.0086889
0.5548 0.008698
0.55515 0.0087077
0.5555 0.0087172
0.55585 0.0087267
0.5562 0.0087368
0.55655 0.0087469
0.5569 0.0087568
0.55725 0.0087671
0.5576 0.0087775
0.55795 0.0087879999999999
0.5583 0.0087982999999999
0.55865 0.0088081
0.559 0.0088186
0.55935 0.0088286
0.5597 0.0088395
0.56005 0.0088496
0.5604 0.0088598
0.56075 0.0088703
0.5611 0.0088802
0.56145 0.0088896
0.5618 0.0088991
0.56215 0.0089088999999999
0.5625 0.0089187
0.56285 0.0089284999999999
0.5632 0.0089381
0.56355 0.008947
0.5639 0.0089561
0.56425 0.0089651
0.5646 0.0089738999999999
0.56495 0.0089837
0.5653 0.0089922
0.56565 0.0089995
0.566 0.0090071
0.56635 0.0090142
0.5667 0.0090217999999999
0.56705 0.0090292999999999
0.5674 0.0090362
0.56775 0.0090453999999999
0.5681 0.0090517
0.56845 0.0090587999999999
0.5688 0.0090668
0.56915 0.0090744
0.5695 0.0090823
0.56985 0.009087
0.5702 0.0090948
0.57055 0.0091046
0.5709 0.0091104
0.57125 0.0091165
0.5716 0.0091236
0.57195 0.0091299
0.5723 0.0091355
0.57265 0.0091405
0.573 0.0091423999999999
0.57335 0.0091521
0.5737 0.0091531
0.57405 0.0091551
0.5744 0.0091561
0.57475 0.0091563999999999
0.5751 0.0091603999999999
0.57545 0.0091655
0.5758 0.0091742
0.57615 0.0091831
0.5765 0.0091952
0.57685 0.0092109
0.5772 0.0092243
0.57755 0.0092359
0.5779 0.0092479
0.57825 0.0092634
0.5786 0.0092836
0.57895 0.0092929
0.5793 0.0093128999999999
0.57965 0.0093304
0.58 0.0093486
0.58035 0.0093652
0.5807 0.0093809
0.58105 0.0093957
0.5814 0.0094091
0.58175 0.0094183
0.5821 0.0094318
0.58245 0.0094439
0.5828 0.0094556
0.58315 0.009467
0.5835 0.0094781
0.58385 0.0094887
0.5842 0.0094989999999999
0.58455 0.0095084
0.5849 0.0095188999999999
0.58525 0.0095288
0.5856 0.009539
0.58595 0.0095486
0.5863 0.0095579
0.58665 0.0095672999999999
0.587 0.0095766
0.58735 0.0095857999999999
0.5877 0.0095938
0.58805 0.0096039
0.5884 0.0096122999999999
0.58875 0.0096201
0.5891 0.0096287
0.58945 0.009636
0.5898 0.0096417
0.59015 0.0096517999999999
0.5905 0.009659
0.59085 0.0096656
0.5912 0.0096701
0.59155 0.0096766
0.5919 0.0096820999999999
0.59225 0.0096873999999999
0.5926 0.0096902
0.59295 0.0097001
0.5933 0.009704
0.59365 0.0097076
0.594 0.0097092999999999
0.59435 0.0097102
0.5947 0.0097102
0.59505 0.0097155
0.5954 0.0097196
0.59575 0.0097278
0.5961 0.0097297
0.59645 0.0097385
0.5968 0.0097521
0.59715 0.0097625
0.5975 0.0097701
0.59785 0.0097803
0.5982 0.0097911
0.59855 0.0098009
0.5989 0.0098121
0.59925 0.0098232999999999
0.5996 0.0098352
0.59995 0.0098488
0.6003 0.0098621
0.60065 0.0098729
0.601 0.0098848
0.60135 0.0098938
0.6017 0.0099069
0.60205 0.0099198
0.6024 0.0099318
0.60275 0.0099429
0.6031 0.0099534
0.60345 0.0099631
0.6038 0.0099722
0.60415 0.0099803
0.6045 0.0099881
0.60485 0.0099952
0.6052 0.0099998999999999
0.60555 0.0100044
0.6059 0.0100079
0.60625 0.0100089
0.6066 0.0100094
0.60695 0.010017
0.6073 0.0100177
0.60765 0.0100177
0.608 0.0100133
0.60835 0.0100085
0.6087 0.0100085
0.60905 0.0100138
0.6094 0.0100203
0.60975 0.0100278
0.6101 0.0100281
0.61045 0.0100281
0.6108 0.0100203
0.61115 0.0100084
0.6115 0.0099863
0.61185 0.0099522
0.6122 0.009918
0.61255 0.0099107999999999
0.6129 0.0098632
0.61325 0.0097854
0.6136 0.0096917999999999
0.61395 0.0096238
0.6143 0.0095606
0.61465 0.0095104
0.615 0.0094968
0.61535 0.0094902
0.6157 0.0094744
0.61605 0.0094184
0.6164 0.0093848
0.61675 0.00936
0.6171 0.0092739
0.61745 0.0091117
0.6178 0.0089532999999999
0.61815 0.0089471
0.6185 0.0088266
0.61885 0.0087621
0.6192 0.0087392999999999
0.61955 0.0087392999999999
0.6199 0.0087988999999999
0.62025 0.0089012
0.6206 0.0090143999999999
0.62095 0.0090206
0.6213 0.0090861
0.62165 0.0091666
0.622 0.0093052
0.62235 0.0094562
0.6227 0.0095763
0.62305 0.009696
0.6234 0.0098195
0.62375 0.0098263
0.6241 0.0099457
0.62445 0.0100434
0.6248 0.0101213
0.62515 0.0101822
0.6255 0.0102392
0.62585 0.0102919
0.6262 0.0103328999999999
0.62655 0.01034
0.6269 0.0103709
0.62725 0.0103948
0.6276 0.010416
0.62795 0.0104407999999999
0.6283 0.0104634
0.62865 0.0104795
0.629 0.0104921
0.62935 0.0104986
0.6297 0.0105116
0.63005 0.0105236
0.6304 0.0105352
0.63075 0.0105455
0.6311 0.0105535
0.63145 0.0105615
0.6318 0.0105687
0.63215 0.010575
0.6325 0.0105836
0.63285 0.0105911
0.6332 0.0105975
0.63355 0.0106033
0.6339 0.0106092
0.63425 0.010615
0.6346 0.0106212
0.63495 0.0106273
0.6353 0.0106324
0.63565 0.0106372999999999
0.636 0.0106415
0.63635 0.0106452999999999
0.6367 0.0106503999999999
0.63705 0.010655
0.6374 0.0106602
0.63775 0.0106671
0.6381 0.0106711
0.63845 0.0106732999999999
0.6388 0.0106752
0.63915 0.0106778999999999
0.6395 0.0106821
0.63985 0.0106846
0.6402 0.0106869
0.64055 0.0106926
0.6409 0.0106926
0.64125 0.0106901
0.6416 0.0106901
0.64195 0.0106904
0.6423 0.0106914
0.64265 0.0106971
0.643 0.0107064999999999
0.64335 0.0107135
0.6437 0.0107238
0.64405 0.0107362
0.6444 0.0107484
0.64475 0.0107569
0.6451 0.0107633
0.64545 0.0107686
0.6458 0.0107739
0.64615 0.0107786
0.6465 0.0107872
0.64685 0.0107975
0.6472 0.0108103
0.64755 0.0108151
0.6479 0.0108151
0.64825 0.0108107
0.6486 0.0108107
0.64895 0.0108141
0.6493 0.0108151
0.64965 0.0108151
0.65 0.0108174
0.65035 0.0108206
0.6507 0.0108249
0.65105 0.0108296
0.6514 0.0108407
0.65175 0.010848
0.6521 0.010855
0.65245 0.0108607999999999
0.6528 0.0108607999999999
0.65315 0.0108589
0.6535 0.0108545
0.65385 0.0108473
0.6542 0.0108473
0.65455 0.0108486
0.6549 0.0108493
0.65525 0.0108493
0.6556 0.0108387
0.65595 0.0108071
0.6563 0.0108071
0.65665 0.0108271
0.657 0.0108448
0.65735 0.0108511
0.6577 0.0108511
0.65805 0.0108471
0.6584 0.010845
0.65875 0.0108431
0.6591 0.0108358
0.65945 0.0108358
0.6598 0.0108458
0.66015 0.0108513999999999
0.6605 0.0108569999999999
0.66085 0.0108569999999999
0.6612 0.0108534
0.66155 0.0108443
0.6619 0.0108311
0.66225 0.0108128
0.6626 0.0108044
0.66295 0.010799
0.6633 0.0108044
0.66365 0.0108054
0.664 0.0108054
0.66435 0.0108054
0.6647 0.0108045
0.66505 0.0108011
0.6654 0.0107721
0.66575 0.0107668
0.6661 0.0107304
0.66645 0.0107207999999999
0.6668 0.0107207999999999
0.66715 0.0107409
0.6675 0.0107475
0.66785 0.0107633
0.6682 0.0107903
0.66855 0.0107952999999999
0.6689 0.0108154
0.66925 0.0108428
0.6696 0.0108795
0.66995 0.0109202999999999
0.6703 0.0109612
0.67065 0.0109968
0.671 0.0110252999999999
0.67135 0.0110303
0.6717 0.0110672999999999
0.67205 0.0111101
0.6724 0.0111445
0.67275 0.0111761
0.6731 0.0112001
0.67345 0.0112206
0.6738 0.0112387999999999
0.67415 0.0112441
0.6745 0.0112597
0.67485 0.0112789
0.6752 0.0113003
0.67555 0.0113165
0.6759 0.0113276
0.67625 0.0113366
0.6766 0.0113462
0.67695 0.0113513
0.6773 0.0113605
0.67765 0.0113677
0.678 0.0113733
0.67835 0.0113771
0.6787 0.0113771
0.67905 0.0113717
0.6794 0.0113672999999999
0.67975 0.0113622
0.6801 0.0113571
0.68045 0.0113507
0.6808 0.0113484
0.68115 0.0113458
0.6815 0.0113315
0.68185 0.0113016
0.6822 0.0112779
0.68255 0.0112732
0.6829 0.0112779
0.68325 0.0112907999999999
0.6836 0.0113045
0.68395 0.0113135
0.6843 0.0113344
0.68465 0.0113517
0.685 0.011356
0.68535 0.0113609
0.6857 0.0113732
0.68605 0.0113858
0.6864 0.0113913
0.68675 0.0114019
0.6871 0.0114019
0.68745 0.0114441
0.6878 0.0114524
0.68815 0.0114524
0.6885 0.0114541
0.68885 0.0114541
0.6892 0.0114696
0.68955 0.0114927
0.6899 0.011503
0.69025 0.0115055
0.6906 0.0115074
0.69095 0.011512
0.6913 0.0115158999999999
0.69165 0.0115228999999999
0.692 0.0115289
0.69235 0.0115294
0.6927 0.0115294
0.69305 0.0115294
0.6934 0.0115294
0.69375 0.0115281
0.6941 0.0115281
0.69445 0.0115227
0.6948 0.0115175
0.69515 0.0114983
0.6955 0.0114711
0.69585 0.0114322
0.6962 0.0114103
0.69655 0.0114056
0.6969 0.0113622
0.69725 0.0113262
0.6976 0.0113146
0.69795 0.0112976
0.6983 0.0112719999999999
0.69865 0.0112259
0.699 0.0111542
0.69935 0.0111496
0.6997 0.0110543
0.70005 0.0109765
0.7004 0.0109276
0.70075 0.0108858
0.7011 0.010816
0.70145 0.0107492
0.7018 0.010699
0.70215 0.0106931
0.7025 0.010699
0.70285 0.0107223999999999
0.7032 0.0107864
0.70355 0.0107864
0.7039 0.0107797
0.70425 0.0107797
0.7046 0.010808
0.70495 0.0108115
0.7053 0.0109654
0.70565 0.0110942
0.706 0.0111355
0.70635 0.0111377
0.7067 0.0111462
0.70705 0.0111924
0.7074 0.0112509
0.70775 0.0112567
0.7081 0.0113163
0.70845 0.0113633
0.7088 0.011394
0.70915 0.0114007999999999
0.7095 0.011406
0.70985 0.0114289
0.7102 0.011479
0.71055 0.011483
0.7109 0.0115353
0.71125 0.0115654
0.7116 0.0115654
0.71195 0.0115583
0.7123 0.011547
0.71265 0.011547
0.713 0.0115754
0.71335 0.0115792
0.7137 0.0116035
0.71405 0.0116035
0.7144 0.0115815
0.71475 0.0115346
0.7151 0.011462
0.71545 0.0113453
0.7158 0.0111887999999999
0.71615 0.0111845
0.7165 0.0109713
0.71685 0.0107466
0.7172 0.010473
0.71755 0.0102205
0.7179 0.0099956
0.71825 0.0097552
0.7186 0.0096108999999999
0.71895 0.0096099
0.7193 0.0093952
0.71965 0.0091017
0.72 0.0088051
0.72035 0.0086557
0.7207 0.0086061
0.72105 0.0084944
0.7214 0.0083334999999999
0.72175 0.0083303
0.7221 0.0082515
0.72245 0.0082362
0.7228 0.0081223999999999
0.72315 0.0078825
0.7235 0.007629
0.72385 0.007306
0.7242 0.0069257999999999
0.72455 0.0069245
0.7249 0.0063071
0.72525 0.005699
0.7256 0.0053605
0.72595 0.0053605
0.7263 0.0053438
0.72665 0.0052397
0.727 0.0048395
0.72735 0.004838
0.7277 0.0048395
0.72805 0.005177
0.7284 0.0057256
0.72875 0.0061084
0.7291 0.0062753
0.72945 0.0064063
0.7298 0.0065708
0.73015 0.0065708
0.7305 0.0069123999999999
0.73085 0.0073773
0.7312 0.0078323
0.73155 0.0081441
0.7319 0.0083426
0.73225 0.0084365
0.7326 0.008555
0.73295 0.0085572
0.7333 0.0087964
0.73365 0.00914
0.734 0.0093972999999999
0.73435 0.0096277
0.7347 0.0098562
0.73505 0.0099738
0.7354 0.0101545
0.73575 0.0101558
0.7361 0.0104312
0.73645 0.0105627999999999
0.7368 0.010589
0.73715 0.0107392
0.7375 0.0109342
0.73785 0.0110689
0.7382 0.011202
0.73855 0.0112032
0.7389 0.0113385
0.73925 0.0114595
0.7396 0.0115735
0.73995 0.0116646
0.7403 0.0117354
0.74065 0.0118094
0.741 0.0118831
0.74135 0.0118862
0.7417 0.0119274
0.74205 0.0119636
0.7424 0.0120022
0.74275 0.0120267
0.7431 0.0120502999999999
0.74345 0.0120756
0.7438 0.0120924999999999
0.74415 0.0120959
0.7445 0.0121055
0.74485 0.0121122
0.7452 0.0121171
0.74555 0.0121219
0.7459 0.0121277
0.74625 0.0121333
0.7466 0.0121342
0.74695 0.0121367
0.7473 0.0121368
0.74765 0.0121465
0.748 0.0121485
0.74835 0.0121503
0.7487 0.0121592
0.74905 0.0121627
0.7494 0.0121634
0.74975 0.0121627
0.7501 0.012166
0.75045 0.0121692
0.7508 0.0121812
0.75115 0.012189
0.7515 0.0121911
0.75185 0.0121911
0.7522 0.0121894
0.75255 0.0121894
0.7529 0.012198
0.75325 0.0122131
0.7536 0.0122224
0.75395 0.0122224
0.7543 0.0122199
0.75465 0.0122183999999999
0.755 0.0122183999999999
0.75535 0.0122216
0.7557 0.0122216
0.75605 0.0122186
0.7564 0.0122122999999999
0.75675 0.0122037
0.7571 0.0121959
0.75745 0.0121881
0.7578 0.0121792
0.75815 0.0121757999999999
0.7585 0.0121732
0.75885 0.0121667999999999
0.7592 0.0121446
0.75955 0.0120782
0.7599 0.0120522
0.76025 0.0120264
0.7606 0.0120145
0.76095 0.0120145
0.7613 0.0120378999999999
0.76165 0.0120378999999999
0.762 0.0119622
0.76235 0.0119262
0.7627 0.0119107
0.76305 0.0119057
0.7634 0.0119057
0.76375 0.0119057
0.7641 0.0118961
0.76445 0.0118625
0.7648 0.0118625
0.76515 0.0118648
0.7655 0.0118863999999999
0.76585 0.0118863999999999
0.7662 0.0118751
0.76655 0.0118728
0.7669 0.0118182
0.76725 0.0118182
0.7676 0.0118643
0.76795 0.0119201
0.7683 0.0119201
0.76865 0.0119017
0.769 0.0118992
0.76935 0.0118992
0.7697 0.0119128
0.77005 0.0119128
0.7704 0.0119097
0.77075 0.0118831
0.7711 0.011883
0.77145 0.0118738
0.7718 0.0118736
0.77215 0.0118715
0.7725 0.0118113
0.77285 0.0116908999999999
0.7732 0.011579
0.77355 0.011579
0.7739 0.0115976
0.77425 0.0116528
0.7746 0.0116556
0.77495 0.0116556
0.7753 0.0116172999999999
0.77565 0.0115474
0.776 0.0114916
0.77635 0.0114594
0.7767 0.011444
0.77705 0.0114103
0.7774 0.0113646
0.77775 0.0113626
0.7781 0.0112968
0.77845 0.0112322999999999
0.7788 0.0111743
0.77915 0.0111034
0.7795 0.0109582
0.77985 0.0107962
0.7802 0.0105954
0.78055 0.0105937
0.7809 0.0103744
0.78125 0.0102787
0.7816 0.0102416
0.78195 0.0102214
0.7823 0.0102116
0.78265 0.010179
0.783 0.010059
0.78335 0.0100572
0.7837 0.009849
0.78405 0.009849
0.7844 0.0101002
0.78475 0.0104493
0.7851 0.0104894999999999
0.78545 0.0104894999999999
0.7858 0.0104076
0.78615 0.0104076
0.7865 0.0104122
0.78685 0.0104689
0.7872 0.0105507999999999
0.78755 0.0106192
0.7879 0.0106918
0.78825 0.0107557
0.7886 0.0107971
0.78895 0.0107988999999999
0.7893 0.0108288
0.78965 0.010842
0.79 0.0108607
0.79035 0.0108607
0.7907 0.0108072
0.79105 0.0107518999999999
0.7914 0.0106367
0.79175 0.0106349
0.7921 0.010486
0.79245 0.0103219
0.7928 0.0101773
0.79315 0.0101773
0.7935 0.0101901
0.79385 0.0101901
0.7942 0.0100312
0.79455 0.0100292
0.7949 0.0098897
0.79525 0.0098144
0.7956 0.0098144
0.79595 0.0098344
0.7963 0.0098344
0.79665 0.0097557999999999
0.797 0.0096602
0.79735 0.0096584
0.7977 0.0096602
0.79805 0.0096718
0.7984 0.0097197999999999
0.79875 0.0097451
0.7991 0.0097659
0.79945 0.0099122
0.7998 0.0100473
0.80015 0.0100492999999999
0.8005 0.0100834999999999
0.80085 0.0102152
0.8012 0.0102395
0.80155 0.0102399
0.8019 0.0102399
0.80225 0.0103931
0.8026 0.0105209
0.80295 0.0105233999999999
0.8033 0.0106132999999999
0.80365 0.0106825
0.804 0.0106956
0.80435 0.0107197
0.8047 0.0108412
0.80505 0.010922
0.8054 0.0109702
0.80575 0.0109721
0.8061 0.0110497
0.80645 0.0111545
0.8068 0.0112729
0.80715 0.0113701
0.8075 0.0114087
0.80785 0.0114352
0.8082 0.0114849
0.80855 0.0114849
0.8089 0.011477
0.80925 0.0114728
0.8096 0.0114728
0.80995 0.0115564999999999
0.8103 0.011587
0.81065 0.011599
0.811 0.0116597
0.81135 0.011662
0.8117 0.0117747999999999
0.81205 0.0118576
0.8124 0.0119187999999999
0.81275 0.0119467
0.8131 0.0119768999999999
0.81345 0.0120511
0.8138 0.0121047999999999
0.81415 0.0121055
0.8145 0.0121263999999999
0.81485 0.0121312
0.8152 0.0121641
0.81555 0.0122231
0.8159 0.0122411
0.81625 0.0122933
0.8166 0.0123234
0.81695 0.0123275
0.8173 0.0123447
0.81765 0.0123562
0.818 0.0123831
0.81835 0.012414
0.8187 0.0124329
0.81905 0.0124392999999999
0.8194 0.0124453
0.81975 0.0124462999999999
0.8201 0.0124832
0.82045 0.0125057
0.8208 0.0125177
0.82115 0.012526
0.8215 0.0125356
0.82185 0.0125356
0.8222 0.0125271
0.82255 0.0125271
0.8229 0.0125329
0.82325 0.0125864999999999
0.8236 0.0125864999999999
0.82395 0.0125913
0.8243 0.0125926
0.82465 0.0125926
0.825 0.0125874
0.82535 0.0125857
0.8257 0.0125874
0.82605 0.0125887999999999
0.8264 0.0126073
0.82675 0.012611
0.8271 0.012613
0.82745 0.012613
0.8278 0.0126303
0.82815 0.0126305
0.8285 0.012638
0.82885 0.0126386
0.8292 0.0126424
0.82955 0.012654
0.8299 0.0126629
0.83025 0.0126664
0.8306 0.0126811
0.83095 0.0126837999999999
0.8313 0.0126837999999999
0.83165 0.0126806
0.832 0.0126743
0.83235 0.0126527999999999
0.8327 0.0126504
0.83305 0.0126247999999999
0.8334 0.0125871
0.83375 0.0125802
0.8341 0.0125428
0.83445 0.0124685
0.8348 0.0123422
0.83515 0.012194
0.8355 0.0120414
0.83585 0.0118848
0.8362 0.0117497
0.83655 0.0117463
0.8369 0.0116084
0.83725 0.0114644
0.8376 0.0113147
0.83795 0.0110839
0.8383 0.0107217999999999
0.83865 0.0106918999999999
0.839 0.0106918999999999
0.83935 0.0106941
0.8397 0.0108944
0.84005 0.0108944
0.8404 0.0108249
0.84075 0.0105442
0.8411 0.0101959
0.84145 0.0101959
0.8418 0.0102331
0.84215 0.0102351
0.8425 0.0107397
0.84285 0.0112474999999999
0.8432 0.0112474999999999
0.84355 0.0112242
0.8439 0.0110139
0.84425 0.0110139
0.8446 0.0111626
0.84495 0.0111732999999999
0.8453 0.0114461
0.84565 0.0115976
0.846 0.011666
0.84635 0.0118414
0.8467 0.0118414
0.84705 0.0118254
0.8474 0.0118113
0.84775 0.0118113
0.8481 0.0118166
0.84845 0.0118949
0.8488 0.0119039
0.84915 0.0120547
0.8495 0.0120547
0.84985 0.0120029
0.8502 0.0119058
0.85055 0.0117331
0.8509 0.0117331
0.85125 0.0117331
0.8516 0.0116782
0.85195 0.0115477999999999
0.8523 0.0115477999999999
0.85265 0.0114051
0.853 0.011177
0.85335 0.0111597
0.8537 0.0109497
0.85405 0.0107539
0.8544 0.0105504
0.85475 0.0103221
0.8551 0.010309
0.85545 0.0101871
0.8558 0.01
0.85615 0.0098521
0.8565 0.0096682
0.85685 0.0093749
0.8572 0.0089492
0.85755 0.0085717
0.8579 0.0079286999999999
0.85825 0.0079286999999999
0.8586 0.0079286999999999
0.85895 0.0079112
0.8593 0.0077923
0.85965 0.0076248999999999
0.86 0.0071467
0.86035 0.0065907
0.8607 0.0062307
0.86105 0.0058108999999999
0.8614 0.00547
0.86175 0.0054277
0.8621 0.0050523999999999
0.86245 0.0050523999999999
0.8628 0.0049537
0.86315 0.0050018
0.8635 0.0049598
0.86385 0.0049598
0.8642 0.0047821999999999
0.86455 0.0047821999999999
0.8649 0.0048219
0.86525 0.0052567
0.8656 0.0053525
0.86595 0.0056933999999999
0.8663 0.0058397
0.86665 0.0058397
0.867 0.0056542
0.86735 0.0056542
0.8677 0.0058623999999999
0.86805 0.0066221
0.8684 0.0070526
0.86875 0.0076727
0.8691 0.007745
0.86945 0.0081378
0.8698 0.0081532
0.87015 0.0082163
0.8705 0.0082163
0.87085 0.0083215
0.8712 0.0078427
0.87155 0.0083215
0.8719 0.0087337
0.87225 0.0093277999999999
0.8726 0.0090438
0.87295 0.0090438
0.8733 0.0090438
0.87365 0.0095399
0.874 0.0095399
0.87435 0.0097351
0.8747 0.0097351
0.87505 0.0097351
0.8754 0.0099128999999999
0.87575 0.0094527999999999
0.8761 0.0092481
0.87645 0.0092481
0.8768 0.0092481
0.87715 0.0092622
0.8775 0.0085356
0.87785 0.0085356
0.8782 0.0084213
0.87855 0.0084213
0.8789 0.0085463
0.87925 0.0085463
0.8796 0.0053163
0.87995 0.0043688999999999
0.8803 0.0043688999999999
0.88065 0.0040809
0.881 0.0033514
0.88135 0.0033262
0.8817 0.0026386
0.88205 0.0022316999999999
0.8824 0.001974
0.88275 0.0019603999999999
0.8831 0.0019081
0.88345 0.0019062
0.8838 0.0019039999999999
0.88415 0.0019062
0.8845 0.0020314
0.88485 0.0021964
0.8852 0.0022502
0.88555 0.0022502
0.8859 0.0021671
0.88625 0.0020137
0.8866 0.0017757
0.88695 0.0015994
0.8873 0.0015972999999999
0.88765 0.0015972999999999
0.888 0.0016979
0.88835 0.0017687999999999
0.8887 0.0018315
0.88905 0.0017687999999999
0.8894 0.0019285
0.88975 0.0019971
0.8901 0.0019989
0.89045 0.0019971
0.8908 0.0019764
0.89115 0.0019763
0.8915 0.0019763
0.89185 0.0020495
0.8922 0.0020495
0.89255 0.0020495
0.8929 0.002049
0.89325 0.0020386
0.8936 0.0019675
0.89395 0.0019099
0.8943 0.0019099
0.89465 0.0019512999999999
0.895 0.0019512999999999
0.89535 0.0019102
0.8957 0.0019102
0.89605 0.0019590999999999
0.8964 0.0020756999999999
0.89675 0.0022592
0.8971 0.0023273
0.89745 0.002434
0.8978 0.0024019
0.89815 0.0024617
0.8985 0.0024019
0.89885 0.0024203
0.8992 0.0023768
0.89955 0.0024203
0.8999 0.0025195
0.90025 0.0028069
0.9006 0.0030493
0.90095 0.0030543
0.9013 0.0032993
0.90165 0.0036037
0.902 0.0038895
0.90235 0.0039352
0.9027 0.0042708999999999
0.90305 0.0049108999999999
0.9034 0.0049631
0.90375 0.0049108999999999
0.9041 0.0054226
0.90445 0.0064807
0.9048 0.0065623999999999
0.90515 0.0072236999999999
0.9055 0.0072995
0.90585 0.0082922
0.9062 0.0082922
0.90655 0.0075783
0.9069 0.0075783
0.90725 0.0088666
0.9076 0.0088666
0.90795 0.0094929
0.9083 0.0081031
0.90865 0.0098788
0.909 0.0098574
0.90935 0.0098574
0.9097 0.0086832
0.91005 0.0086832
0.9104 0.0103743
0.91075 0.0103743
0.9111 0.0102544
0.91145 0.0102180999999999
0.9118 0.0102180999999999
0.91215 0.0101099
0.9125 0.0099353
0.91285 0.0098127999999999
0.9132 0.0098127999999999
0.91355 0.0100721
0.9139 0.010076
0.91425 0.0104761
0.9146 0.0104943
0.91495 0.0105578999999999
0.9153 0.0105578999999999
0.91565 0.0103644
0.916 0.0103644
0.91635 0.0099447
0.9167 0.010591
0.91705 0.0108928
0.9174 0.0112179
0.91775 0.0112179
0.9181 0.0112544
0.91845 0.0114408999999999
0.9188 0.0114408999999999
0.91915 0.0114681
0.9195 0.0115516
0.91985 0.0115516
0.9202 0.0115082999999999
0.92055 0.0114081
0.9209 0.0115082999999999
0.92125 0.0115311
0.9216 0.0115311
0.92195 0.0101631
0.9223 0.0078953999999999
0.92265 0.0101631
0.923 0.0119722
0.92335 0.0119722
0.9237 0.0120193
0.92405 0.0120483
0.9244 0.0120483
0.92475 0.0118214
0.9251 0.0116777999999999
0.92545 0.0118214
0.9258 0.0116812
0.92615 0.0116812
0.9265 0.0116812
0.92685 0.0094028
0.9272 0.0122718999999999
0.92755 0.0122718999999999
0.9279 0.0122718999999999
0.92825 0.0121741
0.9286 0.0121741
0.92895 0.0121827
0.9293 0.0123082
0.92965 0.0124213
0.93 0.0123082
0.93035 0.0104444999999999
0.9307 0.0101184
0.93105 0.0101097
0.9314 0.0101097
0.93175 0.0101097
0.9321 0.0101581
0.93245 0.0101581
0.9328 0.0126576
0.93315 0.0126576
0.9335 0.0117753999999999
0.93385 0.0117753999999999
0.9342 0.0120085
0.93455 0.0120085
0.9349 0.0120085
0.93525 0.0114861
0.9356 0.0128802999999999
0.93595 0.0122525
0.9363 0.0127532
0.93665 0.0123651
0.937 0.0127532
0.93735 0.0125163
0.9377 0.0125163
0.93805 0.0122551
0.9384 0.009154
0.93875 0.009154
0.9391 0.0123098999999999
0.93945 0.0123098999999999
0.9398 0.0117758
0.94015 0.0117758
0.9405 0.0117287
0.94085 0.0128332
0.9412 0.0126575
0.94155 0.0129731
0.9419 0.012918
0.94225 0.012918
0.9426 0.0128762
0.94295 0.0127938999999999
0.9433 0.0127833
0.94365 0.0127833
0.944 0.0127745
0.94435 0.0127745
0.9447 0.0127745
0.94505 0.0126968
0.9454 0.0126968
0.94575 0.0123983999999999
0.9461 0.0125996
0.94645 0.0123983999999999
0.9468 0.0123126
0.94715 0.0114252
0.9475 0.0114252
0.94785 0.0120836
0.9482 0.0122373999999999
0.94855 0.0122542
0.9489 0.0122373999999999
0.94925 0.012412
0.9496 0.012412
0.94995 0.0124482999999999
0.9503 0.0124482999999999
0.95065 0.0122562
0.951 0.0120118
0.95135 0.0118698
0.9517 0.0118698
0.95205 0.0119154
0.9524 0.0120673999999999
0.95275 0.01213
0.9531 0.0123243
0.95345 0.0124377999999999
0.9538 0.0124405
0.95415 0.0124405
0.9545 0.0124234
0.95485 0.0123569
0.9552 0.0122907
0.95555 0.0121494
0.9559 0.0121114
0.95625 0.0120485
0.9566 0.0119308
0.95695 0.0119259
0.9573 0.0117958
0.95765 0.0117878999999999
0.958 0.0117878999999999
0.95835 0.0117878999999999
0.9587 0.0117115
0.95905 0.0115947
0.9594 0.0114282999999999
0.95975 0.0114262999999999
0.9601 0.0112887
0.96045 0.0111122999999999
0.9608 0.0108563
0.96115 0.0105653999999999
0.9615 0.0103869
0.96185 0.0100786
0.9622 0.0096774
0.96255 0.0096663
0.9629 0.0091821
0.96325 0.0086667
0.9636 0.0081894999999999
0.96395 0.0080967
0.9643 0.0080175
0.96465 0.0078014
0.965 0.0073712
0.96535 0.0073585
0.9657 0.0070186
0.96605 0.0067645
0.9664 0.0066476
0.96675 0.0066476
0.9671 0.0066048
0.96745 0.0066288
0.9678 0.0066288
0.96815 0.0069194999999999
0.9685 0.0069194999999999
0.96885 0.0066527
0.9692 0.0063296
0.96955 0.0061906
0.9699 0.0059212
0.97025 0.0052061
0.9706 0.0043711999999999
0.97095 0.0042394
0.9713 0.0043711999999999
0.97165 0.0048732
0.972 0.0055289
0.97235 0.0060569
0.9727 0.0062883999999999
0.97305 0.0062883999999999
0.9734 0.006012
0.97375 0.0059495
0.9741 0.0058346
0.97445 0.0058346
0.9748 0.0059828999999999
0.97515 0.0062815
0.9755 0.0064468
0.97585 0.0068979
0.9762 0.0068979
0.97655 0.0067768
0.9769 0.0067592
0.97725 0.0063942
0.9776 0.0063101
0.97795 0.0063917999999999
0.9783 0.0063101
0.97865 0.0060229
0.979 0.0060229
0.97935 0.0062623999999999
0.9797 0.0062623999999999
0.98005 0.0055422
0.9804 0.0050191
0.98075 0.0050191
0.9811 0.0048217
0.98145 0.0044757
0.9818 0.0042822
0.98215 0.0042738
0.9825 0.0038211999999999
0.98285 0.0025591
0.9832 0.0031295
0.98355 0.0031295
0.9839 0.0031715999999999
0.98425 0.0031989
0.9846 0.0031715999999999
0.98495 0.0032813
0.9853 0.0026951
0.98565 0.0030456999999999
0.986 0.0026951
0.98635 0.0028274
0.9867 0.0028274
0.98705 0.0028274
0.9874 0.0026603
0.98775 0.0025855
0.9881 0.0024631
0.98845 0.0021445
0.9888 0.0021445
0.98915 0.0022553
0.9895 0.0023811
0.98985 0.0024715999999999
0.9902 0.0026156999999999
0.99055 0.0024715999999999
0.9909 0.0026156999999999
0.99125 0.0027035
0.9916 0.0027541999999999
0.99195 0.0027541999999999
0.9923 0.0028098
0.99265 0.0030521
0.993 0.0030521
0.99335 0.0030095
0.9937 0.0029185
0.99405 0.0029185
0.9944 0.0029836
0.99475 0.0029836
0.9951 0.0026884
0.99545 0.0026201999999999
0.9958 0.002349
0.99615 0.0025831
0.9965 0.001676
0.99685 0.0025831
0.9972 0.0030995
0.99755 0.0031799
0.9979 0.0033191
0.99825 0.0031799
0.9986 0.0028573
0.99895 0.0028315
0.9993 0.0028315
