0.3 0.6376818000000001
0.30035 0.6377575
0.3007 0.6378324000000001
0.30105 0.6379063
0.3014 0.6379793
0.30175 0.6380514
0.3021 0.6381226
0.30245 0.6381929000000001
0.3028 0.6382623000000001
0.30315 0.6383307
0.3035 0.6383972
0.30385 0.638465
0.3042 0.6385243
0.30455 0.6385824999999999
0.3049 0.6386398
0.30525 0.6386961999999999
0.3056 0.6387518
0.30595 0.6388066
0.3063 0.6388606
0.30665 0.6389136999999999
0.307 0.638966
0.30735 0.6390174
0.3077 0.6390680999999999
0.30805 0.6391179
0.3084 0.6391668
0.30875 0.639215
0.3091 0.6392621999999999
0.30945 0.6393085999999999
0.3098 0.639354
0.31015 0.6393948
0.3105 0.6394426
0.31085 0.6394863000000001
0.3112 0.6395287
0.31155 0.6395703
0.3119 0.6396109999999999
0.31225 0.6396525
0.3126 0.6396938
0.31295 0.6397343000000001
0.3133 0.639774
0.31365 0.6398129
0.314 0.6398509
0.31435 0.6398881999999999
0.3147 0.6399246
0.31505 0.6399602
0.3154 0.6399951
0.31575 0.6400291
0.3161 0.6400623000000001
0.31645 0.6400946999999999
0.3168 0.6401263
0.31715 0.6401571
0.3175 0.6401871
0.31785 0.6402163000000001
0.3182 0.6402446999999999
0.31855 0.6402723000000001
0.3189 0.6402991
0.31925 0.640325
0.3196 0.6403502
0.31995 0.6403745
0.3203 0.6403979999999999
0.32065 0.6404207
0.321 0.6404423
0.32135 0.6404588000000001
0.3217 0.6404621
0.32205 0.6405010999999999
0.3224 0.6405215999999999
0.32275 0.6405397
0.3231 0.6405566999999999
0.32345 0.6405728
0.3238 0.6405878
0.32415 0.6406019000000001
0.3245 0.6406149999999999
0.32485 0.6406269
0.3252 0.6406377
0.32555 0.6406473000000001
0.3259 0.6406553
0.32625 0.6406616
0.3266 0.6406658000000001
0.32695 0.6406658000000001
0.3273 0.6406656999999999
0.32765 0.6406586999999999
0.328 0.6406448
0.32835 0.6406181
0.3287 0.6405715999999999
0.32905 0.6404853
0.3294 0.6402995
0.32975 0.6398118
0.3301 0.6377227
0.33045 0.6377227
0.3308 0.6398642
0.33115 0.6403095999999999
0.3315 0.6404864
0.33185 0.6405767
0.3322 0.6406284000000001
0.33255 0.6406590999999999
0.3329 0.6406791999999999
0.33325 0.6406913000000001
0.3336 0.640699
0.33395 0.6407029000000001
0.3343 0.6407035
0.33465 0.6407035
0.335 0.6407010000000001
0.33535 0.6406970000000001
0.3357 0.6406918
0.33605 0.6406856
0.3364 0.6406782
0.33675 0.6406699
0.3371 0.6406601
0.33745 0.6406467
0.3378 0.6406324000000001
0.33815 0.6406174
0.3385 0.6406016
0.33885 0.6405850000000001
0.3392 0.6405677
0.33955 0.6405496999999999
0.3399 0.6405310000000001
0.34025 0.6405116
0.3406 0.6404915
0.34095 0.6404707
0.3413 0.6404493
0.34165 0.6404271
0.342 0.6404043
0.34235 0.6403807
0.3427 0.6403564
0.34305 0.6403312
0.3434 0.6403049
0.34375 0.6402769
0.3441 0.6402445999999999
0.34445 0.6401808000000001
0.3448 0.6401574999999999
0.34515 0.6401368000000001
0.3455 0.6401368000000001
0.34585 0.6401103
0.3462 0.6400815
0.34655 0.6400517
0.3469 0.6400209
0.34725 0.6399894
0.3476 0.6399573000000001
0.34795 0.6399245
0.3483 0.6398911
0.34865 0.6398571999999999
0.349 0.6398226
0.34935 0.6397875
0.3497 0.6397519
0.35005 0.6397156999999999
0.3504 0.6396789
0.35075 0.6396416
0.3511 0.6396036999999999
0.35145 0.6395654000000001
0.3518 0.6395264
0.35215 0.639487
0.3525 0.639447
0.35285 0.6394065999999999
0.3532 0.6393656
0.35355 0.6393241
0.3539 0.639282
0.35425 0.6392395000000001
0.3546 0.6391937
0.35495 0.6391504
0.3553 0.6391061
0.35565 0.6390588
0.356 0.6389451999999999
0.35635 0.6389254
0.3567 0.6389254
0.35705 0.6388187
0.3574 0.6387264
0.35775 0.6387264
0.3581 0.6386173
0.35845 0.6386093
0.3588 0.6385585
0.35915 0.6385397
0.3595 0.6382485999999999
0.35985 0.6381328000000001
0.3602 0.63812
0.36055 0.63812
0.3609 0.6382128
0.36125 0.6382128
0.3616 0.6381826999999999
0.36195 0.6381710999999999
0.3623 0.6380555
0.36265 0.6380479
0.363 0.6380104999999999
0.36335 0.637958
0.3637 0.6378997
0.36405 0.6378010999999999
0.3644 0.6377901
0.36475 0.6377503000000001
0.3651 0.6376954
0.36545 0.6376323
0.3658 0.6375255
0.36615 0.6375083
0.3665 0.6374675
0.36685 0.637396
0.3672 0.6373321
0.36755 0.6372871999999999
0.3679 0.6372081
0.36825 0.6371551999999999
0.3686 0.6370493
0.36895 0.6370218000000001
0.3693 0.6369592
0.36965 0.6369146
0.37 0.6367928
0.37035 0.6367357
0.3707 0.6365541
0.37105 0.6365541
0.3714 0.6365541
0.37175 0.6364664000000001
0.3721 0.6363779
0.37245 0.6363595999999999
0.3728 0.6362446999999999
0.37315 0.6361479999999999
0.3735 0.6361087
0.37385 0.6360531999999999
0.3742 0.6360316999999999
0.37455 0.6359056
0.3749 0.6358303000000001
0.37525 0.6355859
0.3756 0.6356841
0.37595 0.6352281999999999
0.3763 0.635544
0.37665 0.6353814999999999
0.377 0.6353814999999999
0.37735 0.6353778
0.3777 0.6351351
0.37805 0.6351351
0.3784 0.6349975
0.37875 0.6348881
0.3791 0.6345515
0.37945 0.6345341999999999
0.3798 0.6345265
0.38015 0.6345341999999999
0.3805 0.6345706999999999
0.38085 0.6345901999999999
0.3812 0.6345901999999999
0.38155 0.63454
0.3819 0.6341015999999999
0.38225 0.6341015999999999
0.3826 0.6341254
0.38295 0.6341608
0.3833 0.634161
0.38365 0.6341608
0.384 0.6340518
0.38435 0.6340111999999999
0.3847 0.6339685
0.38505 0.6339099
0.3854 0.6338271
0.38575 0.6337581999999999
0.3861 0.6336847
0.38645 0.6335841
0.3868 0.6335219
0.38715 0.6334125
0.3875 0.6333260000000001
0.38785 0.633257
0.3882 0.6332187
0.38855 0.6330607
0.3889 0.6328537
0.38925 0.6328431999999999
0.3896 0.6327758000000001
0.38995 0.6327084
0.3903 0.6326039000000001
0.39065 0.6325116
0.391 0.6324908
0.39135 0.6324163
0.3917 0.6322043
0.39205 0.6321626
0.3924 0.6321317
0.39275 0.6319172
0.3931 0.6318901
0.39345 0.6318901
0.3938 0.6317639
0.39415 0.6315841
0.3945 0.6313582
0.39485 0.6312873999999999
0.3952 0.6312873999999999
0.39555 0.6311916
0.3959 0.6309038
0.39625 0.6307433000000001
0.3966 0.6307433000000001
0.39695 0.6307433000000001
0.3973 0.6306263000000001
0.39765 0.6304677
0.398 0.6306263000000001
0.39835 0.6303962
0.3987 0.6302323000000001
0.39905 0.6302323000000001
0.3994 0.6303367
0.39975 0.6303367
0.4001 0.6302414000000001
0.40045 0.6301709
0.4008 0.6298738
0.40115 0.6298738
0.4015 0.6298543000000001
0.40185 0.6298543000000001
0.4022 0.6295708000000001
0.40255 0.6294994
0.4029 0.6294994
0.40325 0.6293733
0.4036 0.6289615
0.40395 0.6289349
0.4043 0.6278446999999999
0.40465 0.6278446999999999
0.405 0.6286098000000001
0.40535 0.6288094
0.4057 0.6288094
0.40605 0.6286522
0.4064 0.6285831999999999
0.40675 0.6285356
0.4071 0.6285156999999999
0.40745 0.6285052
0.4078 0.6284375
0.40815 0.6283626
0.4085 0.6282774999999999
0.40885 0.6281254
0.4092 0.6280483
0.40955 0.6280483
0.4099 0.6279273
0.41025 0.6278379
0.4106 0.6277709
0.41095 0.6276847
0.4113 0.6275039000000001
0.41165 0.6274881999999999
0.412 0.6272909000000001
0.41235 0.6271348000000001
0.4127 0.6271348000000001
0.41305 0.6270529
0.4134 0.6265043
0.41375 0.6265043
0.4141 0.6266753
0.41445 0.6266753
0.4148 0.6262222
0.41515 0.6258905
0.4155 0.6257077
0.41585 0.6231408
0.4162 0.6231408
0.41655 0.6256264
0.4169 0.6256264
0.41725 0.6250281
0.4176 0.6245467
0.41795 0.6250281
0.4183 0.6253930999999999
0.41865 0.6253930999999999
0.419 0.6251786
0.41935 0.6248273
0.4197 0.6236576
0.42005 0.6234457
0.4204 0.6234457
0.42075 0.6247304
0.4211 0.6248108
0.42145 0.6247304
0.4218 0.6240526
0.42215 0.6237104
0.4225 0.6237104
0.42285 0.6237104
0.4232 0.6236501999999999
0.42355 0.6223297
0.4239 0.6223297
0.42425 0.6224519000000001
0.4246 0.6224519000000001
0.42495 0.6232897
0.4253 0.6235440999999999
0.42565 0.6235440999999999
0.426 0.6212371999999999
0.42635 0.6212371999999999
0.4267 0.6219175
0.42705 0.6230899999999999
0.4274 0.6230548
0.42775 0.6230614999999999
0.4281 0.6230548
0.42845 0.6226729999999999
0.4288 0.6224335
0.42915 0.6211188
0.4295 0.621847
0.42985 0.621847
0.4302 0.621847
0.43055 0.622019
0.4309 0.6216262
0.43125 0.6216871999999999
0.4316 0.6216871999999999
0.43195 0.6219189
0.4323 0.6222908
0.43265 0.6222908
0.433 0.6221267
0.43335 0.6220846
0.4337 0.6217951999999999
0.43405 0.6217144
0.4344 0.6215611
0.43475 0.6215611
0.4351 0.6215611
0.43545 0.6214501
0.4358 0.6213447
0.43615 0.621152
0.4365 0.6205416
0.43685 0.6205404
0.4372 0.6205416
0.43755 0.6205404
0.4379 0.6205225999999999
0.43825 0.6205225999999999
0.4386 0.6205225000000001
0.43895 0.6204512
0.4393 0.6201181
0.43965 0.61985
0.44 0.6194246
0.44035 0.6181528000000001
0.4407 0.6175092
0.44105 0.6176461
0.4414 0.6175092
0.44175 0.6172156
0.4421 0.6172156
0.44245 0.6172156
0.4428 0.6185376
0.44315 0.6189895000000001
0.4435 0.6189895000000001
0.44385 0.6163969
0.4442 0.6163969
0.44455 0.6185927
0.4449 0.6185927
0.44525 0.617337
0.4456 0.617337
0.44595 0.6175729999999999
0.4463 0.6179589
0.44665 0.6184437
0.447 0.6181547
0.44735 0.6181553000000001
0.4477 0.6181547
0.44805 0.6181553000000001
0.4484 0.6177507
0.44875 0.6182651
0.4491 0.6180829000000001
0.44945 0.6180829000000001
0.4498 0.6178194
0.45015 0.6178194
0.4505 0.6178194
0.45085 0.6172612
0.4512 0.6166484999999999
0.45155 0.6166225000000001
0.4519 0.6163647
0.45225 0.6166225000000001
0.4526 0.6168034
0.45295 0.6168034
0.4533 0.6169187
0.45365 0.6167198
0.454 0.6167198
0.45435 0.6162477
0.4547 0.6159564999999999
0.45505 0.6162344
0.4554 0.6159564999999999
0.45575 0.6157037
0.4561 0.6153725999999999
0.45645 0.6153725999999999
0.4568 0.6147922
0.45715 0.6156775999999999
0.4575 0.6155424
0.45785 0.6155424
0.4582 0.6154763000000001
0.45855 0.6153867
0.4589 0.6152542
0.45925 0.6148043000000001
0.4596 0.6144779
0.45995 0.6148043000000001
0.4603 0.6148533
0.46065 0.6151339
0.461 0.6151339
0.46135 0.6151141
0.4617 0.6150879
0.46205 0.6149475999999999
0.4624 0.6149429
0.46275 0.6148696
0.4631 0.6148682
0.46345 0.6147055
0.4638 0.6146630999999999
0.46415 0.6145301999999999
0.4645 0.6143109
0.46485 0.6142718
0.4652 0.6134566999999999
0.46555 0.6134566999999999
0.4659 0.6130783000000001
0.46625 0.612725
0.4666 0.6125841999999999
0.46695 0.612725
0.4673 0.6125841999999999
0.46765 0.6117892
0.468 0.6114333000000001
0.46835 0.6104881
0.4687 0.6068405
0.46905 0.6050643
0.4694 0.6068405
0.46975 0.6096929
0.4701 0.6099113
0.47045 0.6105975
0.4708 0.6105975
0.47115 0.6104807
0.4715 0.609743
0.47185 0.6079802
0.4722 0.6078479999999999
0.47255 0.6079802
0.4729 0.6085151999999999
0.47325 0.609689
0.4736 0.610152
0.47395 0.610152
0.4743 0.610935
0.47465 0.6083906
0.475 0.6108984000000001
0.47535 0.6022084
0.4757 0.6108984000000001
0.47605 0.6092732
0.4764 0.6092732
0.47675 0.6092732
0.4771 0.6093735
0.47745 0.6107375
0.4778 0.6097666
0.47815 0.6105438
0.4785 0.6103236999999999
0.47885 0.6103236999999999
0.4792 0.6100346
0.47955 0.6100140000000001
0.4799 0.6097684
0.48025 0.6095475
0.4806 0.6094375
0.48095 0.609329
0.4813 0.6088281999999999
0.48165 0.6087669
0.482 0.6078372
0.48235 0.6078359
0.4827 0.6078359
0.48305 0.6075735999999999
0.4834 0.6058868000000001
0.48375 0.6033432
0.4841 0.6033432
0.48445 0.6012012
0.4848 0.5975600000000001
0.48515 0.5982083
0.4855 0.5982083
0.48585 0.5982083
0.4862 0.6025893
0.48655 0.6031569
0.4869 0.60475
0.48725 0.60475
0.4876 0.5998836
0.48795 0.5998836
0.4883 0.6035467
0.48865 0.6035467
0.489 0.6069886999999999
0.48935 0.6032026
0.4897 0.6069886999999999
0.49005 0.6062298
0.4904 0.6062298
0.49075 0.6055688
0.4911 0.6055688
0.49145 0.6057229000000001
0.4918 0.6065547
0.49215 0.6057229000000001
0.4925 0.6052890999999999
0.49285 0.6041504
0.4932 0.6041504
0.49355 0.6041504
0.4939 0.6058719
0.49425 0.6058719
0.4946 0.6058719
0.49495 0.6062621
0.4953 0.6059946999999999
0.49565 0.6068711999999999
0.496 0.6063261999999999
0.49635 0.6066548
0.4967 0.6065
0.49705 0.6065
0.4974 0.6062187
0.49775 0.6060038000000001
0.4981 0.6059066999999999
0.49845 0.6054924
0.4988 0.6054924
0.49915 0.6050974
0.4995 0.6056486999999999
0.49985 0.6050974
0.50055 0.6000201999999999
0.5009 0.6000201999999999
0.50125 0.6033633
0.5016 0.6033633
0.50195 0.6027496
0.5023 0.6024715
0.50265 0.5970399000000001
0.503 0.582665
0.50335 0.5880801999999999
0.5037 0.5880801999999999
0.50405 0.5880801999999999
0.5044 0.5987043000000001
0.50475 0.6003460999999999
0.5051 0.6010295999999999
0.50545 0.6010295999999999
0.5058 0.6002201
0.50615 0.6002201
0.5065 0.592825
0.50685 0.5940024
0.5072 0.5940024
0.50755 0.5973762
0.5079 0.5973762
0.50825 0.5973762
0.5086 0.5978888000000001
0.50895 0.5978888000000001
0.5093 0.597692
0.50965 0.5967455
0.51 0.5967455
0.51035 0.5990576999999999
0.5107 0.5998262
0.51105 0.5998262
0.5114 0.5991441
0.51175 0.5991441
0.5121 0.600125
0.51245 0.6030101999999999
0.5128 0.6030101999999999
0.51315 0.6015471
0.5135 0.6015471
0.51385 0.6013478
0.5142 0.6013478
0.51455 0.6013478
0.5149 0.6016617
0.51525 0.6035275999999999
0.5156 0.603881
0.51595 0.603881
0.5163 0.603881
0.51665 0.6036229000000001
0.517 0.6039509
0.51735 0.6039781
0.5177 0.6039781
0.51805 0.6039781
0.5184 0.6041124
0.51875 0.6041755
0.5191 0.6041755
0.51945 0.6038226999999999
0.5198 0.6038226999999999
0.52015 0.6038226999999999
0.5205 0.6038214
0.52085 0.6037517
0.5212 0.6037059
0.52155 0.6035734
0.5219 0.6031546999999999
0.52225 0.6031404
0.5226 0.6029621000000001
0.52295 0.6023963999999999
0.5233 0.5949599
0.52365 0.5949599
0.524 0.5943206999999999
0.52435 0.6018492
0.5247 0.6018492
0.52505 0.6022871999999999
0.5254 0.6023616
0.52575 0.6023616
0.5261 0.6024906999999999
0.52645 0.6023214
0.5268 0.6013223000000001
0.52715 0.5998642
0.5275 0.5998642
0.52785 0.5998642
0.5282 0.6019354
0.52855 0.6019354
0.5289 0.6002055000000001
0.52925 0.5995249
0.5296 0.5993876
0.52995 0.5995249
0.5303 0.5990262
0.53065 0.5971145999999999
0.531 0.5971145999999999
0.53135 0.6006024999999999
0.5317 0.6006024999999999
0.53205 0.6000732
0.5324 0.5979131
0.53275 0.5984933000000001
0.5331 0.5984933000000001
0.53345 0.5999315
0.5338 0.6000534000000001
0.53415 0.6001418000000001
0.5345 0.6001418000000001
0.53485 0.5991852
0.5352 0.5987593000000001
0.53555 0.5987375
0.5359 0.5976309
0.53625 0.5976309
0.5366 0.5976309
0.53695 0.5959846999999999
0.5373 0.5959846999999999
0.53765 0.5951943000000001
0.538 0.5951803000000001
0.53835 0.5944309
0.5387 0.5925819
0.53905 0.5923885999999999
0.5394 0.5914353
0.53975 0.5893339
0.5401 0.5893339
0.54045 0.5854599
0.5408 0.5834760999999999
0.54115 0.5834760999999999
0.5415 0.5800093000000001
0.54185 0.5800093000000001
0.5422 0.5799401999999999
0.54255 0.5798171999999999
0.5429 0.5799401999999999
0.54325 0.5798171999999999
0.5436 0.5796755
0.54395 0.5796755
0.5443 0.5817542
0.54465 0.5865538
0.545 0.5865538
0.54535 0.5872618000000001
0.5457 0.5877496
0.54605 0.5877496
0.5464 0.5855036
0.54675 0.5855036
0.5471 0.5873315
0.54745 0.5911346
0.5478 0.5911346
0.54815 0.5920835
0.5485 0.5932684
0.54885 0.5938995
0.5492 0.5932684
0.54955 0.5938995
0.5499 0.590251
0.55025 0.59399
0.5506 0.59399
0.55095 0.59399
0.5513 0.5949591999999999
0.55165 0.5924484999999999
0.552 0.5943111999999999
0.55235 0.5938572
0.5527 0.5938572
0.55305 0.5938572
0.5534 0.5939207
0.55375 0.5939207
0.5541 0.5939207
0.55445 0.5931159
0.5548 0.5931428000000001
0.55515 0.5931428000000001
0.5555 0.5931428000000001
0.55585 0.5949760000000001
0.5562 0.5944555
0.55655 0.5944555
0.5569 0.5929163000000001
0.55725 0.5929163000000001
0.5576 0.5939649
0.55795 0.5944549
0.5583 0.5939649
0.55865 0.5944549
0.559 0.5943919
0.55935 0.5945799
0.5597 0.5943919
0.56005 0.5940959
0.5604 0.5940959
0.56075 0.5938126
0.5611 0.5938603
0.56145 0.5938603
0.5618 0.5938603
0.56215 0.5932805
0.5625 0.5932805
0.56285 0.5938955
0.5632 0.5938955
0.56355 0.5929145
0.5639 0.5924024999999999
0.56425 0.5929145
0.5646 0.5924209
0.56495 0.5924209
0.5653 0.5921177
0.56565 0.5921177
0.566 0.5900501
0.56635 0.5869854999999999
0.5667 0.5863217
0.56705 0.5869854999999999
0.5674 0.5866435999999999
0.56775 0.5866435999999999
0.5681 0.5747463
0.56845 0.5747463
0.5688 0.5730360999999999
0.56915 0.5790851
0.5695 0.5724236999999999
0.56985 0.5746544
0.5702 0.5746544
0.57055 0.586646
0.5709 0.586646
0.57125 0.5846637
0.5716 0.5817852
0.57195 0.5846637
0.5723 0.5846864
0.57265 0.5846864
0.573 0.5863696999999999
0.57335 0.5739911999999999
0.5737 0.5823949
0.57405 0.5742656
0.5744 0.5742656
0.57475 0.5742656
0.5751 0.5696681
0.57545 0.5826617
0.5758 0.5838526999999999
0.57615 0.5838526999999999
0.5765 0.5800645999999999
0.57685 0.573666
0.5772 0.5800645999999999
0.57755 0.5817934
0.5779 0.5817934
0.57825 0.5846913
0.5786 0.5834782
0.57895 0.5841695
0.5793 0.5841695
0.57965 0.5841695
0.58 0.5842044
0.58035 0.5832896
0.5807 0.584184
0.58105 0.584184
0.5814 0.584184
0.58175 0.5856413
0.5821 0.5844991999999999
0.58245 0.5844991999999999
0.5828 0.5832031
0.58315 0.5832031
0.5835 0.5835773
0.58385 0.5835773
0.5842 0.5835773
0.58455 0.5847569
0.5849 0.5847569
0.58525 0.5838496999999999
0.5856 0.5838496999999999
0.58595 0.5838496999999999
0.5863 0.5822337
0.58665 0.5822012
0.587 0.5807477
0.58735 0.5802454
0.5877 0.5768268
0.58805 0.5714569
0.5884 0.5714569
0.58875 0.5714569
0.5891 0.5723583999999999
0.58945 0.5723583999999999
0.5898 0.5650291000000001
0.59015 0.5650291000000001
0.5905 0.5725467
0.59085 0.5725467
0.5912 0.5734286999999999
0.59155 0.5737147
0.5919 0.5737386999999999
0.59225 0.5737386999999999
0.5926 0.5749466999999999
0.59295 0.5786201
0.5933 0.5786201
0.59365 0.5723094
0.594 0.5720655
0.59435 0.5611916
0.5947 0.5611916
0.59505 0.5713762
0.5954 0.5718844
0.59575 0.5718844
0.5961 0.5718844
0.59645 0.5702976
0.5968 0.5734269000000001
0.59715 0.5734269000000001
0.5975 0.5734269000000001
0.59785 0.5695581999999999
0.5982 0.5695581999999999
0.59855 0.5723366999999999
0.5989 0.5723366999999999
0.59925 0.5710602
0.5996 0.5710602
0.59995 0.5736576
0.6003 0.5736576
0.60065 0.5661675
0.601 0.5661675
0.60135 0.5710972
0.6017 0.575372
0.60205 0.575372
0.6024 0.5791229
0.60275 0.5791229
0.6031 0.5810945
0.60345 0.5824476
0.6038 0.5824476
0.60415 0.5802801999999999
0.6045 0.5802801999999999
0.60485 0.5783535
0.6052 0.5826127
0.60555 0.5829123
0.6059 0.5829123
0.60625 0.5829123
0.6066 0.5824957
0.60695 0.5836432
0.6073 0.5824957
0.60765 0.5836432
0.608 0.5820856
0.60835 0.5829203000000001
0.6087 0.5820856
0.60905 0.5823322
0.6094 0.5815974
0.60975 0.5823322
0.6101 0.5836916
0.61045 0.5836916
0.6108 0.5826851
0.61115 0.5821795999999999
0.6115 0.5818386999999999
0.61185 0.5807055999999999
0.6122 0.5795136
0.61255 0.57924
0.6129 0.5770574
0.61325 0.5753619000000001
0.6136 0.5732529000000001
0.61395 0.571347
0.6143 0.569992
0.61465 0.5686897
0.615 0.5682283
0.61535 0.5681236999999999
0.6157 0.5676266
0.61605 0.5662363
0.6164 0.5654680000000001
0.61675 0.5646413
0.6171 0.5629513
0.61745 0.5596576999999999
0.6178 0.5563383000000001
0.61815 0.5562419
0.6185 0.5538464
0.61885 0.5525751
0.6192 0.551693
0.61955 0.551693
0.6199 0.552846
0.62025 0.5546171999999999
0.6206 0.5565713000000001
0.62095 0.5565846999999999
0.6213 0.5575993
0.62165 0.5590758000000001
0.622 0.561595
0.62235 0.5643937
0.6227 0.566561
0.62305 0.5690514
0.6234 0.5704195
0.62375 0.5707911
0.6241 0.5739430999999999
0.62445 0.5740227
0.6248 0.5759485
0.62515 0.57792
0.6255 0.5791451
0.62585 0.5794026
0.6262 0.5800310000000001
0.62655 0.5800310000000001
0.6269 0.5802416
0.62725 0.5805368000000001
0.6276 0.5805368000000001
0.62795 0.5813443
0.6283 0.5812497
0.62865 0.5813443
0.629 0.5827275
0.62935 0.5830656
0.6297 0.5832086999999999
0.63005 0.5839173000000001
0.6304 0.5839173000000001
0.63075 0.5831744000000001
0.6311 0.5813562
0.63145 0.5798856
0.6318 0.5711665
0.63215 0.5711665
0.6325 0.5788054
0.63285 0.5795239000000001
0.6332 0.5796167
0.63355 0.5814376
0.6339 0.5818966999999999
0.63425 0.582066
0.6346 0.582066
0.63495 0.580426
0.6353 0.580426
0.63565 0.5795909
0.636 0.5795909
0.63635 0.5795909
0.6367 0.5765906
0.63705 0.5765906
0.6374 0.5765906
0.63775 0.5735073
0.6381 0.5749108
0.63845 0.5749108
0.6388 0.5749108
0.63915 0.5763547
0.6395 0.5763547
0.63985 0.5790626
0.6402 0.5797943
0.64055 0.5790626
0.6409 0.579348
0.64125 0.5787013000000001
0.6416 0.5778641
0.64195 0.5776812
0.6423 0.5776812
0.64265 0.5782574
0.643 0.5782574
0.64335 0.5778821999999999
0.6437 0.5754474
0.64405 0.5724524999999999
0.6444 0.5724524999999999
0.64475 0.5724640999999999
0.6451 0.5724640999999999
0.64545 0.5724640999999999
0.6458 0.5667174
0.64615 0.5601027
0.6465 0.5601027
0.64685 0.565787
0.6472 0.5678043
0.64755 0.5678043
0.6479 0.5673675
0.64825 0.5671659
0.6486 0.5673675
0.64895 0.5689334
0.6493 0.5701478
0.64965 0.5730134
0.65 0.5730134
0.65035 0.5747468000000001
0.6507 0.5729850000000001
0.65105 0.5645531
0.6514 0.5645531
0.65175 0.5645531
0.6521 0.5661656
0.65245 0.5721964
0.6528 0.5721964
0.65315 0.573049
0.6535 0.5684097
0.65385 0.5734087
0.6542 0.5654111999999999
0.65455 0.5707406999999999
0.6549 0.5707406999999999
0.65525 0.5707406999999999
0.6556 0.5664802
0.65595 0.5661142
0.6563 0.5661142
0.65665 0.5685127
0.657 0.5685127
0.65735 0.5664104
0.6577 0.5664104
0.65805 0.5699970999999999
0.6584 0.5699970999999999
0.65875 0.5699970999999999
0.6591 0.5713279
0.65945 0.5713279
0.6598 0.5665361
0.66015 0.5665361
0.6605 0.571739
0.66085 0.571739
0.6612 0.5703381
0.66155 0.5702298000000001
0.6619 0.5703381
0.66225 0.5704037
0.6626 0.5712251
0.66295 0.5709991999999999
0.6633 0.5709991999999999
0.66365 0.5705060000000001
0.664 0.5704074
0.66435 0.5704074
0.6647 0.5719211
0.66505 0.5719211
0.6654 0.5714404000000001
0.66575 0.5707039
0.6661 0.5688768
0.66645 0.5702528
0.6668 0.5702528
0.66715 0.5705734
0.6675 0.5706654999999999
0.66785 0.5707268
0.6682 0.5707268
0.66855 0.5698689
0.6689 0.5698689
0.66925 0.5709725999999999
0.6696 0.5725045999999999
0.66995 0.5725164
0.6703 0.5737481
0.67065 0.5746643
0.671 0.5746643
0.67135 0.5757551
0.6717 0.5762470000000001
0.67205 0.5762470000000001
0.6724 0.5762470000000001
0.67275 0.5766494000000001
0.6731 0.5770024
0.67345 0.5772970000000001
0.6738 0.5789424
0.67415 0.5789424
0.6745 0.5789424
0.67485 0.5790821
0.6752 0.5802499
0.67555 0.5802499
0.6759 0.5803329
0.67625 0.5804125
0.6766 0.5804125
0.67695 0.5804085
0.6773 0.5804085
0.67765 0.5806358
0.678 0.5806358
0.67835 0.5801281999999999
0.6787 0.5782560999999999
0.67905 0.5786711999999999
0.6794 0.5786711999999999
0.67975 0.5791994
0.6801 0.5791994
0.68045 0.5791808
0.6808 0.5773309
0.68115 0.5773309
0.6815 0.5773309
0.68185 0.5767667
0.6822 0.5757045999999999
0.68255 0.5757045999999999
0.6829 0.5757045999999999
0.68325 0.5747084
0.6836 0.5747084
0.68395 0.5739609999999999
0.6843 0.5721599
0.68465 0.5721599
0.685 0.574022
0.68535 0.5770064
0.6857 0.577109
0.68605 0.577109
0.6864 0.5763896
0.68675 0.5707682
0.6871 0.5707682
0.68745 0.5741940999999999
0.6878 0.5756946999999999
0.68815 0.5763358000000001
0.6885 0.5763358000000001
0.68885 0.5744984999999999
0.6892 0.5744984999999999
0.68955 0.5668575
0.6899 0.5727314
0.69025 0.5715659000000001
0.6906 0.5727314
0.69095 0.5715659000000001
0.6913 0.5686614000000001
0.69165 0.5676348000000001
0.692 0.5654136
0.69235 0.5654136
0.6927 0.5655207
0.69305 0.5655207
0.6934 0.5646869999999999
0.69375 0.5646869999999999
0.6941 0.5646869999999999
0.69445 0.5654733000000001
0.6948 0.5653979
0.69515 0.5655011999999999
0.6955 0.5653979
0.69585 0.5647691
0.6962 0.5647691
0.69655 0.5662756
0.6969 0.5662756
0.69725 0.5683716999999999
0.6976 0.5619358
0.69795 0.5651170999999999
0.6983 0.5640809
0.69865 0.5640809
0.699 0.5631331
0.69935 0.5625155
0.6997 0.5625155
0.70005 0.5564134
0.7004 0.5545131
0.70075 0.5545131
0.7011 0.5560404999999999
0.70145 0.5560404999999999
0.7018 0.5552931
0.70215 0.5552931
0.7025 0.5552931
0.70285 0.5558269
0.7032 0.5558269
0.70355 0.5558269
0.7039 0.5565423
0.70425 0.5565423
0.7046 0.5566817
0.70495 0.5566817
0.7053 0.556895
0.70565 0.5610086
0.706 0.5610086
0.70635 0.5603642
0.7067 0.5603642
0.70705 0.5603642
0.7074 0.5615451
0.70775 0.5608941999999999
0.7081 0.5615451
0.70845 0.5608941999999999
0.7088 0.5629024
0.70915 0.5607254
0.7095 0.5629024
0.70985 0.5630699
0.7102 0.5650864000000001
0.71055 0.5650864000000001
0.7109 0.5630725000000001
0.71125 0.5630415
0.7116 0.5630725000000001
0.71195 0.5663674
0.7123 0.5663674
0.71265 0.5648920999999999
0.713 0.5640722
0.71335 0.5640722
0.7137 0.5648430999999999
0.71405 0.5648430999999999
0.7144 0.5640090999999999
0.71475 0.5637984
0.7151 0.5623921
0.71545 0.5623921
0.7158 0.5595808000000001
0.71615 0.5592908000000001
0.7165 0.5546214
0.71685 0.5473271
0.7172 0.5472794
0.71755 0.5409429
0.7179 0.5409429
0.71825 0.5377033
0.7186 0.5377033
0.71895 0.5276557
0.7193 0.5276557
0.71965 0.5276557
0.72 0.5201979
0.72035 0.5201979
0.7207 0.5217691
0.72105 0.5217691
0.7214 0.5217691
0.72175 0.5175363000000001
0.7221 0.5219623999999999
0.72245 0.5189227
0.7228 0.5189227
0.72315 0.5136894000000001
0.7235 0.4992257
0.72385 0.4911228
0.7242 0.4911228
0.72455 0.4812104
0.7249 0.473463
0.72525 0.473463
0.7256 0.4550734999999999
0.72595 0.4550734999999999
0.7263 0.4550734999999999
0.72665 0.4488569999999999
0.727 0.4297831
0.72735 0.445984
0.7277 0.445984
0.72805 0.4568077999999999
0.7284 0.4717751
0.72875 0.4809849
0.7291 0.4844335
0.72945 0.4846864000000001
0.7298 0.4846864000000001
0.73015 0.4825946
0.7305 0.4825946
0.73085 0.5053529
0.7312 0.5121886999999999
0.73155 0.5121886999999999
0.7319 0.5154257999999999
0.73225 0.5066221
0.7326 0.5192982
0.73295 0.5066221
0.7333 0.5192982
0.73365 0.5334270000000001
0.734 0.5334270000000001
0.73435 0.5369585
0.7347 0.5408778000000001
0.73505 0.5426445
0.7354 0.5455805
0.73575 0.5455805
0.7361 0.5455805
0.73645 0.5496125
0.7368 0.5496125
0.73715 0.5496125
0.7375 0.5519765999999999
0.73785 0.5549911999999999
0.7382 0.5559071999999999
0.73855 0.5579189
0.7389 0.5559071999999999
0.73925 0.5579189
0.7396 0.5590608
0.73995 0.5605241999999999
0.7403 0.5605241999999999
0.74065 0.5639807
0.741 0.5639807
0.74135 0.5639807
0.7417 0.5642377
0.74205 0.5661599
0.7424 0.5661599
0.74275 0.5661599
0.7431 0.5681489000000001
0.74345 0.5681489000000001
0.7438 0.5674541
0.74415 0.5666743000000001
0.7445 0.5666743000000001
0.74485 0.5689002
0.7452 0.5689002
0.74555 0.5689002
0.7459 0.5664020000000001
0.74625 0.5680933000000001
0.7466 0.5680933000000001
0.74695 0.5680933000000001
0.7473 0.5687109
0.74765 0.5685038
0.748 0.5688228
0.74835 0.5685399999999999
0.7487 0.5685399999999999
0.74905 0.5685399999999999
0.7494 0.5689185999999999
0.74975 0.5689185999999999
0.7501 0.5689185999999999
0.75045 0.5684308000000001
0.7508 0.5703688
0.75115 0.5694393
0.7515 0.5697234999999999
0.75185 0.5697234999999999
0.7522 0.5697234999999999
0.75255 0.5701361
0.7529 0.5701361
0.75325 0.5703062
0.7536 0.5703604999999999
0.75395 0.5703604999999999
0.7543 0.5703630000000001
0.75465 0.5715960999999999
0.755 0.5703630000000001
0.75535 0.5713874
0.7557 0.5713874
0.75605 0.5715364
0.7564 0.5715364
0.75675 0.5715364
0.7571 0.5703332
0.75745 0.5698559
0.7578 0.5698559
0.75815 0.5701316
0.7585 0.5701316
0.75885 0.5699489000000001
0.7592 0.5698464
0.75955 0.5691503000000001
0.7599 0.5687733
0.76025 0.5687733
0.7606 0.5676548
0.76095 0.5676548
0.7613 0.5684503000000001
0.76165 0.5684503000000001
0.762 0.5672768
0.76235 0.5671411999999999
0.7627 0.5670281
0.76305 0.5666922
0.7634 0.5666922
0.76375 0.5664691999999999
0.7641 0.5664691999999999
0.76445 0.5658539
0.7648 0.5658329000000001
0.76515 0.5658539
0.7655 0.5658685
0.76585 0.5658685
0.7662 0.5654766999999999
0.76655 0.5648778
0.7669 0.5648536
0.76725 0.5648536
0.7676 0.5654361
0.76795 0.5658595000000001
0.7683 0.5658595000000001
0.76865 0.5655977
0.769 0.5655777
0.76935 0.5654752
0.7697 0.5654751
0.77005 0.5654045
0.7704 0.5651592
0.77075 0.5649618000000001
0.7711 0.5648973
0.77145 0.564832
0.7718 0.5647599
0.77215 0.5645100000000001
0.7725 0.5639974
0.77285 0.5625356
0.7732 0.5610184
0.77355 0.5610184
0.7739 0.5612373
0.77425 0.5618316
0.7746 0.5618316
0.77495 0.5615481999999999
0.7753 0.5612533000000001
0.77565 0.5603739000000001
0.776 0.559659
0.77635 0.5590864000000001
0.7767 0.5589892
0.77705 0.5584266999999999
0.7774 0.5578814000000001
0.77775 0.5574967
0.7781 0.5569826
0.77845 0.5560501999999999
0.7788 0.5552298000000001
0.77915 0.5544034000000001
0.7795 0.5520005
0.77985 0.5503774
0.7802 0.5481722
0.78055 0.5481486
0.7809 0.5449430000000001
0.78125 0.543846
0.7816 0.5435169
0.78195 0.5427084
0.7823 0.5425538000000001
0.78265 0.5422524000000001
0.783 0.5412998
0.78335 0.5409928
0.7837 0.5383748
0.78405 0.5383748
0.7844 0.5413829000000001
0.78475 0.5441146
0.7851 0.5459316999999999
0.78545 0.5459316999999999
0.7858 0.544925
0.78615 0.5445300000000001
0.7865 0.5445300000000001
0.78685 0.5441906999999999
0.7872 0.5441906999999999
0.78755 0.546122
0.7879 0.5469354000000001
0.78825 0.5477213000000001
0.7886 0.5477213000000001
0.78895 0.5483427
0.7893 0.5483427
0.78965 0.5488425
0.79 0.5488425
0.79035 0.5491227
0.7907 0.5481876999999999
0.79105 0.5472127
0.7914 0.5461912
0.79175 0.5460056
0.7921 0.5449202
0.79245 0.5426731
0.7928 0.5414237
0.79315 0.5414237
0.7935 0.5413387
0.79385 0.5413387
0.7942 0.5396375
0.79455 0.5395707
0.7949 0.5357418
0.79525 0.5351471
0.7956 0.5357418
0.79595 0.5268170999999999
0.7963 0.5268170999999999
0.79665 0.5268170999999999
0.797 0.5329759
0.79735 0.5329759
0.7977 0.5329759
0.79805 0.5312084
0.7984 0.5342958000000001
0.79875 0.5346335
0.7991 0.5357205
0.79945 0.5370526
0.7998 0.5372258000000001
0.80015 0.537485
0.8005 0.5393168
0.80085 0.5404316
0.8012 0.5404316
0.80155 0.5401759
0.8019 0.5401759
0.80225 0.5401759
0.8026 0.5405131999999999
0.80295 0.5426960999999999
0.8033 0.5426960999999999
0.80365 0.5447887
0.804 0.5447887
0.80435 0.5455230999999999
0.8047 0.5468578000000001
0.80505 0.5484891
0.8054 0.5486576
0.80575 0.5486576
0.8061 0.5462095
0.80645 0.5462095
0.8068 0.5493176
0.80715 0.5518634
0.8075 0.5518634
0.80785 0.5525445
0.8082 0.5525445
0.80855 0.5530600999999999
0.8089 0.5530600999999999
0.80925 0.5506484
0.8096 0.5506484
0.80995 0.5528736999999999
0.8103 0.553635
0.81065 0.553635
0.811 0.5538305
0.81135 0.5541262
0.8117 0.5542431999999999
0.81205 0.5542874
0.8124 0.5547312
0.81275 0.5560178000000001
0.8131 0.5547312
0.81345 0.5572184
0.8138 0.5572184
0.81415 0.5572184
0.8145 0.5571573000000001
0.81485 0.5336441999999999
0.8152 0.5336441999999999
0.81555 0.5568223000000001
0.8159 0.5574003000000001
0.81625 0.5574003000000001
0.8166 0.5589616
0.81695 0.5581286
0.8173 0.5589616
0.81765 0.5581286
0.818 0.5577808000000001
0.81835 0.5577808000000001
0.8187 0.5577808000000001
0.81905 0.5601726
0.8194 0.5605704
0.81975 0.5605704
0.8201 0.5611018
0.82045 0.5611669
0.8208 0.5611669
0.82115 0.5615955
0.8215 0.5610156999999999
0.82185 0.5610156999999999
0.8222 0.5606419
0.82255 0.5597293999999999
0.8229 0.5571109000000001
0.82325 0.5286624
0.8236 0.5405101
0.82395 0.5405101
0.8243 0.5607225
0.82465 0.5621415
0.825 0.5621415
0.82535 0.5621415
0.8257 0.5620656999999999
0.82605 0.5620656999999999
0.8264 0.5627022
0.82675 0.5628234999999999
0.8271 0.5627022
0.82745 0.5610318
0.8278 0.5543621999999999
0.82815 0.5604004
0.8285 0.5604004
0.82885 0.5604004
0.8292 0.5612381
0.82955 0.5620359
0.8299 0.5620359
0.83025 0.5613804
0.8306 0.5613804
0.83095 0.5617094
0.8313 0.5625273000000001
0.83165 0.5617094
0.832 0.5590762
0.83235 0.5590762
0.8327 0.5556308000000001
0.83305 0.5618685999999999
0.8334 0.5604380999999999
0.83375 0.5604380999999999
0.8341 0.5492518
0.83445 0.5492518
0.8348 0.5492518
0.83515 0.5565237
0.8355 0.5552312
0.83585 0.5552312
0.8362 0.5538444
0.83655 0.553417
0.8369 0.5521663
0.83725 0.5510767
0.8376 0.5445241999999999
0.83795 0.5435482
0.8383 0.5435482
0.83865 0.5431358000000001
0.839 0.5431358000000001
0.83935 0.5431358000000001
0.8397 0.5437965
0.84005 0.5447918
0.8404 0.5447918
0.84075 0.5392075
0.8411 0.5376052
0.84145 0.5367486
0.8418 0.5367486
0.84215 0.5384061
0.8425 0.5429975
0.84285 0.5492201
0.8432 0.5492201
0.84355 0.5487946
0.8439 0.5465582
0.84425 0.5465582
0.8446 0.547687
0.84495 0.5486118000000001
0.8453 0.5503021
0.84565 0.5510727
0.846 0.5529059000000001
0.84635 0.5551009
0.8467 0.5551484
0.84705 0.5551484
0.8474 0.5551484
0.84775 0.5543816
0.8481 0.5543816
0.84845 0.5544574999999999
0.8488 0.5562283
0.84915 0.5573253
0.8495 0.5573253
0.84985 0.5558179
0.8502 0.5555005000000001
0.85055 0.5505339
0.8509 0.5505339
0.85125 0.5505339
0.8516 0.5531316999999999
0.85195 0.5520676
0.8523 0.5520676
0.85265 0.5499463000000001
0.853 0.5475366
0.85335 0.54689
0.8537 0.5453073
0.85405 0.5432526999999999
0.8544 0.540196
0.85475 0.5385095
0.8551 0.5384800999999999
0.85545 0.5347874
0.8558 0.534205
0.85615 0.528854
0.8565 0.528854
0.85685 0.5261939999999999
0.8572 0.5200281
0.85755 0.5155424
0.8579 0.4906255
0.85825 0.4906255
0.8586 0.4906255
0.85895 0.4991550999999999
0.8593 0.497345
0.85965 0.4991550999999999
0.86 0.497345
0.86035 0.4759964
0.8607 0.4725199
0.86105 0.460168
0.8614 0.4565023
0.86175 0.4528538
0.8621 0.4415563
0.86245 0.4415563
0.8628 0.4406765
0.86315 0.4428374
0.8635 0.4406314999999999
0.86385 0.4406314999999999
0.8642 0.4183223
0.86455 0.4105279999999999
0.8649 0.4183223
0.86525 0.4454542
0.8656 0.4474241
0.86595 0.4542534
0.8663 0.4613229
0.86665 0.4613229
0.867 0.425321
0.86735 0.425321
0.8677 0.4404545999999999
0.86805 0.463101
0.8684 0.4760390999999999
0.86875 0.4809130999999999
0.8691 0.4992374
0.86945 0.4982076
0.8698 0.4994088
0.87015 0.4994088
0.8705 0.4994088
0.87085 0.4894639
0.8712 0.4835534999999999
0.87155 0.4894639
0.8719 0.4853435
0.87225 0.5150429
0.8726 0.4973616
0.87295 0.4973616
0.8733 0.4973616
0.87365 0.5107496
0.874 0.5137457999999999
0.87435 0.5196614
0.8747 0.5196614
0.87505 0.5196614
0.8754 0.5243564000000001
0.87575 0.492979
0.8761 0.5143283
0.87645 0.5103825
0.8768 0.5103825
0.87715 0.5091694999999999
0.8775 0.4848814
0.87785 0.4848814
0.8782 0.4723184
0.87855 0.4723184
0.8789 0.5027979
0.87925 0.5027979
0.8796 0.4101020999999999
0.87995 0.3830699999999999
0.8803 0.3924123
0.88065 0.3830699999999999
0.881 0.3421707
0.88135 0.3342009
0.8817 0.3001888
0.88205 0.241526
0.8824 0.1625766
0.88275 0.1625766
0.8831 0.1625766
0.88345 0.1635086
0.8838 0.1583156
0.88415 0.1635086
0.8845 0.1983132
0.88485 0.2281860999999999
0.8852 0.2464599
0.88555 0.2464599
0.8859 0.2308002999999999
0.88625 0.1873451
0.8866 0.0946781
0.88695 0.0648379999999999
0.8873 0.0648379999999999
0.88765 0.0736001999999999
0.888 0.1172101999999999
0.88835 0.1172101999999999
0.8887 0.146005
0.88905 0.0834691
0.8894 0.153291
0.88975 0.1546249
0.8901 0.1871012
0.89045 0.178017
0.8908 0.178017
0.89115 0.1778375999999999
0.8915 0.1778375999999999
0.89185 0.1915716
0.8922 0.1917895
0.89255 0.1917895
0.8929 0.1981894
0.89325 0.1981894
0.8936 0.1812114
0.89395 0.1703307
0.8943 0.1703307
0.89465 0.1701703
0.895 0.1701703
0.89535 0.1701703
0.8957 0.1779705
0.89605 0.1817641
0.8964 0.2030581
0.89675 0.2472445
0.8971 0.2472445
0.89745 0.2475456
0.8978 0.2475456
0.89815 0.2566254
0.8985 0.2566254
0.89885 0.2476441
0.8992 0.2428844
0.89955 0.2428844
0.8999 0.2515668
0.90025 0.2515668
0.9006 0.2991399
0.90095 0.3373874
0.9013 0.3417786
0.90165 0.3815385
0.902 0.3815385
0.90235 0.3949631
0.9027 0.3970046
0.90305 0.3970046
0.9034 0.4339141999999999
0.90375 0.3958132
0.9041 0.4429148
0.90445 0.4631501
0.9048 0.4669458999999999
0.90515 0.4669458999999999
0.9055 0.4841108
0.90585 0.5006709
0.9062 0.5006709
0.90655 0.4795485
0.9069 0.4795485
0.90725 0.4807439999999999
0.9076 0.4807439999999999
0.90795 0.4566823
0.9083 0.4308096999999999
0.90865 0.4566823
0.909 0.5110911
0.90935 0.5110911
0.9097 0.4711734999999999
0.91005 0.4711734999999999
0.9104 0.4722934
0.91075 0.5030015
0.9111 0.5229467000000001
0.91145 0.5216273
0.9118 0.5216273
0.91215 0.5172679
0.9125 0.5135428
0.91285 0.5135428
0.9132 0.5135428
0.91355 0.4827265
0.9139 0.518961
0.91425 0.5180857
0.9146 0.5299229999999999
0.91495 0.5271439
0.9153 0.5271439
0.91565 0.5044632
0.916 0.4969032
0.91635 0.4969032
0.9167 0.4969032
0.91705 0.5164388
0.9174 0.5213563
0.91775 0.5213563
0.9181 0.5041914000000001
0.91845 0.5041914000000001
0.9188 0.5104104
0.91915 0.5104104
0.9195 0.4929228
0.91985 0.4929228
0.9202 0.523826
0.92055 0.523826
0.9209 0.5333226
0.92125 0.5198223
0.9216 0.503817
0.92195 0.503817
0.9223 0.4479026
0.92265 0.5087429
0.923 0.5345781
0.92335 0.5345781
0.9237 0.5124099
0.92405 0.5124099
0.9244 0.5182495
0.92475 0.5290074
0.9251 0.5182495
0.92545 0.5290074
0.9258 0.509685
0.92615 0.509685
0.9265 0.509685
0.92685 0.4383417999999999
0.9272 0.4707872999999999
0.92755 0.4707872999999999
0.9279 0.4707872999999999
0.92825 0.5207248999999999
0.9286 0.5207248999999999
0.92895 0.5285648000000001
0.9293 0.5317973000000001
0.92965 0.5317973000000001
0.93 0.4751417
0.93035 0.4751417
0.9307 0.4133833999999999
0.93105 0.4567363
0.9314 0.4567363
0.93175 0.4567363
0.9321 0.4930941
0.93245 0.437372
0.9328 0.4930941
0.93315 0.5139047000000001
0.9335 0.5139047000000001
0.93385 0.4661959
0.9342 0.4158173
0.93455 0.4158173
0.9349 0.4481292
0.93525 0.4481292
0.9356 0.510684
0.93595 0.510684
0.9363 0.5192009
0.93665 0.5192009
0.937 0.4967656
0.93735 0.4967656
0.9377 0.4144348
0.93805 0.4126189999999999
0.9384 0.4126189999999999
0.93875 0.479475
0.9391 0.502113
0.93945 0.5156046
0.9398 0.502113
0.94015 0.5226627
0.9405 0.4126394
0.94085 0.5226627
0.9412 0.5294766
0.94155 0.5336274000000001
0.9419 0.5401973000000001
0.94225 0.5401973000000001
0.9426 0.5401068
0.94295 0.4128252
0.9433 0.4128252
0.94365 0.4565808
0.944 0.4565808
0.94435 0.369603
0.9447 0.369603
0.94505 0.5299465
0.9454 0.5299465
0.94575 0.5299465
0.9461 0.511785
0.94645 0.511785
0.9468 0.4821965999999999
0.94715 0.4821965999999999
0.9475 0.4821965999999999
0.94785 0.5131296
0.9482 0.5227867
0.94855 0.5282562
0.9489 0.5227867
0.94925 0.4580225999999999
0.9496 0.4580225999999999
0.94995 0.46657
0.9503 0.4988690999999999
0.95065 0.5395394
0.951 0.5395394
0.95135 0.5128914000000001
0.9517 0.5128914000000001
0.95205 0.519145
0.9524 0.519145
0.95275 0.4891294
0.9531 0.479859
0.95345 0.479859
0.9538 0.5342958999999999
0.95415 0.5342958999999999
0.9545 0.5295641999999999
0.95485 0.5295641999999999
0.9552 0.5157308
0.95555 0.5294041
0.9559 0.5294041
0.95625 0.5294041
0.9566 0.5280055
0.95695 0.4850475999999999
0.9573 0.4850475999999999
0.95765 0.5358611999999999
0.958 0.5358611999999999
0.95835 0.5354342
0.9587 0.5329225000000001
0.95905 0.5329225000000001
0.9594 0.492521
0.95975 0.492521
0.9601 0.5221511999999999
0.96045 0.5221511999999999
0.9608 0.5194725
0.96115 0.5194725
0.9615 0.5194725
0.96185 0.5169594
0.9622 0.5118414000000001
0.96255 0.4442596
0.9629 0.4442596
0.96325 0.4873509
0.9636 0.4873509
0.96395 0.4862154999999999
0.9643 0.4862154999999999
0.96465 0.4862154999999999
0.965 0.4799361
0.96535 0.4734464
0.9657 0.4650384
0.96605 0.4584566
0.9664 0.4570832
0.96675 0.4559899999999999
0.9671 0.4266293
0.96745 0.4481542
0.9678 0.4481542
0.96815 0.4706392
0.9685 0.4706392
0.96885 0.4680920999999999
0.9692 0.4680920999999999
0.96955 0.4584791
0.9699 0.4558939
0.97025 0.4347899
0.9706 0.4135545999999999
0.97095 0.4095980999999999
0.9713 0.4135545999999999
0.97165 0.4283204
0.972 0.442975
0.97235 0.448271
0.9727 0.4556549
0.97305 0.448271
0.9734 0.4364739
0.97375 0.4364739
0.9741 0.4291313
0.97445 0.4458019
0.9748 0.4515172999999999
0.97515 0.4581999
0.9755 0.4581999
0.97585 0.4595915
0.9762 0.4595915
0.97655 0.4413264
0.9769 0.4036802
0.97725 0.4413264
0.9776 0.4036802
0.97795 0.4268757999999999
0.9783 0.4011595999999999
0.97865 0.4115173
0.979 0.4115173
0.97935 0.4479015
0.9797 0.4479015
0.98005 0.3962746
0.9804 0.3714544
0.98075 0.3714544
0.9811 0.3714544
0.98145 0.3921037
0.9818 0.3921037
0.98215 0.3762857
0.9825 0.3721620999999999
0.98285 0.1675828
0.9832 0.3319081
0.98355 0.3319081
0.9839 0.3350914
0.98425 0.3375081
0.9846 0.3350914
0.98495 0.3512309
0.9853 0.2210145
0.98565 0.2677262
0.986 0.1962985
0.98635 0.2677262
0.9867 0.2138695
0.98705 0.2309415
0.9874 0.2309415
0.98775 0.2468465
0.9881 0.2468465
0.98845 0.0304291
0.9888 0.0304291
0.98915 0.1141251
0.9895 0.2626752
0.98985 0.1959213
0.9902 0.2677504
0.99055 0.1959213
0.9909 0.2677504
0.99125 0.2636172
0.9916 0.2795561
0.99195 0.2636172
0.9923 0.2872006
0.99265 0.3188497
0.993 0.3188497
0.99335 0.316483
0.9937 0.3035406
0.99405 0.3017509
0.9944 0.3017509
0.99475 0.3017509
0.9951 0.2415143
0.99545 0.2415143
0.9958 0.0628071
0.99615 0.2716387
0.9965 0.0628071
0.99685 0.2716387
0.9972 0.3110974999999999
0.99755 0.3110974999999999
0.9979 0.3211687
0.99825 0.2626557
0.9986 0.2860735
0.99895 0.2590162
0.9993 0.2590162
