0.3 0.5803446
0.30035 0.5808482
0.3007 0.5808482
0.30105 0.5807755
0.3014 0.5805265000000001
0.30175 0.5801586
0.3021 0.5796219
0.30245 0.578721
0.3028 0.5769325
0.30315 0.572095
0.3035 0.572095
0.30385 0.5722050999999999
0.3042 0.575988
0.30455 0.5771205
0.3049 0.5774351
0.30525 0.5774351
0.3056 0.57731
0.30595 0.5770887
0.3063 0.5768113
0.30665 0.5764905
0.307 0.5761314999999999
0.30735 0.5757303
0.3077 0.5752753
0.30805 0.5747426999999999
0.3084 0.5740838
0.30875 0.5732141
0.3091 0.5718597
0.30945 0.5693477
0.3098 0.5635916999999999
0.31015 0.5605741
0.3105 0.5605741
0.31085 0.5670204000000001
0.3112 0.5691679000000001
0.31155 0.5699019000000001
0.3119 0.5699719
0.31225 0.5699719
0.3126 0.5697321
0.31295 0.5694071999999999
0.3133 0.5690259
0.31365 0.5686069
0.314 0.5681539000000001
0.31435 0.5676781999999999
0.3147 0.5671746999999999
0.31505 0.5666538000000001
0.3154 0.5661124
0.31575 0.5655498000000001
0.3161 0.5649659
0.31645 0.5643594
0.3168 0.5637288
0.31715 0.5630722
0.3175 0.5623866999999999
0.31785 0.5616685
0.3182 0.5609236
0.31855 0.5601225999999999
0.3189 0.5592786999999999
0.31925 0.5583463000000001
0.3196 0.557325
0.31995 0.5561429
0.3203 0.5546810999999999
0.32065 0.5526572
0.321 0.5492925999999999
0.32135 0.5420808000000001
0.3217 0.5387525
0.32205 0.5387525
0.3224 0.5454651
0.32275 0.5470913000000001
0.3231 0.5470913000000001
0.32345 0.5464237
0.3238 0.5454142
0.32415 0.5442209
0.3245 0.5428821
0.32485 0.5413874
0.3252 0.5398029999999999
0.32555 0.5381018
0.3259 0.5362794
0.32625 0.5343295
0.3266 0.5322449
0.32695 0.5300714
0.3273 0.5276994
0.32765 0.5251679
0.328 0.5225242
0.32835 0.5195837999999999
0.3287 0.5163398
0.32905 0.5123069
0.3294 0.5059799
0.32975 0.4932872
0.3301 0.4669305
0.33045 0.4669305
0.3308 0.4928839
0.33115 0.5034852
0.3315 0.5082205
0.33185 0.5110437
0.3322 0.5131526
0.33255 0.5148735
0.3329 0.5164939000000001
0.33325 0.5179207
0.3336 0.5192988000000001
0.33395 0.520511
0.3343 0.5216755
0.33465 0.5226892
0.335 0.5236116
0.33535 0.5244488
0.3357 0.5252063
0.33605 0.5259269
0.3364 0.526502
0.33675 0.5270495
0.3371 0.5275344
0.33745 0.5279579000000001
0.3378 0.5283245
0.33815 0.52861
0.3385 0.5288682
0.33885 0.5290486999999999
0.3392 0.5291958000000001
0.33955 0.5292633000000001
0.3399 0.5292633000000001
0.34025 0.5292128
0.3406 0.5290562
0.34095 0.5287930999999999
0.3413 0.5283928000000001
0.34165 0.527809
0.342 0.5269696
0.34235 0.5257619
0.3427 0.5240037999999999
0.34305 0.5213957
0.3434 0.5175765
0.34375 0.5114928
0.3441 0.5019340999999999
0.34445 0.489433
0.3448 0.489433
0.34515 0.4971494999999999
0.3455 0.506683
0.34585 0.5131005999999999
0.3462 0.5170882
0.34655 0.5197554
0.3469 0.5215862
0.34725 0.5228688
0.3476 0.5237795
0.34795 0.5244302
0.3483 0.5248932
0.34865 0.5252186
0.349 0.5254386999999999
0.34935 0.5255576999999999
0.3497 0.5256354999999999
0.35005 0.5256354999999999
0.3504 0.5256305
0.35075 0.5255812
0.3511 0.525489
0.35145 0.5253738
0.3518 0.5252503000000001
0.35215 0.5250968
0.3525 0.5249279
0.35285 0.5247454
0.3532 0.5245506
0.35355 0.5243448
0.3539 0.5241288
0.35425 0.5239037
0.3546 0.5236685999999999
0.35495 0.5234273
0.3553 0.5231784
0.35565 0.5229098
0.356 0.5225701
0.35635 0.5223597
0.3567 0.5221049
0.35705 0.5215245
0.3574 0.5214529999999999
0.35775 0.5211819000000001
0.3581 0.5208108
0.35845 0.5205708
0.3588 0.5202407
0.35915 0.5199918
0.3595 0.5192598
0.35985 0.5189680999999999
0.3602 0.51862
0.36055 0.5182694
0.3609 0.517995
0.36125 0.517995
0.3616 0.5176614
0.36195 0.5173719
0.3623 0.5169104999999999
0.36265 0.5166574
0.363 0.5163101999999999
0.36335 0.5159448
0.3637 0.5155817
0.36405 0.5151011
0.3644 0.5148564
0.36475 0.5144850000000001
0.3651 0.5141084
0.36545 0.5137136
0.3658 0.5132616
0.36615 0.5129315
0.3665 0.512567
0.36685 0.5121519
0.3672 0.5117477
0.36755 0.5113665
0.3679 0.5109335
0.36825 0.5105347
0.3686 0.510017
0.36895 0.5097326
0.3693 0.5092649
0.36965 0.5088788
0.37 0.5083278
0.37035 0.5079591
0.3707 0.5073496
0.37105 0.5070246
0.3714 0.5067023
0.37175 0.5061706
0.3721 0.5056675
0.37245 0.5053241
0.3728 0.5047066
0.37315 0.5044257000000001
0.3735 0.5037433
0.37385 0.5034218
0.3742 0.5029414000000001
0.37455 0.5023728
0.3749 0.5015715000000001
0.37525 0.5013702
0.3756 0.5005670999999999
0.37595 0.5004498
0.3763 0.4995383
0.37665 0.4989305
0.377 0.4989305
0.37735 0.4984944999999999
0.3777 0.4977887
0.37805 0.497181
0.3784 0.4969035
0.37875 0.4955825
0.3791 0.4953327999999999
0.37945 0.4942117999999999
0.3798 0.4938459
0.38015 0.4938459
0.3805 0.4931332
0.38085 0.4929569
0.3812 0.4924063
0.38155 0.4918134
0.3819 0.4907437
0.38225 0.4899502999999999
0.3826 0.4898053
0.38295 0.4893989
0.3833 0.4885502
0.38365 0.4881577
0.384 0.4873350999999999
0.38435 0.486879
0.3847 0.4861729999999999
0.38505 0.4855204000000001
0.3854 0.4848020999999999
0.38575 0.4840827
0.3861 0.4833643
0.38645 0.4825819999999999
0.3868 0.481831
0.38715 0.4810032
0.3875 0.4801821
0.38785 0.4794024
0.3882 0.4786579000000001
0.38855 0.4777145
0.3889 0.4766376
0.38925 0.4755687
0.3896 0.4750150999999999
0.38995 0.4739545
0.3903 0.4729639
0.39065 0.4721779
0.391 0.4710920999999999
0.39135 0.4701036
0.3917 0.4687646
0.39205 0.4677636999999999
0.3924 0.4667057
0.39275 0.4652603
0.3931 0.4642302
0.39345 0.4630479999999999
0.3938 0.4616739
0.39415 0.4599412
0.3945 0.4589015
0.39485 0.4571292999999999
0.3952 0.4557832999999999
0.39555 0.4543321
0.3959 0.452227
0.39625 0.450287
0.3966 0.4487292
0.39695 0.4471818
0.3973 0.4450145
0.39765 0.4429687
0.398 0.4404657
0.39835 0.4387728
0.3987 0.4355755
0.39905 0.4331782999999999
0.3994 0.4310075
0.39975 0.4280227
0.4001 0.4248497
0.40045 0.4213517
0.4008 0.4172810999999999
0.40115 0.4105867
0.4015 0.4090140999999999
0.40185 0.404155
0.4022 0.3978469
0.40255 0.3930394
0.4029 0.3867852
0.40325 0.380527
0.4036 0.3741251
0.40395 0.3688171
0.4043 0.3463954999999999
0.40465 0.3463954999999999
0.405 0.3645589
0.40535 0.3698071
0.4057 0.3742193
0.40605 0.3789533
0.4064 0.3840708
0.40675 0.3886465
0.4071 0.3927572
0.40745 0.3965225999999999
0.4078 0.39984
0.40815 0.4027807
0.4085 0.4027807
0.40885 0.4053769
0.4092 0.4098867
0.40955 0.411639
0.4099 0.4133698
0.41025 0.4149610999999999
0.4106 0.416272
0.41095 0.4174837999999999
0.4113 0.4183919
0.41165 0.4196074999999999
0.412 0.4200887
0.41235 0.4212218
0.4127 0.4218668
0.41305 0.4218668
0.4134 0.4226644
0.41375 0.4230817
0.4141 0.4243422999999999
0.41445 0.424693
0.4148 0.4247435
0.41515 0.4248002
0.4155 0.4248002
0.41585 0.4199309
0.4162 0.4199309
0.41655 0.425468
0.4169 0.4255804
0.41725 0.4260519
0.4176 0.4255804
0.41795 0.4260519
0.4183 0.4260954
0.41865 0.4262011999999999
0.419 0.4262011999999999
0.41935 0.4261828
0.4197 0.4251292
0.42005 0.4230482
0.4204 0.4230482
0.42075 0.4254457
0.4211 0.4265133
0.42145 0.4254457
0.4218 0.4245433
0.42215 0.4242845999999999
0.4225 0.4242845999999999
0.42285 0.4246935999999999
0.4232 0.4246935999999999
0.42355 0.4229688
0.4239 0.4229688
0.42425 0.4232207999999999
0.4246 0.4233049
0.42495 0.4242367999999999
0.4253 0.4242561999999999
0.42565 0.4242561999999999
0.426 0.4209429
0.42635 0.4209429
0.4267 0.4215849
0.42705 0.4234326
0.4274 0.4230331
0.42775 0.4230331
0.4281 0.4226215
0.42845 0.4213819
0.4288 0.4207438
0.42915 0.4171852
0.4295 0.4188028
0.42985 0.4188028
0.4302 0.4188028
0.43055 0.4197531
0.4309 0.4168787
0.43125 0.4174331
0.4316 0.4174331
0.43195 0.4175645
0.4323 0.4187407999999999
0.43265 0.4187407999999999
0.433 0.4181125
0.43335 0.4179289
0.4337 0.4168393
0.43405 0.416783
0.4344 0.4160182
0.43475 0.4159384
0.4351 0.4159384
0.43545 0.4155710999999999
0.4358 0.4148542999999999
0.43615 0.4144686999999999
0.4365 0.4130271
0.43685 0.4124637
0.4372 0.41247
0.43755 0.4124637
0.4379 0.4120457
0.43825 0.4117154999999999
0.4386 0.4117144
0.43895 0.4109566
0.4393 0.4107798
0.43965 0.4090973
0.44 0.4081801
0.44035 0.4056612
0.4407 0.4048505
0.44105 0.4048505
0.4414 0.4046951
0.44175 0.4035195
0.4421 0.4035195
0.44245 0.4035195
0.4428 0.4053100999999999
0.44315 0.4048737
0.4435 0.4048737
0.44385 0.4001157999999999
0.4442 0.4001157999999999
0.44455 0.4026354
0.4449 0.4026354
0.44525 0.399152
0.4456 0.399152
0.44595 0.3995514
0.4463 0.4001072
0.44665 0.4001072
0.447 0.4000288
0.44735 0.3992321
0.4477 0.3989245999999999
0.44805 0.3989132
0.4484 0.3964509
0.44875 0.3983449
0.4491 0.3972841
0.44945 0.3972841
0.4498 0.3965864
0.45015 0.3963354
0.4505 0.3960758
0.45085 0.394345
0.4512 0.3928744
0.45155 0.392728
0.4519 0.3920179
0.45225 0.3925919
0.4526 0.3922071
0.45295 0.3922071
0.4533 0.3917004
0.45365 0.3907585
0.454 0.3907585
0.45435 0.3891637
0.4547 0.3886199999999999
0.45505 0.3886199999999999
0.4554 0.3886180999999999
0.45575 0.386315
0.4561 0.3848977
0.45645 0.386315
0.4568 0.3841055
0.45715 0.3851522999999999
0.4575 0.3845765
0.45785 0.3845765
0.4582 0.3838402
0.45855 0.3838352
0.4589 0.3830754
0.45925 0.3812475999999999
0.4596 0.3800933
0.45995 0.3806297
0.4603 0.3806297
0.46065 0.3806297
0.461 0.3805257999999999
0.46135 0.3800884
0.4617 0.3797272
0.46205 0.3788402
0.4624 0.3782036
0.46275 0.3781762999999999
0.4631 0.3777461
0.46345 0.3766899
0.4638 0.3760441
0.46415 0.3757442
0.4645 0.3748220999999999
0.46485 0.3746370999999999
0.4652 0.3721074
0.46555 0.3721074
0.4659 0.3712344999999999
0.46625 0.3692901
0.4666 0.3686725
0.46695 0.3686725
0.4673 0.367859
0.46765 0.3635194
0.468 0.3632949
0.46835 0.361646
0.4687 0.3546144
0.46905 0.3466991
0.4694 0.3546144
0.46975 0.3615778
0.4701 0.3615778
0.47045 0.3615778
0.4708 0.3608394
0.47115 0.3595077
0.4715 0.3585640999999999
0.47185 0.3544781
0.4722 0.3487238
0.47255 0.349248
0.4729 0.349248
0.47325 0.3551857
0.4736 0.3563457
0.47395 0.3551857
0.4743 0.3556503
0.47465 0.3514900999999999
0.475 0.355419
0.47535 0.3183618
0.4757 0.3553698
0.47605 0.3495105
0.4764 0.3495105
0.47675 0.3495105
0.4771 0.3470293
0.47745 0.3513502
0.4778 0.3482586
0.47815 0.3496438
0.4785 0.3489612
0.47885 0.3489612
0.4792 0.3476727
0.47955 0.3470386
0.4799 0.3462525
0.48025 0.3455369
0.4806 0.3448089
0.48095 0.3439940999999999
0.4813 0.3429576
0.48165 0.3412155
0.482 0.3391954
0.48235 0.3376884
0.4827 0.3376884
0.48305 0.3357353
0.4834 0.3306634
0.48375 0.3264811999999999
0.4841 0.3264811999999999
0.48445 0.3222738
0.4848 0.3114683
0.48515 0.3163021
0.4855 0.3163021
0.48585 0.3163021
0.4862 0.321109
0.48655 0.321109
0.4869 0.3249776
0.48725 0.3249776
0.4876 0.3129961
0.48795 0.3129961
0.4883 0.3148637
0.48865 0.3213387
0.489 0.3263598
0.48935 0.3213387
0.4897 0.325671
0.49005 0.3225195
0.4904 0.3225195
0.49075 0.3174915
0.4911 0.3174915
0.49145 0.3174915
0.4918 0.3201236
0.49215 0.316325
0.4925 0.3154104
0.49285 0.3080241
0.4932 0.3080241
0.49355 0.3080241
0.4939 0.3087245999999999
0.49425 0.3087245999999999
0.4946 0.3087245999999999
0.49495 0.3112249
0.4953 0.3093366
0.49565 0.3107667999999999
0.496 0.3093366
0.49635 0.3090375999999999
0.4967 0.3090045
0.49705 0.3081098
0.4974 0.306169
0.49775 0.3046545
0.4981 0.3028657
0.49845 0.3014049
0.4988 0.3014049
0.49915 0.3011187
0.4995 0.3011187
0.49985 0.300144
0.50055 0.2833287
0.5009 0.2833287
0.50125 0.292476
0.5016 0.292476
0.50195 0.2914805
0.5023 0.2892741
0.50265 0.2785757
0.503 0.2226739
0.50335 0.2457229
0.5037 0.2457229
0.50405 0.2457229
0.5044 0.2784817
0.50475 0.2784817
0.5051 0.2813405
0.50545 0.2813405
0.5058 0.2806000999999999
0.50615 0.2798213
0.5065 0.2682470999999999
0.50685 0.2605243
0.5072 0.2605243
0.50755 0.2660295
0.5079 0.2660295
0.50825 0.2660295
0.5086 0.268469
0.50895 0.268469
0.5093 0.2668861
0.50965 0.2650559
0.51 0.2650559
0.51035 0.2675239
0.5107 0.2675239
0.51105 0.267522
0.5114 0.2658337
0.51175 0.2658337
0.5121 0.2662192
0.51245 0.272383
0.5128 0.272383
0.51315 0.2655845999999999
0.5135 0.2655845999999999
0.51385 0.2648781
0.5142 0.2648781
0.51455 0.2648781
0.5149 0.2620936
0.51525 0.2669953
0.5156 0.2676975
0.51595 0.2676975
0.5163 0.2661585999999999
0.51665 0.265515
0.517 0.265515
0.51735 0.2648244999999999
0.5177 0.2644077999999999
0.51805 0.2636009
0.5184 0.2636009
0.51875 0.2636009
0.5191 0.2632612
0.51945 0.2610332
0.5198 0.2610332
0.52015 0.2610332
0.5205 0.2599808
0.52085 0.2598134
0.5212 0.259705
0.52155 0.2590139999999999
0.5219 0.2576803
0.52225 0.2561552
0.5226 0.255578
0.52295 0.2548744
0.5233 0.236109
0.52365 0.236109
0.524 0.2349842999999999
0.52435 0.2527262
0.5247 0.2503139
0.52505 0.2503139
0.5254 0.2493380999999999
0.52575 0.2482021
0.5261 0.2468685
0.52645 0.2464458
0.5268 0.2448427
0.52715 0.2409223
0.5275 0.2409223
0.52785 0.2409223
0.5282 0.2416989999999999
0.52855 0.2416989999999999
0.5289 0.2384034
0.52925 0.236752
0.5296 0.2334348
0.52995 0.2364903
0.5303 0.2321955
0.53065 0.2297591
0.531 0.2297591
0.53135 0.2320822
0.5317 0.2320822
0.53205 0.2270271
0.5324 0.2229228999999999
0.53275 0.2251937
0.5331 0.2251937
0.53345 0.2256815
0.5338 0.2256815
0.53415 0.2251197
0.5345 0.2244161
0.53485 0.2211646
0.5352 0.2205880999999999
0.53555 0.2194471
0.5359 0.2166445
0.53625 0.2166445
0.5366 0.2156972
0.53695 0.2123507999999999
0.5373 0.2123507999999999
0.53765 0.2105877
0.538 0.2096042999999999
0.53835 0.2074758
0.5387 0.2031329999999999
0.53905 0.202995
0.5394 0.2014548
0.53975 0.1958022999999999
0.5401 0.1958022999999999
0.54045 0.1941561
0.5408 0.1872364
0.54115 0.1817646
0.5415 0.1806405
0.54185 0.1806405
0.5422 0.1787542999999999
0.54255 0.1779557
0.5429 0.1770222
0.54325 0.1758408
0.5436 0.1770222
0.54395 0.1758408
0.5443 0.1790308
0.54465 0.1813519
0.545 0.1813519
0.54535 0.1855455
0.5457 0.1842351
0.54605 0.1842351
0.5464 0.1739509
0.54675 0.1739509
0.5471 0.1739509
0.54745 0.1805192
0.5478 0.1788116
0.54815 0.1805192
0.5485 0.1824424
0.54885 0.1824424
0.5492 0.1808662999999999
0.54955 0.1783362
0.5499 0.1716907999999999
0.55025 0.1757299
0.5506 0.1757299
0.55095 0.1757299
0.5513 0.1745102
0.55165 0.1742347
0.552 0.1721921
0.55235 0.1708724999999999
0.5527 0.1708107999999999
0.55305 0.1708107999999999
0.5534 0.1694994
0.55375 0.1694994
0.5541 0.1681523
0.55445 0.1654217999999999
0.5548 0.1654217999999999
0.55515 0.1654217999999999
0.5555 0.1633302999999999
0.55585 0.1662369
0.5562 0.1633948999999999
0.55655 0.1633948999999999
0.5569 0.1585222
0.55725 0.1585222
0.5576 0.1596537
0.55795 0.160317
0.5583 0.1596537
0.55865 0.1595104
0.559 0.1586579
0.55935 0.1586579
0.5597 0.1580126
0.56005 0.1571752
0.5604 0.1560061
0.56075 0.1556837
0.5611 0.1549766
0.56145 0.1544101
0.5618 0.1533318
0.56215 0.1533185
0.5625 0.1522869
0.56285 0.151773
0.5632 0.151773
0.56355 0.1504842
0.5639 0.1499567
0.56425 0.1489247999999999
0.5646 0.1479069
0.56495 0.1479069
0.5653 0.1466138
0.56565 0.1466138
0.566 0.145836
0.56635 0.1410332
0.5667 0.1408501
0.56705 0.1408501
0.5674 0.1418469
0.56775 0.1418469
0.5681 0.1190793
0.56845 0.1190793
0.5688 0.1220763999999999
0.56915 0.1320702
0.5695 0.1220763999999999
0.56985 0.110243
0.5702 0.110243
0.57055 0.1372213
0.5709 0.1372213
0.57125 0.1359012
0.5716 0.1337396
0.57195 0.1349414
0.5723 0.1348676
0.57265 0.1348676
0.573 0.133181
0.57335 0.1200273999999999
0.5737 0.1312587
0.57405 0.1212573999999999
0.5744 0.1212573999999999
0.57475 0.1212573999999999
0.5751 0.106243
0.57545 0.1288144
0.5758 0.1286917
0.57615 0.1286917
0.5765 0.123732
0.57685 0.1099293999999999
0.5772 0.123732
0.57755 0.1099293999999999
0.5779 0.121065
0.57825 0.121065
0.5786 0.1272756
0.57895 0.1272756
0.5793 0.1239982
0.57965 0.1239613
0.58 0.1218701
0.58035 0.1191853
0.5807 0.1125633
0.58105 0.1125633
0.5814 0.1223553
0.58175 0.1223553
0.5821 0.1221201
0.58245 0.1172928999999999
0.5828 0.115603
0.58315 0.115603
0.5835 0.1138908999999999
0.58385 0.1120099999999999
0.5842 0.1120099999999999
0.58455 0.1120099999999999
0.5849 0.1095706
0.58525 0.1091161
0.5856 0.1090604
0.58595 0.1077101
0.5863 0.1055823999999999
0.58665 0.1047303999999999
0.587 0.101566
0.58735 0.0985284999999999
0.5877 0.0968358999999999
0.58805 0.0928811
0.5884 0.0928811
0.58875 0.0767163
0.5891 0.0746846999999999
0.58945 0.0746846999999999
0.5898 0.0481753
0.59015 0.0481753
0.5905 0.0898067999999999
0.59085 0.0898067999999999
0.5912 0.0869089
0.59155 0.0869089
0.5919 0.0939919
0.59225 0.0939919
0.5926 0.0958638
0.59295 0.1015192
0.5933 0.1015192
0.59365 0.0973631
0.594 0.079534
0.59435 0.0514843
0.5947 0.0514843
0.59505 0.0930833
0.5954 0.0930833
0.59575 0.0902695
0.5961 0.0902695
0.59645 0.0758816
0.5968 0.1015957
0.59715 0.1015957
0.5975 0.1015957
0.59785 0.0985182
0.5982 0.0985182
0.59855 0.0903253999999999
0.5989 0.0903253999999999
0.59925 0.0870031
0.5996 0.0870031
0.59995 0.0967703999999999
0.6003 0.0967703999999999
0.60065 0.0656531
0.601 0.0656531
0.60135 0.0992217
0.6017 0.112202
0.60205 0.1076906
0.6024 0.1076906
0.60275 0.1029698
0.6031 0.1029698
0.60345 0.1049377
0.6038 0.1059956999999999
0.60415 0.1059956999999999
0.6045 0.1059956999999999
0.60485 0.0923143
0.6052 0.1103587999999999
0.60555 0.1099663
0.6059 0.1099663
0.60625 0.1099663
0.6066 0.1093894
0.60695 0.1101520999999999
0.6073 0.1093894
0.60765 0.1104626
0.608 0.1076001
0.60835 0.1100617
0.6087 0.1076001
0.60905 0.1090668999999999
0.6094 0.1079445
0.60975 0.1090668999999999
0.6101 0.1103638
0.61045 0.1103638
0.6108 0.1094904999999999
0.61115 0.1089665
0.6115 0.1087716
0.61185 0.1078591
0.6122 0.1069432
0.61255 0.1064297
0.6129 0.1038711
0.61325 0.1024543999999999
0.6136 0.1013813
0.61395 0.0997633999999999
0.6143 0.0989633999999999
0.61465 0.0977582
0.615 0.0971682
0.61535 0.0970656
0.6157 0.0965315
0.61605 0.0950466
0.6164 0.0946832
0.61675 0.0931674
0.6171 0.0921124
0.61745 0.0892111999999999
0.6178 0.0856688
0.61815 0.0846531
0.6185 0.0829044999999999
0.61885 0.0770834
0.6192 0.0798673999999999
0.61955 0.0798673999999999
0.6199 0.0823168
0.62025 0.0848969
0.6206 0.0856851
0.62095 0.0856851
0.6213 0.0856851
0.62165 0.0881122
0.622 0.0904606
0.62235 0.0928896999999999
0.6227 0.0947684
0.62305 0.0962561
0.6234 0.0971922
0.62375 0.0976812
0.6241 0.1014077999999999
0.62445 0.1014077999999999
0.6248 0.1028971
0.62515 0.1046
0.6255 0.1046
0.62585 0.1054333
0.6262 0.1065724
0.62655 0.1065724
0.6269 0.1066809
0.62725 0.1075628999999999
0.6276 0.1075628999999999
0.62795 0.108246
0.6283 0.106734
0.62865 0.108246
0.629 0.1088045
0.62935 0.1088404999999999
0.6297 0.1089695
0.63005 0.1095547
0.6304 0.1095547
0.63075 0.1077141
0.6311 0.1070878999999999
0.63145 0.100975
0.6318 0.0893934
0.63215 0.0893934
0.6325 0.1045805
0.63285 0.1049537
0.6332 0.1049537
0.63355 0.1042053
0.6339 0.1042053
0.63425 0.1071578
0.6346 0.1071578
0.63495 0.1061063
0.6353 0.1061063
0.63565 0.1061063
0.636 0.1053088
0.63635 0.1053088
0.6367 0.1022621
0.63705 0.1022621
0.6374 0.1022621
0.63775 0.0877038
0.6381 0.0921228
0.63845 0.0921228
0.6388 0.0921228
0.63915 0.0756752
0.6395 0.0756752
0.63985 0.1036531999999999
0.6402 0.1064611
0.64055 0.1064611
0.6409 0.1050654999999999
0.64125 0.1029243
0.6416 0.1019322
0.64195 0.099263
0.6423 0.099263
0.64265 0.1044224999999999
0.643 0.1044224999999999
0.64335 0.1040317
0.6437 0.0938153
0.64405 0.0733865
0.6444 0.0733865
0.64475 0.091752
0.6451 0.091752
0.64545 0.091752
0.6458 0.0410516999999999
0.64615 0.0300524
0.6465 0.0300524
0.64685 0.0595481999999999
0.6472 0.0727566
0.64755 0.0727566
0.6479 0.0715012
0.64825 0.0660419
0.6486 0.0660419
0.64895 0.087076
0.6493 0.0889055
0.64965 0.0939737
0.65 0.0939737
0.65035 0.0939737
0.6507 0.0906401999999999
0.65105 0.068866
0.6514 0.068866
0.65175 0.068866
0.6521 0.0695596
0.65245 0.0903648
0.6528 0.092012
0.65315 0.1153759999999999
0.6535 0.1153759999999999
0.65385 0.1006046
0.6542 0.0640802999999999
0.65455 0.0905498999999999
0.6549 0.0905498999999999
0.65525 0.0905498999999999
0.6556 0.0737702
0.65595 0.0618953
0.6563 0.0618953
0.65665 0.0843865
0.657 0.0886481
0.65735 0.0886481
0.6577 0.0921993999999999
0.65805 0.0890113999999999
0.6584 0.0890113999999999
0.65875 0.0890113999999999
0.6591 0.0933573
0.65945 0.0933573
0.6598 0.0814495
0.66015 0.0814495
0.6605 0.0905505
0.66085 0.0905505
0.6612 0.0781186
0.66155 0.0781186
0.6619 0.0878857
0.66225 0.0881435
0.6626 0.0923324
0.66295 0.0899141
0.6633 0.0899141
0.66365 0.0899141
0.664 0.0904055
0.66435 0.1001487
0.6647 0.1001487
0.66505 0.0945047
0.6654 0.0829054
0.66575 0.0913238999999999
0.6661 0.0858535
0.66645 0.0913238999999999
0.6668 0.0906952999999999
0.66715 0.0944964
0.6675 0.0912077999999999
0.66785 0.0939977
0.6682 0.0912077999999999
0.66855 0.0829694
0.6689 0.0829694
0.66925 0.0910679
0.6696 0.0918261
0.66995 0.0910679
0.6703 0.0918261
0.67065 0.0944465
0.671 0.0944465
0.67135 0.0962886
0.6717 0.0907758
0.67205 0.0988797
0.6724 0.0928712
0.67275 0.0928712
0.6731 0.0928712
0.67345 0.0945947
0.6738 0.0963363999999999
0.67415 0.0945947
0.6745 0.0963363999999999
0.67485 0.0965819
0.6752 0.0965819
0.67555 0.0955034
0.6759 0.0955034
0.67625 0.0967406
0.6766 0.0995673
0.67695 0.0974386
0.6773 0.0996082
0.67765 0.0988964
0.678 0.0988964
0.67835 0.0988964
0.6787 0.0931806
0.67905 0.0930154
0.6794 0.0930154
0.67975 0.0965623
0.6801 0.0965623
0.68045 0.0939829
0.6808 0.0886148
0.68115 0.0886148
0.6815 0.0886148
0.68185 0.088007
0.6822 0.0732118
0.68255 0.0732118
0.6829 0.0804616
0.68325 0.0876237
0.6836 0.0885343
0.68395 0.0876237
0.6843 0.0825918
0.68465 0.0825918
0.685 0.0868726
0.68535 0.0913056
0.6857 0.093091
0.68605 0.0913056
0.6864 0.0893479
0.68675 0.0787313999999999
0.6871 0.0787313999999999
0.68745 0.0853125
0.6878 0.0853631
0.68815 0.0853125
0.6885 0.0853631
0.68885 0.0848471
0.6892 0.0856869
0.68955 0.0669496
0.6899 0.0807817
0.69025 0.0786702
0.6906 0.0807817
0.69095 0.0786702
0.6913 0.0669726
0.69165 0.0622628
0.692 0.0347744
0.69235 0.0347744
0.6927 0.0378669
0.69305 0.0378669
0.6934 0.0378669
0.69375 0.040749
0.6941 0.040749
0.69445 0.048092
0.6948 0.0369001
0.69515 0.0504635
0.6955 0.0061668
0.69585 0.0504635
0.6962 0.0588992
0.69655 0.0620913
0.6969 0.0588992
0.69725 0.0645619
0.6976 0.0477036
0.69795 0.0560454
0.6983 0.0560454
0.69865 0.0560454
0.699 0.0609713
0.69935 0.0651573
0.6997 0.0651573
0.70005 0.0336297
0.7004 0.0336297
0.70075 0.0338954
0.7011 0.0492979
0.70145 0.0492979
0.7018 0.0461298
0.70215 0.0461298
0.7025 0.0461298
0.70285 0.0327468
0.7032 0.0327468
0.70355 0.0378249
0.7039 0.0520952
0.70425 0.0394816999999999
0.7046 0.0469503
0.70495 0.0394816999999999
0.7053 0.0469503
0.70565 0.0609664
0.706 0.0609664
0.70635 0.0445485
0.7067 0.0445485
0.70705 0.0445485
0.7074 0.0451076
0.70775 0.0323380999999999
0.7081 0.0451076
0.70845 0.0323380999999999
0.7088 0.0404088
0.70915 0.0303769
0.7095 0.0404088
0.70985 0.0431208
0.7102 0.0608079
0.71055 0.0608079
0.7109 0.0244852999999999
0.71125 0.0244852999999999
0.7116 0.0244852999999999
0.71195 0.0335096
0.7123 0.0418392
0.71265 0.0418392
0.713 0.0394843
0.71335 0.0394843
0.7137 0.0428845
0.71405 0.0428845
0.7144 0.0331275
0.71475 0.0331275
0.7151 0.0355529
0.71545 0.0355529
0.7158 0.0345254
0.71615 0.0287570999999999
0.7165 0.0118847
0.71685 0.0118847
0.7172 0.0108521
0.71755 0.0108521
0.7179 0.0108521
0.71825 0.0218666
0.7186 0.0218666
0.71895 0.0081979
0.7193 0.0081979
0.71965 0.0082435
0.72 0.0082435
0.72035 0.0132315
0.7207 0.0209985
0.72105 0.0209985
0.7214 0.0218258
0.72175 0.0103017
0.7221 0.0255666
0.72245 0.021574
0.7228 0.021574
0.72315 0.0119116
0.7235 0.0070491
0.72385 0.0070491
0.7242 0.0070491
0.72455 0.0109331
0.7249 0.0109331
0.72525 0.0109331
0.7256 0.0100347
0.72595 0.0083236
0.7263 0.005869
0.72665 0.0083236
0.727 0.0042654
0.72735 0.0137659
0.7277 0.0123541
0.72805 0.0137659
0.7284 0.0162579
0.72875 0.0191673
0.7291 0.0191673
0.72945 0.0137396
0.7298 0.0114069
0.73015 0.0123067
0.7305 0.0123067
0.73085 0.0133212
0.7312 0.0157423
0.73155 0.0133212
0.7319 0.0157423
0.73225 0.0097055
0.7326 0.0097055
0.73295 0.0090187
0.7333 0.0090187
0.73365 0.0288147
0.734 0.0288147
0.73435 0.0183584
0.7347 0.0183584
0.73505 0.0274667
0.7354 0.0364504
0.73575 0.0364504
0.7361 0.0242882
0.73645 0.0201181
0.7368 0.0201181
0.73715 0.0201181
0.7375 0.0150411
0.73785 0.0372593
0.7382 0.0259997
0.73855 0.0259997
0.7389 0.0205164
0.73925 0.0205164
0.7396 0.0188805
0.73995 0.0188805
0.7403 0.0188805
0.74065 0.0303486
0.741 0.0303486
0.74135 0.0337342
0.7417 0.037731
0.74205 0.0453981
0.7424 0.0453981
0.74275 0.0453981
0.7431 0.0467996999999999
0.74345 0.0476976
0.7438 0.0476976
0.74415 0.0379421999999999
0.7445 0.0379421999999999
0.74485 0.0504296999999999
0.7452 0.0504296999999999
0.74555 0.0315101
0.7459 0.0315101
0.74625 0.0342969
0.7466 0.0449325999999999
0.74695 0.0449325999999999
0.7473 0.0178549
0.74765 0.0178549
0.748 0.0483008
0.74835 0.0542736999999999
0.7487 0.0483008
0.74905 0.0450291
0.7494 0.0411601
0.74975 0.0411601
0.7501 0.0552409
0.75045 0.0552409
0.7508 0.0542463
0.75115 0.0542463
0.7515 0.0542463
0.75185 0.0540673
0.7522 0.0476411
0.75255 0.0536349
0.7529 0.0536349
0.75325 0.0556366
0.7536 0.0556366
0.75395 0.0626343
0.7543 0.0551498
0.75465 0.0585549999999999
0.755 0.0585549999999999
0.75535 0.0585549999999999
0.7557 0.0588015
0.75605 0.0547838
0.7564 0.0547838
0.75675 0.0547838
0.7571 0.0539370999999999
0.75745 0.0533726999999999
0.7578 0.0533726999999999
0.75815 0.0535771999999999
0.7585 0.0535771999999999
0.75885 0.0554823
0.7592 0.0559386
0.75955 0.0559386
0.7599 0.0541621999999999
0.76025 0.051702
0.7606 0.0541621999999999
0.76095 0.0520281999999999
0.7613 0.0520281999999999
0.76165 0.0520281999999999
0.762 0.0505315999999999
0.76235 0.0512448
0.7627 0.0512448
0.76305 0.0512448
0.7634 0.050952
0.76375 0.0496728
0.7641 0.0474866999999999
0.76445 0.0454571999999999
0.7648 0.0446717
0.76515 0.0424509999999999
0.7655 0.0399230999999999
0.76585 0.0385944
0.7662 0.0375803
0.76655 0.0374163
0.7669 0.0374163
0.76725 0.0377589
0.7676 0.0407029
0.76795 0.0422766
0.7683 0.0423932
0.76865 0.0422766
0.769 0.0410673
0.76935 0.0410673
0.7697 0.0421406
0.77005 0.0421406
0.7704 0.0410453
0.77075 0.0410453
0.7711 0.0429019
0.77145 0.0453081
0.7718 0.0467341
0.77215 0.0476773
0.7725 0.0476773
0.77285 0.047622
0.7732 0.047622
0.77355 0.0457
0.7739 0.0457
0.77425 0.0457
0.7746 0.0460654
0.77495 0.047033
0.7753 0.0475677
0.77565 0.0475677
0.776 0.0429339
0.77635 0.0428971999999999
0.7767 0.0428971999999999
0.77705 0.0443188
0.7774 0.0462066999999999
0.77775 0.0462066999999999
0.7781 0.0461511999999999
0.77845 0.0451608
0.7788 0.0451608
0.77915 0.0451608
0.7795 0.0415165
0.77985 0.0415165
0.7802 0.0420681999999999
0.78055 0.0420681999999999
0.7809 0.035335
0.78125 0.035335
0.7816 0.0352077
0.78195 0.0373449999999999
0.7823 0.0352077
0.78265 0.0373449999999999
0.783 0.0397265
0.78335 0.0397265
0.7837 0.035128
0.78405 0.0345025
0.7844 0.0345025
0.78475 0.0345025
0.7851 0.0376352
0.78545 0.0376352
0.7858 0.039519
0.78615 0.04043
0.7865 0.04043
0.78685 0.0227337
0.7872 0.0227337
0.78755 0.0255884
0.7879 0.0341990999999999
0.78825 0.0255884
0.7886 0.0305729
0.78895 0.0305729
0.7893 0.0355402
0.78965 0.0359183
0.79 0.0383096999999999
0.79035 0.0383096999999999
0.7907 0.0383096999999999
0.79105 0.0386363
0.7914 0.0386363
0.79175 0.0386363
0.7921 0.0377189
0.79245 0.0354558
0.7928 0.0341583
0.79315 0.0329423
0.7935 0.0329423
0.79385 0.0346722
0.7942 0.0359052
0.79455 0.0346722
0.7949 0.0280751
0.79525 0.0198101
0.7956 0.0280751
0.79595 0.0123382
0.7963 0.0123382
0.79665 0.0123382
0.797 0.0204057999999999
0.79735 0.0204057999999999
0.7977 0.0273570999999999
0.79805 0.0276428
0.7984 0.029149
0.79875 0.0336699
0.7991 0.0304267
0.79945 0.0304267
0.7998 0.0225189
0.80015 0.0225189
0.8005 0.0337216
0.80085 0.0344428
0.8012 0.0337216
0.80155 0.0258388
0.8019 0.0199222
0.80225 0.017499
0.8026 0.017499
0.80295 0.0268630999999999
0.8033 0.0268630999999999
0.80365 0.0331727
0.804 0.0267817999999999
0.80435 0.0331727
0.8047 0.0355274
0.80505 0.0355274
0.8054 0.0364791999999999
0.80575 0.0351859
0.8061 0.0133724
0.80645 0.0133724
0.8068 0.0134986999999999
0.80715 0.0205670999999999
0.8075 0.0205670999999999
0.80785 0.0165492
0.8082 0.0165492
0.80855 0.0295218
0.8089 0.0295218
0.80925 0.0126153999999999
0.8096 0.0126153999999999
0.80995 0.014025
0.8103 0.0197227
0.81065 0.0197227
0.811 0.0177241
0.81135 0.0154769
0.8117 0.0154769
0.81205 0.0143697999999999
0.8124 0.0128252
0.81275 0.0143697999999999
0.8131 0.0095102
0.81345 0.0133785
0.8138 0.0133785
0.81415 0.0133785
0.8145 0.0104776
0.81485 0.0037501999999999
0.8152 0.0037501999999999
0.81555 0.0148982
0.8159 0.0150822999999999
0.81625 0.0148982
0.8166 0.0158039
0.81695 0.0158039
0.8173 0.0181893
0.81765 0.0181893
0.818 0.0172662
0.81835 0.0172662
0.8187 0.0172662
0.81905 0.0280928
0.8194 0.0280928
0.81975 0.0280928
0.8201 0.0235599
0.82045 0.019628
0.8208 0.019628
0.82115 0.019628
0.8215 0.0273119
0.82185 0.029766
0.8222 0.029766
0.82255 0.0249272
0.8229 0.0093962
0.82325 0.0035845
0.8236 0.0035845
0.82395 0.0035845
0.8243 0.019739
0.82465 0.019739
0.825 0.0259232
0.82535 0.0223842
0.8257 0.0324584
0.82605 0.022556
0.8264 0.0254834
0.82675 0.0254834
0.8271 0.0254834
0.82745 0.0178785
0.8278 0.0092197999999999
0.82815 0.0178785
0.8285 0.0199173
0.82885 0.0199173
0.8292 0.0199173
0.82955 0.022684
0.8299 0.022684
0.83025 0.0110215
0.8306 0.0110215
0.83095 0.0131287
0.8313 0.0215068
0.83165 0.0131287
0.832 0.0103965
0.83235 0.0103965
0.8327 0.0111781
0.83305 0.0177575
0.8334 0.0145656
0.83375 0.0145656
0.8341 0.0044973
0.83445 0.0044973
0.8348 0.0044973
0.83515 0.0192035999999999
0.8355 0.0171042
0.83585 0.0171042
0.8362 0.0150341
0.83655 0.0130762
0.8369 0.0130762
0.83725 0.0103777
0.8376 0.0064137
0.83795 0.0064137
0.8383 0.0122712999999999
0.83865 0.0222067
0.839 0.0254750999999999
0.83935 0.0254750999999999
0.8397 0.0188859
0.84005 0.0174146
0.8404 0.0174146
0.84075 0.0174146
0.8411 0.0186208
0.84145 0.0186208
0.8418 0.0149396
0.84215 0.0149396
0.8425 0.0250905999999999
0.84285 0.0280815
0.8432 0.0280815
0.84355 0.029466
0.8439 0.0244349
0.84425 0.0212999
0.8446 0.0212999
0.84495 0.0281096999999999
0.8453 0.0281096999999999
0.84565 0.0281096999999999
0.846 0.0323041
0.84635 0.0323041
0.8467 0.0323041
0.84705 0.0382394999999999
0.8474 0.0382394999999999
0.84775 0.0242814
0.8481 0.0242814
0.84845 0.0278832
0.8488 0.0364777
0.84915 0.0364777
0.8495 0.0364777
0.84985 0.0357165
0.8502 0.032808
0.85055 0.032808
0.8509 0.030311
0.85125 0.030311
0.8516 0.0352952
0.85195 0.0373763
0.8523 0.0373763
0.85265 0.0319637
0.853 0.0319637
0.85335 0.0362722
0.8537 0.0362722
0.85405 0.0287417
0.8544 0.0287417
0.85475 0.0313355
0.8551 0.0313355
0.85545 0.0292743
0.8558 0.0292743
0.85615 0.0275283
0.8565 0.0283778
0.85685 0.0270892
0.8572 0.0270892
0.85755 0.0239826
0.8579 0.0193102
0.85825 0.0193102
0.8586 0.0193102
0.85895 0.0189610999999999
0.8593 0.0179539999999999
0.85965 0.0172055999999999
0.86 0.0140555
0.86035 0.0131966
0.8607 0.0127407
0.86105 0.0114207
0.8614 0.0114207
0.86175 0.0102145
0.8621 0.0090782
0.86245 0.0090782
0.8628 0.0086076
0.86315 0.0090842999999999
0.8635 0.0090622999999999
0.86385 0.0090622999999999
0.8642 0.0083524
0.86455 0.0082447
0.8649 0.0083524
0.86525 0.0089351
0.8656 0.0096977
0.86595 0.0110051
0.8663 0.0112539
0.86665 0.0112539
0.867 0.0094603
0.86735 0.0094603
0.8677 0.0100328999999999
0.86805 0.0151762
0.8684 0.0161557999999999
0.86875 0.0165752999999999
0.8691 0.0186634
0.86945 0.0171122
0.8698 0.0184886
0.87015 0.0173812
0.8705 0.0173812
0.87085 0.0173812
0.8712 0.0181774
0.87155 0.0184701
0.8719 0.0209605
0.87225 0.0250694
0.8726 0.0209605
0.87295 0.0198154
0.8733 0.0198154
0.87365 0.0206004
0.874 0.0221339
0.87435 0.0217012
0.8747 0.0228862
0.87505 0.0217012
0.8754 0.0228862
0.87575 0.0174942999999999
0.8761 0.0219486
0.87645 0.0180752
0.8768 0.0180752
0.87715 0.0163899
0.8775 0.0121723999999999
0.87785 0.0121723999999999
0.8782 0.0117175
0.87855 0.0117175
0.8789 0.0146621
0.87925 0.0146621
0.8796 0.006247
0.87995 0.0055089
0.8803 0.0053717
0.88065 0.0051161
0.881 0.0040027
0.88135 0.0038263
0.8817 0.0028926
0.88205 0.0020981
0.8824 0.0013536
0.88275 0.0013536
0.8831 0.0013536
0.88345 0.0013460999999999
0.8838 0.0013263
0.88415 0.0013460999999999
0.8845 0.0016304
0.88485 0.0018828
0.8852 0.0021401999999999
0.88555 0.0021401999999999
0.8859 0.0019594
0.88625 0.0015522
0.8866 0.0009039
0.88695 0.0007967
0.8873 0.0007967
0.88765 0.0007967
0.888 0.0008755
0.88835 0.0009579
0.8887 0.0012061
0.88905 0.0009579
0.8894 0.0012825
0.88975 0.001321
0.8901 0.0015075999999999
0.89045 0.0014174
0.8908 0.0014174
0.89115 0.0014085999999999
0.8915 0.0014085999999999
0.89185 0.0012338
0.8922 0.0014506999999999
0.89255 0.0014506999999999
0.8929 0.0014950999999999
0.89325 0.0014950999999999
0.8936 0.0014159
0.89395 0.0013287
0.8943 0.0012994999999999
0.89465 0.0012994999999999
0.895 0.0012994999999999
0.89535 0.0012373
0.8957 0.0012373
0.89605 0.0013447
0.8964 0.0014577
0.89675 0.0017486
0.8971 0.0017486
0.89745 0.0018081
0.8978 0.0018081
0.89815 0.0020387
0.8985 0.0020387
0.89885 0.001737
0.8992 0.0007911
0.89955 0.0007911
0.8999 0.0006408
0.90025 0.0006408
0.9006 0.0006408
0.90095 0.0014475
0.9013 0.0027026999999999
0.90165 0.0033121
0.902 0.0033366999999999
0.90235 0.0033121
0.9027 0.0033366999999999
0.90305 0.0031737
0.9034 0.0037614
0.90375 0.0037614
0.9041 0.0047713
0.90445 0.005141
0.9048 0.0081798
0.90515 0.0081798
0.9055 0.0053365
0.90585 0.0053365
0.9062 0.0053365
0.90655 0.0066488
0.9069 0.0053018
0.90725 0.0065096999999999
0.9076 0.0065096999999999
0.90795 0.0065096999999999
0.9083 0.0068452
0.90865 0.0038283
0.909 0.0072372
0.90935 0.0038283
0.9097 0.0039431999999999
0.91005 0.0035513
0.9104 0.0035178
0.91075 0.0035178
0.9111 0.0037665
0.91145 0.0039679
0.9118 0.0039679
0.91215 0.0039679
0.9125 0.006628
0.91285 0.006628
0.9132 0.006628
0.91355 0.0043565
0.9139 0.0074598999999999
0.91425 0.0022730999999999
0.9146 0.0070202
0.91495 0.0036455999999999
0.9153 0.0040386
0.91565 0.0040386
0.916 0.0040386
0.91635 0.0053556
0.9167 0.0022709
0.91705 0.0023552
0.9174 0.0020189
0.91775 0.0020189
0.9181 0.0014662
0.91845 0.0014662
0.9188 0.0052529
0.91915 0.0052529
0.9195 0.0012107
0.91985 0.0012107
0.9202 0.0090687
0.92055 0.0090687
0.9209 0.0080051999999999
0.92125 0.0051189999999999
0.9216 0.004031
0.92195 0.0051189999999999
0.9223 0.0056263999999999
0.92265 0.006828
0.923 0.006828
0.92335 0.0040379
0.9237 0.0031689
0.92405 0.0040379
0.9244 0.0025591999999999
0.92475 0.0075843
0.9251 0.0071287999999999
0.92545 0.0071287999999999
0.9258 0.0070679
0.92615 0.0037421
0.9265 0.0037421
0.92685 0.0037421
0.9272 0.0032007
0.92755 0.0032007
0.9279 0.0017934
0.92825 0.0041976999999999
0.9286 0.0029982
0.92895 0.0049029
0.9293 0.0035938
0.92965 0.0035938
0.93 0.0009432
0.93035 0.0009432
0.9307 0.0006988
0.93105 0.0018648
0.9314 0.0012972
0.93175 0.0020764
0.9321 0.002192
0.93245 0.002192
0.9328 0.0027107
0.93315 0.0027140999999999
0.9335 0.0027140999999999
0.93385 0.0010464
0.9342 0.0007298999999999
0.93455 0.0007215
0.9349 0.0007298999999999
0.93525 0.0007215
0.9356 0.001416
0.93595 0.0018702999999999
0.9363 0.0022031999999999
0.93665 0.0022031999999999
0.937 0.001679
0.93735 0.001679
0.9377 0.000746
0.93805 0.000746
0.9384 0.000746
0.93875 0.0027871
0.9391 0.0027871
0.93945 0.0028996
0.9398 0.0017078
0.94015 0.0025785
0.9405 0.0010175
0.94085 0.0025785
0.9412 0.0030853
0.94155 0.0031074
0.9419 0.0035013
0.94225 0.0031074
0.9426 0.0031004
0.94295 0.0006152
0.9433 0.0006152
0.94365 0.0009302
0.944 0.0009302
0.94435 0.0003252
0.9447 0.0003252
0.94505 0.0022241999999999
0.9454 0.0022241999999999
0.94575 0.0022241999999999
0.9461 0.001429
0.94645 0.001429
0.9468 0.001429
0.94715 0.0015890999999999
0.9475 0.0015890999999999
0.94785 0.0022803
0.9482 0.0026544
0.94855 0.0026736
0.9489 0.0026544
0.94925 0.0005422999999999
0.9496 0.0005422999999999
0.94995 0.0007243999999999
0.9503 0.0012087
0.95065 0.0036863
0.951 0.0036863
0.95135 0.0016402
0.9517 0.0016402
0.95205 0.0018336
0.9524 0.0018336
0.95275 0.0011380999999999
0.9531 0.0008187999999999
0.95345 0.0008187999999999
0.9538 0.0018393
0.95415 0.0023783
0.9545 0.0023783
0.95485 0.0023783
0.9552 0.0019448
0.95555 0.0024843
0.9559 0.0024843
0.95625 0.0024843
0.9566 0.0023961
0.95695 0.000922
0.9573 0.000922
0.95765 0.0038707999999999
0.958 0.0038707999999999
0.95835 0.0032983
0.9587 0.0029663
0.95905 0.0029663
0.9594 0.0009904
0.95975 0.0009904
0.9601 0.0027245999999999
0.96045 0.0027245999999999
0.9608 0.0020785
0.96115 0.0020785
0.9615 0.0025127
0.96185 0.0034898
0.9622 0.0025127
0.96255 0.0007394
0.9629 0.0007394
0.96325 0.0014227999999999
0.9636 0.0014227999999999
0.96395 0.0013492
0.9643 0.0013492
0.96465 0.0031734
0.965 0.0031734
0.96535 0.0021416
0.9657 0.0015448
0.96605 0.0021416
0.9664 0.0015448
0.96675 0.0011192
0.9671 0.0009746
0.96745 0.0009746
0.9678 0.0026617
0.96815 0.0026617
0.9685 0.0022704
0.96885 0.0014577
0.9692 0.0014577
0.96955 0.0030374
0.9699 0.0032641
0.97025 0.0032641
0.9706 0.0032641
0.97095 0.003218
0.9713 0.0032709
0.97165 0.0033650999999999
0.972 0.0033650999999999
0.97235 0.0028241
0.9727 0.0022737
0.97305 0.0021051999999999
0.9734 0.0013840999999999
0.97375 0.0013840999999999
0.9741 0.0013840999999999
0.97445 0.0014243
0.9748 0.0022369
0.97515 0.0024348
0.9755 0.0028089
0.97585 0.0028089
0.9762 0.002013
0.97655 0.002013
0.9769 0.0026838
0.97725 0.0029784
0.9776 0.0029784
0.97795 0.0022568
0.9783 0.0011832
0.97865 0.0011832
0.979 0.0011832
0.97935 0.0016986
0.9797 0.0017315
0.98005 0.0018784
0.9804 0.0017315
0.98075 0.001726
0.9811 0.001726
0.98145 0.0020554
0.9818 0.0020554
0.98215 0.0018272
0.9825 0.0012603
0.98285 0.0009542999999999
0.9832 0.0012603
0.98355 0.0017589
0.9839 0.0018483
0.98425 0.0018491
0.9846 0.0018491
0.98495 0.0019338
0.9853 0.001413
0.98565 0.0013179
0.986 0.0012869
0.98635 0.0013179
0.9867 0.0009699999999999
0.98705 0.0010951
0.9874 0.0010951
0.98775 0.0010951
0.9881 0.0006934
0.98845 0.0003947
0.9888 0.0003947
0.98915 0.0006483
0.9895 0.0014077999999999
0.98985 0.0009226
0.9902 0.0014789999999999
0.99055 0.0009226
0.9909 0.0014789999999999
0.99125 0.0012491
0.9916 0.001454
0.99195 0.0012491
0.9923 0.001454
0.99265 0.0014967
0.993 0.0015612
0.99335 0.0015197
0.9937 0.0015612
0.99405 0.0015197
0.9944 0.0015845999999999
0.99475 0.0013702
0.9951 0.0013702
0.99545 0.0013702
0.9958 0.0006067
0.99615 0.0015048
0.9965 0.0006067
0.99685 0.0015048
0.9972 0.0019137
0.99755 0.0019137
0.9979 0.0016635999999999
0.99825 0.0013026
0.9986 0.0014635
0.99895 0.0012537
0.9993 0.0012537
