0.3 0.4468279
0.30035 0.4478071
0.3007 0.4480262
0.30105 0.4480262
0.3014 0.4477714
0.30175 0.4473122999999999
0.3021 0.4465724
0.30245 0.4452596
0.3028 0.4426969
0.30315 0.4364167
0.3035 0.4364167
0.30385 0.4367102
0.3042 0.4417996
0.30455 0.4436425999999999
0.3049 0.4443192
0.30525 0.4444843
0.3056 0.4444843
0.30595 0.4443043
0.3063 0.44403
0.30665 0.4436835
0.307 0.4432744
0.30735 0.4427973
0.3077 0.4422354999999999
0.30805 0.4415542
0.3084 0.4406837999999999
0.30875 0.4395119
0.3091 0.4376840999999999
0.30945 0.4344574
0.3098 0.427764
0.31015 0.4243566
0.3105 0.4243566
0.31085 0.4318976
0.3112 0.4346944
0.31155 0.4358177
0.3119 0.4361912999999999
0.31225 0.4361912999999999
0.3126 0.4359847
0.31295 0.4356536
0.3133 0.4352404
0.31365 0.4347738
0.314 0.4342590999999999
0.31435 0.4337145999999999
0.3147 0.433133
0.31505 0.4325305999999999
0.3154 0.4319032
0.31575 0.431251
0.3161 0.4305744000000001
0.31645 0.4298725
0.3168 0.4291445
0.31715 0.4283889
0.3175 0.4276032
0.31785 0.4267840999999999
0.3182 0.4259409
0.31855 0.4250388
0.3189 0.4240975
0.31925 0.4230657999999999
0.3196 0.4219507
0.31995 0.4206792
0.3203 0.4191374
0.32065 0.4170569
0.321 0.4136822
0.32135 0.405932
0.3217 0.4019317999999999
0.32205 0.4019317999999999
0.3224 0.4098175999999999
0.32275 0.4113209
0.3231 0.4113209
0.32345 0.4106083
0.3238 0.4095638
0.32415 0.4083423
0.3245 0.4069745
0.32485 0.40544
0.3252 0.4037991
0.32555 0.4020075999999999
0.3259 0.4000409
0.32625 0.3978645
0.3266 0.3954324
0.32695 0.3927589
0.3273 0.3896349
0.32765 0.386035
0.328 0.3819729
0.32835 0.3771027
0.3287 0.3715059
0.32905 0.3646514999999999
0.3294 0.3550684
0.32975 0.3408364
0.3301 0.3203162
0.33045 0.3203162
0.3308 0.3403728
0.33115 0.3531127
0.3315 0.3611125999999999
0.33185 0.3668635
0.3322 0.3714408
0.33255 0.3750978
0.3329 0.3782625
0.33325 0.380804
0.3336 0.3830103
0.33395 0.3847872
0.3343 0.3863488
0.33465 0.3876194
0.335 0.3887095
0.33535 0.389652
0.3357 0.3904734
0.33605 0.3912313
0.3364 0.3918302
0.33675 0.3923942
0.3371 0.3928948
0.33745 0.3933377999999999
0.3378 0.3937295999999999
0.33815 0.3940479
0.3385 0.3943464
0.33885 0.3945758
0.3392 0.3947797999999999
0.33955 0.3949111
0.3399 0.3950019
0.34025 0.3950019
0.3406 0.3949282
0.34095 0.3947450999999999
0.3413 0.394425
0.34165 0.3939205999999999
0.342 0.3931616
0.34235 0.3920431
0.3427 0.3904062
0.34305 0.3880067
0.3434 0.3845724
0.34375 0.3791241
0.3441 0.3692629
0.34445 0.346935
0.3448 0.346935
0.34515 0.3637588
0.3455 0.3748293
0.34585 0.3806403
0.3462 0.3842423
0.34655 0.3868059
0.3469 0.3887063
0.34725 0.3901475
0.3476 0.3912595999999999
0.34795 0.3921298
0.3483 0.3928184
0.34865 0.3933690999999999
0.349 0.3938115
0.34935 0.3941425
0.3497 0.3944336
0.35005 0.3946686
0.3504 0.3948363
0.35075 0.394987
0.3511 0.3950861
0.35145 0.3951588
0.3518 0.3952249
0.35215 0.3952534
0.3525 0.3952582
0.35285 0.3952582
0.3532 0.3952381
0.35355 0.395205
0.3539 0.3951595999999999
0.35425 0.3951033
0.3546 0.395036
0.35495 0.3949597999999999
0.3553 0.3948745999999999
0.35565 0.3947662
0.356 0.3946265999999999
0.35635 0.394546
0.3567 0.3944333
0.35705 0.3941663
0.3574 0.3940654
0.35775 0.3939993
0.3581 0.3938102
0.35845 0.3936906
0.3588 0.3935185
0.35915 0.3933862999999999
0.3595 0.3929507
0.35985 0.392822
0.3602 0.3926077
0.36055 0.3924200999999999
0.3609 0.39226
0.36125 0.39226
0.3616 0.3920595999999999
0.36195 0.3918866
0.3623 0.3916015999999999
0.36265 0.3914473
0.363 0.3912317
0.36335 0.390998
0.3637 0.3907698
0.36405 0.3904559999999999
0.3644 0.3903
0.36475 0.3900546
0.3651 0.3898041
0.36545 0.3895394
0.3658 0.3892454999999999
0.36615 0.3890137999999999
0.3665 0.3887624
0.36685 0.3884772999999999
0.3672 0.3881965
0.36755 0.3879273
0.3679 0.3876254
0.36825 0.3873397
0.3686 0.3869783
0.36895 0.3867585999999999
0.3693 0.3864236
0.36965 0.3861363
0.37 0.3857365
0.37035 0.3854677999999999
0.3707 0.3850426
0.37105 0.3847749
0.3714 0.3845093
0.37175 0.3841179
0.3721 0.3837319
0.37245 0.3834574
0.3728 0.3830069
0.37315 0.3827509
0.3735 0.3822220999999999
0.37385 0.3819705
0.3742 0.3815692
0.37455 0.3811187
0.3749 0.3804584
0.37525 0.3803371
0.3756 0.3796972
0.37595 0.379636
0.3763 0.3787722
0.37665 0.3782882999999999
0.377 0.3782882999999999
0.37735 0.3778992
0.3777 0.377349
0.37805 0.3768434
0.3784 0.3765275999999999
0.37875 0.3754014
0.3791 0.3753521999999999
0.37945 0.374266
0.3798 0.3739109
0.38015 0.3739109
0.3805 0.3732475
0.38085 0.3730011
0.3812 0.3725007999999999
0.38155 0.3719404
0.3819 0.3711027999999999
0.38225 0.3704592
0.3826 0.3701479
0.38295 0.3696607999999999
0.3833 0.36887
0.38365 0.3684574
0.384 0.367708
0.38435 0.3672026
0.3847 0.3665145
0.38505 0.365865
0.3854 0.3651564
0.38575 0.3644376
0.3861 0.3637183
0.38645 0.3629442
0.3868 0.3621741
0.38715 0.361351
0.3875 0.3605125
0.38785 0.3597035
0.3882 0.3589052
0.38855 0.3579735
0.3889 0.3569368
0.38925 0.3558452
0.3896 0.3551394
0.38995 0.3540592999999999
0.3903 0.3530572
0.39065 0.3521261
0.391 0.3510009
0.39135 0.3499397999999999
0.3917 0.3486354
0.39205 0.3474849
0.3924 0.3463350999999999
0.39275 0.3449305
0.3931 0.3437267
0.39345 0.3424220999999999
0.3938 0.3410008
0.39415 0.3393438
0.3945 0.3380577
0.39485 0.3363145
0.3952 0.3348697
0.39555 0.3332439
0.3959 0.3312522
0.39625 0.3293793
0.3966 0.3276697
0.39695 0.3259473
0.3973 0.3238940999999999
0.39765 0.3218162
0.398 0.319467
0.39835 0.3176923
0.3987 0.3149357
0.39905 0.3126987
0.3994 0.3106597
0.39975 0.3080949
0.4001 0.3054608
0.40045 0.3026698
0.4008 0.2995941
0.40115 0.2949722
0.4015 0.2934376999999999
0.40185 0.2898604
0.4022 0.2852588
0.40255 0.2810435999999999
0.4029 0.2750477
0.40325 0.2675923
0.4036 0.2576187
0.40395 0.2462485999999999
0.4043 0.2173652
0.40465 0.2173652
0.405 0.2393757
0.40535 0.2524534
0.4057 0.26148
0.40605 0.2684317
0.4064 0.2738643
0.40675 0.2778
0.4071 0.2809252
0.40745 0.2835690999999999
0.4078 0.2858540999999999
0.40815 0.2878989
0.4085 0.2878989
0.40885 0.2897626
0.4092 0.29319
0.40955 0.2947881
0.4099 0.2962212
0.41025 0.2977053
0.4106 0.2989602
0.41095 0.3002073
0.4113 0.3012417
0.41165 0.3025494
0.412 0.3033635
0.41235 0.3045642
0.4127 0.3054308
0.41305 0.3054308
0.4134 0.3064129
0.41375 0.3076523
0.4141 0.3087917999999999
0.41445 0.3094863
0.4148 0.3098828
0.41515 0.3104338
0.4155 0.3104338
0.41585 0.3080699999999999
0.4162 0.3080699999999999
0.41655 0.312335
0.4169 0.3130477
0.41725 0.3131723
0.4176 0.3136122
0.41795 0.3136731
0.4183 0.3139819
0.41865 0.314234
0.419 0.3145074
0.41935 0.3150884
0.4197 0.3145074
0.42005 0.3134142
0.4204 0.3134142
0.42075 0.3153262
0.4211 0.3160945
0.42145 0.3153262
0.4218 0.3152919
0.42215 0.3152919
0.4225 0.3155774
0.42285 0.3163055999999999
0.4232 0.3163055999999999
0.42355 0.3155089
0.4239 0.3155089
0.42425 0.3158785
0.4246 0.3162599
0.42495 0.3166303
0.4253 0.3169377
0.42565 0.3169377
0.426 0.3152291
0.42635 0.3152291
0.4267 0.3158495999999999
0.42705 0.3168407
0.4274 0.316928
0.42775 0.316928
0.4281 0.3167158
0.42845 0.3159204
0.4288 0.3157153
0.42915 0.3133614999999999
0.4295 0.3145211
0.42985 0.3145211
0.4302 0.3145211
0.43055 0.3154002999999999
0.4309 0.3133787
0.43125 0.3140534
0.4316 0.313981
0.43195 0.3140534
0.4323 0.3151215
0.43265 0.3151215
0.433 0.3147462
0.43335 0.3146946
0.4337 0.3139949
0.43405 0.3139865
0.4344 0.3136478
0.43475 0.3136198
0.4351 0.3136198
0.43545 0.3134285
0.4358 0.3129394
0.43615 0.3127729
0.4365 0.3119432
0.43685 0.311474
0.4372 0.3115484
0.43755 0.311474
0.4379 0.3113408
0.43825 0.3111291
0.4386 0.3111135
0.43895 0.3107026
0.4393 0.3105747
0.43965 0.3093387999999999
0.44 0.3088087
0.44035 0.3072258
0.4407 0.3068294
0.44105 0.3068294
0.4414 0.3067349
0.44175 0.3059757999999999
0.4421 0.3059757999999999
0.44245 0.3059757999999999
0.4428 0.307033
0.44315 0.3067405
0.4435 0.3067405
0.44385 0.3036397999999999
0.4442 0.3036397999999999
0.44455 0.3051937
0.4449 0.3051937
0.44525 0.3027361
0.4456 0.3027361
0.44595 0.3031339
0.4463 0.3034879
0.44665 0.3034879
0.447 0.303274
0.44735 0.3027220999999999
0.4477 0.3025607
0.44805 0.3025417999999999
0.4484 0.3005834
0.44875 0.3021655
0.4491 0.3013434
0.44945 0.3013434
0.4498 0.3008904
0.45015 0.3007037
0.4505 0.3004668
0.45085 0.2992141
0.4512 0.2983707
0.45155 0.2982107
0.4519 0.2977409
0.45225 0.2980324
0.4526 0.297718
0.45295 0.297718
0.4533 0.2973182
0.45365 0.2966294
0.454 0.2966294
0.45435 0.2954042
0.4547 0.2951058
0.45505 0.2951058
0.4554 0.2950085999999999
0.45575 0.2933752999999999
0.4561 0.2919832
0.45645 0.2933752999999999
0.4568 0.291731
0.45715 0.2923361
0.4575 0.2918772
0.45785 0.2918772
0.4582 0.2912616
0.45855 0.2912600999999999
0.4589 0.2907038
0.45925 0.2893206
0.4596 0.2884236
0.45995 0.2887755999999999
0.4603 0.2887755999999999
0.46065 0.2887755999999999
0.461 0.2885849
0.46135 0.2882307
0.4617 0.2879056
0.46205 0.2872159999999999
0.4624 0.2866768
0.46275 0.2866409
0.4631 0.2862627
0.46345 0.2853966
0.4638 0.28479
0.46415 0.2846378
0.4645 0.283934
0.46485 0.2837476
0.4652 0.2818933
0.46555 0.2818933
0.4659 0.2813245
0.46625 0.2798078
0.4666 0.2792226
0.46695 0.2792226
0.4673 0.2786267
0.46765 0.275277
0.468 0.2745548
0.46835 0.2741308
0.4687 0.2694247
0.46905 0.2628912
0.4694 0.2694247
0.46975 0.2736197
0.4701 0.2736197
0.47045 0.2736197
0.4708 0.2728204999999999
0.47115 0.271753
0.4715 0.2707987
0.47185 0.2683334
0.4722 0.2630600999999999
0.47255 0.2630779
0.4729 0.2630779
0.47325 0.267807
0.4736 0.2685683
0.47395 0.267807
0.4743 0.26749
0.47465 0.2651653
0.475 0.267231
0.47535 0.2380536
0.4757 0.2668412
0.47605 0.2627369
0.4764 0.2627369
0.47675 0.2627369
0.4771 0.2601083999999999
0.47745 0.2632508
0.4778 0.2609355
0.47815 0.2617506
0.4785 0.261167
0.47885 0.261167
0.4792 0.259925
0.47955 0.2594124
0.4799 0.2586662
0.48025 0.2582383
0.4806 0.2575495
0.48095 0.2566506
0.4813 0.2559902
0.48165 0.2543068
0.482 0.2529702
0.48235 0.251737
0.4827 0.251737
0.48305 0.2500711
0.4834 0.2466159999999999
0.48375 0.2441629
0.4841 0.2441629
0.48445 0.2407188999999999
0.4848 0.2337086
0.48515 0.2369993
0.4855 0.2369993
0.48585 0.2369993
0.4862 0.2384316
0.48655 0.2384316
0.4869 0.241002
0.48725 0.241002
0.4876 0.2334989
0.48795 0.2324755999999999
0.4883 0.2334989
0.48865 0.2381545
0.489 0.2406046
0.48935 0.2381545
0.4897 0.2395871
0.49005 0.2375816
0.4904 0.2375816
0.49075 0.233184
0.4911 0.233184
0.49145 0.233184
0.4918 0.2348285
0.49215 0.2323183
0.4925 0.2317098
0.49285 0.2253587
0.4932 0.2253587
0.49355 0.2255681
0.4939 0.2255681
0.49425 0.2255681
0.4946 0.2252143
0.49495 0.2269567
0.4953 0.2253084
0.49565 0.2259495
0.496 0.2253084
0.49635 0.2248630999999999
0.4967 0.2245767
0.49705 0.223815
0.4974 0.2222369
0.49775 0.2207731
0.4981 0.219351
0.49845 0.2177958
0.4988 0.2177958
0.49915 0.2178543999999999
0.4995 0.2178543999999999
0.49985 0.2167242999999999
0.50055 0.2051165
0.5009 0.2051165
0.50125 0.2115127
0.5016 0.2115127
0.50195 0.2097377999999999
0.5023 0.2089762
0.50265 0.2019467
0.503 0.1658751
0.50335 0.180431
0.5037 0.180431
0.50405 0.1806429
0.5044 0.2003188
0.50475 0.2003188
0.5051 0.2021983
0.50545 0.2027126
0.5058 0.2027126
0.50615 0.199892
0.5065 0.1949755
0.50685 0.1878448999999999
0.5072 0.1878448999999999
0.50755 0.1904737
0.5079 0.1904737
0.50825 0.1904737
0.5086 0.1918764
0.50895 0.1918764
0.5093 0.1901126
0.50965 0.1893194
0.51 0.1893194
0.51035 0.1901003
0.5107 0.1901003
0.51105 0.1890196
0.5114 0.1884708
0.51175 0.1879764
0.5121 0.1879764
0.51245 0.1908895
0.5128 0.1908895
0.51315 0.1859954
0.5135 0.1859954
0.51385 0.1857327
0.5142 0.1857327
0.51455 0.1857327
0.5149 0.1835611
0.51525 0.1864532
0.5156 0.1860802
0.51595 0.1860802
0.5163 0.1819041
0.51665 0.1819041
0.517 0.1825698999999999
0.51735 0.1825698999999999
0.5177 0.1820482
0.51805 0.1816154999999999
0.5184 0.1816154999999999
0.51875 0.181326
0.5191 0.180889
0.51945 0.1790288
0.5198 0.1790288
0.52015 0.1790288
0.5205 0.1779054
0.52085 0.1779054
0.5212 0.1777874
0.52155 0.1765437
0.5219 0.1748303
0.52225 0.1745406
0.5226 0.1736728
0.52295 0.1736214999999999
0.5233 0.1622376
0.52365 0.1622376
0.524 0.160796
0.52435 0.1696975
0.5247 0.169286
0.52505 0.169286
0.5254 0.1682516
0.52575 0.1680433
0.5261 0.1667698999999999
0.52645 0.1661754
0.5268 0.1647412999999999
0.52715 0.1628551
0.5275 0.1624444
0.52785 0.1624444
0.5282 0.1620974
0.52855 0.1620974
0.5289 0.1602601
0.52925 0.1590587
0.5296 0.1565445
0.52995 0.1581756
0.5303 0.1560455
0.53065 0.1548759999999999
0.531 0.1548759999999999
0.53135 0.1551452999999999
0.5317 0.1551452999999999
0.53205 0.1513851
0.5324 0.1502951
0.53275 0.1506742
0.5331 0.1505285
0.53345 0.1505858
0.5338 0.1505285
0.53415 0.1501235
0.5345 0.1494627
0.53485 0.1476447
0.5352 0.146955
0.53555 0.146296
0.5359 0.1447652999999999
0.53625 0.1447652999999999
0.5366 0.1439982
0.53695 0.1422407
0.5373 0.1422407
0.53765 0.1411617
0.538 0.1404965
0.53835 0.1393034
0.5387 0.1370886
0.53905 0.1363593
0.5394 0.1355998
0.53975 0.1335396
0.5401 0.1335396
0.54045 0.1285076
0.5408 0.1267857
0.54115 0.1267857
0.5415 0.1240878999999999
0.54185 0.1228585
0.5422 0.1228585
0.54255 0.1228585
0.5429 0.1199838
0.54325 0.1199354
0.5436 0.1199354
0.54395 0.1203022
0.5443 0.1206785
0.54465 0.1219488
0.545 0.1219488
0.54535 0.1250647
0.5457 0.1245851999999999
0.54605 0.1245851999999999
0.5464 0.1189474
0.54675 0.1189474
0.5471 0.1189474
0.54745 0.1220226
0.5478 0.1207691
0.54815 0.1220226
0.5485 0.122044
0.54885 0.122044
0.5492 0.1218648999999999
0.54955 0.1196918999999999
0.5499 0.1162668999999999
0.55025 0.1181046
0.5506 0.1181046
0.55095 0.1181046
0.5513 0.1175387
0.55165 0.11698
0.552 0.1154916
0.55235 0.1154289
0.5527 0.1149231
0.55305 0.1148112
0.5534 0.1138283999999999
0.55375 0.1138283999999999
0.5541 0.1128918
0.55445 0.1110131
0.5548 0.1110131
0.55515 0.1110131
0.5555 0.1093743
0.55585 0.1106847
0.5562 0.1093294
0.55655 0.1093294
0.5569 0.1058291
0.55725 0.1058291
0.5576 0.1063953
0.55795 0.1067833
0.5583 0.1063953
0.55865 0.1059523
0.559 0.1055241
0.55935 0.1052915
0.5597 0.1048316
0.56005 0.1040942
0.5604 0.1030979
0.56075 0.1030246
0.5611 0.1021776
0.56145 0.1017062
0.5618 0.1007468
0.56215 0.1006929
0.5625 0.0996336
0.56285 0.0991101
0.5632 0.0990826
0.56355 0.098243
0.5639 0.09764
0.56425 0.0965664
0.5646 0.0958316
0.56495 0.0958316
0.5653 0.0947401
0.56565 0.0944061
0.566 0.0942998
0.56635 0.0914161
0.5667 0.0908949
0.56705 0.0908949
0.5674 0.0902529
0.56775 0.0902529
0.5681 0.0844497
0.56845 0.0840286
0.5688 0.0840286
0.56915 0.087509
0.5695 0.087509
0.56985 0.0716425
0.5702 0.0716425
0.57055 0.0883336
0.5709 0.0883336
0.57125 0.0866796
0.5716 0.0866796
0.57195 0.0866796
0.5723 0.0841888
0.57265 0.0832787
0.573 0.0832787
0.57335 0.0803088999999999
0.5737 0.0831331
0.57405 0.0761358
0.5744 0.0689044
0.57475 0.0689044
0.5751 0.0730479
0.57545 0.0820944
0.5758 0.0802333
0.57615 0.0820944
0.5765 0.0802333
0.57685 0.0794216
0.5772 0.0777446
0.57755 0.0777446
0.5779 0.0777446
0.57825 0.0773532
0.5786 0.0746471
0.57895 0.0773532
0.5793 0.0752705
0.57965 0.0752705
0.58 0.0739718
0.58035 0.0736208
0.5807 0.0707232
0.58105 0.0707232
0.5814 0.071626
0.58175 0.071626
0.5821 0.0712151
0.58245 0.0702606
0.5828 0.0685505
0.58315 0.0675926
0.5835 0.0670446
0.58385 0.0664675
0.5842 0.0663802
0.58455 0.0663802
0.5849 0.0642611
0.58525 0.0642611
0.5856 0.0617073
0.58595 0.0617073
0.5863 0.060596
0.58665 0.060596
0.587 0.0621346
0.58735 0.0621346
0.5877 0.0578444
0.58805 0.050237
0.5884 0.050237
0.58875 0.0483406
0.5891 0.0483406
0.58945 0.0483406
0.5898 0.035331
0.59015 0.035331
0.5905 0.0559328
0.59085 0.0559328
0.5912 0.0560511
0.59155 0.0560511
0.5919 0.0610329
0.59225 0.0610329
0.5926 0.0606599
0.59295 0.0598797
0.5933 0.0596365
0.59365 0.0453542
0.594 0.0449778
0.59435 0.0449778
0.5947 0.0449778
0.59505 0.0506255
0.5954 0.0554381999999999
0.59575 0.0554381999999999
0.5961 0.0554381999999999
0.59645 0.0580920999999999
0.5968 0.0614603
0.59715 0.0614603
0.5975 0.0614603
0.59785 0.0593951
0.5982 0.0593951
0.59855 0.0513092
0.5989 0.0548481
0.59925 0.0548481
0.5996 0.0646183
0.59995 0.0646183
0.6003 0.0616468
0.60065 0.0482731999999999
0.601 0.0482731999999999
0.60135 0.0621372
0.6017 0.0654074
0.60205 0.0654074
0.6024 0.0663781
0.60275 0.0663781
0.6031 0.0663781
0.60345 0.0681521
0.6038 0.0681521
0.60415 0.0677375
0.6045 0.0677375
0.60485 0.0580853
0.6052 0.0683294
0.60555 0.067741
0.6059 0.067741
0.60625 0.067741
0.6066 0.0566539
0.60695 0.0681799999999999
0.6073 0.0568395
0.60765 0.0681799999999999
0.608 0.0681321
0.60835 0.0687838
0.6087 0.0681321
0.60905 0.0679248
0.6094 0.06667
0.60975 0.06667
0.6101 0.06667
0.61045 0.0679053999999999
0.6108 0.0708239
0.61115 0.0686657
0.6115 0.0708544
0.61185 0.0818453
0.6122 0.0818453
0.61255 0.0676436
0.6129 0.0676436
0.61325 0.0666576
0.6136 0.0669089
0.61395 0.0657329
0.6143 0.0639512
0.61465 0.0639512
0.615 0.0661123
0.61535 0.0661123
0.6157 0.0626823
0.61605 0.0620294999999999
0.6164 0.0611035999999999
0.61675 0.0549226
0.6171 0.0527707
0.61745 0.0527707
0.6178 0.0588203
0.61815 0.0594352
0.6185 0.0594352
0.61885 0.0601480999999999
0.6192 0.0601480999999999
0.61955 0.0548477
0.6199 0.0494268
0.62025 0.0494268
0.6206 0.0562925999999999
0.62095 0.0562962
0.6213 0.0577224
0.62165 0.0585719
0.622 0.0601505
0.62235 0.0615827
0.6227 0.0627596
0.62305 0.0635965
0.6234 0.0641938
0.62375 0.0645557
0.6241 0.0666606
0.62445 0.0666606
0.6248 0.0674271999999999
0.62515 0.0685566
0.6255 0.0685566
0.62585 0.0688868
0.6262 0.0696441
0.62655 0.0696441
0.6269 0.0696441
0.62725 0.070147
0.6276 0.070147
0.62795 0.070622
0.6283 0.0697876
0.62865 0.0708664
0.629 0.0708664
0.62935 0.0708664
0.6297 0.070954
0.63005 0.0711088
0.6304 0.0711088
0.63075 0.0705285
0.6311 0.069633
0.63145 0.0656771999999999
0.6318 0.0623151
0.63215 0.0623151
0.6325 0.0687607
0.63285 0.0691789999999999
0.6332 0.0691789999999999
0.63355 0.068248
0.6339 0.068248
0.63425 0.071271
0.6346 0.071271
0.63495 0.0698429
0.6353 0.0698429
0.63565 0.0698429
0.636 0.0693208999999999
0.63635 0.0693208999999999
0.6367 0.0671336
0.63705 0.0671336
0.6374 0.0671336
0.63775 0.0600922
0.6381 0.0617765999999999
0.63845 0.0617765999999999
0.6388 0.0617765999999999
0.63915 0.0657469
0.6395 0.0657469
0.63985 0.0660933
0.6402 0.0691881999999999
0.64055 0.0691881999999999
0.6409 0.0669021
0.64125 0.0669021
0.6416 0.0658511
0.64195 0.0650771
0.6423 0.0650771
0.64265 0.0668368999999999
0.643 0.0668368999999999
0.64335 0.0668368999999999
0.6437 0.0613668999999999
0.64405 0.0555375
0.6444 0.0555375
0.64475 0.0621302
0.6451 0.0621302
0.64545 0.0621302
0.6458 0.0359579
0.64615 0.0210859
0.6465 0.0210859
0.64685 0.0453091
0.6472 0.0468723
0.64755 0.0507393
0.6479 0.0507393
0.64825 0.0452401
0.6486 0.0452401
0.64895 0.0568334
0.6493 0.0600760999999999
0.64965 0.0632828
0.65 0.0632828
0.65035 0.0653336
0.6507 0.0589062
0.65105 0.0428899
0.6514 0.0428899
0.65175 0.0428899
0.6521 0.0551635
0.65245 0.0592755
0.6528 0.0592755
0.65315 0.0605957
0.6535 0.0442374
0.65385 0.0640295999999999
0.6542 0.0513126
0.65455 0.0601302
0.6549 0.0601302
0.65525 0.0654212
0.6556 0.0654212
0.65595 0.0458029
0.6563 0.0458029
0.65665 0.0557612
0.657 0.0557612
0.65735 0.045475
0.6577 0.045475
0.65805 0.0595965
0.6584 0.0595965
0.65875 0.0601208
0.6591 0.0619115
0.65945 0.0619115
0.6598 0.0577744
0.66015 0.0577744
0.6605 0.0621423
0.66085 0.0621423
0.6612 0.0533533
0.66155 0.0533533
0.6619 0.0578852
0.66225 0.0578852
0.6626 0.0574863
0.66295 0.0574863
0.6633 0.0592525
0.66365 0.0592525
0.664 0.0592525
0.66435 0.0605254
0.6647 0.063635
0.66505 0.063635
0.6654 0.0605015
0.66575 0.0605015
0.6661 0.055873
0.66645 0.0596192
0.6668 0.055873
0.66715 0.0572092
0.6675 0.0572092
0.66785 0.0583496
0.6682 0.0583496
0.66855 0.0525389
0.6689 0.0525389
0.66925 0.0588704
0.6696 0.0593126
0.66995 0.0593126
0.6703 0.0603874
0.67065 0.0605508
0.671 0.0605508
0.67135 0.0607139
0.6717 0.0620747
0.67205 0.0621052
0.6724 0.0620747
0.67275 0.0621052
0.6731 0.0617365
0.67345 0.0657876999999999
0.6738 0.0617365
0.67415 0.0622354
0.6745 0.0613358
0.67485 0.0617487
0.6752 0.0613358
0.67555 0.0612449
0.6759 0.0522525
0.67625 0.0522525
0.6766 0.0621947
0.67695 0.0621947
0.6773 0.0621947
0.67765 0.0603038
0.678 0.0603038
0.67835 0.0603038
0.6787 0.0600357
0.67905 0.0603696
0.6794 0.0605228
0.67975 0.0605228
0.6801 0.0591466
0.68045 0.0591344
0.6808 0.0580289
0.68115 0.057315
0.6815 0.057315
0.68185 0.057315
0.6822 0.0579130999999999
0.68255 0.0579130999999999
0.6829 0.0570595
0.68325 0.0564557
0.6836 0.0565748
0.68395 0.0564557
0.6843 0.0542659999999999
0.68465 0.0484487
0.685 0.0542659999999999
0.68535 0.0568991
0.6857 0.0568991
0.68605 0.0566378
0.6864 0.0563704
0.68675 0.051957
0.6871 0.051957
0.68745 0.0535239
0.6878 0.0560798999999999
0.68815 0.0541523
0.6885 0.0550204
0.68885 0.0541523
0.6892 0.0550204
0.68955 0.0419238
0.6899 0.0532529
0.69025 0.0514059
0.6906 0.0532529
0.69095 0.0514059
0.6913 0.048893
0.69165 0.0442807
0.692 0.0262314
0.69235 0.0262314
0.6927 0.0338222
0.69305 0.0338222
0.6934 0.0337721999999999
0.69375 0.0337721999999999
0.6941 0.0337721999999999
0.69445 0.0409995
0.6948 0.0451091
0.69515 0.0451091
0.6955 0.0356725
0.69585 0.0356725
0.6962 0.0445698
0.69655 0.0445698
0.6969 0.0410403
0.69725 0.0410403
0.6976 0.0395557
0.69795 0.0376193
0.6983 0.0376193
0.69865 0.0383656999999999
0.699 0.0428051999999999
0.69935 0.0429894
0.6997 0.0429894
0.70005 0.0283521999999999
0.7004 0.0279728
0.70075 0.0272197
0.7011 0.0279728
0.70145 0.0233646
0.7018 0.0096981
0.70215 0.0096981
0.7025 0.0138706
0.70285 0.0238012
0.7032 0.0238012
0.70355 0.0238012
0.7039 0.0394379
0.70425 0.0295409
0.7046 0.0336155
0.70495 0.0295409
0.7053 0.0336155
0.70565 0.0363039
0.706 0.0363039
0.70635 0.0357195
0.7067 0.0357195
0.70705 0.0357195
0.7074 0.0376468
0.70775 0.0248727
0.7081 0.0283406
0.70845 0.0248727
0.7088 0.0256159
0.70915 0.0222518
0.7095 0.0256159
0.70985 0.0330786999999999
0.7102 0.0330786999999999
0.71055 0.0323021999999999
0.7109 0.0167940999999999
0.71125 0.0167940999999999
0.7116 0.023611
0.71195 0.0401294
0.7123 0.0401294
0.71265 0.0285189
0.713 0.0285189
0.71335 0.0280158
0.7137 0.0299363
0.71405 0.0270614
0.7144 0.0219424
0.71475 0.0219424
0.7151 0.0250077
0.71545 0.0250077
0.7158 0.0315064
0.71615 0.0204839
0.7165 0.0075186
0.71685 0.0075186
0.7172 0.008664
0.71755 0.008664
0.7179 0.008664
0.71825 0.0184419
0.7186 0.0184419
0.71895 0.0059431
0.7193 0.0054342
0.71965 0.0059431
0.72 0.0064179
0.72035 0.0111283999999999
0.7207 0.0158087
0.72105 0.0158087
0.7214 0.0171937
0.72175 0.0078479
0.7221 0.0203186
0.72245 0.0162813999999999
0.7228 0.0162813999999999
0.72315 0.0086334999999999
0.7235 0.005605
0.72385 0.005605
0.7242 0.005605
0.72455 0.0087399
0.7249 0.0087399
0.72525 0.0087399
0.7256 0.0080232
0.72595 0.0066203999999999
0.7263 0.0046577
0.72665 0.0066203999999999
0.727 0.0034755
0.72735 0.0112207
0.7277 0.0098477
0.72805 0.0112207
0.7284 0.0129772
0.72875 0.0150372999999999
0.7291 0.0150372999999999
0.72945 0.0110275
0.7298 0.0091097
0.73015 0.0101123
0.7305 0.0101123
0.73085 0.0101123
0.7312 0.01324
0.73155 0.0097827
0.7319 0.01324
0.73225 0.0088747999999999
0.7326 0.0088747999999999
0.73295 0.0070578
0.7333 0.0070578
0.73365 0.021484
0.734 0.021484
0.73435 0.0145081999999999
0.7347 0.0145081999999999
0.73505 0.0217472999999999
0.7354 0.0282382
0.73575 0.0282382
0.7361 0.0192215
0.73645 0.015493
0.7368 0.015493
0.73715 0.015493
0.7375 0.0115027
0.73785 0.0292309
0.7382 0.0193054
0.73855 0.0193054
0.7389 0.0145677
0.73925 0.0145677
0.7396 0.0142787999999999
0.73995 0.0142787999999999
0.7403 0.0142787999999999
0.74065 0.0254608
0.741 0.0254608
0.74135 0.0254608
0.7417 0.0261594
0.74205 0.0318119
0.7424 0.0318119
0.74275 0.0297515999999999
0.7431 0.0297515999999999
0.74345 0.0297515999999999
0.7438 0.0256673
0.74415 0.0256673
0.7445 0.0260176
0.74485 0.0324429
0.7452 0.0324429
0.74555 0.0324429
0.7459 0.0220535
0.74625 0.0331041
0.7466 0.0424736
0.74695 0.0424736
0.7473 0.0106435
0.74765 0.0106435
0.748 0.0308875
0.74835 0.0407895999999999
0.7487 0.0308875
0.74905 0.0279945
0.7494 0.0279945
0.74975 0.0300149
0.7501 0.0325229
0.75045 0.0325229
0.7508 0.0322296
0.75115 0.0293739
0.7515 0.0315762999999999
0.75185 0.0315762999999999
0.7522 0.0315762999999999
0.75255 0.0302348
0.7529 0.0302348
0.75325 0.0364515999999999
0.7536 0.0364515999999999
0.75395 0.0346915
0.7543 0.0315297
0.75465 0.0341054
0.755 0.0341054
0.75535 0.0341054
0.7557 0.0375435999999999
0.75605 0.0327745
0.7564 0.0319887
0.75675 0.0319495999999999
0.7571 0.0298323
0.75745 0.0272429
0.7578 0.0270718
0.75815 0.0270718
0.7585 0.0300455999999999
0.75885 0.0300455999999999
0.7592 0.0293424
0.75955 0.0292949999999999
0.7599 0.0287531
0.76025 0.0287531
0.7606 0.0268968999999999
0.76095 0.0268968999999999
0.7613 0.0274307999999999
0.76165 0.0274307999999999
0.762 0.0267932
0.76235 0.0263545
0.7627 0.0258883
0.76305 0.0256510999999999
0.7634 0.0250630999999999
0.76375 0.0244593
0.7641 0.0244593
0.76445 0.0234279
0.7648 0.0234279
0.76515 0.0271732
0.7655 0.0271732
0.76585 0.0234375
0.7662 0.0225359
0.76655 0.0225359
0.7669 0.0227833
0.76725 0.024015
0.7676 0.0227833
0.76795 0.0221332999999999
0.7683 0.021314
0.76865 0.021314
0.769 0.0245197999999999
0.76935 0.0245197999999999
0.7697 0.0222885
0.77005 0.0222885
0.7704 0.0230298
0.77075 0.0230298
0.7711 0.0232645
0.77145 0.0232645
0.7718 0.0236655
0.77215 0.0236963
0.7725 0.0238517
0.77285 0.0238517
0.7732 0.0232583
0.77355 0.0232583
0.7739 0.0239884
0.77425 0.024852
0.7746 0.024852
0.77495 0.0249136
0.7753 0.0249136
0.77565 0.0254500999999999
0.776 0.0254500999999999
0.77635 0.0278927
0.7767 0.025222
0.77705 0.0250679
0.7774 0.0248602
0.77775 0.0246920999999999
0.7781 0.0246920999999999
0.77845 0.0249512
0.7788 0.0288247999999999
0.77915 0.0258163
0.7795 0.0258163
0.77985 0.0255467999999999
0.7802 0.0255467999999999
0.78055 0.021436
0.7809 0.021436
0.78125 0.021436
0.7816 0.0224583
0.78195 0.0226906
0.7823 0.0226906
0.78265 0.022947
0.783 0.0230277
0.78335 0.022947
0.7837 0.0237425
0.78405 0.023017
0.7844 0.023017
0.78475 0.023017
0.7851 0.0241062999999999
0.78545 0.0241062999999999
0.7858 0.0255122
0.78615 0.0164202
0.7865 0.0145947999999999
0.78685 0.0145947999999999
0.7872 0.0182731
0.78755 0.0198657
0.7879 0.0246669999999999
0.78825 0.0385193
0.7886 0.0385193
0.78895 0.021446
0.7893 0.021446
0.78965 0.0237717
0.79 0.0237717
0.79035 0.0237717
0.7907 0.0251856
0.79105 0.0251856
0.7914 0.0301579999999999
0.79175 0.0238992
0.7921 0.0273774
0.79245 0.0231532
0.7928 0.0231532
0.79315 0.0227865999999999
0.7935 0.0115635
0.79385 0.0227865999999999
0.7942 0.0231989
0.79455 0.0231989
0.7949 0.0231327
0.79525 0.0142169999999999
0.7956 0.0214897
0.79595 0.010489
0.7963 0.010489
0.79665 0.010489
0.797 0.0110169
0.79735 0.0146514
0.7977 0.0146514
0.79805 0.0204237
0.7984 0.0205141
0.79875 0.0211797
0.7991 0.0211797
0.79945 0.0179630999999999
0.7998 0.0179630999999999
0.80015 0.0208747
0.8005 0.0232187
0.80085 0.0232187
0.8012 0.0216302
0.80155 0.0151811
0.8019 0.0132588
0.80225 0.0145159
0.8026 0.0145159
0.80295 0.0210187999999999
0.8033 0.0210187999999999
0.80365 0.0183955
0.804 0.0183955
0.80435 0.0198572999999999
0.8047 0.024682
0.80505 0.0481473
0.8054 0.024682
0.80575 0.0192505
0.8061 0.0094367999999999
0.80645 0.0094367999999999
0.8068 0.0101997
0.80715 0.0150739
0.8075 0.0150739
0.80785 0.0123287
0.8082 0.0123287
0.80855 0.0204447
0.8089 0.0204447
0.80925 0.0085727
0.8096 0.0085727
0.80995 0.0096477
0.8103 0.0154408
0.81065 0.0154408
0.811 0.0135989
0.81135 0.0128224
0.8117 0.0128224
0.81205 0.0116399
0.8124 0.0100341
0.81275 0.0116399
0.8131 0.007316
0.81345 0.01064
0.8138 0.01064
0.81415 0.01064
0.8145 0.0072721999999999
0.81485 0.0030529
0.8152 0.0030529
0.81555 0.0118449
0.8159 0.0135777
0.81625 0.0118449
0.8166 0.0134087
0.81695 0.0134087
0.8173 0.0154733
0.81765 0.0154733
0.818 0.0150139
0.81835 0.0150139
0.8187 0.0150139
0.81905 0.0179114
0.8194 0.0179114
0.81975 0.0179114
0.8201 0.0178093
0.82045 0.0139899
0.8208 0.0147187
0.82115 0.0147187
0.8215 0.0208819999999999
0.82185 0.0224793
0.8222 0.0224793
0.82255 0.0204432
0.8229 0.0078292
0.82325 0.003109
0.8236 0.003109
0.82395 0.003109
0.8243 0.0167508
0.82465 0.0167508
0.825 0.0195567
0.82535 0.017761
0.8257 0.0244122
0.82605 0.017761
0.8264 0.0182344
0.82675 0.0182344
0.8271 0.0182344
0.82745 0.0145579
0.8278 0.0083222
0.82815 0.0145579
0.8285 0.0157048
0.82885 0.0157048
0.8292 0.0157048
0.82955 0.0186289
0.8299 0.0186289
0.83025 0.0074376999999999
0.8306 0.0074376999999999
0.83095 0.0102039
0.8313 0.0181964
0.83165 0.0102039
0.832 0.008884
0.83235 0.008884
0.8327 0.0094884
0.83305 0.0144428
0.8334 0.0126629999999999
0.83375 0.0126629999999999
0.8341 0.0035098
0.83445 0.0035098
0.8348 0.0035098
0.83515 0.0165233
0.8355 0.0131752
0.83585 0.0131752
0.8362 0.011284
0.83655 0.0103354
0.8369 0.0103354
0.83725 0.0069381
0.8376 0.0047863
0.83795 0.0047863
0.8383 0.0093717
0.83865 0.0160351
0.839 0.0161687
0.83935 0.0161687
0.8397 0.0146308
0.84005 0.0124767999999999
0.8404 0.0111694999999999
0.84075 0.0111694999999999
0.8411 0.0149263
0.84145 0.0149263
0.8418 0.0118571
0.84215 0.0118571
0.8425 0.0182013
0.84285 0.0233696
0.8432 0.0233696
0.84355 0.0225209
0.8439 0.0186425
0.84425 0.0164386
0.8446 0.0163022
0.84495 0.0163022
0.8453 0.0163022
0.84565 0.0210392
0.846 0.0253867
0.84635 0.0253867
0.8467 0.0253867
0.84705 0.0258468
0.8474 0.0258468
0.84775 0.0153097
0.8481 0.0153097
0.84845 0.0192764
0.8488 0.0219964
0.84915 0.0219964
0.8495 0.0219964
0.84985 0.0190709
0.8502 0.0190709
0.85055 0.0190709
0.8509 0.0230861
0.85125 0.0201264
0.8516 0.0230861
0.85195 0.0245704
0.8523 0.0245704
0.85265 0.0211362
0.853 0.0211362
0.85335 0.0225282
0.8537 0.0225282
0.85405 0.0224181
0.8544 0.0221629
0.85475 0.0221629
0.8551 0.0221629
0.85545 0.0198620999999999
0.8558 0.0198620999999999
0.85615 0.0183359
0.8565 0.0183359
0.85685 0.0181763
0.8572 0.0174408
0.85755 0.0153785
0.8579 0.0137377
0.85825 0.0137377
0.8586 0.0147844999999999
0.85895 0.0147844999999999
0.8593 0.0141503999999999
0.85965 0.0140822
0.86 0.0111591
0.86035 0.0101042
0.8607 0.0101042
0.86105 0.0090545
0.8614 0.0086022
0.86175 0.0079198
0.8621 0.0073732
0.86245 0.0073732
0.8628 0.0068471999999999
0.86315 0.0074923999999999
0.8635 0.0071625
0.86385 0.0071625
0.8642 0.006929
0.86455 0.0068619
0.8649 0.006929
0.86525 0.0071338
0.8656 0.0079081999999999
0.86595 0.0087864
0.8663 0.0091056
0.86665 0.0091056
0.867 0.0076576
0.86735 0.0076576
0.8677 0.0079768
0.86805 0.0107244
0.8684 0.0126809
0.86875 0.0126809
0.8691 0.0134169999999999
0.86945 0.0134169999999999
0.8698 0.0141937
0.87015 0.0141937
0.8705 0.0132237
0.87085 0.0127352
0.8712 0.0127352
0.87155 0.0144727
0.8719 0.0146537
0.87225 0.0167228
0.8726 0.0177391
0.87295 0.0177391
0.8733 0.0161258
0.87365 0.0161258
0.874 0.016486
0.87435 0.016522
0.8747 0.016522
0.87505 0.0157081
0.8754 0.0157081
0.87575 0.0180484
0.8761 0.0180484
0.87645 0.0151934
0.8768 0.013751
0.87715 0.0131563
0.8775 0.0102973999999999
0.87785 0.0102973999999999
0.8782 0.0094527999999999
0.87855 0.0094527999999999
0.8789 0.0120723
0.87925 0.0120723
0.8796 0.0052708
0.87995 0.0051202
0.8803 0.0046108999999999
0.88065 0.0046023999999999
0.881 0.003421
0.88135 0.0032185
0.8817 0.0023552
0.88205 0.0016829
0.8824 0.0010819
0.88275 0.0010819
0.8831 0.0010819
0.88345 0.0010741
0.8838 0.0010617
0.88415 0.0010741
0.8845 0.0012987
0.88485 0.0015019999999999
0.8852 0.0017183
0.88555 0.0017183
0.8859 0.0015708
0.88625 0.0012427999999999
0.8866 0.0007336
0.88695 0.0006369
0.8873 0.0006369
0.88765 0.0006369
0.888 0.0007013
0.88835 0.000787
0.8887 0.0009651
0.88905 0.000787
0.8894 0.0010327
0.88975 0.0010672
0.8901 0.0012048
0.89045 0.0011290999999999
0.8908 0.0011290999999999
0.89115 0.001107
0.8915 0.001107
0.89185 0.0009939
0.8922 0.0011273
0.89255 0.0011273
0.8929 0.0011669
0.89325 0.0011669
0.8936 0.0011272
0.89395 0.0010593
0.8943 0.001022
0.89465 0.001022
0.895 0.001022
0.89535 0.0009852
0.8957 0.0009852
0.89605 0.0010722
0.8964 0.0011539999999999
0.89675 0.0013991
0.8971 0.0013991
0.89745 0.0014267
0.8978 0.0014267
0.89815 0.0016501999999999
0.8985 0.0016501999999999
0.89885 0.0013984
0.8992 0.00058
0.89955 0.00058
0.8999 0.0004296
0.90025 0.0004296
0.9006 0.0004296
0.90095 0.0011559
0.9013 0.0020234
0.90165 0.0028281999999999
0.902 0.0028281999999999
0.90235 0.0027563
0.9027 0.0027563
0.90305 0.0025776999999999
0.9034 0.0031081
0.90375 0.0031081
0.9041 0.0041762
0.90445 0.0047043
0.9048 0.0065731
0.90515 0.0065731
0.9055 0.0050885
0.90585 0.0050885
0.9062 0.0048181
0.90655 0.0059823
0.9069 0.0048181
0.90725 0.0059823
0.9076 0.0061145
0.90795 0.0061145
0.9083 0.0062848
0.90865 0.0032959
0.909 0.0063279
0.90935 0.0032959
0.9097 0.0033396
0.91005 0.0025771
0.9104 0.0027266
0.91075 0.0027266
0.9111 0.003065
0.91145 0.0032319
0.9118 0.003065
0.91215 0.0032319
0.9125 0.0057585
0.91285 0.0057585
0.9132 0.0057585
0.91355 0.0037881
0.9139 0.006492
0.91425 0.0016759
0.9146 0.0058826
0.91495 0.002675
0.9153 0.0031853
0.91565 0.0031853
0.916 0.0031853
0.91635 0.0041406
0.9167 0.0019472
0.91705 0.0017338
0.9174 0.0014870999999999
0.91775 0.0014870999999999
0.9181 0.001227
0.91845 0.001227
0.9188 0.0034844999999999
0.91915 0.0034844999999999
0.9195 0.0009417
0.91985 0.0009417
0.9202 0.0077738
0.92055 0.0077738
0.9209 0.0073688999999999
0.92125 0.0044202
0.9216 0.0028525
0.92195 0.0044202
0.9223 0.0049511
0.92265 0.0056875
0.923 0.0056875
0.92335 0.0033110999999999
0.9237 0.0023943
0.92405 0.0033110999999999
0.9244 0.002193
0.92475 0.00619
0.9251 0.00619
0.92545 0.00619
0.9258 0.0057671
0.92615 0.0032904
0.9265 0.0032904
0.92685 0.0032904
0.9272 0.0024399
0.92755 0.0024399
0.9279 0.0013530999999999
0.92825 0.0029323
0.9286 0.0023095
0.92895 0.003669
0.9293 0.0027653
0.92965 0.0027653
0.93 0.0007767
0.93035 0.0007767
0.9307 0.0005113
0.93105 0.0014145
0.9314 0.0010018
0.93175 0.0014901
0.9321 0.0017479
0.93245 0.0017479
0.9328 0.0020998
0.93315 0.0021795
0.9335 0.0021795
0.93385 0.0008129
0.9342 0.0006157
0.93455 0.0004953
0.9349 0.0006157
0.93525 0.0004953
0.9356 0.0009812999999999
0.93595 0.0015225
0.9363 0.0015604
0.93665 0.0015225
0.937 0.0012860999999999
0.93735 0.0012860999999999
0.9377 0.0006587
0.93805 0.0006587
0.9384 0.0006587
0.93875 0.0019119
0.9391 0.0019119
0.93945 0.0020092
0.9398 0.0013079
0.94015 0.0020866
0.9405 0.0008426999999999
0.94085 0.0020866
0.9412 0.0026133
0.94155 0.0026133
0.9419 0.0025706
0.94225 0.0022779
0.9426 0.0022779
0.94295 0.0005351
0.9433 0.0005351
0.94365 0.000792
0.944 0.000792
0.94435 0.0002671
0.9447 0.0002671
0.94505 0.0018812
0.9454 0.0018812
0.94575 0.0018812
0.9461 0.0011232999999999
0.94645 0.0011232999999999
0.9468 0.0011232999999999
0.94715 0.0013220999999999
0.9475 0.0013220999999999
0.94785 0.0016982
0.9482 0.0021414
0.94855 0.0022876999999999
0.9489 0.0022876999999999
0.94925 0.0004083
0.9496 0.0004083
0.94995 0.0005392
0.9503 0.0009365
0.95065 0.0027616999999999
0.951 0.0027616999999999
0.95135 0.0012640999999999
0.9517 0.0012640999999999
0.95205 0.0014412
0.9524 0.0014412
0.95275 0.0009525
0.9531 0.0006393
0.95345 0.0006393
0.9538 0.0012575
0.95415 0.0018521
0.9545 0.0018521
0.95485 0.0019297
0.9552 0.0015249
0.95555 0.0019859
0.9559 0.0019859
0.95625 0.0019859
0.9566 0.0019366
0.95695 0.0007153
0.9573 0.0007153
0.95765 0.0028739
0.958 0.0028739
0.95835 0.0023655
0.9587 0.0023274999999999
0.95905 0.0023274999999999
0.9594 0.0007523
0.95975 0.0007523
0.9601 0.0022266
0.96045 0.0022266
0.9608 0.0014845
0.96115 0.0014845
0.9615 0.0018690999999999
0.96185 0.0027288
0.9622 0.0018690999999999
0.96255 0.0005848
0.9629 0.0005848
0.96325 0.0010607
0.9636 0.0010607
0.96395 0.0009811
0.9643 0.0009811
0.96465 0.0025356
0.965 0.0025356
0.96535 0.0016300999999999
0.9657 0.001089
0.96605 0.0016300999999999
0.9664 0.001089
0.96675 0.0009547
0.9671 0.0007422999999999
0.96745 0.0007422999999999
0.9678 0.0021861999999999
0.96815 0.0021861999999999
0.9685 0.0017254
0.96885 0.000982
0.9692 0.000982
0.96955 0.0021178
0.9699 0.0026739999999999
0.97025 0.0026739999999999
0.9706 0.0025443
0.97095 0.0025443
0.9713 0.0025496
0.97165 0.0027423
0.972 0.0027423
0.97235 0.0021683
0.9727 0.0019089
0.97305 0.0015396
0.9734 0.0011677
0.97375 0.0010379
0.9741 0.0010379
0.97445 0.0010379
0.9748 0.0017519
0.97515 0.0018195
0.9755 0.0022316999999999
0.97585 0.0022316999999999
0.9762 0.0016981
0.97655 0.0016981
0.9769 0.0021758
0.97725 0.0026618
0.9776 0.0026618
0.97795 0.0017652
0.9783 0.0009412
0.97865 0.0009412
0.979 0.0009412
0.97935 0.0013388
0.9797 0.001422
0.98005 0.0015109
0.9804 0.001422
0.98075 0.0012232999999999
0.9811 0.0012232999999999
0.98145 0.0015499
0.9818 0.0015499
0.98215 0.0013857
0.9825 0.0009843
0.98285 0.0007468
0.9832 0.0009843
0.98355 0.0013777
0.9839 0.0013835
0.98425 0.0014532
0.9846 0.0014532
0.98495 0.0014944
0.9853 0.0011694
0.98565 0.0010745999999999
0.986 0.0010362
0.98635 0.0010362
0.9867 0.0007524
0.98705 0.0008705
0.9874 0.0008705
0.98775 0.0008705
0.9881 0.0004763999999999
0.98845 0.0003225
0.9888 0.0003225
0.98915 0.0005062
0.9895 0.0011022
0.98985 0.0007176
0.9902 0.0011947
0.99055 0.0007367999999999
0.9909 0.001207
0.99125 0.0009759
0.9916 0.0011533
0.99195 0.0009759
0.9923 0.0011533
0.99265 0.0011591
0.993 0.0012119
0.99335 0.0012119
0.9937 0.001221
0.99405 0.001221
0.9944 0.0013226
0.99475 0.0011264
0.9951 0.0011264
0.99545 0.0011264
0.9958 0.0005321
0.99615 0.0012259999999999
0.9965 0.0005321
0.99685 0.0012259999999999
0.9972 0.0016219
0.99755 0.0016219
0.9979 0.0013554
0.99825 0.0010595999999999
0.9986 0.0011872
0.99895 0.0009991
0.9993 0.0009991
