0.3 0.4784537999999999
0.30035 0.4784537999999999
0.3007 0.4784396999999999
0.30105 0.4783702
0.3014 0.4782812
0.30175 0.4781729
0.3021 0.4780371
0.30245 0.4778436
0.3028 0.4775133
0.30315 0.4767297
0.3035 0.4766207999999999
0.30385 0.4766207999999999
0.3042 0.4771242999999999
0.30455 0.4772184
0.3049 0.4772184
0.30525 0.4771539000000001
0.3056 0.4770638
0.30595 0.4769597
0.3063 0.4768455
0.30665 0.4767233
0.307 0.4765937
0.30735 0.4764562
0.3077 0.4763085
0.30805 0.4761468
0.3084 0.4759628999999999
0.30875 0.4757425
0.3091 0.4754411
0.30945 0.4749534000000001
0.3098 0.4739494000000001
0.31015 0.4732688
0.3105 0.4732688
0.31085 0.4742425
0.3112 0.4745074999999999
0.31155 0.4745074999999999
0.3119 0.4744917999999999
0.31225 0.4743925
0.3126 0.4742683
0.31295 0.4741284
0.3133 0.4739776
0.31365 0.4738192
0.314 0.4736535
0.31435 0.4734827
0.3147 0.4733057
0.31505 0.4731244
0.3154 0.4729382
0.31575 0.472747
0.3161 0.4725507
0.31645 0.4723489999999999
0.3168 0.4721417
0.31715 0.4719284000000001
0.3175 0.4717085999999999
0.31785 0.4714814999999999
0.3182 0.4712485999999999
0.31855 0.4710041
0.3189 0.4707509
0.31925 0.4704805999999999
0.3196 0.4701936
0.31995 0.4698777
0.3203 0.4695125
0.32065 0.4690497
0.321 0.4683482
0.32135 0.466815
0.3217 0.465816
0.32205 0.465816
0.3224 0.4671573
0.32275 0.4671724
0.3231 0.4671724
0.32345 0.4669079
0.3238 0.4665758
0.32415 0.4662039
0.3245 0.4657949999999999
0.32485 0.4653412999999999
0.3252 0.4648539
0.32555 0.4643201
0.3259 0.4637305
0.32625 0.4630722
0.3266 0.4623279999999999
0.32695 0.4614948
0.3273 0.4605032999999999
0.32765 0.4593259
0.328 0.4579397
0.32835 0.4561804
0.3287 0.453993
0.32905 0.4510703
0.3294 0.4467489999999999
0.32975 0.4406072
0.3301 0.4324616
0.33045 0.4324616
0.3308 0.4402218
0.33115 0.4456675999999999
0.3315 0.4492733
0.33185 0.4516909
0.3322 0.4534127
0.33255 0.4546476
0.3329 0.4556247
0.33325 0.4563449
0.3336 0.456926
0.33395 0.4573542
0.3343 0.4577022
0.33465 0.4579542
0.335 0.4581455
0.33535 0.4582878999999999
0.3357 0.4583907
0.33605 0.4584698
0.3364 0.4585029
0.33675 0.4585202
0.3371 0.4585202
0.33745 0.4584962999999999
0.3378 0.4584568
0.33815 0.4583971999999999
0.3385 0.4583305
0.33885 0.4582458
0.3392 0.4581537
0.33955 0.4580440999999999
0.3399 0.4579245
0.34025 0.4577854999999999
0.3406 0.4576284
0.34095 0.457449
0.3413 0.4572412
0.34165 0.4569955
0.342 0.4566975
0.34235 0.4563254
0.3427 0.4558442
0.34305 0.4551971999999999
0.3434 0.4543117
0.34375 0.4529361
0.3441 0.4504315
0.34445 0.4445558
0.3448 0.4445558
0.34515 0.448634
0.3455 0.4512041
0.34585 0.4524071
0.3462 0.4530473
0.34655 0.4534343
0.3469 0.4536675999999999
0.34725 0.4537986
0.3476 0.4538584
0.34795 0.4538584
0.3483 0.4538367
0.34865 0.4537779999999999
0.349 0.4536968
0.34935 0.453593
0.3497 0.4534804
0.35005 0.453356
0.3504 0.4532181999999999
0.35075 0.4530762
0.3511 0.4529238
0.35145 0.4527657999999999
0.3518 0.4526055999999999
0.35215 0.4524377999999999
0.3525 0.4522661
0.35285 0.4520907
0.3532 0.451912
0.35355 0.4517303
0.3539 0.4515457
0.35425 0.4513584
0.3546 0.451167
0.35495 0.450975
0.3553 0.4507806
0.35565 0.4505777
0.356 0.4502978
0.35635 0.4501577
0.3567 0.4499803
0.35705 0.4495585
0.3574 0.4494463999999999
0.35775 0.4493002
0.3581 0.4490197
0.35845 0.4488722
0.3588 0.4486375
0.35915 0.4484846999999999
0.3595 0.4478851
0.35985 0.4476844
0.3602 0.4474469
0.36055 0.4472947
0.3609 0.4471313
0.36125 0.4471313
0.3616 0.4469151
0.36195 0.4467389
0.3623 0.4464127
0.36265 0.4462769
0.363 0.4460572
0.36335 0.4458258
0.3637 0.4455943
0.36405 0.4452650999999999
0.3644 0.445142
0.36475 0.4449122
0.3651 0.4446786
0.36545 0.4444311999999999
0.3658 0.4441348
0.36615 0.4439439999999999
0.3665 0.4437277
0.36685 0.4434693
0.3672 0.4432213
0.36755 0.4429948
0.3679 0.4427265999999999
0.36825 0.4424874
0.3686 0.4421504
0.36895 0.4420134
0.3693 0.4417228
0.36965 0.4415014
0.37 0.4411459
0.37035 0.4409379
0.3707 0.4405267
0.37105 0.4403674
0.3714 0.4402175
0.37175 0.4398824999999999
0.3721 0.4395763
0.37245 0.4394042999999999
0.3728 0.438997
0.37315 0.4388951
0.3735 0.4384704
0.37385 0.4383032999999999
0.3742 0.4380412999999999
0.37455 0.4377
0.3749 0.437281
0.37525 0.4370274999999999
0.3756 0.4367188
0.37595 0.4364346999999999
0.3763 0.4361482
0.37665 0.4357729999999999
0.377 0.4357729999999999
0.37735 0.4355715999999999
0.3777 0.4351192
0.37805 0.4347452999999999
0.3784 0.4347084
0.37875 0.4339406
0.3791 0.4335002
0.37945 0.4330749
0.3798 0.4329717999999999
0.38015 0.4329717999999999
0.3805 0.4326377
0.38085 0.4326325
0.3812 0.4323581
0.38155 0.432066
0.3819 0.4313092
0.38225 0.4309772
0.3826 0.4308850999999999
0.38295 0.4308850999999999
0.3833 0.4304262
0.38365 0.4302877999999999
0.384 0.4298338
0.38435 0.4296895
0.3847 0.4293444999999999
0.38505 0.4290475
0.3854 0.428705
0.38575 0.4283692
0.3861 0.4280431999999999
0.38645 0.4276643
0.3868 0.4273318
0.38715 0.4269383
0.3875 0.4265523
0.38785 0.426218
0.3882 0.4259132
0.38855 0.4254519
0.3889 0.4248733
0.38925 0.4243883
0.3896 0.4242803
0.38995 0.4237906
0.3903 0.4233014
0.39065 0.423089
0.391 0.4226087
0.39135 0.4222063
0.3917 0.4215342000000001
0.39205 0.4212044
0.3924 0.4207947
0.39275 0.4200572
0.3931 0.4197494
0.39345 0.4193295
0.3938 0.4187494
0.39415 0.4178465999999999
0.3945 0.4176543
0.39485 0.4168085
0.3952 0.4163356
0.39555 0.4158944999999999
0.3959 0.4148302
0.39625 0.4139409
0.3966 0.413526
0.39695 0.4131704
0.3973 0.4121922999999999
0.39765 0.4115523
0.398 0.4105
0.39835 0.4102525999999999
0.3987 0.4087387
0.39905 0.4080917
0.3994 0.4077288
0.39975 0.406833
0.4001 0.4058872
0.40045 0.4048691
0.4008 0.4035088
0.40115 0.4013622
0.4015 0.4000531
0.40185 0.4000531
0.4022 0.3974023
0.40255 0.3965397
0.4029 0.3942349
0.40325 0.3912030999999999
0.4036 0.386845
0.40395 0.3821325
0.4043 0.3634329
0.40465 0.3634329
0.405 0.3784975
0.40535 0.3843741
0.4057 0.3877969
0.40605 0.390201
0.4064 0.3920814
0.40675 0.3933792
0.4071 0.3943753
0.40745 0.3951969
0.4078 0.3958193
0.40815 0.3963254
0.4085 0.3963254
0.40885 0.3967364
0.4092 0.3974718
0.40955 0.3977992
0.4099 0.3980035
0.41025 0.3982903
0.4106 0.3985097999999999
0.41095 0.3986559
0.4113 0.3986835
0.41165 0.3987092
0.412 0.3989785999999999
0.41235 0.3991245
0.4127 0.3991279
0.41305 0.3991245
0.4134 0.3986652
0.41375 0.3986652
0.4141 0.3993032999999999
0.41445 0.3993032999999999
0.4148 0.398835
0.41515 0.3986139999999999
0.4155 0.398231
0.41585 0.3935611
0.4162 0.3935611
0.41655 0.3981087
0.4169 0.3981087
0.41725 0.3976929
0.4176 0.3973903
0.41795 0.3975522999999999
0.4183 0.3975522999999999
0.41865 0.3976648
0.419 0.3976648
0.41935 0.3968989
0.4197 0.3958403
0.42005 0.3938899
0.4204 0.3938899
0.42075 0.3960555
0.4211 0.3966168
0.42145 0.3960555
0.4218 0.3949348
0.42215 0.3944012
0.4225 0.3944012
0.42285 0.3945947
0.4232 0.3945947
0.42355 0.3928917999999999
0.4239 0.3928917999999999
0.42425 0.3929522
0.4246 0.3929522
0.42495 0.393926
0.4253 0.3939546
0.42565 0.3939546
0.426 0.3906909
0.42635 0.3906909
0.4267 0.3913529
0.42705 0.3931005999999999
0.4274 0.3927537
0.42775 0.3927537
0.4281 0.3924812
0.42845 0.391497
0.4288 0.390984
0.42915 0.3879718
0.4295 0.3895075999999999
0.42985 0.3895075999999999
0.4302 0.3895075999999999
0.43055 0.3901219999999999
0.4309 0.3881399
0.43125 0.3885679
0.4316 0.3885679
0.43195 0.3886456
0.4323 0.3896085
0.43265 0.3896085
0.433 0.3891715
0.43335 0.3890321
0.4337 0.3882154
0.43405 0.3882019
0.4344 0.3876684
0.43475 0.3876372
0.4351 0.3876372
0.43545 0.3873569
0.4358 0.3869075999999999
0.43615 0.3865732999999999
0.4365 0.3854482999999999
0.43685 0.3851366
0.4372 0.3852120999999999
0.43755 0.3851366
0.4379 0.384915
0.43825 0.3848116
0.4386 0.3847272
0.43895 0.3842904
0.4393 0.3840013
0.43965 0.3829382999999999
0.44 0.382208
0.44035 0.3801863
0.4407 0.3794599
0.44105 0.3794898
0.4414 0.3794599
0.44175 0.3786592
0.4421 0.3786592
0.44245 0.3786592
0.4428 0.3803303
0.44315 0.3803078
0.4435 0.3803078
0.44385 0.3760487999999999
0.4442 0.3760487999999999
0.44455 0.3789706
0.4449 0.3789706
0.44525 0.3762233
0.4456 0.3762233
0.44595 0.3768272
0.4463 0.377365
0.44665 0.3775736
0.447 0.377365
0.44735 0.3770158
0.4477 0.3767964
0.44805 0.3767964
0.4484 0.3752462
0.44875 0.37667
0.4491 0.3760197
0.44945 0.3760197
0.4498 0.3754553
0.45015 0.3753940999999999
0.4505 0.3752968
0.45085 0.3740348
0.4512 0.3729752999999999
0.45155 0.3729612
0.4519 0.3723703
0.45225 0.3729612
0.4526 0.3729075
0.45295 0.3729075
0.4533 0.3726946
0.45365 0.3721155
0.454 0.3721155
0.45435 0.3710228
0.4547 0.3706073
0.45505 0.370819
0.4554 0.3706073
0.45575 0.3691158
0.4561 0.3687167999999999
0.45645 0.3691158
0.4568 0.3675140999999999
0.45715 0.3688287
0.4575 0.3684788
0.45785 0.3684788
0.4582 0.368143
0.45855 0.368043
0.4589 0.3676380999999999
0.45925 0.3664866
0.4596 0.3656991
0.45995 0.3662429
0.4603 0.3662429
0.46065 0.3664396
0.461 0.3664396
0.46135 0.3662216
0.4617 0.3661004
0.46205 0.3655536
0.4624 0.3653132
0.46275 0.3651979
0.4631 0.3650756
0.46345 0.3644713
0.4638 0.3641842999999999
0.46415 0.3639648
0.4645 0.3633403
0.46485 0.3633307
0.4652 0.3615243
0.46555 0.3615243
0.4659 0.3608053
0.46625 0.3595279
0.4666 0.3594206
0.46695 0.3594206
0.4673 0.359067
0.46765 0.3562587
0.468 0.3560394
0.46835 0.3546728
0.4687 0.3481304
0.46905 0.3419824
0.4694 0.3481304
0.46975 0.3546520999999999
0.4701 0.3546520999999999
0.47045 0.3547473
0.4708 0.3544246
0.47115 0.3538975
0.4715 0.3533160999999999
0.47185 0.3501182
0.4722 0.3457648
0.47255 0.3472518
0.4729 0.3472518
0.47325 0.3521498
0.4736 0.3525107999999999
0.47395 0.3521498
0.4743 0.3530204
0.47465 0.3486381
0.475 0.3530204
0.47535 0.3248463
0.4757 0.353025
0.47605 0.3488757999999999
0.4764 0.3488757999999999
0.47675 0.3488757999999999
0.4771 0.3478766
0.47745 0.3513257999999999
0.4778 0.3492222
0.47815 0.3505729
0.4785 0.3501852
0.47885 0.3501852
0.4792 0.3494945
0.47955 0.3490472
0.4799 0.3488197
0.48025 0.3480194
0.4806 0.3478335999999999
0.48095 0.3475835
0.4813 0.3467496
0.48165 0.3457393
0.482 0.3443463
0.48235 0.3436735999999999
0.4827 0.3436735999999999
0.48305 0.3425071
0.4834 0.3389011
0.48375 0.3351113
0.4841 0.3351113
0.48445 0.3317173
0.4848 0.3225459
0.48515 0.3261442
0.4855 0.3261442
0.48585 0.3261442
0.4862 0.3327837999999999
0.48655 0.3327837999999999
0.4869 0.3361137
0.48725 0.3361137
0.4876 0.3255765
0.48795 0.3255765
0.4883 0.3291938
0.48865 0.3338184
0.489 0.3394079
0.48935 0.3338184
0.4897 0.3394079
0.49005 0.3372145
0.4904 0.3372145
0.49075 0.3340703
0.4911 0.3340703
0.49145 0.3340703
0.4918 0.3363771
0.49215 0.3335744
0.4925 0.3331339
0.49285 0.3280726
0.4932 0.3280726
0.49355 0.3280726
0.4939 0.3304745999999999
0.49425 0.3304745999999999
0.4946 0.3304745999999999
0.49495 0.3323660999999999
0.4953 0.3315737
0.49565 0.3333781
0.496 0.3321427
0.49635 0.3325958
0.4967 0.3321427
0.49705 0.3321413
0.4974 0.3312039
0.49775 0.3298450999999999
0.4981 0.3290659999999999
0.49845 0.3281175
0.4988 0.3281175
0.49915 0.3282935
0.4995 0.3283157
0.49985 0.3282935
0.50055 0.3130374
0.5009 0.3130374
0.50125 0.3231217
0.5016 0.3231217
0.50195 0.321608
0.5023 0.3208534
0.50265 0.3105589
0.503 0.2619167
0.50335 0.2834479
0.5037 0.2834479
0.50405 0.2834479
0.5044 0.313815
0.50475 0.313815
0.5051 0.3166422
0.50545 0.3166422
0.5058 0.3163388
0.50615 0.3163388
0.5065 0.3029423
0.50685 0.2986857
0.5072 0.2986857
0.50755 0.3053839
0.5079 0.3053839
0.50825 0.3053839
0.5086 0.3082781
0.50895 0.3082781
0.5093 0.3074759
0.50965 0.3058842
0.51 0.3058842
0.51035 0.3097738
0.5107 0.3109230999999999
0.51105 0.3109230999999999
0.5114 0.3088559
0.51175 0.3088559
0.5121 0.3101791
0.51245 0.316954
0.5128 0.316954
0.51315 0.3115342
0.5135 0.3115342
0.51385 0.311368
0.5142 0.311368
0.51455 0.311368
0.5149 0.3103985
0.51525 0.3150654
0.5156 0.3164827
0.51595 0.3164827
0.5163 0.3159527
0.51665 0.3155263
0.517 0.3156016
0.51735 0.3155263
0.5177 0.3154973
0.51805 0.3154973
0.5184 0.3155382
0.51875 0.3157986
0.5191 0.3157986
0.51945 0.31449
0.5198 0.31449
0.52015 0.31449
0.5205 0.3144008
0.52085 0.3142582
0.5212 0.3138974
0.52155 0.3135968
0.5219 0.3123571
0.52225 0.3122023
0.5226 0.3119654
0.52295 0.3109295
0.5233 0.2918769
0.52365 0.2918769
0.524 0.2922471
0.52435 0.3090267
0.5247 0.3090267
0.52505 0.3090267
0.5254 0.3091554999999999
0.52575 0.3082605
0.5261 0.3072572
0.52645 0.3068525
0.5268 0.3057829999999999
0.52715 0.3020647999999999
0.5275 0.3020647999999999
0.52785 0.3020647999999999
0.5282 0.304656
0.52855 0.304656
0.5289 0.3014887
0.52925 0.3004893
0.5296 0.2974820999999999
0.52995 0.3004893
0.5303 0.2967095999999999
0.53065 0.294176
0.531 0.294176
0.53135 0.2991468
0.5317 0.2991468
0.53205 0.2956267
0.5324 0.2911329
0.53275 0.2938080999999999
0.5331 0.2938080999999999
0.53345 0.2954509
0.5338 0.2958784
0.53415 0.2958784
0.5345 0.2957575
0.53485 0.2929762999999999
0.5352 0.2923805
0.53555 0.2922552
0.5359 0.2898914999999999
0.53625 0.2898914999999999
0.5366 0.2898914999999999
0.53695 0.2865618
0.5373 0.2865618
0.53765 0.285211
0.538 0.2849014
0.53835 0.2832434
0.5387 0.2789654
0.53905 0.2787957
0.5394 0.2780165999999999
0.53975 0.2736775
0.5401 0.2736775
0.54045 0.2657645999999999
0.5408 0.2618626
0.54115 0.2618626
0.5415 0.2548373
0.54185 0.2548373
0.5422 0.2548373
0.54255 0.2528463999999999
0.5429 0.2537915
0.54325 0.2524222
0.5436 0.2524222
0.54395 0.2524222
0.5443 0.2538486
0.54465 0.2619437
0.545 0.2619437
0.54535 0.2666774
0.5457 0.2657176
0.54605 0.2657176
0.5464 0.2552195
0.54675 0.2552195
0.5471 0.2552195
0.54745 0.2661379
0.5478 0.2658697
0.54815 0.2661379
0.5485 0.2691712999999999
0.54885 0.2698481
0.5492 0.2691712999999999
0.54955 0.2688094
0.5499 0.2599602
0.55025 0.2660908
0.5506 0.2660908
0.55095 0.2660908
0.5513 0.2665982999999999
0.55165 0.2649824999999999
0.552 0.2647675
0.55235 0.2636969999999999
0.5527 0.2636969999999999
0.55305 0.2636969999999999
0.5534 0.2629984
0.55375 0.2629984
0.5541 0.2627521
0.55445 0.2597978999999999
0.5548 0.2597978999999999
0.55515 0.2597978999999999
0.5555 0.2581346
0.55585 0.2623074999999999
0.5562 0.2599581
0.55655 0.2599581
0.5569 0.2552271
0.55725 0.2552271
0.5576 0.2569554
0.55795 0.2582603
0.5583 0.2569554
0.55865 0.2582136
0.559 0.2572452
0.55935 0.2572452
0.5597 0.2569805
0.56005 0.2561141
0.5604 0.2553638
0.56075 0.2543357999999999
0.5611 0.2543357999999999
0.56145 0.2537951
0.5618 0.2530431
0.56215 0.2528068
0.5625 0.2522944
0.56285 0.2519812
0.5632 0.2519812
0.56355 0.2499581
0.5639 0.2498241
0.56425 0.2490481
0.5646 0.2477896
0.56495 0.2477896
0.5653 0.2464007999999999
0.56565 0.2464007999999999
0.566 0.2445727
0.56635 0.2376992
0.5667 0.2373127
0.56705 0.2376992
0.5674 0.2391916999999999
0.56775 0.2391916999999999
0.5681 0.2086706
0.56845 0.2086706
0.5688 0.2109828
0.56915 0.2260399
0.5695 0.2109828
0.56985 0.208204
0.5702 0.208204
0.57055 0.234787
0.5709 0.234787
0.57125 0.2327716
0.5716 0.229196
0.57195 0.2316595
0.5723 0.2316595
0.57265 0.2316595
0.573 0.2302722
0.57335 0.210666
0.5737 0.2269418999999999
0.57405 0.2130596
0.5744 0.2130596
0.57475 0.2130596
0.5751 0.1952796
0.57545 0.2247808
0.5758 0.2250563
0.57615 0.2250563
0.5765 0.2199968
0.57685 0.2031159
0.5772 0.2196989999999999
0.57755 0.2196989999999999
0.5779 0.2196989999999999
0.57825 0.2221447
0.5786 0.2175224999999999
0.57895 0.2190267
0.5793 0.2189173999999999
0.57965 0.2189173999999999
0.58 0.2168629
0.58035 0.2167566
0.5807 0.2118255999999999
0.58105 0.2118255999999999
0.5814 0.2151679
0.58175 0.2159748999999999
0.5821 0.2151679
0.58245 0.2135324
0.5828 0.2090342999999999
0.58315 0.2090342999999999
0.5835 0.2088988
0.58385 0.2092828
0.5842 0.2092828
0.58455 0.2092828
0.5849 0.2083565
0.58525 0.2083565
0.5856 0.208456
0.58595 0.208456
0.5863 0.2067082
0.58665 0.2066342
0.587 0.2042217
0.58735 0.2028917
0.5877 0.1969274
0.58805 0.1817337
0.5884 0.1817337
0.58875 0.1783824
0.5891 0.1783824
0.58945 0.1783824
0.5898 0.1537405
0.59015 0.1537405
0.5905 0.1886877
0.59085 0.1886877
0.5912 0.1908987
0.59155 0.1908987
0.5919 0.1950807
0.59225 0.1950807
0.5926 0.1966309
0.59295 0.2019358
0.5933 0.2019358
0.59365 0.1939087
0.594 0.1836372
0.59435 0.1580474
0.5947 0.1580474
0.59505 0.1895734999999999
0.5954 0.1895734999999999
0.59575 0.1885084
0.5961 0.1885084
0.59645 0.1886494
0.5968 0.1955389
0.59715 0.1955389
0.5975 0.1955389
0.59785 0.1881371
0.5982 0.1881371
0.59855 0.1896504
0.5989 0.1896504
0.59925 0.1866943
0.5996 0.1866943
0.59995 0.1944916
0.6003 0.1944916
0.60065 0.16444
0.601 0.16444
0.60135 0.1876527999999999
0.6017 0.2001888
0.60205 0.2001888
0.6024 0.2067928
0.60275 0.2067928
0.6031 0.2114041
0.60345 0.2114041
0.6038 0.2114041
0.60415 0.2062473
0.6045 0.2062473
0.60485 0.1969291
0.6052 0.2135609
0.60555 0.2140487999999999
0.6059 0.2140487999999999
0.60625 0.2140487999999999
0.6066 0.2135621
0.60695 0.2149984
0.6073 0.2135621
0.60765 0.2154993
0.608 0.2129612
0.60835 0.2159146
0.6087 0.2129612
0.60905 0.214888
0.6094 0.2134051
0.60975 0.214888
0.6101 0.2175808999999999
0.61045 0.2175808999999999
0.6108 0.2171415
0.61115 0.2163426
0.6115 0.2163426
0.61185 0.2153497
0.6122 0.2145139999999999
0.61255 0.2136327
0.6129 0.2105225
0.61325 0.2090342
0.6136 0.2077337999999999
0.61395 0.2056724999999999
0.6143 0.2047975
0.61465 0.2033796
0.615 0.2028818
0.61535 0.2027987999999999
0.6157 0.2023351
0.61605 0.2007271
0.6164 0.2001594
0.61675 0.1984458999999999
0.6171 0.1972971
0.61745 0.1939216
0.6178 0.190123
0.61815 0.1893362
0.6185 0.1875845
0.61885 0.1864417
0.6192 0.1850177
0.61955 0.1850177
0.6199 0.186419
0.62025 0.1884552
0.6206 0.1903602999999999
0.62095 0.1904912
0.6213 0.1911766
0.62165 0.1932307
0.622 0.1960251
0.62235 0.1990537999999999
0.6227 0.201364
0.62305 0.2039828
0.6234 0.204557
0.62375 0.2050968
0.6241 0.2101857
0.62445 0.2101857
0.6248 0.2122869
0.62515 0.2143875
0.6255 0.2143875
0.62585 0.2153058999999999
0.6262 0.2126471
0.62655 0.2091208
0.6269 0.2091208
0.62725 0.2174574
0.6276 0.2174574
0.62795 0.2188574999999999
0.6283 0.2172498999999999
0.62865 0.2188574999999999
0.629 0.2200334
0.62935 0.2200612
0.6297 0.2205224
0.63005 0.2213449
0.6304 0.2213449
0.63075 0.2183116
0.6311 0.2173635
0.63145 0.2109163
0.6318 0.1923077
0.63215 0.1923077
0.6325 0.212325
0.63285 0.2128989
0.6332 0.212325
0.63355 0.2152009
0.6339 0.2152009
0.63425 0.2170449
0.6346 0.2170449
0.63495 0.2140377
0.6353 0.2140377
0.63565 0.2140377
0.636 0.213703
0.63635 0.213703
0.6367 0.2077955
0.63705 0.2077955
0.6374 0.2077955
0.63775 0.1931577
0.6381 0.1983429
0.63845 0.1983429
0.6388 0.1983429
0.63915 0.2053275999999999
0.6395 0.2053275999999999
0.63985 0.2119674
0.6402 0.2140121
0.64055 0.2140121
0.6409 0.2109465
0.64125 0.2105467999999999
0.6416 0.2099953
0.64195 0.2053211
0.6423 0.2053211
0.64265 0.2116139
0.643 0.2116139
0.64335 0.2104523999999999
0.6437 0.1993597
0.64405 0.1876914
0.6444 0.1876914
0.64475 0.1935762999999999
0.6451 0.1935762999999999
0.64545 0.1935762999999999
0.6458 0.1575723
0.64615 0.1441434
0.6465 0.1441434
0.64685 0.1665055
0.6472 0.1726261
0.64755 0.1726261
0.6479 0.1729356
0.64825 0.1729356
0.6486 0.1769295
0.64895 0.1852601
0.6493 0.1893994
0.64965 0.2004822999999999
0.65 0.2004822999999999
0.65035 0.2044494999999999
0.6507 0.194869
0.65105 0.1634858
0.6514 0.1634858
0.65175 0.1634858
0.6521 0.1696898999999999
0.65245 0.1943417999999999
0.6528 0.1943417999999999
0.65315 0.1952683
0.6535 0.1738618999999999
0.65385 0.2018723
0.6542 0.1705659
0.65455 0.1922305
0.6549 0.1922305
0.65525 0.1922305
0.6556 0.1729931
0.65595 0.1666675
0.6563 0.1666675
0.65665 0.1853969
0.657 0.1853969
0.65735 0.1660888999999999
0.6577 0.1660888999999999
0.65805 0.1913099999999999
0.6584 0.1913099999999999
0.65875 0.1913099999999999
0.6591 0.1962261
0.65945 0.1962261
0.6598 0.1736417999999999
0.66015 0.1736417999999999
0.6605 0.1977362999999999
0.66085 0.1977362999999999
0.6612 0.1877336
0.66155 0.1877336
0.6619 0.1914342999999999
0.66225 0.1922708
0.6626 0.1973622
0.66295 0.1953317
0.6633 0.1953317
0.66365 0.1935276
0.664 0.1935276
0.66435 0.1955139
0.6647 0.199934
0.66505 0.199934
0.6654 0.1997517999999999
0.66575 0.1979595
0.6661 0.1909082999999999
0.66645 0.1964658
0.6668 0.1964658
0.66715 0.1982716
0.6675 0.1982716
0.66785 0.1986408999999999
0.6682 0.1970493999999999
0.66855 0.1892022
0.6689 0.1892022
0.66925 0.1955743
0.6696 0.1984092
0.66995 0.1984092
0.6703 0.201792
0.67065 0.2029982
0.671 0.2029982
0.67135 0.2052911
0.6717 0.2041751
0.67205 0.2041751
0.6724 0.2041751
0.67275 0.204306
0.6731 0.2043108
0.67345 0.2049969999999999
0.6738 0.2079527999999999
0.67415 0.2077177
0.6745 0.2077177
0.67485 0.2077177
0.6752 0.2097841
0.67555 0.2097841
0.6759 0.2099101
0.67625 0.209682
0.6766 0.209682
0.67695 0.209682
0.6773 0.209675
0.67765 0.2100759
0.678 0.209675
0.67835 0.2095746
0.6787 0.2041948999999999
0.67905 0.2050618
0.6794 0.2050618
0.67975 0.2077217999999999
0.6801 0.2077217999999999
0.68045 0.2075699999999999
0.6808 0.2015057
0.68115 0.2015057
0.6815 0.2015057
0.68185 0.2043497999999999
0.6822 0.2016415
0.68255 0.2016415
0.6829 0.2016415
0.68325 0.1975409
0.6836 0.1975409
0.68395 0.1974491
0.6843 0.1903789
0.68465 0.1903789
0.685 0.1953715
0.68535 0.2024582999999999
0.6857 0.2025392999999999
0.68605 0.2025392999999999
0.6864 0.1999891
0.68675 0.1867382999999999
0.6871 0.1867382999999999
0.68745 0.1926273
0.6878 0.1984902
0.68815 0.1977795
0.6885 0.1977795
0.68885 0.1945997
0.6892 0.1945997
0.68955 0.1703692
0.6899 0.1885614
0.69025 0.185393
0.6906 0.1885614
0.69095 0.185393
0.6913 0.1696832999999999
0.69165 0.1642465
0.692 0.1485101
0.69235 0.1485101
0.6927 0.1519648999999999
0.69305 0.1519648999999999
0.6934 0.1514495
0.69375 0.1514495
0.6941 0.1514495
0.69445 0.1569469
0.6948 0.16426
0.69515 0.16426
0.6955 0.160865
0.69585 0.160865
0.6962 0.165044
0.69655 0.1677745
0.6969 0.1677745
0.69725 0.1745309
0.6976 0.1610395
0.69795 0.175091
0.6983 0.1728714999999999
0.69865 0.1728714999999999
0.699 0.1716345
0.69935 0.1716345
0.6997 0.1716345
0.70005 0.1457849
0.7004 0.1457364
0.70075 0.1457849
0.7011 0.1580384
0.70145 0.1580384
0.7018 0.1548398
0.70215 0.1548398
0.7025 0.1548398
0.70285 0.1466293
0.7032 0.1466293
0.70355 0.1475921
0.7039 0.1594145
0.70425 0.1501096
0.7046 0.1550876
0.70495 0.1501096
0.7053 0.1550876
0.70565 0.1656022999999999
0.706 0.1656022999999999
0.70635 0.1534732
0.7067 0.1534732
0.70705 0.1534732
0.7074 0.1583632999999999
0.70775 0.1466963
0.7081 0.1582354
0.70845 0.1466963
0.7088 0.1535757
0.70915 0.1464262999999999
0.7095 0.1535757
0.70985 0.1541515
0.7102 0.1669817999999999
0.71055 0.1669817999999999
0.7109 0.144014
0.71125 0.144014
0.7116 0.1488359
0.71195 0.1618869
0.7123 0.1618869
0.71265 0.1545199
0.713 0.1514319999999999
0.71335 0.1514319999999999
0.7137 0.1572247
0.71405 0.1572247
0.7144 0.1488225
0.71475 0.1488225
0.7151 0.1589774
0.71545 0.1589774
0.7158 0.1517096
0.71615 0.1457209
0.7165 0.1366846
0.71685 0.1366846
0.7172 0.1344543
0.71755 0.1344543
0.7179 0.1344543
0.71825 0.138987
0.7186 0.138987
0.71895 0.1295606
0.7193 0.1295606
0.71965 0.1305974
0.72 0.1305974
0.72035 0.1332617
0.7207 0.1373897999999999
0.72105 0.1373897999999999
0.7214 0.1373897999999999
0.72175 0.1322392
0.7221 0.1409657
0.72245 0.137708
0.7228 0.137708
0.72315 0.1294698
0.7235 0.128004
0.72385 0.1274458999999999
0.7242 0.1274458999999999
0.72455 0.1274458999999999
0.7249 0.1282628999999999
0.72525 0.1282628999999999
0.7256 0.1264096999999999
0.72595 0.1236918
0.7263 0.121819
0.72665 0.121819
0.727 0.108677
0.72735 0.1266725
0.7277 0.1266725
0.72805 0.1266748
0.7284 0.1302888999999999
0.72875 0.1329298
0.7291 0.1329298
0.72945 0.1305358999999999
0.7298 0.1298329
0.73015 0.1305358999999999
0.7305 0.1318712
0.73085 0.1333233999999999
0.7312 0.1342944999999999
0.73155 0.1333233999999999
0.7319 0.1342944999999999
0.73225 0.1301993
0.7326 0.1319148
0.73295 0.1301993
0.7333 0.1319148
0.73365 0.1434737999999999
0.734 0.1434737999999999
0.73435 0.1383191
0.7347 0.1383191
0.73505 0.142646
0.7354 0.1483399
0.73575 0.1483399
0.7361 0.1420274
0.73645 0.1401224999999999
0.7368 0.1401224999999999
0.73715 0.1401224999999999
0.7375 0.1377155
0.73785 0.1497071
0.7382 0.143256
0.73855 0.143256
0.7389 0.1416033
0.73925 0.1416033
0.7396 0.1400227
0.73995 0.1400227
0.7403 0.1400227
0.74065 0.1484147
0.741 0.1484147
0.74135 0.1484147
0.7417 0.149468
0.74205 0.1572375
0.7424 0.1572375
0.74275 0.1572375
0.7431 0.161804
0.74345 0.161804
0.7438 0.1587791
0.74415 0.1518783
0.7445 0.1518783
0.74485 0.1685422
0.7452 0.1685422
0.74555 0.1685422
0.7459 0.150087
0.74625 0.1576666
0.7466 0.1576666
0.74695 0.1576666
0.7473 0.165274
0.74765 0.165274
0.748 0.165274
0.74835 0.1645752999999999
0.7487 0.1635888999999999
0.74905 0.1602703
0.7494 0.1602703
0.74975 0.1624506
0.7501 0.1666507
0.75045 0.1624506
0.7508 0.1716464999999999
0.75115 0.1650617
0.7515 0.1650617
0.75185 0.1650617
0.7522 0.1640377
0.75255 0.1673053
0.7529 0.1673053
0.75325 0.1678637999999999
0.7536 0.1678637999999999
0.75395 0.1704032
0.7543 0.1677281
0.75465 0.1721302
0.755 0.1677281
0.75535 0.1721302
0.7557 0.1721782999999999
0.75605 0.1722556
0.7564 0.1722556
0.75675 0.1722556
0.7571 0.1665259
0.75745 0.1674928
0.7578 0.1674928
0.75815 0.1678906
0.7585 0.1687612999999999
0.75885 0.1690217
0.7592 0.1687612999999999
0.75955 0.1690217
0.7599 0.1685433
0.76025 0.1685433
0.7606 0.1661879
0.76095 0.1661879
0.7613 0.1670789
0.76165 0.1670789
0.762 0.1657317999999999
0.76235 0.1654896
0.7627 0.1650998
0.76305 0.1644806
0.7634 0.1636046
0.76375 0.162708
0.7641 0.162708
0.76445 0.1615367999999999
0.7648 0.1614442
0.76515 0.1607422999999999
0.7655 0.1600517
0.76585 0.1599155
0.7662 0.1594587
0.76655 0.1593813999999999
0.7669 0.1592155
0.76725 0.1593813999999999
0.7676 0.1602045
0.76795 0.1603461
0.7683 0.1604375
0.76865 0.1603461
0.769 0.1602047999999999
0.76935 0.1596568
0.7697 0.1593033999999999
0.77005 0.1591724
0.7704 0.1591724
0.77075 0.1599609
0.7711 0.1602387
0.77145 0.1608842
0.7718 0.1612462
0.77215 0.161688
0.7725 0.161688
0.77285 0.1616085
0.7732 0.1610917999999999
0.77355 0.1610917999999999
0.7739 0.1616831
0.77425 0.1622948
0.7746 0.162548
0.77495 0.1626948999999999
0.7753 0.1626948999999999
0.77565 0.1626948999999999
0.776 0.1621783
0.77635 0.1620776
0.7767 0.161639
0.77705 0.1614053
0.7774 0.1612407
0.77775 0.1608647
0.7781 0.1599457
0.77845 0.1599457
0.7788 0.1591352999999999
0.77915 0.158193
0.7795 0.154356
0.77985 0.154356
0.7802 0.1553341
0.78055 0.1553341
0.7809 0.1500499
0.78125 0.1500499
0.7816 0.1500499
0.78195 0.1498855
0.7823 0.1496318999999999
0.78265 0.1496318999999999
0.783 0.1496318999999999
0.78335 0.1485803
0.7837 0.1490051
0.78405 0.1483062999999999
0.7844 0.1483062999999999
0.78475 0.1483062999999999
0.7851 0.1515371
0.78545 0.1515371
0.7858 0.1526452
0.78615 0.1502795
0.7865 0.1502795
0.78685 0.1407497
0.7872 0.1407497
0.78755 0.1425837999999999
0.7879 0.14847
0.78825 0.14847
0.7886 0.14847
0.78895 0.1487484
0.7893 0.1487484
0.78965 0.1511872999999999
0.79 0.1511872999999999
0.79035 0.1528131
0.7907 0.1500772
0.79105 0.1508277
0.7914 0.1502932
0.79175 0.1508277
0.7921 0.1502932
0.79245 0.1510098
0.7928 0.1482702
0.79315 0.1485172
0.7935 0.1484771
0.79385 0.1485172
0.7942 0.1491401
0.79455 0.1491401
0.7949 0.143456
0.79525 0.1392924
0.7956 0.143456
0.79595 0.1339851
0.7963 0.1339851
0.79665 0.1339851
0.797 0.1388849
0.79735 0.1388849
0.7977 0.1424627
0.79805 0.1426219
0.7984 0.1430804
0.79875 0.1438007
0.7991 0.144573
0.79945 0.144573
0.7998 0.1402588
0.80015 0.1402588
0.8005 0.1465342
0.80085 0.1482477
0.8012 0.1465342
0.80155 0.1422919
0.8019 0.1382902999999999
0.80225 0.1378214999999999
0.8026 0.1378214999999999
0.80295 0.1408375
0.8033 0.1408375
0.80365 0.1468227
0.804 0.1440839
0.80435 0.1468227
0.8047 0.1479832999999999
0.80505 0.1487667
0.8054 0.1498122
0.80575 0.1487667
0.8061 0.1366001
0.80645 0.1366001
0.8068 0.1373198
0.80715 0.1409285
0.8075 0.1409285
0.80785 0.1394198999999999
0.8082 0.1394198999999999
0.80855 0.1451873
0.8089 0.1451873
0.80925 0.1374244999999999
0.8096 0.1374244999999999
0.80995 0.1384028
0.8103 0.1409443
0.81065 0.1409443
0.811 0.1400477
0.81135 0.1385624
0.8117 0.1385624
0.81205 0.1384015
0.8124 0.1375672
0.81275 0.1384015
0.8131 0.1359627
0.81345 0.1380687
0.8138 0.1380687
0.81415 0.1380687
0.8145 0.1369556
0.81485 0.1309589
0.8152 0.1309589
0.81555 0.1383218
0.8159 0.1387269
0.81625 0.1387269
0.8166 0.1390318999999999
0.81695 0.1390318999999999
0.8173 0.1395261
0.81765 0.1395261
0.818 0.139253
0.81835 0.139253
0.8187 0.139253
0.81905 0.1441422
0.8194 0.1437912999999999
0.81975 0.1437912999999999
0.8201 0.1433364
0.82045 0.1421208
0.8208 0.1421208
0.82115 0.1421208
0.8215 0.1446308
0.82185 0.1446308
0.8222 0.1434938999999999
0.82255 0.1423765
0.8229 0.1361348
0.82325 0.1300558
0.8236 0.1316302999999999
0.82395 0.1316302999999999
0.8243 0.1417298
0.82465 0.1417298
0.825 0.1427835
0.82535 0.1421166
0.8257 0.146746
0.82605 0.1421458
0.8264 0.1443318999999999
0.82675 0.1443318999999999
0.8271 0.1443318999999999
0.82745 0.1401691
0.8278 0.1350669
0.82815 0.1401691
0.8285 0.1407271
0.82885 0.1407271
0.8292 0.140975
0.82955 0.1416917999999999
0.8299 0.1416917999999999
0.83025 0.1377132999999999
0.8306 0.1377132999999999
0.83095 0.138297
0.8313 0.1416687
0.83165 0.138297
0.832 0.1366526
0.83235 0.1366526
0.8327 0.1362899
0.83305 0.1402666
0.8334 0.1385821
0.83375 0.1385821
0.8341 0.1331438999999999
0.83445 0.1331438999999999
0.8348 0.1331438999999999
0.83515 0.1403997
0.8355 0.1394479
0.83585 0.1394479
0.8362 0.1383933
0.83655 0.1382614
0.8369 0.1375232
0.83725 0.1365952
0.8376 0.1337085
0.83795 0.1337085
0.8383 0.1362525
0.83865 0.1403362
0.839 0.1403362
0.83935 0.1403362
0.8397 0.1394172
0.84005 0.1394172
0.8404 0.1394172
0.84075 0.1384542
0.8411 0.1384542
0.84145 0.1384542
0.8418 0.1375186
0.84215 0.1375186
0.8425 0.1421869
0.84285 0.1436772999999999
0.8432 0.1436772999999999
0.84355 0.1442312999999999
0.8439 0.1421321
0.84425 0.1403959
0.8446 0.1403959
0.84495 0.1436093
0.8453 0.1436093
0.84565 0.1436093
0.846 0.1466581
0.84635 0.1466581
0.8467 0.1466581
0.84705 0.1514232
0.8474 0.1514232
0.84775 0.1438530999999999
0.8481 0.1438530999999999
0.84845 0.1450186
0.8488 0.1495926
0.84915 0.1495926
0.8495 0.1495926
0.84985 0.1493722999999999
0.8502 0.1481552
0.85055 0.1481552
0.8509 0.1481552
0.85125 0.1468087
0.8516 0.1485202
0.85195 0.1505037
0.8523 0.1505037
0.85265 0.1472557
0.853 0.1472557
0.85335 0.1487822
0.8537 0.1487822
0.85405 0.1477348
0.8544 0.1468921
0.85475 0.1453839999999999
0.8551 0.1453839999999999
0.85545 0.1432711
0.8558 0.1432711
0.85615 0.1413791
0.8565 0.1420288999999999
0.85685 0.1407634999999999
0.8572 0.1398135
0.85755 0.1373289
0.8579 0.1355661
0.85825 0.1355661
0.8586 0.1355661
0.85895 0.1343169
0.8593 0.1338056
0.85965 0.1322567
0.86 0.131119
0.86035 0.1299734
0.8607 0.1290807
0.86105 0.1272593
0.8614 0.1265191
0.86175 0.1261333999999999
0.8621 0.1243406
0.86245 0.1243406
0.8628 0.1243406
0.86315 0.1246356
0.8635 0.1246307
0.86385 0.1246307
0.8642 0.121101
0.86455 0.121101
0.8649 0.1222373
0.86525 0.1248186999999999
0.8656 0.1256573
0.86595 0.127083
0.8663 0.1275266
0.86665 0.1275266
0.867 0.1228098
0.86735 0.1228098
0.8677 0.1253508
0.86805 0.1291686
0.8684 0.1306011
0.86875 0.1320076
0.8691 0.1345234
0.86945 0.1336645
0.8698 0.1346581
0.87015 0.1346581
0.8705 0.1346581
0.87085 0.1337993999999999
0.8712 0.1294108
0.87155 0.1337993999999999
0.8719 0.1364697999999999
0.87225 0.1390694999999999
0.8726 0.1364697999999999
0.87295 0.1343368
0.8733 0.1343368
0.87365 0.1379715
0.874 0.1380649
0.87435 0.1380649
0.8747 0.1384096
0.87505 0.1384096
0.8754 0.1391657999999999
0.87575 0.1331364
0.8761 0.1374077
0.87645 0.135506
0.8768 0.135506
0.87715 0.135506
0.8775 0.1318247
0.87785 0.1319428999999999
0.8782 0.1318247
0.87855 0.1319428999999999
0.8789 0.1340116
0.87925 0.1340116
0.8796 0.1179538
0.87995 0.1179538
0.8803 0.1180611
0.88065 0.1180611
0.881 0.11143
0.88135 0.1104685
0.8817 0.1052126999999999
0.88205 0.0962714
0.8824 0.0822387
0.88275 0.0822387
0.8831 0.0833766
0.88345 0.0833766
0.8838 0.0823557
0.88415 0.0823557
0.8845 0.0946554
0.88485 0.0946668
0.8852 0.097032
0.88555 0.097032
0.8859 0.094208
0.88625 0.0908554
0.8866 0.0764583
0.88695 0.0609653
0.8873 0.0609653
0.88765 0.0616756999999999
0.888 0.0627587
0.88835 0.0647091
0.8887 0.0794855
0.88905 0.0647091
0.8894 0.0813565
0.88975 0.0823899999999999
0.8901 0.0918715
0.89045 0.0856185
0.8908 0.0872651999999999
0.89115 0.0856185
0.8915 0.0872651999999999
0.89185 0.0779817
0.8922 0.0880657
0.89255 0.0900513
0.8929 0.0900513
0.89325 0.0822325
0.8936 0.0822325
0.89395 0.0822325
0.8943 0.0854531
0.89465 0.0791258
0.895 0.0799567
0.89535 0.0791258
0.8957 0.0799567
0.89605 0.0850324
0.8964 0.088943
0.89675 0.0971195
0.8971 0.0971195
0.89745 0.0932698
0.8978 0.0932698
0.89815 0.098676
0.8985 0.098676
0.89885 0.0974812
0.8992 0.0908608
0.89955 0.0908608
0.8999 0.0941493
0.90025 0.0941493
0.9006 0.0941493
0.90095 0.1096636999999999
0.9013 0.1130559999999999
0.90165 0.1170239
0.902 0.1170343
0.90235 0.1175479
0.9027 0.119828
0.90305 0.119828
0.9034 0.1234816
0.90375 0.1172346
0.9041 0.1234816
0.90445 0.1267604
0.9048 0.1284251
0.90515 0.1284251
0.9055 0.1305073
0.90585 0.1305395
0.9062 0.1305395
0.90655 0.1277351
0.9069 0.1277351
0.90725 0.127935
0.9076 0.127935
0.90795 0.1179896999999999
0.9083 0.1179896999999999
0.90865 0.119702
0.909 0.130629
0.90935 0.130629
0.9097 0.1266804
0.91005 0.1181641
0.9104 0.1181641
0.91075 0.1292061
0.9111 0.1316747999999999
0.91145 0.1316157
0.9118 0.1316157
0.91215 0.1316157
0.9125 0.1288527
0.91285 0.1292082
0.9132 0.1292082
0.91355 0.1292082
0.9139 0.1327979
0.91425 0.1305773999999999
0.9146 0.1340015
0.91495 0.1319937
0.9153 0.1319937
0.91565 0.1279808
0.916 0.1269674999999999
0.91635 0.1269674999999999
0.9167 0.1269674999999999
0.91705 0.1311852
0.9174 0.1298938999999999
0.91775 0.1298938999999999
0.9181 0.1210395
0.91845 0.1210395
0.9188 0.1306055
0.91915 0.1306055
0.9195 0.1243161
0.91985 0.1243161
0.9202 0.1342017999999999
0.92055 0.1342017999999999
0.9209 0.1336533999999999
0.92125 0.1326795
0.9216 0.1307175
0.92195 0.13032
0.9223 0.1251177
0.92265 0.13032
0.923 0.1325956
0.92335 0.1325956
0.9237 0.1294412
0.92405 0.1294412
0.9244 0.1312333
0.92475 0.1346398
0.9251 0.1323082
0.92545 0.1346398
0.9258 0.1323082
0.92615 0.1299129
0.9265 0.1299129
0.92685 0.1299129
0.9272 0.1274312
0.92755 0.1274312
0.9279 0.1262694
0.92825 0.1323345
0.9286 0.1323345
0.92895 0.1323884
0.9293 0.1323884
0.92965 0.1323592999999999
0.93 0.11724
0.93035 0.11724
0.9307 0.111865
0.93105 0.1259534
0.9314 0.1259534
0.93175 0.1259534
0.9321 0.1260376
0.93245 0.1219908
0.9328 0.1260376
0.93315 0.1293131
0.9335 0.1293131
0.93385 0.124453
0.9342 0.1096813
0.93455 0.1096813
0.9349 0.1138378999999999
0.93525 0.1138378999999999
0.9356 0.1222095
0.93595 0.1284593
0.9363 0.130319
0.93665 0.130319
0.937 0.126867
0.93735 0.126867
0.9377 0.1079815
0.93805 0.1079815
0.9384 0.1079815
0.93875 0.1255336
0.9391 0.127425
0.93945 0.1311071
0.9398 0.127425
0.94015 0.1302224
0.9405 0.1053125
0.94085 0.1302224
0.9412 0.1318628
0.94155 0.1322713
0.9419 0.1325935
0.94225 0.1326779
0.9426 0.1326779
0.94295 0.103221
0.9433 0.103221
0.94365 0.117972
0.944 0.117972
0.94435 0.068621
0.9447 0.068621
0.94505 0.1196893
0.9454 0.121139
0.94575 0.121139
0.9461 0.1237712
0.94645 0.1237712
0.9468 0.1237712
0.94715 0.126271
0.9475 0.126271
0.94785 0.1309047
0.9482 0.130469
0.94855 0.1311259
0.9489 0.130469
0.94925 0.0989911
0.9496 0.0989911
0.94995 0.1181503999999999
0.9503 0.1263478
0.95065 0.1332192
0.951 0.1332192
0.95135 0.1295648
0.9517 0.1295648
0.95205 0.1296033
0.9524 0.1296033
0.95275 0.1242616
0.9531 0.1218273999999999
0.95345 0.1218273999999999
0.9538 0.1308375
0.95415 0.1308375
0.9545 0.1306791
0.95485 0.1306791
0.9552 0.1291156
0.95555 0.1314631
0.9559 0.1314631
0.95625 0.1314631
0.9566 0.1313062
0.95695 0.1236549
0.9573 0.1236549
0.95765 0.1329232
0.958 0.1329232
0.95835 0.1325642999999999
0.9587 0.1318842
0.95905 0.1318842
0.9594 0.1258103
0.95975 0.1258103
0.9601 0.1309926
0.96045 0.1309926
0.9608 0.1304692
0.96115 0.1304692
0.9615 0.1307399
0.96185 0.1307399
0.9622 0.1303362
0.96255 0.1170394
0.9629 0.1155213
0.96325 0.1155213
0.9636 0.1155213
0.96395 0.1264686
0.9643 0.1264686
0.96465 0.1275454
0.965 0.1275454
0.96535 0.1261856999999999
0.9657 0.1225569
0.96605 0.1243862
0.9664 0.1225569
0.96675 0.1209811999999999
0.9671 0.1180863
0.96745 0.1209811999999999
0.9678 0.1225636
0.96815 0.1253733
0.9685 0.1253733
0.96885 0.1252181
0.9692 0.1252181
0.96955 0.1254878999999999
0.9699 0.1254878999999999
0.97025 0.1231226
0.9706 0.1205951
0.97095 0.1199451
0.9713 0.1205951
0.97165 0.1222473999999999
0.972 0.1240323
0.97235 0.1240323
0.9727 0.1249117999999999
0.97305 0.1236956
0.9734 0.1204491
0.97375 0.1190253999999999
0.9741 0.1180529
0.97445 0.1180529
0.9748 0.1248364
0.97515 0.1250073
0.9755 0.1250073
0.97585 0.1237466999999999
0.9762 0.1203914
0.97655 0.1237466999999999
0.9769 0.1244705
0.97725 0.1252281999999999
0.9776 0.1244705
0.97795 0.1244221
0.9783 0.1139801999999999
0.97865 0.1174925
0.979 0.1174925
0.97935 0.123704
0.9797 0.123704
0.98005 0.1217841
0.9804 0.1152132
0.98075 0.1152132
0.9811 0.1152132
0.98145 0.1167762
0.9818 0.1176616
0.98215 0.1176616
0.9825 0.115061
0.98285 0.0830062
0.9832 0.0969549
0.98355 0.0969549
0.9839 0.1116489
0.98425 0.111674
0.9846 0.111674
0.98495 0.111674
0.9853 0.1030744
0.98565 0.1030744
0.986 0.0997346
0.98635 0.0997346
0.9867 0.0851482
0.98705 0.1000646999999999
0.9874 0.0971508999999999
0.98775 0.0994023
0.9881 0.0971508999999999
0.98845 0.0567974
0.9888 0.0567974
0.98915 0.0737043
0.9895 0.1006182
0.98985 0.0916878999999999
0.9902 0.1043391
0.99055 0.0916878999999999
0.9909 0.1043391
0.99125 0.1046003
0.9916 0.1060671
0.99195 0.1046003
0.9923 0.1072765
0.99265 0.1107601999999999
0.993 0.1107601999999999
0.99335 0.1086533
0.9937 0.1083446999999999
0.99405 0.1067508
0.9944 0.1067365
0.99475 0.1023582
0.9951 0.0967801
0.99545 0.1023582
0.9958 0.0673949
0.99615 0.1006996999999999
0.9965 0.0524040999999999
0.99685 0.1006996999999999
0.9972 0.1122898999999999
0.99755 0.1122898999999999
0.9979 0.112427
0.99825 0.1038012
0.9986 0.1091371
0.99895 0.1080476999999999
0.9993 0.1080476999999999
