0.3 0.6475945
0.30035 0.6477245
0.3007 0.6478539000000001
0.30105 0.6479826999999999
0.3014 0.6481109
0.30175 0.6482385
0.3021 0.6483656
0.30245 0.6484920999999999
0.3028 0.6486179
0.30315 0.6487432
0.3035 0.6488679
0.30385 0.648992
0.3042 0.6491095
0.30455 0.6492262
0.3049 0.6493424
0.30525 0.649458
0.3056 0.6495731
0.30595 0.6496876
0.3063 0.6498016
0.30665 0.6499149999999999
0.307 0.6500279
0.30735 0.6501402
0.3077 0.650252
0.30805 0.6503633000000001
0.3084 0.650474
0.30875 0.6505842
0.3091 0.6506938
0.30945 0.6508028
0.3098 0.6509113000000001
0.31015 0.6510191999999999
0.3105 0.6511266
0.31085 0.6512335
0.3112 0.6513397
0.31155 0.6514455
0.3119 0.6515506
0.31225 0.6516566
0.3126 0.6517624
0.31295 0.6518678000000001
0.3133 0.6519725000000001
0.31365 0.6520768
0.314 0.6521804
0.31435 0.6522836
0.3147 0.6523861
0.31505 0.6524880999999999
0.3154 0.6525896
0.31575 0.6526905
0.3161 0.6527908
0.31645 0.6528906
0.3168 0.6529898000000001
0.31715 0.6530885000000001
0.3175 0.6531866
0.31785 0.6532842
0.3182 0.6533810999999999
0.31855 0.6534776
0.3189 0.6535734000000001
0.31925 0.6536687
0.3196 0.6537635
0.31995 0.6538576
0.3203 0.6539512
0.32065 0.6540443
0.321 0.6541366999999999
0.32135 0.6542286
0.3217 0.6543198
0.32205 0.6544107
0.3224 0.6545009
0.32275 0.6545906
0.3231 0.6546795999999999
0.32345 0.6547681
0.3238 0.654856
0.32415 0.6549433000000001
0.3245 0.65503
0.32485 0.6551161
0.3252 0.6552015
0.32555 0.6552864
0.3259 0.6553706
0.32625 0.6554541
0.3266 0.6555369000000001
0.32695 0.655619
0.3273 0.6557001
0.32765 0.6557801999999999
0.328 0.655859
0.32835 0.6559357
0.3287 0.6560097
0.32905 0.6560783
0.3294 0.6561353
0.32975 0.6561353
0.3301 0.6561554
0.33045 0.6561554
0.3308 0.6563979
0.33115 0.6565191
0.3315 0.6566156
0.33185 0.6567016999999999
0.3322 0.6567826999999999
0.33255 0.6568606
0.3329 0.6569366999999999
0.33325 0.6570114
0.3336 0.657085
0.33395 0.6571577
0.3343 0.6572296999999999
0.33465 0.6573009
0.335 0.6573713999999999
0.33535 0.6574412
0.3357 0.6575105
0.33605 0.6575791
0.3364 0.6576470999999999
0.33675 0.6577145000000001
0.3371 0.6577809
0.33745 0.6578444999999999
0.3378 0.6579075
0.33815 0.6579699999999999
0.3385 0.6580318000000001
0.33885 0.6580931
0.3392 0.6581538
0.33955 0.6582140000000001
0.3399 0.6582735
0.34025 0.6583325
0.3406 0.6583909
0.34095 0.6584486999999999
0.3413 0.658506
0.34165 0.6585627
0.342 0.6586188000000001
0.34235 0.6586744000000001
0.3427 0.6587294
0.34305 0.6587839
0.3434 0.6588377
0.34375 0.6588909000000001
0.3441 0.6589434000000001
0.34445 0.6589941999999999
0.3448 0.6590451
0.34515 0.6590982
0.3455 0.6591493
0.34585 0.6591994999999999
0.3462 0.6592491
0.34655 0.6592981
0.3469 0.6593465000000001
0.34725 0.6593944
0.3476 0.6594418000000001
0.34795 0.6594886
0.3483 0.6595348000000001
0.34865 0.6595805
0.349 0.6596257
0.34935 0.6596704000000001
0.3497 0.6597145000000001
0.35005 0.6597581
0.3504 0.6598012
0.35075 0.6598438
0.3511 0.6598858
0.35145 0.6599273
0.3518 0.6599683000000001
0.35215 0.6600088000000001
0.3525 0.6600486999999999
0.35285 0.6600882
0.3532 0.6601271
0.35355 0.6601655
0.3539 0.6602034000000001
0.35425 0.6602406999999999
0.3546 0.6602737
0.35495 0.6603102
0.3553 0.6603458000000001
0.35565 0.6603458000000001
0.356 0.6603794
0.35635 0.6604230999999999
0.3567 0.6604230999999999
0.35705 0.6604846
0.3574 0.6605213000000001
0.35775 0.6605213000000001
0.3581 0.6605213000000001
0.35845 0.6605533
0.3588 0.6605639
0.35915 0.6605533
0.3595 0.6604893000000001
0.35985 0.6604893000000001
0.3602 0.6604055999999999
0.36055 0.6605199
0.3609 0.660708
0.36125 0.6607976
0.3616 0.6608541
0.36195 0.6608831999999999
0.3623 0.6609215
0.36265 0.6609621999999999
0.363 0.6609976
0.36335 0.6610263000000001
0.3637 0.6610337
0.36405 0.6610451999999999
0.3644 0.6611058000000001
0.36475 0.6611345000000001
0.3651 0.6611579000000001
0.36545 0.6611579000000001
0.3658 0.6611743
0.36615 0.6612069
0.3665 0.6612437
0.36685 0.6612494999999999
0.3672 0.6612631999999999
0.36755 0.6612954000000001
0.3679 0.6612984000000001
0.36825 0.6612954000000001
0.3686 0.6613218000000001
0.36895 0.6613597
0.3693 0.6613720000000001
0.36965 0.6613597
0.37 0.6613579
0.37035 0.6613557
0.3707 0.6613216
0.37105 0.6613216
0.3714 0.6614032
0.37175 0.6614032
0.3721 0.6614032
0.37245 0.6614026999999999
0.3728 0.6614466
0.37315 0.6614539
0.3735 0.6614539
0.37385 0.6614539
0.3742 0.6614613
0.37455 0.6614613
0.3749 0.6614613
0.37525 0.6611991
0.3756 0.6615246
0.37595 0.6611085999999999
0.3763 0.6615343000000001
0.37665 0.6614511
0.377 0.6615278
0.37735 0.6614511
0.3777 0.6613213000000001
0.37805 0.6613213000000001
0.3784 0.6612858
0.37875 0.661421
0.3791 0.6611361
0.37945 0.6612501999999999
0.3798 0.661241
0.38015 0.6612501999999999
0.3805 0.6614396
0.38085 0.6615576
0.3812 0.6615915
0.38155 0.6615915
0.3819 0.6612743000000001
0.38225 0.6612743000000001
0.3826 0.6613701999999999
0.38295 0.6616420999999999
0.3833 0.6616748
0.38365 0.6616420999999999
0.384 0.6617074000000001
0.38435 0.6617548000000001
0.3847 0.6617597
0.38505 0.6617616999999999
0.3854 0.6617689
0.38575 0.6617658000000001
0.3861 0.6617658000000001
0.38645 0.6617550999999999
0.3868 0.6617430999999999
0.38715 0.6617156
0.3875 0.6617142
0.38785 0.6617156
0.3882 0.6617054
0.38855 0.66164
0.3889 0.6615463
0.38925 0.6615463
0.3896 0.6616023
0.38995 0.6616023
0.3903 0.6616023
0.39065 0.6615989000000001
0.391 0.6615989000000001
0.39135 0.6615894
0.3917 0.6615209
0.39205 0.6615114000000001
0.3924 0.6615114000000001
0.39275 0.6614568000000001
0.3931 0.6614568000000001
0.39345 0.6614568000000001
0.3938 0.6614411
0.39415 0.6614036
0.3945 0.6611611999999999
0.39485 0.6611611999999999
0.3952 0.6611611999999999
0.39555 0.6610744000000001
0.3959 0.6609879
0.39625 0.6609746
0.3966 0.6609746
0.39695 0.6609746
0.3973 0.6610843000000001
0.39765 0.6609461999999999
0.398 0.6610843000000001
0.39835 0.6609586999999999
0.3987 0.661062
0.39905 0.661062
0.3994 0.661126
0.39975 0.661201
0.4001 0.6612125
0.40045 0.661201
0.4008 0.6609865
0.40115 0.6609865
0.4015 0.6611654
0.40185 0.6611654
0.4022 0.6610661
0.40255 0.6610661
0.4029 0.6610661999999999
0.40325 0.6610661999999999
0.4036 0.6609741
0.40395 0.6609713
0.4043 0.6609713
0.40465 0.6609643
0.405 0.6609643
0.40535 0.66099
0.4057 0.66099
0.40605 0.6608644
0.4064 0.6608626
0.40675 0.6608626
0.4071 0.660918
0.40745 0.6609776999999999
0.4078 0.6609776999999999
0.40815 0.6609705
0.4085 0.6609565
0.40885 0.6609357
0.4092 0.660922
0.40955 0.660922
0.4099 0.6608673
0.41025 0.6608286
0.4106 0.6608265
0.41095 0.6608137
0.4113 0.6607692
0.41165 0.6606841999999999
0.412 0.6606654000000001
0.41235 0.66057
0.4127 0.66057
0.41305 0.6605255999999999
0.4134 0.6601412
0.41375 0.6601412
0.4141 0.6604076999999999
0.41445 0.6604076999999999
0.4148 0.6599639
0.41515 0.6595685
0.4155 0.6595293999999999
0.41585 0.6577745
0.4162 0.6577745
0.41655 0.6595960999999999
0.4169 0.6595960999999999
0.41725 0.6591220999999999
0.4176 0.6583101
0.41795 0.6591220999999999
0.4183 0.6599149999999999
0.41865 0.6599149999999999
0.419 0.6596694000000001
0.41935 0.6594787
0.4197 0.6579520999999999
0.42005 0.6585795
0.4204 0.6585795
0.42075 0.6597917
0.4211 0.6598391
0.42145 0.6597917
0.4218 0.6592693000000001
0.42215 0.659092
0.4225 0.659092
0.42285 0.659092
0.4232 0.6588903
0.42355 0.6574300000000001
0.4239 0.6574300000000001
0.42425 0.6577496
0.4246 0.6577573
0.42495 0.6586810000000001
0.4253 0.6591684
0.42565 0.6591684
0.426 0.656813
0.42635 0.656813
0.4267 0.6577619
0.42705 0.6588994
0.4274 0.6590214
0.42775 0.6591823
0.4281 0.6590214
0.42845 0.6589363
0.4288 0.6587666999999999
0.42915 0.6578461999999999
0.4295 0.6583604999999999
0.42985 0.6583604999999999
0.4302 0.6583604999999999
0.43055 0.6585249
0.4309 0.658568
0.43125 0.658568
0.4316 0.658568
0.43195 0.6590013000000001
0.4323 0.6592854
0.43265 0.6592854
0.433 0.6592453
0.43335 0.6592231
0.4337 0.6590971999999999
0.43405 0.6589305999999999
0.4344 0.6589246
0.43475 0.6589246
0.4351 0.6589246
0.43545 0.658914
0.4358 0.6588927
0.43615 0.6587449000000001
0.4365 0.6581483
0.43685 0.6581483
0.4372 0.6582534999999999
0.43755 0.6583454000000001
0.4379 0.6584405
0.43825 0.6584405
0.4386 0.6584405
0.43895 0.6585468000000001
0.4393 0.6580651999999999
0.43965 0.6579647
0.44 0.6575366
0.44035 0.6561186
0.4407 0.6553260999999999
0.44105 0.6555321999999999
0.4414 0.6553260999999999
0.44175 0.6551366
0.4421 0.6551366
0.44245 0.6551366
0.4428 0.6567724
0.44315 0.6576695
0.4435 0.6576695
0.44385 0.6551137
0.4442 0.6551137
0.44455 0.6575022
0.4449 0.6575022
0.44525 0.6563784
0.4456 0.6563784
0.44595 0.6565318
0.4463 0.6570394
0.44665 0.6577398
0.447 0.6575276999999999
0.44735 0.6577041
0.4477 0.6575276999999999
0.44805 0.6577041
0.4484 0.6575448
0.44875 0.6579592
0.4491 0.6579139
0.44945 0.6579139
0.4498 0.6577333000000001
0.45015 0.6577333000000001
0.4505 0.6577333000000001
0.45085 0.6572677
0.4512 0.6565460999999999
0.45155 0.6565460999999999
0.4519 0.6563541
0.45225 0.6565812
0.4526 0.6570018
0.45295 0.6570018
0.4533 0.6571621
0.45365 0.6571345999999999
0.454 0.6571345999999999
0.45435 0.6567283
0.4547 0.656415
0.45505 0.6567283
0.4554 0.656415
0.45575 0.6563741999999999
0.4561 0.6560111999999999
0.45645 0.6560111999999999
0.4568 0.6555506
0.45715 0.6566218
0.4575 0.6565246
0.45785 0.6565246
0.4582 0.6565246
0.45855 0.6563883
0.4589 0.6563501
0.45925 0.6559596999999999
0.4596 0.6556846
0.45995 0.6559596999999999
0.4603 0.6561887
0.46065 0.6565791
0.461 0.656655
0.46135 0.656668
0.4617 0.6566768
0.46205 0.6566768
0.4624 0.6566768
0.46275 0.6567531999999999
0.4631 0.6567531999999999
0.46345 0.6566641
0.4638 0.656654
0.46415 0.6565578000000001
0.4645 0.6564236
0.46485 0.6563566
0.4652 0.6555749
0.46555 0.6555749
0.4659 0.6551999
0.46625 0.6549984999999999
0.4666 0.6547885
0.46695 0.6549984999999999
0.4673 0.6547885
0.46765 0.654379
0.468 0.6537666999999999
0.46835 0.6527183000000001
0.4687 0.6495932
0.46905 0.648605
0.4694 0.6495932
0.46975 0.6515613
0.4701 0.6518988
0.47045 0.6533138000000001
0.4708 0.6533138000000001
0.47115 0.6535241999999999
0.4715 0.6517662
0.47185 0.6515542
0.4722 0.6504002
0.47255 0.6504002
0.4729 0.6518155999999999
0.47325 0.6521941
0.4736 0.6530507
0.47395 0.6530507
0.4743 0.6542207
0.47465 0.6517299
0.475 0.6542207
0.47535 0.6481568
0.4757 0.6542840999999999
0.47605 0.6529024999999999
0.4764 0.6529024999999999
0.47675 0.6529024999999999
0.4771 0.6531931
0.47745 0.6543724
0.4778 0.6534648000000001
0.47815 0.6543548
0.4785 0.6541361
0.47885 0.6541361
0.4792 0.6538937
0.47955 0.6538898
0.4799 0.6536309
0.48025 0.6535179
0.4806 0.6534151999999999
0.48095 0.6531941
0.4813 0.6528941999999999
0.48165 0.6526835
0.482 0.6517499
0.48235 0.6517499
0.4827 0.6517499
0.48305 0.6517115
0.4834 0.6499902
0.48375 0.6475441
0.4841 0.6471988000000001
0.48445 0.6448503000000001
0.4848 0.6421710999999999
0.48515 0.6422979999999999
0.4855 0.6422979999999999
0.48585 0.6422979999999999
0.4862 0.6461875
0.48655 0.6472376
0.4869 0.6489835
0.48725 0.6489835
0.4876 0.6452589
0.48795 0.6452589
0.4883 0.6492189
0.48865 0.6492189
0.489 0.6517212
0.48935 0.647699
0.4897 0.6517212
0.49005 0.6510074
0.4904 0.6510074
0.49075 0.650794
0.4911 0.650794
0.49145 0.6513083000000001
0.4918 0.6518058000000001
0.49215 0.6513083000000001
0.4925 0.6507604
0.49285 0.6503371
0.4932 0.6503371
0.49355 0.6503371
0.4939 0.6519328000000001
0.49425 0.6519328000000001
0.4946 0.6519328000000001
0.49495 0.6523452
0.4953 0.6522121999999999
0.49565 0.6530020000000001
0.496 0.65249
0.49635 0.6528322
0.4967 0.6526852
0.49705 0.6526852
0.4974 0.6524389
0.49775 0.652407
0.4981 0.6523659
0.49845 0.6519474000000001
0.4988 0.6519474000000001
0.49915 0.6514329000000001
0.4995 0.6521584
0.49985 0.6514329000000001
0.50055 0.6477973000000001
0.5009 0.6477973000000001
0.50125 0.6498489000000001
0.5016 0.6498489000000001
0.50195 0.6492511
0.5023 0.6488638000000001
0.50265 0.6441238
0.503 0.6358104
0.50335 0.6382297
0.5037 0.6382297
0.50405 0.6382297
0.5044 0.6450719
0.50475 0.6474784
0.5051 0.6478964
0.50545 0.6478964
0.5058 0.6464954
0.50615 0.6464954
0.5065 0.6405187
0.50685 0.6423622
0.5072 0.6423622
0.50755 0.6451311
0.5079 0.6451311
0.50825 0.6451311
0.5086 0.6452979
0.50895 0.6452979
0.5093 0.6449734
0.50965 0.6442914000000001
0.51 0.6442914000000001
0.51035 0.6462502
0.5107 0.6469353
0.51105 0.6469353
0.5114 0.6467571
0.51175 0.6467571
0.5121 0.6477286999999999
0.51245 0.6503123000000001
0.5128 0.6503123000000001
0.51315 0.6494091
0.5135 0.6494091
0.51385 0.6492073
0.5142 0.6492073
0.51455 0.6492073
0.5149 0.6498359
0.51525 0.6513828
0.5156 0.6516174
0.51595 0.6516174
0.5163 0.6516174
0.51665 0.651363
0.517 0.6517659
0.51735 0.6518109000000001
0.5177 0.6518109000000001
0.51805 0.6518109000000001
0.5184 0.6519703
0.51875 0.6520243
0.5191 0.6520243
0.51945 0.6516964
0.5198 0.6516964
0.52015 0.6516964
0.5205 0.6516272
0.52085 0.6515972
0.5212 0.651487
0.52155 0.651385
0.5219 0.6509538
0.52225 0.6509388
0.5226 0.6506799
0.52295 0.6501504
0.5233 0.6443383
0.52365 0.6443383
0.524 0.6435648
0.52435 0.6494085999999999
0.5247 0.6494085999999999
0.52505 0.6500604
0.5254 0.6502659000000001
0.52575 0.650587
0.5261 0.6506976999999999
0.52645 0.650587
0.5268 0.6490958
0.52715 0.6481293
0.5275 0.6481293
0.52785 0.6481293
0.5282 0.6500602
0.52855 0.6500602
0.5289 0.6484287
0.52925 0.6480683
0.5296 0.6478345999999999
0.52995 0.6478345999999999
0.5303 0.6478345999999999
0.53065 0.6459009
0.531 0.6459009
0.53135 0.6491222
0.5317 0.6491222
0.53205 0.6489307
0.5324 0.6471477
0.53275 0.6472366
0.5331 0.6472366
0.53345 0.648667
0.5338 0.6487105
0.53415 0.6487516
0.5345 0.6487516
0.53485 0.6481048
0.5352 0.6473308000000001
0.53555 0.6472994000000001
0.5359 0.6462064999999999
0.53625 0.6462064999999999
0.5366 0.6462064999999999
0.53695 0.6446295
0.5373 0.6446295
0.53765 0.6436819
0.538 0.6436147
0.53835 0.6428795
0.5387 0.6414721
0.53905 0.6410283
0.5394 0.6398312
0.53975 0.6381619000000001
0.5401 0.6381619000000001
0.54045 0.6351235
0.5408 0.6333482
0.54115 0.632889
0.5415 0.6302390999999999
0.54185 0.6294765999999999
0.5422 0.6291831
0.54255 0.6291831
0.5429 0.6294481
0.54325 0.6294481
0.5436 0.6294430999999999
0.54395 0.6294430999999999
0.5443 0.6320799
0.54465 0.6360943
0.545 0.6360943
0.54535 0.636664
0.5457 0.638183
0.54605 0.638183
0.5464 0.6378508
0.54675 0.6378508
0.5471 0.6401730999999999
0.54745 0.6419332
0.5478 0.642292
0.54815 0.6433506999999999
0.5485 0.6440553000000001
0.54885 0.6446721
0.5492 0.6440553000000001
0.54955 0.6446721
0.5499 0.64232
0.55025 0.6455044
0.5506 0.6455044
0.55095 0.6455044
0.5513 0.6462703000000001
0.55165 0.6438798000000001
0.552 0.6459033000000001
0.55235 0.6454551
0.5527 0.6454551
0.55305 0.6454551
0.5534 0.6456892
0.55375 0.6456892
0.5541 0.6456892
0.55445 0.645404
0.5548 0.6453876000000001
0.55515 0.6453876000000001
0.5555 0.6453876000000001
0.55585 0.6467111
0.5562 0.6465324
0.55655 0.6465324
0.5569 0.6455054
0.55725 0.6455054
0.5576 0.6463728
0.55795 0.6466662
0.5583 0.6463728
0.55865 0.6466662
0.559 0.6465414
0.55935 0.6468489000000001
0.5597 0.6465414
0.56005 0.6463741
0.5604 0.6463741
0.56075 0.6462144000000001
0.5611 0.6464249
0.56145 0.6464249
0.5618 0.6464249
0.56215 0.6458925999999999
0.5625 0.6458925999999999
0.56285 0.6465405
0.5632 0.6465405
0.56355 0.645618
0.5639 0.645062
0.56425 0.645618
0.5646 0.645266
0.56495 0.645266
0.5653 0.6451241
0.56565 0.6451241
0.566 0.6430108
0.56635 0.64079
0.5667 0.6404588999999999
0.56705 0.64079
0.5674 0.6404588999999999
0.56775 0.6398965999999999
0.5681 0.633594
0.56845 0.633594
0.5688 0.6325606
0.56915 0.6347119000000001
0.5695 0.6309670000000001
0.56985 0.6316805
0.5702 0.6316805
0.57055 0.6399325
0.5709 0.6399325
0.57125 0.6378996
0.5716 0.636211
0.57195 0.6378996
0.5723 0.6380055
0.57265 0.6380055
0.573 0.6398014
0.57335 0.6318304
0.5737 0.6362398
0.57405 0.6318304
0.5744 0.6311281999999999
0.57475 0.6311281999999999
0.5751 0.6286322
0.57545 0.6366012
0.5758 0.6372651999999999
0.57615 0.6372651999999999
0.5765 0.6346516
0.57685 0.631579
0.5772 0.6346516
0.57755 0.6362901999999999
0.5779 0.6368655
0.57825 0.6387156
0.5786 0.6383453
0.57895 0.6388861
0.5793 0.6388861
0.57965 0.6388861
0.58 0.6389468
0.58035 0.6385076
0.5807 0.6397834
0.58105 0.6403615
0.5814 0.6403615
0.58175 0.641161
0.5821 0.6404135
0.58245 0.6404135
0.5828 0.6399391
0.58315 0.6399391
0.5835 0.6406324999999999
0.58385 0.6406324999999999
0.5842 0.6406324999999999
0.58455 0.6418113
0.5849 0.6418113
0.58525 0.6406497
0.5856 0.6406497
0.58595 0.6406497
0.5863 0.6395962
0.58665 0.639533
0.587 0.6385892
0.58735 0.6385248
0.5877 0.6358619000000001
0.58805 0.6322865
0.5884 0.6322865
0.58875 0.6322865
0.5891 0.6331041999999999
0.58945 0.6331041999999999
0.5898 0.6282171999999999
0.59015 0.6282171999999999
0.5905 0.632907
0.59085 0.632907
0.5912 0.6331114000000001
0.59155 0.6327533000000001
0.5919 0.6331114000000001
0.59225 0.6327533000000001
0.5926 0.6333143
0.59295 0.6356408
0.5933 0.6356408
0.59365 0.6312524
0.594 0.6307295
0.59435 0.6225116999999999
0.5947 0.6225116999999999
0.59505 0.6307872
0.5954 0.6307872
0.59575 0.6307549
0.5961 0.6307549
0.59645 0.6304436999999999
0.5968 0.6323705
0.59715 0.6323705
0.5975 0.6323705
0.59785 0.6300589
0.5982 0.6300589
0.59855 0.6320604999999999
0.5989 0.6320604999999999
0.59925 0.6315367
0.5996 0.6315367
0.59995 0.6331418000000001
0.6003 0.6331418000000001
0.60065 0.6281599
0.601 0.6281599
0.60135 0.6322159
0.6017 0.6345017
0.60205 0.6345017
0.6024 0.6367441
0.60275 0.6367441
0.6031 0.6378585999999999
0.60345 0.6392128
0.6038 0.6392128
0.60415 0.6380149
0.6045 0.6380149
0.60485 0.6371408000000001
0.6052 0.6392058
0.60555 0.6393175
0.6059 0.6393175
0.60625 0.6393175
0.6066 0.6389077
0.60695 0.6396984
0.6073 0.6389077
0.60765 0.6396984
0.608 0.6381962
0.60835 0.6384873000000001
0.6087 0.6381962
0.60905 0.6380743000000001
0.6094 0.6375558000000001
0.60975 0.6380743000000001
0.6101 0.6388354
0.61045 0.6388354
0.6108 0.6375251000000001
0.61115 0.6374531999999999
0.6115 0.6364468000000001
0.61185 0.6349621999999999
0.6122 0.6333413
0.61255 0.633174
0.6129 0.6307687
0.61325 0.6282859000000001
0.6136 0.6252778
0.61395 0.6228776999999999
0.6143 0.6208812
0.61465 0.6191628
0.615 0.618452
0.61535 0.6183918
0.6157 0.6176181
0.61605 0.6157592
0.6164 0.6146541
0.61675 0.6136981
0.6171 0.6111302
0.61745 0.6063781
0.6178 0.6015826999999999
0.61815 0.6015547
0.6185 0.5978571999999999
0.61885 0.5959
0.6192 0.5947603
0.61955 0.5947603
0.6199 0.596409
0.62025 0.5991035
0.6206 0.6020608000000001
0.62095 0.6020621
0.6213 0.6036693000000001
0.62165 0.6057576
0.622 0.609422
0.62235 0.6134389
0.6227 0.6165877
0.62305 0.6198738
0.6234 0.6225569999999999
0.62375 0.6228840999999999
0.6241 0.6265385
0.62445 0.629246
0.6248 0.6293088000000001
0.62515 0.6323991
0.6255 0.6340536999999999
0.62585 0.6350723
0.6262 0.6357074
0.62655 0.6357074
0.6269 0.6358359
0.62725 0.6365029000000001
0.6276 0.6365029000000001
0.62795 0.6373472
0.6283 0.6375508000000001
0.62865 0.6377705
0.629 0.6389355
0.62935 0.6394258
0.6297 0.6394303000000001
0.63005 0.6402369000000001
0.6304 0.6402369000000001
0.63075 0.6400732
0.6311 0.6383222
0.63145 0.637498
0.6318 0.6316457
0.63215 0.6316457
0.6325 0.6367265000000001
0.63285 0.6371958000000001
0.6332 0.6376107
0.63355 0.6385649999999999
0.6339 0.6391591999999999
0.63425 0.6391839
0.6346 0.6391839
0.63495 0.6380312
0.6353 0.6380312
0.63565 0.6371456999999999
0.636 0.6371456999999999
0.63635 0.6371456999999999
0.6367 0.6351873
0.63705 0.6351873
0.6374 0.6351873
0.63775 0.6337816
0.6381 0.6345024
0.63845 0.6345024
0.6388 0.6345024
0.63915 0.6349581999999999
0.6395 0.6349581999999999
0.63985 0.6363386
0.6402 0.6372018
0.64055 0.636343
0.6409 0.6366891
0.64125 0.636343
0.6416 0.6354871
0.64195 0.6354871
0.6423 0.6354474
0.64265 0.6357429
0.643 0.6354474
0.64335 0.6353771
0.6437 0.6343575
0.64405 0.6330321
0.6444 0.6330321
0.64475 0.632776
0.6451 0.632776
0.64545 0.632776
0.6458 0.6296884
0.64615 0.6224698000000001
0.6465 0.6224698000000001
0.64685 0.6278543000000001
0.6472 0.6301913
0.64755 0.6301913
0.6479 0.6288286
0.64825 0.6287325
0.6486 0.6287325
0.64895 0.6297559
0.6493 0.6304638000000001
0.64965 0.6320064000000001
0.65 0.6322232
0.65035 0.6329143
0.6507 0.6322232
0.65105 0.6265937
0.6514 0.6265937
0.65175 0.6265937
0.6521 0.6281534000000001
0.65245 0.6317477
0.6528 0.6317477
0.65315 0.6317781
0.6535 0.629254
0.65385 0.6317781
0.6542 0.6268323
0.65455 0.6301348000000001
0.6549 0.6301348000000001
0.65525 0.6301348000000001
0.6556 0.6274783
0.65595 0.6272147
0.6563 0.6272147
0.65665 0.6282536
0.657 0.6282536
0.65735 0.6276718000000001
0.6577 0.6276718000000001
0.65805 0.6290107
0.6584 0.6290107
0.65875 0.6290107
0.6591 0.62934
0.65945 0.62934
0.6598 0.6271051999999999
0.66015 0.6271051999999999
0.6605 0.6295376
0.66085 0.6295376
0.6612 0.6286031999999999
0.66155 0.6282187
0.6619 0.6286031999999999
0.66225 0.6282187
0.6626 0.6279858
0.66295 0.6277798000000001
0.6633 0.627762
0.66365 0.6275661
0.664 0.6274966
0.66435 0.6274966
0.6647 0.6278431
0.66505 0.6278431
0.6654 0.6270076
0.66575 0.6259688
0.6661 0.625359
0.66645 0.6254596
0.6668 0.6254596
0.66715 0.6257509
0.6675 0.6258404000000001
0.66785 0.6261015999999999
0.6682 0.6261015999999999
0.66855 0.6264390999999999
0.6689 0.6264390999999999
0.66925 0.6271928000000001
0.6696 0.6285515
0.66995 0.6297178000000001
0.6703 0.629772
0.67065 0.6312099
0.671 0.6312099
0.67135 0.632252
0.6717 0.6332505999999999
0.67205 0.6333163
0.6724 0.6335926
0.67275 0.6345109999999999
0.6731 0.6350915
0.67345 0.6355451
0.6738 0.6366798
0.67415 0.6368623000000001
0.6745 0.6371159000000001
0.67485 0.6372005999999999
0.6752 0.6384451
0.67555 0.6384451
0.6759 0.6385678000000001
0.67625 0.6386857
0.6766 0.6386857
0.67695 0.6387513000000001
0.6773 0.6387513000000001
0.67765 0.6390854
0.678 0.6390854
0.67835 0.6384247
0.6787 0.6372123000000001
0.67905 0.6372616
0.6794 0.6372616
0.67975 0.6373449000000001
0.6801 0.6373449000000001
0.68045 0.6372233
0.6808 0.6359135
0.68115 0.6353456000000001
0.6815 0.6353456000000001
0.68185 0.6340823
0.6822 0.6332797
0.68255 0.6332797
0.6829 0.6332797
0.68325 0.6329798000000001
0.6836 0.6329798000000001
0.68395 0.6323173000000001
0.6843 0.6317421
0.68465 0.6317421
0.685 0.6329349
0.68535 0.6349151
0.6857 0.6350343
0.68605 0.6350343
0.6864 0.6347877
0.68675 0.6307793
0.6871 0.6307793
0.68745 0.6339353
0.6878 0.6346031999999999
0.68815 0.6350954000000001
0.6885 0.6350954000000001
0.68885 0.6338409
0.6892 0.6338409
0.68955 0.6284476
0.6899 0.6334015000000001
0.69025 0.6326845
0.6906 0.6334015000000001
0.69095 0.6326845
0.6913 0.6313703
0.69165 0.6308258000000001
0.692 0.6294026999999999
0.69235 0.6292691
0.6927 0.6294026999999999
0.69305 0.6291668
0.6934 0.6279912
0.69375 0.6279912
0.6941 0.6279912
0.69445 0.6285669
0.6948 0.627645
0.69515 0.627645
0.6955 0.6276056
0.69585 0.6257909
0.6962 0.6257909
0.69655 0.6268760999999999
0.6969 0.6268760999999999
0.69725 0.626745
0.6976 0.6218944000000001
0.69795 0.6239007
0.6983 0.6229037
0.69865 0.6229037
0.699 0.621174
0.69935 0.6194344
0.6997 0.6194344
0.70005 0.6134321999999999
0.7004 0.6105546
0.70075 0.6105546
0.7011 0.6105719000000001
0.70145 0.6105719000000001
0.7018 0.6096592
0.70215 0.6091901999999999
0.7025 0.6091901999999999
0.70285 0.6091901999999999
0.7032 0.6114978
0.70355 0.6114978
0.7039 0.6110068000000001
0.70425 0.6110068000000001
0.7046 0.6122062
0.70495 0.6122062
0.7053 0.6122062
0.70565 0.618562
0.706 0.618562
0.70635 0.618562
0.7067 0.6188444000000001
0.70705 0.6188444000000001
0.7074 0.620401
0.70775 0.620401
0.7081 0.6211
0.70845 0.6211
0.7088 0.6230084
0.70915 0.6212365
0.7095 0.623205
0.70985 0.6237872
0.7102 0.625252
0.71055 0.625252
0.7109 0.6253411
0.71125 0.6246715
0.7116 0.6253411
0.71195 0.6270895000000001
0.7123 0.6270895000000001
0.71265 0.6263399000000001
0.713 0.6259722
0.71335 0.6259491
0.7137 0.6259722
0.71405 0.6260079000000001
0.7144 0.6260079000000001
0.71475 0.6238796
0.7151 0.6236472
0.71545 0.6210319000000001
0.7158 0.6176788000000001
0.71615 0.6175048000000001
0.7165 0.6109311
0.71685 0.6001964
0.7172 0.5977756
0.71755 0.587651
0.7179 0.5864276999999999
0.71825 0.5799073
0.7186 0.5799073
0.71895 0.5676903
0.7193 0.5658435
0.71965 0.5658435
0.72 0.552607
0.72035 0.552607
0.7207 0.5527449000000001
0.72105 0.5527449000000001
0.7214 0.550958
0.72175 0.5455935000000001
0.7221 0.5502875
0.72245 0.5460531999999999
0.7228 0.5460531999999999
0.72315 0.5411894
0.7235 0.5101604999999999
0.72385 0.4992090999999999
0.7242 0.4992090999999999
0.72455 0.4863188
0.7249 0.4654448
0.72525 0.4654448
0.7256 0.4518748999999999
0.72595 0.4518748999999999
0.7263 0.4454663
0.72665 0.4304779
0.727 0.4201975999999999
0.72735 0.4304779
0.7277 0.4427474
0.72805 0.4653754
0.7284 0.4653754
0.72875 0.483189
0.7291 0.4910266
0.72945 0.4934754
0.7298 0.4934754
0.73015 0.4969292999999999
0.7305 0.517408
0.73085 0.5322644
0.7312 0.5322644
0.73155 0.5322644
0.7319 0.5419871
0.73225 0.5361674
0.7326 0.5492362
0.73295 0.5361674
0.7333 0.5492362
0.73365 0.5701793000000001
0.734 0.5701793000000001
0.73435 0.576386
0.7347 0.585172
0.73505 0.5874505
0.7354 0.5919647
0.73575 0.5919647
0.7361 0.5919647
0.73645 0.6001761999999999
0.7368 0.6001761999999999
0.73715 0.600495
0.7375 0.6074775
0.73785 0.6087013000000001
0.7382 0.6119549
0.73855 0.6138962
0.7389 0.6119549
0.73925 0.6156673
0.7396 0.6189695
0.73995 0.6211899000000001
0.7403 0.6215009
0.74065 0.6254618000000001
0.741 0.6254618000000001
0.74135 0.6261310999999999
0.7417 0.626629
0.74205 0.628433
0.7424 0.628433
0.74275 0.6286166999999999
0.7431 0.6301969000000001
0.74345 0.630344
0.7438 0.630344
0.74415 0.6301809
0.7445 0.6301809
0.74485 0.6307304
0.7452 0.6307304
0.74555 0.6307304
0.7459 0.6300021
0.74625 0.630987
0.7466 0.630987
0.74695 0.630987
0.7473 0.6310425999999999
0.74765 0.6307218000000001
0.748 0.6311420999999999
0.74835 0.6310225
0.7487 0.6310225
0.74905 0.6310225
0.7494 0.6310648
0.74975 0.6310648
0.7501 0.6310648
0.75045 0.6308357
0.7508 0.6315179
0.75115 0.6315341
0.7515 0.6315966
0.75185 0.6315966
0.7522 0.6315966
0.75255 0.6313771
0.7529 0.6313771
0.75325 0.6318541
0.7536 0.6318673
0.75395 0.6318673
0.7543 0.6318673
0.75465 0.6321564000000001
0.755 0.6317461999999999
0.75535 0.6319678000000001
0.7557 0.6319678000000001
0.75605 0.6319678000000001
0.7564 0.6318189999999999
0.75675 0.6316461999999999
0.7571 0.6312119
0.75745 0.6300765
0.7578 0.6300765
0.75815 0.630382
0.7585 0.630382
0.75885 0.6298779999999999
0.7592 0.6296608
0.75955 0.6278474
0.7599 0.6278305999999999
0.76025 0.6272693
0.7606 0.6261308000000001
0.76095 0.6261308000000001
0.7613 0.6270434
0.76165 0.6270434
0.762 0.6253599
0.76235 0.6247335
0.7627 0.6244462
0.76305 0.6240682
0.7634 0.6240682
0.76375 0.6238035
0.7641 0.6237609000000001
0.76445 0.6229292
0.7648 0.6228354
0.76515 0.6228354
0.7655 0.6231064000000001
0.76585 0.6231064000000001
0.7662 0.6227376
0.76655 0.6226816999999999
0.7669 0.6215034
0.76725 0.6215034
0.7676 0.6222518
0.76795 0.6231171
0.7683 0.6231171
0.76865 0.6226568
0.769 0.6225528
0.76935 0.6225528
0.7697 0.6226583000000001
0.77005 0.6226583000000001
0.7704 0.6222379
0.77075 0.6218574
0.7711 0.6215837
0.77145 0.6215029000000001
0.7718 0.6212835999999999
0.77215 0.6211451
0.7725 0.6199891
0.77285 0.6175857
0.7732 0.615258
0.77355 0.615258
0.7739 0.6154965
0.77425 0.6164608
0.7746 0.6164608
0.77495 0.6162765
0.7753 0.6155520999999999
0.77565 0.6141506
0.776 0.6129371
0.77635 0.6121687
0.7767 0.6118581
0.77705 0.6110934
0.7774 0.6100539
0.77775 0.6099204
0.7781 0.6086342
0.77845 0.6072614000000001
0.7788 0.606038
0.77915 0.6045326999999999
0.7795 0.6012069999999999
0.77985 0.5982044
0.7802 0.5940689
0.78055 0.594052
0.7809 0.5890138
0.78125 0.5870693
0.7816 0.5865063
0.78195 0.5857215
0.7823 0.5853571999999999
0.78265 0.5851291999999999
0.783 0.5830781
0.78335 0.5818105
0.7837 0.5774658
0.78405 0.5774658
0.7844 0.5830301
0.78475 0.5896139
0.7851 0.5906172
0.78545 0.5906172
0.7858 0.5890174
0.78615 0.5889238
0.7865 0.5890174
0.78685 0.5890579
0.7872 0.5899885
0.78755 0.5929466999999999
0.7879 0.5930949000000001
0.78825 0.5951989000000001
0.7886 0.595346
0.78895 0.596295
0.7893 0.596295
0.78965 0.5967693000000001
0.79 0.5967693000000001
0.79035 0.5963451
0.7907 0.5962926
0.79105 0.594195
0.7914 0.5919635
0.79175 0.5918413
0.7921 0.5896018
0.79245 0.5859470999999999
0.7928 0.5829253000000001
0.79315 0.5829253000000001
0.7935 0.5830109
0.79385 0.5830109
0.7942 0.5799406
0.79455 0.5797486
0.7949 0.5742795
0.79525 0.5741853
0.7956 0.5742795
0.79595 0.5641563
0.7963 0.5641563
0.79665 0.5641563
0.797 0.5695946999999999
0.79735 0.5695946999999999
0.7977 0.5695946999999999
0.79805 0.5713232
0.7984 0.5721204000000001
0.79875 0.572163
0.7991 0.5732262
0.79945 0.5760041
0.7998 0.5775725
0.80015 0.5777788
0.8005 0.5794253
0.80085 0.5820325
0.8012 0.5820325
0.80155 0.5820377
0.8019 0.5820377
0.80225 0.5830098000000001
0.8026 0.5838357
0.80295 0.5874302
0.8033 0.5874302
0.80365 0.5898226
0.804 0.5898359000000001
0.80435 0.5913385
0.8047 0.5935874
0.80505 0.5956392
0.8054 0.5963516
0.80575 0.5963516
0.8061 0.5951787
0.80645 0.5951787
0.8068 0.5997349000000001
0.80715 0.6024334
0.8075 0.6024334
0.80785 0.6044
0.8082 0.6050066999999999
0.80855 0.6051739
0.8089 0.6051739
0.80925 0.6022955
0.8096 0.6022955
0.80995 0.6057618
0.8103 0.606784
0.81065 0.606784
0.811 0.6069844
0.81135 0.6077461
0.8117 0.6082396
0.81205 0.6088528
0.8124 0.6096566999999999
0.81275 0.6116031
0.8131 0.6096566999999999
0.81345 0.6134849
0.8138 0.6139581999999999
0.81415 0.6141451
0.8145 0.6141451
0.81485 0.5857691999999999
0.8152 0.5857691999999999
0.81555 0.6135508000000001
0.8159 0.6144899
0.81625 0.6144899
0.8166 0.6168935000000001
0.81695 0.6158453
0.8173 0.6170554
0.81765 0.6158453
0.818 0.6154776
0.81835 0.6154776
0.8187 0.6154776
0.81905 0.6188566999999999
0.8194 0.6194399
0.81975 0.6194399
0.8201 0.6202032
0.82045 0.6206126000000001
0.8208 0.6206126000000001
0.82115 0.6210963
0.8215 0.6204012
0.82185 0.6204012
0.8222 0.6198434
0.82255 0.6184633
0.8229 0.6149772
0.82325 0.5832661
0.8236 0.5951133000000001
0.82395 0.5951133000000001
0.8243 0.6201134
0.82465 0.6225027
0.825 0.6225656999999999
0.82535 0.6225656999999999
0.8257 0.6218597
0.82605 0.6218597
0.8264 0.6228961
0.82675 0.6232392
0.8271 0.6228961
0.82745 0.6207868000000001
0.8278 0.6116419
0.82815 0.6198256999999999
0.8285 0.6198256999999999
0.82885 0.6198256999999999
0.8292 0.6211646
0.82955 0.6223151
0.8299 0.6223151
0.83025 0.6216012
0.8306 0.6216012
0.83095 0.6220415
0.8313 0.6231818
0.83165 0.6220415
0.832 0.6179371
0.83235 0.6179371
0.8327 0.6138226999999999
0.83305 0.6221121999999999
0.8334 0.6194913000000001
0.83375 0.6194913000000001
0.8341 0.6042884
0.83445 0.6042884
0.8348 0.6042884
0.83515 0.6127133000000001
0.8355 0.6097647
0.83585 0.6097647
0.8362 0.6073672
0.83655 0.6069164
0.8369 0.6045314
0.83725 0.6025305000000001
0.8376 0.5914463000000001
0.83795 0.5884315
0.8383 0.5884315
0.83865 0.5875911
0.839 0.5875911
0.83935 0.5881803000000001
0.8397 0.5890286
0.84005 0.5906422
0.8404 0.5906422
0.84075 0.5821474
0.8411 0.5780367
0.84145 0.5780367
0.8418 0.5783804
0.84215 0.5785156
0.8425 0.5887675
0.84285 0.59832
0.8432 0.59832
0.84355 0.5977378000000001
0.8439 0.5926639
0.84425 0.5926639
0.8446 0.5958526
0.84495 0.5968314
0.8453 0.6006505
0.84565 0.6013031999999999
0.846 0.6056602
0.84635 0.608811
0.8467 0.608811
0.84705 0.6087245
0.8474 0.6083344
0.84775 0.6080135999999999
0.8481 0.6080135999999999
0.84845 0.6069153
0.8488 0.6098393
0.84915 0.6117602
0.8495 0.6117602
0.84985 0.6109155
0.8502 0.608445
0.85055 0.5997359
0.8509 0.5997359
0.85125 0.5997359
0.8516 0.6042026999999999
0.85195 0.6025749
0.8523 0.6025749
0.85265 0.5996333
0.853 0.5986328000000001
0.85335 0.5940889
0.8537 0.5908598
0.85405 0.5874657
0.8544 0.581943
0.85475 0.5785078
0.8551 0.5782543000000001
0.85545 0.5699821999999999
0.8558 0.5699821999999999
0.85615 0.5616129
0.8565 0.5607799
0.85685 0.5570427
0.8572 0.546277
0.85755 0.5403859999999999
0.8579 0.5056908
0.85825 0.5056908
0.8586 0.5107939
0.85895 0.5254498000000001
0.8593 0.5107939
0.85965 0.5008755
0.86 0.4924873999999999
0.86035 0.4775299
0.8607 0.4684026
0.86105 0.4485979
0.8614 0.4442404
0.86175 0.4352134
0.8621 0.4219668
0.86245 0.4219668
0.8628 0.4203193
0.86315 0.4207079000000001
0.8635 0.4207079000000001
0.86385 0.4207079000000001
0.8642 0.390916
0.86455 0.3733466
0.8649 0.390916
0.86525 0.4239934
0.8656 0.4243596999999999
0.86595 0.4417322
0.8663 0.4509037999999999
0.86665 0.4509037999999999
0.867 0.4019096
0.86735 0.4019096
0.8677 0.4121592
0.86805 0.460765
0.8684 0.4771803
0.86875 0.483984
0.8691 0.5045455
0.86945 0.5064561
0.8698 0.5094224
0.87015 0.5094224
0.8705 0.5094224
0.87085 0.4857409
0.8712 0.4725697
0.87155 0.4857409
0.8719 0.4823075
0.87225 0.5368455
0.8726 0.4910738
0.87295 0.4910738
0.8733 0.4910738
0.87365 0.547653
0.874 0.547653
0.87435 0.5406194000000001
0.8747 0.5406194000000001
0.87505 0.5406194000000001
0.8754 0.5491334
0.87575 0.516426
0.8761 0.532706
0.87645 0.5312687
0.8768 0.5312687
0.87715 0.5192573
0.8775 0.4593305
0.87785 0.4593305
0.8782 0.4447492999999999
0.87855 0.4447492999999999
0.8789 0.5127567
0.87925 0.5127567
0.8796 0.3792822
0.87995 0.3117183
0.8803 0.3462033
0.88065 0.3117183
0.881 0.2887728
0.88135 0.2785007
0.8817 0.2355806
0.88205 0.175323
0.8824 0.1012555
0.88275 0.1012555
0.8831 0.1012555
0.88345 0.1023983
0.8838 0.0974217
0.88415 0.1023983
0.8845 0.1311872999999999
0.88485 0.1620599999999999
0.8852 0.1792472
0.88555 0.1792472
0.8859 0.1661168999999999
0.88625 0.1213018
0.8866 0.0519043
0.88695 0.0420596
0.8873 0.0420596
0.88765 0.0505653
0.888 0.0615991
0.88835 0.0615991
0.8887 0.0874427
0.88905 0.0541011999999999
0.8894 0.0949011
0.88975 0.0935073
0.8901 0.1206946
0.89045 0.1100476
0.8908 0.1148261999999999
0.89115 0.1100476
0.8915 0.1148261999999999
0.89185 0.1400367
0.8922 0.1400367
0.89255 0.1337826
0.8929 0.1319406
0.89325 0.1319406
0.8936 0.1161866999999999
0.89395 0.105438
0.8943 0.105438
0.89465 0.1098587999999999
0.895 0.1098587999999999
0.89535 0.0992151999999999
0.8957 0.0992151999999999
0.89605 0.1179076
0.8964 0.1379941
0.89675 0.1837755
0.8971 0.1837755
0.89745 0.1932092999999999
0.8978 0.1849557
0.89815 0.1932092999999999
0.8985 0.1849557
0.89885 0.1871617
0.8992 0.1838803
0.89955 0.1707477
0.8999 0.1707477
0.90025 0.2427186999999999
0.9006 0.2883007999999999
0.90095 0.2883007999999999
0.9013 0.312237
0.90165 0.3380127
0.902 0.3380127
0.90235 0.3472575
0.9027 0.3472575
0.90305 0.3635570999999999
0.9034 0.4049927
0.90375 0.3635570999999999
0.9041 0.4202662
0.90445 0.4507844
0.9048 0.4579574999999999
0.90515 0.4579574999999999
0.9055 0.4750214
0.90585 0.5123987
0.9062 0.5123987
0.90655 0.4823130999999999
0.9069 0.4819085
0.90725 0.4819085
0.9076 0.4819085
0.90795 0.4944674
0.9083 0.4456297999999999
0.90865 0.4944674
0.909 0.5154245
0.90935 0.5154245
0.9097 0.4642582999999999
0.91005 0.4642582999999999
0.9104 0.5072106
0.91075 0.5278001999999999
0.9111 0.5471161
0.91145 0.5506105
0.9118 0.5506105
0.91215 0.5417124
0.9125 0.5355794
0.91285 0.5355794
0.9132 0.5355794
0.91355 0.4825906
0.9139 0.5470550000000001
0.91425 0.5477698000000001
0.9146 0.5630193
0.91495 0.5602264
0.9153 0.5602264
0.91565 0.5332854
0.916 0.5319805999999999
0.91635 0.5319805999999999
0.9167 0.5319805999999999
0.91705 0.547182
0.9174 0.5619366
0.91775 0.5619366
0.9181 0.5449109000000001
0.91845 0.5449109000000001
0.9188 0.551952
0.91915 0.551952
0.9195 0.5364211999999999
0.91985 0.5364211999999999
0.9202 0.5498831
0.92055 0.5498831
0.9209 0.5693275
0.92125 0.549208
0.9216 0.5210196
0.92195 0.5210196
0.9223 0.4354429
0.92265 0.5277499
0.923 0.5703823
0.92335 0.5703823
0.9237 0.5473186999999999
0.92405 0.5473186999999999
0.9244 0.5473186999999999
0.92475 0.5536637
0.9251 0.5407043
0.92545 0.5536637
0.9258 0.5382937
0.92615 0.5382937
0.9265 0.5382937
0.92685 0.3858052999999999
0.9272 0.5167933
0.92755 0.5167933
0.9279 0.5167933
0.92825 0.5494932
0.9286 0.5494932
0.92895 0.5541083000000001
0.9293 0.5684536
0.92965 0.5684536
0.93 0.5190168
0.93035 0.468811
0.9307 0.4429246
0.93105 0.431349
0.9314 0.431349
0.93175 0.431349
0.9321 0.4967687
0.93245 0.4744684
0.9328 0.4967687
0.93315 0.5451609000000001
0.9335 0.5451609000000001
0.93385 0.4759393
0.9342 0.4592215999999999
0.93455 0.4519959
0.9349 0.4592215999999999
0.93525 0.4519959
0.9356 0.5544828
0.93595 0.5358653
0.9363 0.5544828
0.93665 0.5358653
0.937 0.5313568000000001
0.93735 0.5313568000000001
0.9377 0.4750887
0.93805 0.454139
0.9384 0.454139
0.93875 0.4903163
0.9391 0.5399621
0.93945 0.5421749
0.9398 0.5421749
0.94015 0.5583085
0.9405 0.4286655
0.94085 0.5633834
0.9412 0.5614762
0.94155 0.5797747
0.9419 0.5843223000000001
0.94225 0.5856373
0.9426 0.5856373
0.94295 0.4767661
0.9433 0.4767661
0.94365 0.5111204
0.944 0.5111204
0.94435 0.4574041
0.9447 0.4574041
0.94505 0.5581119000000001
0.9454 0.5581119000000001
0.94575 0.5581119000000001
0.9461 0.5574661999999999
0.94645 0.5574661999999999
0.9468 0.5065164000000001
0.94715 0.5065164000000001
0.9475 0.4982448
0.94785 0.5303749
0.9482 0.5656363
0.94855 0.572275
0.9489 0.5656363
0.94925 0.5088220999999999
0.9496 0.5088220999999999
0.94995 0.524319
0.9503 0.5422372
0.95065 0.5810384
0.951 0.5810384
0.95135 0.5545675999999999
0.9517 0.5545675999999999
0.95205 0.5610636
0.9524 0.5610636
0.95275 0.5388702
0.9531 0.5330576
0.95345 0.5330576
0.9538 0.5798525999999999
0.95415 0.5798525999999999
0.9545 0.5747984
0.95485 0.5747984
0.9552 0.5581116999999999
0.95555 0.5724788000000001
0.9559 0.5724788000000001
0.95625 0.5724788000000001
0.9566 0.5698810999999999
0.95695 0.5352235
0.9573 0.5352235
0.95765 0.5769333999999999
0.958 0.5769333999999999
0.95835 0.5762079999999999
0.9587 0.5724549
0.95905 0.5724549
0.9594 0.535204
0.95975 0.535204
0.9601 0.5589455
0.96045 0.5589455
0.9608 0.5512415
0.96115 0.5512415
0.9615 0.5512415
0.96185 0.5446658000000001
0.9622 0.5373083000000001
0.96255 0.4836027
0.9629 0.4836027
0.96325 0.4912024
0.9636 0.4912024
0.96395 0.4716792
0.9643 0.4716792
0.96465 0.4851896
0.965 0.4851896
0.96535 0.4722799
0.9657 0.4721646
0.96605 0.4576723
0.9664 0.4539685999999999
0.96675 0.4539685999999999
0.9671 0.4342044
0.96745 0.4441052
0.9678 0.4441052
0.96815 0.4703431999999999
0.9685 0.4703431999999999
0.96885 0.4633060999999999
0.9692 0.4531085
0.96955 0.4512823
0.9699 0.4426219
0.97025 0.4131694
0.9706 0.3820022
0.97095 0.3753589
0.9713 0.3820022
0.97165 0.4045501999999999
0.972 0.4253643
0.97235 0.4437003
0.9727 0.4483291
0.97305 0.4483291
0.9734 0.4334462
0.97375 0.4324609
0.9741 0.417931
0.97445 0.4324609
0.9748 0.4434569
0.97515 0.4441742
0.9755 0.4441779
0.97585 0.4586550999999999
0.9762 0.4586550999999999
0.97655 0.4274449
0.9769 0.3719779
0.97725 0.4274449
0.9776 0.4150775
0.97795 0.4150775
0.9783 0.3743329999999999
0.97865 0.3743329999999999
0.979 0.3957247
0.97935 0.423771
0.9797 0.423771
0.98005 0.339084
0.9804 0.3214544
0.98075 0.3214544
0.9811 0.3214544
0.98145 0.3355855
0.9818 0.3355855
0.98215 0.324969
0.9825 0.324969
0.98285 0.1161726999999999
0.9832 0.2732872
0.98355 0.2699429
0.9839 0.2728219999999999
0.98425 0.2728219999999999
0.9846 0.2728219999999999
0.98495 0.2976096
0.9853 0.1237321999999999
0.98565 0.2581537
0.986 0.1432507999999999
0.98635 0.2158328
0.9867 0.1713002
0.98705 0.1713002
0.9874 0.1713002
0.98775 0.1823313999999999
0.9881 0.1823313999999999
0.98845 0.0111839
0.9888 0.0111839
0.98915 0.0550263
0.9895 0.1883332999999999
0.98985 0.1148302
0.9902 0.1891041
0.99055 0.1148302
0.9909 0.1891041
0.99125 0.1884747999999999
0.9916 0.1936945
0.99195 0.1884747999999999
0.9923 0.2117972
0.99265 0.2465185
0.993 0.2479314
0.99335 0.2479314
0.9937 0.231653
0.99405 0.231653
0.9944 0.2358612
0.99475 0.2358612
0.9951 0.164673
0.99545 0.164673
0.9958 0.0418316999999999
0.99615 0.2117639999999999
0.9965 0.0418316999999999
0.99685 0.2117639999999999
0.9972 0.2258364
0.99755 0.2258364
0.9979 0.2389880999999999
0.99825 0.1791848
0.9986 0.2043159
0.99895 0.1731624
0.9993 0.1710527
