0.3 0.0724922
0.30035 0.0724922
0.3007 0.0724896999999999
0.30105 0.072487
0.3014 0.0724841
0.30175 0.0724809999999999
0.3021 0.0724778
0.30245 0.0724743
0.3028 0.0724707
0.30315 0.0724669999999999
0.3035 0.0724631
0.30385 0.072459
0.3042 0.0724543
0.30455 0.0724494
0.3049 0.0724443
0.30525 0.0724391
0.3056 0.0724338
0.30595 0.0724282
0.3063 0.0724226
0.30665 0.0724166999999999
0.307 0.0724107
0.30735 0.0724046
0.3077 0.0723983
0.30805 0.0723918
0.3084 0.0723852
0.30875 0.0723785
0.3091 0.0723716
0.30945 0.0723645
0.3098 0.0723573
0.31015 0.07235
0.3105 0.0723424999999999
0.31085 0.0723349
0.3112 0.0723271
0.31155 0.0723192
0.3119 0.0723111
0.31225 0.0723028
0.3126 0.0722944
0.31295 0.0722858
0.3133 0.072277
0.31365 0.0722682
0.314 0.0722592
0.31435 0.07225
0.3147 0.0722406999999999
0.31505 0.0722313
0.3154 0.0722218
0.31575 0.0722121
0.3161 0.0722023
0.31645 0.0721923
0.3168 0.0721822
0.31715 0.072172
0.3175 0.0721617
0.31785 0.0721512
0.3182 0.0721406
0.31855 0.0721299
0.3189 0.0721191
0.31925 0.0721081
0.3196 0.072097
0.31995 0.0720858
0.3203 0.0720744
0.32065 0.072063
0.321 0.0720513999999999
0.32135 0.0720397
0.3217 0.0720279
0.32205 0.072016
0.3224 0.0720039
0.32275 0.0719918
0.3231 0.0719795
0.32345 0.0719671
0.3238 0.0719546
0.32415 0.0719419999999999
0.3245 0.0719291999999999
0.32485 0.0719164
0.3252 0.0719035
0.32555 0.0718904
0.3259 0.0718773
0.32625 0.071864
0.3266 0.0718506
0.32695 0.0718371
0.3273 0.0718235
0.32765 0.0718099
0.328 0.0717961
0.32835 0.0717822
0.3287 0.0717681
0.32905 0.071754
0.3294 0.0717396999999999
0.32975 0.071725
0.3301 0.0717088
0.33045 0.0716947
0.3308 0.0716816
0.33115 0.0716673
0.3315 0.0716527
0.33185 0.0716378999999999
0.3322 0.0716228999999999
0.33255 0.0716078999999999
0.3329 0.0715928
0.33325 0.0715776
0.3336 0.0715623
0.33395 0.0715469
0.3343 0.0715314
0.33465 0.0715159
0.335 0.0715002
0.33535 0.0714845
0.3357 0.0714687
0.33605 0.0714528
0.3364 0.0714368
0.33675 0.0714207
0.3371 0.0714047
0.33745 0.071389
0.3378 0.0713733
0.33815 0.0713575
0.3385 0.0713417
0.33885 0.0713256999999999
0.3392 0.0713097
0.33955 0.0712936
0.3399 0.0712775
0.34025 0.0712612
0.3406 0.0712449
0.34095 0.0712285
0.3413 0.0712121
0.34165 0.0711956
0.342 0.0711789999999999
0.34235 0.0711623999999999
0.3427 0.0711457
0.34305 0.0711289
0.3434 0.071112
0.34375 0.0710951
0.3441 0.0710782
0.34445 0.0710611
0.3448 0.071044
0.34515 0.0710268999999999
0.3455 0.0710097
0.34585 0.0709924
0.3462 0.0709751
0.34655 0.0709577
0.3469 0.0709402
0.34725 0.0709226999999999
0.3476 0.0709052
0.34795 0.0708875
0.3483 0.0708699
0.34865 0.0708521
0.349 0.0708343999999999
0.34935 0.0708164999999999
0.3497 0.0707986
0.35005 0.0707807
0.3504 0.0707627
0.35075 0.0707447
0.3511 0.0707266
0.35145 0.0707085
0.3518 0.0706903
0.35215 0.070672
0.3525 0.0706538
0.35285 0.0706353999999999
0.3532 0.0706171
0.35355 0.0705987
0.3539 0.0705802
0.35425 0.0705616999999999
0.3546 0.0705428999999999
0.35495 0.0705243
0.3553 0.0705056
0.35565 0.0704868999999999
0.356 0.0704612
0.35635 0.0704479
0.3567 0.0704307
0.35705 0.0704058
0.3574 0.0703919
0.35775 0.0703706
0.3581 0.0703475
0.35845 0.0703312
0.3588 0.0703092
0.35915 0.0702955
0.3595 0.070267
0.35985 0.07024
0.3602 0.0702276
0.36055 0.0702023999999999
0.3609 0.0701934
0.36125 0.0701778
0.3616 0.0701608
0.36195 0.0701437
0.3623 0.0701204
0.36265 0.0701026999999999
0.363 0.070083
0.36335 0.0700629
0.3637 0.0700422
0.36405 0.0700205
0.3644 0.0700021
0.36475 0.0699819
0.3651 0.0699613999999999
0.36545 0.0699406
0.3658 0.0699171
0.36615 0.0698988
0.3665 0.069879
0.36685 0.0698575
0.3672 0.0698363999999999
0.36755 0.0698167
0.3679 0.0697947
0.36825 0.0697743
0.3686 0.069749
0.36895 0.0697335
0.3693 0.0697111
0.36965 0.0696907
0.37 0.0696677
0.37035 0.0696449
0.3707 0.0696153
0.37105 0.0695988999999999
0.3714 0.0695857
0.37175 0.0695607
0.3721 0.0695393
0.37245 0.0695192999999999
0.3728 0.0694848
0.37315 0.0694783
0.3735 0.0694557
0.37385 0.0694307
0.3742 0.0694156
0.37455 0.0693896
0.3749 0.0693503
0.37525 0.0693488999999999
0.3756 0.0693067
0.37595 0.0692876
0.3763 0.0692655
0.37665 0.0692646
0.377 0.0692362
0.37735 0.0692192
0.3777 0.0691848
0.37805 0.0691613
0.3784 0.0691566
0.37875 0.0691156
0.3791 0.0691049
0.37945 0.0690539999999999
0.3798 0.0690284999999999
0.38015 0.0690284999999999
0.3805 0.0690216
0.38085 0.0690048
0.3812 0.0689863999999999
0.38155 0.0689672
0.3819 0.0689263999999999
0.38225 0.0688853
0.3826 0.0688846
0.38295 0.0688846
0.3833 0.068862
0.38365 0.0688442
0.384 0.0688188
0.38435 0.0688053
0.3847 0.0687838
0.38505 0.0687633
0.3854 0.0687416999999999
0.38575 0.0687211
0.3861 0.0686994
0.38645 0.068677
0.3868 0.0686563999999999
0.38715 0.0686329
0.3875 0.0686135
0.38785 0.0685921
0.3882 0.0685749
0.38855 0.0685475
0.3889 0.0685231999999999
0.38925 0.0685041999999999
0.3896 0.0684903999999999
0.38995 0.068467
0.3903 0.0684381999999999
0.39065 0.0684287
0.391 0.0684068999999999
0.39135 0.0683861
0.3917 0.0683545
0.39205 0.0683422
0.3924 0.0683217
0.39275 0.0682798
0.3931 0.0682758
0.39345 0.0682633
0.3938 0.0682396
0.39415 0.0681981
0.3945 0.0681942
0.39485 0.068163
0.3952 0.0681356
0.39555 0.0681335
0.3959 0.0680934
0.39625 0.0680607
0.3966 0.0680549
0.39695 0.0680538
0.3973 0.0680041999999999
0.39765 0.067996
0.398 0.0679801
0.39835 0.0679766
0.3987 0.067945
0.39905 0.0679307
0.3994 0.067909
0.39975 0.0678998
0.4001 0.0678775
0.40045 0.0678593
0.4008 0.0678271
0.40115 0.0678006999999999
0.4015 0.067785
0.40185 0.067785
0.4022 0.0677373
0.40255 0.0677182
0.4029 0.0677182
0.40325 0.0677046
0.4036 0.0676679999999999
0.40395 0.067661
0.4043 0.0676447
0.40465 0.0676228
0.405 0.0676052
0.40535 0.0675913
0.4057 0.0675656
0.40605 0.0675364
0.4064 0.0675151
0.40675 0.0674992
0.4071 0.0674858999999999
0.40745 0.0674735
0.4078 0.0674555
0.40815 0.067437
0.4085 0.0674186
0.40885 0.0673802
0.4092 0.0673607
0.40955 0.0673607
0.4099 0.0673383
0.41025 0.0673163
0.4106 0.0672982
0.41095 0.0672794
0.4113 0.0672545
0.41165 0.067241
0.412 0.0671976
0.41235 0.0671965
0.4127 0.067173
0.41305 0.0671491
0.4134 0.0670916999999999
0.41375 0.0670916999999999
0.4141 0.0670916999999999
0.41445 0.0670691
0.4148 0.0670219
0.41515 0.0669723
0.4155 0.0669548
0.41585 0.0668718
0.4162 0.0668718
0.41655 0.0669073
0.4169 0.0669073
0.41725 0.0668173
0.4176 0.0667712
0.41795 0.0668173
0.4183 0.0668225
0.41865 0.0668225
0.419 0.0667846
0.41935 0.0667398999999999
0.4197 0.0666539
0.42005 0.0666666
0.4204 0.0666666
0.42075 0.0666995
0.4211 0.0666995
0.42145 0.0666819
0.4218 0.0666381
0.42215 0.0665932
0.4225 0.0665932
0.42285 0.0665932
0.4232 0.066534
0.42355 0.0664163
0.4239 0.0664059
0.42425 0.0664059
0.4246 0.0664059
0.42495 0.066444
0.4253 0.0664206
0.42565 0.0664206
0.426 0.0662388999999999
0.42635 0.0662388999999999
0.4267 0.0662756999999999
0.42705 0.0663535
0.4274 0.0663095
0.42775 0.0663095
0.4281 0.0663087
0.42845 0.0662799
0.4288 0.0662357
0.42915 0.0661803
0.4295 0.0661803
0.42985 0.0661788
0.4302 0.0661712
0.43055 0.0661712
0.4309 0.0661354
0.43125 0.0661354
0.4316 0.0661282
0.43195 0.0661225
0.4323 0.0661225
0.43265 0.0661085
0.433 0.0660846
0.43335 0.0660697
0.4337 0.0660328999999999
0.43405 0.0660268
0.4344 0.065992
0.43475 0.0659818
0.4351 0.0659733
0.43545 0.0659451
0.4358 0.065929
0.43615 0.0659028
0.4365 0.0658256
0.43685 0.0658171
0.4372 0.0658183
0.43755 0.0658171
0.4379 0.0657948
0.43825 0.0657868
0.4386 0.0657865
0.43895 0.0657445
0.4393 0.0657305
0.43965 0.0656845
0.44 0.0656322
0.44035 0.0654819
0.4407 0.0654084
0.44105 0.0654084
0.4414 0.0654082
0.44175 0.0653571
0.4421 0.0653571
0.44245 0.0653571
0.4428 0.0654574
0.44315 0.0654979
0.4435 0.0654979
0.44385 0.0653322
0.4442 0.0653322
0.44455 0.0654315
0.4449 0.0654315
0.44525 0.0653503
0.4456 0.0653244
0.44595 0.0653244
0.4463 0.0653244
0.44665 0.0653735
0.447 0.0653346
0.44735 0.0653389
0.4477 0.0653346
0.44805 0.0653249
0.4484 0.0652895999999999
0.44875 0.0652991
0.4491 0.0652895999999999
0.44945 0.0652809999999999
0.4498 0.0652462
0.45015 0.0652382
0.4505 0.0652305
0.45085 0.0651797
0.4512 0.0651148
0.45155 0.0650867
0.4519 0.0650791
0.45225 0.0650791
0.4526 0.0650800999999999
0.45295 0.0650800999999999
0.4533 0.0650635
0.45365 0.0650361
0.454 0.0650361
0.45435 0.0649767
0.4547 0.0649401999999999
0.45505 0.064954
0.4554 0.0649401999999999
0.45575 0.0649199
0.4561 0.0648738
0.45645 0.0648738
0.4568 0.0648346
0.45715 0.0648606
0.4575 0.0648379999999999
0.45785 0.0648379999999999
0.4582 0.0648097
0.45855 0.0648073
0.4589 0.0647759
0.45925 0.064718
0.4596 0.0647053
0.45995 0.0647175999999999
0.4603 0.0647175999999999
0.46065 0.0647339
0.461 0.0647339
0.46135 0.0647223
0.4617 0.0647197
0.46205 0.0647045
0.4624 0.0646929
0.46275 0.0646871
0.4631 0.0646709
0.46345 0.0646529
0.4638 0.0646405999999999
0.46415 0.0646195
0.4645 0.0645944
0.46485 0.0645839
0.4652 0.0645184999999999
0.46555 0.0645184999999999
0.4659 0.064478
0.46625 0.0644322
0.4666 0.0644104
0.46695 0.0644024
0.4673 0.0644020999999999
0.46765 0.0643623
0.468 0.0642984
0.46835 0.0642237
0.4687 0.0640423
0.46905 0.0640273
0.4694 0.0640273
0.46975 0.0640722
0.4701 0.0640737
0.47045 0.0641852
0.4708 0.0641852
0.47115 0.0641711
0.4715 0.0640681
0.47185 0.0640681
0.4722 0.0639355
0.47255 0.0639355
0.4729 0.0639948
0.47325 0.0640228
0.4736 0.0640543
0.47395 0.0640543
0.4743 0.0641013
0.47465 0.0639634
0.475 0.0640806
0.47535 0.0637939
0.4757 0.0640806
0.47605 0.0639678
0.4764 0.0639678
0.47675 0.0639678
0.4771 0.0639501
0.47745 0.0640083
0.4778 0.0639501
0.47815 0.0639788
0.4785 0.0639488
0.47885 0.0639488
0.4792 0.0639202
0.47955 0.0638995
0.4799 0.0638654999999999
0.48025 0.0638489
0.4806 0.0638105
0.48095 0.0638059999999999
0.4813 0.0637486
0.48165 0.0637409
0.482 0.0636486
0.48235 0.0636405
0.4827 0.063639
0.48305 0.0636161
0.4834 0.0634815
0.48375 0.0634034
0.4841 0.0632878
0.48445 0.0630198
0.4848 0.0628627
0.48515 0.0628627
0.4855 0.0628627
0.48585 0.0629025
0.4862 0.0629949
0.48655 0.0631
0.4869 0.0632533
0.48725 0.0632533
0.4876 0.0631383
0.48795 0.0631383
0.4883 0.0633731999999999
0.48865 0.0633731999999999
0.489 0.063455
0.48935 0.0632291
0.4897 0.063455
0.49005 0.0633835
0.4904 0.0633835
0.49075 0.0633683
0.4911 0.0633683
0.49145 0.0633941
0.4918 0.0634186
0.49215 0.0633941
0.4925 0.0633300999999999
0.49285 0.0633084
0.4932 0.0633084
0.49355 0.0633084
0.4939 0.0633731999999999
0.49425 0.0633731999999999
0.4946 0.0633731999999999
0.49495 0.063388
0.4953 0.0633459
0.49565 0.0633778
0.496 0.0633459
0.49635 0.0633469
0.4967 0.0633383
0.49705 0.0633266
0.4974 0.0633045999999999
0.49775 0.0632889
0.4981 0.0632822
0.49845 0.0632380999999999
0.4988 0.0632263
0.49915 0.0631868
0.4995 0.0632113
0.49985 0.0631631999999999
0.50055 0.0629658
0.5009 0.0629658
0.50125 0.0629974
0.5016 0.0629974
0.50195 0.0629508
0.5023 0.0629116
0.50265 0.0626466
0.503 0.0623216
0.50335 0.0623947
0.5037 0.0623947
0.50405 0.0623947
0.5044 0.0626285999999999
0.50475 0.06276
0.5051 0.0627602
0.50545 0.0627602
0.5058 0.0626246999999999
0.50615 0.0626246999999999
0.5065 0.0623338
0.50685 0.0624135
0.5072 0.0624135
0.50755 0.0625101
0.5079 0.0625101
0.50825 0.0624743
0.5086 0.0624743
0.50895 0.0624743
0.5093 0.0624357
0.50965 0.0623761
0.51 0.0623761
0.51035 0.0624648
0.5107 0.0625062
0.51105 0.0625211
0.5114 0.0625211
0.51175 0.0625211
0.5121 0.0625742
0.51245 0.0627118
0.5128 0.0627118
0.51315 0.0626854
0.5135 0.0626854
0.51385 0.0626686
0.5142 0.0626686
0.51455 0.0626686
0.5149 0.0626871
0.51525 0.0627739
0.5156 0.0627616999999999
0.51595 0.0627616999999999
0.5163 0.0627543
0.51665 0.0627148
0.517 0.062747
0.51735 0.0627255
0.5177 0.0627255
0.51805 0.0627115
0.5184 0.0627023
0.51875 0.0627023
0.5191 0.0626914
0.51945 0.0626434999999999
0.5198 0.0626433
0.52015 0.0626373
0.5205 0.0626183
0.52085 0.0626036
0.5212 0.0625766
0.52155 0.0625702
0.5219 0.062528
0.52225 0.062519
0.5226 0.0624799
0.52295 0.0624629
0.5233 0.0621674
0.52365 0.0621674
0.524 0.062097
0.52435 0.062353
0.5247 0.062353
0.52505 0.0623941
0.5254 0.0624057
0.52575 0.0624298999999999
0.5261 0.0624298999999999
0.52645 0.0624263
0.5268 0.0622857
0.52715 0.0622488
0.5275 0.0622488
0.52785 0.0622488
0.5282 0.062317
0.52855 0.062317
0.5289 0.0622188999999999
0.52925 0.0622019
0.5296 0.0621748
0.52995 0.0621748
0.5303 0.0621748
0.53065 0.0620472
0.531 0.0620472
0.53135 0.0621800999999999
0.5317 0.0621800999999999
0.53205 0.0621509
0.5324 0.0620455
0.53275 0.0620455
0.5331 0.0620455
0.53345 0.0620688
0.5338 0.0620688
0.53415 0.0620688
0.5345 0.0620591
0.53485 0.0619988
0.5352 0.0619181
0.53555 0.0618631999999999
0.5359 0.0617697
0.53625 0.0617697
0.5366 0.0617251999999999
0.53695 0.061614
0.5373 0.061614
0.53765 0.0615039999999999
0.538 0.0614536
0.53835 0.0613795
0.5387 0.0612854
0.53905 0.0612203
0.5394 0.0610813999999999
0.53975 0.0609452
0.5401 0.0609452
0.54045 0.0607214
0.5408 0.060548
0.54115 0.0602775
0.5415 0.0602611
0.54185 0.0599634999999999
0.5422 0.0598697
0.54255 0.0598668
0.5429 0.0598697
0.54325 0.0598754
0.5436 0.0599062999999999
0.54395 0.0600374
0.5443 0.0602864
0.54465 0.0606337
0.545 0.0606403
0.54535 0.0607865999999999
0.5457 0.0609735999999999
0.54605 0.0609735999999999
0.5464 0.061087
0.54675 0.0612043
0.5471 0.0613968
0.54745 0.0614261
0.5478 0.0614981999999999
0.54815 0.0615528
0.5485 0.061575
0.54885 0.0616076
0.5492 0.061575
0.54955 0.0616076
0.5499 0.0615089
0.55025 0.0616579
0.5506 0.0616579
0.55095 0.0616579
0.5513 0.0616869
0.55165 0.0615478
0.552 0.0616496
0.55235 0.061617
0.5527 0.061617
0.55305 0.061617
0.5534 0.0616114
0.55375 0.0616114
0.5541 0.0615972
0.55445 0.0615791999999999
0.5548 0.0615675999999999
0.55515 0.0615675999999999
0.5555 0.0615675999999999
0.55585 0.0616146999999999
0.5562 0.0616006999999999
0.55655 0.0616006999999999
0.5569 0.0615458
0.55725 0.0615458
0.5576 0.0615759
0.55795 0.0615759
0.5583 0.0615739
0.55865 0.0615739
0.559 0.0615335
0.55935 0.0615559
0.5597 0.0615335
0.56005 0.0615193999999999
0.5604 0.0615170999999999
0.56075 0.0614884
0.5611 0.0615058
0.56145 0.0614995
0.5618 0.0614995
0.56215 0.0614585
0.5625 0.0614585
0.56285 0.0614719
0.5632 0.0614719
0.56355 0.0613941
0.5639 0.06137
0.56425 0.0613936
0.5646 0.0613468
0.56495 0.0613468
0.5653 0.0613318999999999
0.56565 0.0613123
0.566 0.0611959
0.56635 0.0610586
0.5667 0.0610564
0.56705 0.0610586
0.5674 0.0610487
0.56775 0.0609733
0.5681 0.0607276999999999
0.56845 0.0607276999999999
0.5688 0.0606655999999999
0.56915 0.060676
0.5695 0.0604674999999999
0.56985 0.0605286999999999
0.5702 0.0605286999999999
0.57055 0.0608656999999999
0.5709 0.0608656999999999
0.57125 0.0607072
0.5716 0.0606665999999999
0.57195 0.0606861999999999
0.5723 0.0606861999999999
0.57265 0.0606861999999999
0.573 0.0607398
0.57335 0.0603843
0.5737 0.0605094
0.57405 0.0603763
0.5744 0.0602219
0.57475 0.0602219
0.5751 0.0600087
0.57545 0.0604323
0.5758 0.0604323
0.57615 0.0604323
0.5765 0.0603535999999999
0.57685 0.0602427
0.5772 0.0603535999999999
0.57755 0.0604494
0.5779 0.0605091
0.57825 0.0605632
0.5786 0.0606004
0.57895 0.0606603
0.5793 0.0606603
0.57965 0.0606847
0.58 0.0606977
0.58035 0.0607235999999999
0.5807 0.0607806
0.58105 0.060862
0.5814 0.060862
0.58175 0.0608919
0.5821 0.0608601
0.58245 0.0608601
0.5828 0.0608601
0.58315 0.0608607
0.5835 0.0609006999999999
0.58385 0.0609006999999999
0.5842 0.0609006999999999
0.58455 0.060933
0.5849 0.060933
0.58525 0.0608496
0.5856 0.0608496
0.58595 0.0608496
0.5863 0.0607936
0.58665 0.0607847
0.587 0.0607304999999999
0.58735 0.0607209
0.5877 0.0606081
0.58805 0.0603803
0.5884 0.0603803
0.58875 0.0603803
0.5891 0.0604424
0.58945 0.0604424
0.5898 0.0601636999999999
0.59015 0.0601636999999999
0.5905 0.0603854
0.59085 0.0603854
0.5912 0.0603545999999999
0.59155 0.0602706999999999
0.5919 0.0602836
0.59225 0.0602706999999999
0.5926 0.0602836
0.59295 0.0603694
0.5933 0.0603694
0.59365 0.0601832
0.594 0.0600334
0.59435 0.0591216
0.5947 0.0591216
0.59505 0.0599705
0.5954 0.0599906
0.59575 0.0599906
0.5961 0.0599906
0.59645 0.0599302
0.5968 0.0600661
0.59715 0.0600661
0.5975 0.0600661
0.59785 0.0599041999999999
0.5982 0.0599041999999999
0.59855 0.0600541999999999
0.5989 0.0600541999999999
0.59925 0.0600541999999999
0.5996 0.0600661999999999
0.59995 0.0601509999999999
0.6003 0.0601509999999999
0.60065 0.0599254
0.601 0.0599254
0.60135 0.0601529
0.6017 0.0602598
0.60205 0.0602598
0.6024 0.0603601999999999
0.60275 0.0603601999999999
0.6031 0.0603953
0.60345 0.0604708
0.6038 0.0604708
0.60415 0.0604286999999999
0.6045 0.0604286999999999
0.60485 0.0603774
0.6052 0.0604518
0.60555 0.0604064
0.6059 0.0604064
0.60625 0.0603793
0.6066 0.0603395999999999
0.60695 0.0603495
0.6073 0.0603395999999999
0.60765 0.0602774
0.608 0.0601943999999999
0.60835 0.0601524
0.6087 0.0601339
0.60905 0.0601013
0.6094 0.0600945
0.60975 0.0601013
0.6101 0.0600794
0.61045 0.0600641999999999
0.6108 0.0599485
0.61115 0.0598751999999999
0.6115 0.0597214
0.61185 0.0595076
0.6122 0.0592606
0.61255 0.0592599
0.6129 0.0589395
0.61325 0.0585383
0.6136 0.0580624
0.61395 0.0577040999999999
0.6143 0.057378
0.61465 0.0571089
0.615 0.0569841
0.61535 0.056977
0.6157 0.0568423
0.61605 0.0565493
0.6164 0.0563641999999999
0.61675 0.0562143
0.6171 0.0557868
0.61745 0.055012
0.6178 0.0542261999999999
0.61815 0.0542198
0.6185 0.0536077
0.61885 0.0532794999999999
0.6192 0.0531
0.61955 0.0531
0.6199 0.0533479
0.62025 0.0537812
0.6206 0.0542556
0.62095 0.0542613
0.6213 0.0545175999999999
0.62165 0.0548482
0.622 0.0554383
0.62235 0.0560832
0.6227 0.0565885
0.62305 0.0570941
0.6234 0.0575862
0.62375 0.0576011999999999
0.6241 0.0581175999999999
0.62445 0.0585264999999999
0.6248 0.0587742
0.62515 0.0590649
0.6255 0.0592969
0.62585 0.059494
0.6262 0.0596136999999999
0.62655 0.0596136999999999
0.6269 0.0596136999999999
0.62725 0.059761
0.6276 0.059761
0.62795 0.0598307999999999
0.6283 0.0599331
0.62865 0.0599707
0.629 0.0600427
0.62935 0.0600621999999999
0.6297 0.0600873
0.63005 0.0601438
0.6304 0.0601736
0.63075 0.0601736
0.6311 0.0600666999999999
0.63145 0.0600355
0.6318 0.0596755
0.63215 0.0596755
0.6325 0.0600206999999999
0.63285 0.0600358
0.6332 0.0600654999999999
0.63355 0.0600961999999999
0.6339 0.0601141
0.63425 0.0601265
0.6346 0.0601141
0.63495 0.0600502
0.6353 0.0600502
0.63565 0.0599856999999999
0.636 0.0599822999999999
0.63635 0.0599822999999999
0.6367 0.0598760999999999
0.63705 0.0598760999999999
0.6374 0.0598760999999999
0.63775 0.0598077
0.6381 0.0598453
0.63845 0.0598453
0.6388 0.0598453
0.63915 0.0598049
0.6395 0.0598049
0.63985 0.0598395999999999
0.6402 0.0598660999999999
0.64055 0.0598395999999999
0.6409 0.0598236
0.64125 0.0597923999999999
0.6416 0.0597248
0.64195 0.0597209
0.6423 0.0596721999999999
0.64265 0.0597209
0.643 0.0596721999999999
0.64335 0.0596702
0.6437 0.0596519
0.64405 0.0596161999999999
0.6444 0.0596161999999999
0.64475 0.0596104
0.6451 0.0596013
0.64545 0.0596013
0.6458 0.0594239
0.64615 0.0590263
0.6465 0.0590263
0.64685 0.0591231
0.6472 0.0593864
0.64755 0.0593864
0.6479 0.0592875
0.64825 0.0591914
0.6486 0.0592660999999999
0.64895 0.0591993
0.6493 0.0592660999999999
0.64965 0.0593338
0.65 0.0593338
0.65035 0.0593561
0.6507 0.0593181
0.65105 0.0587952
0.6514 0.0587952
0.65175 0.0587952
0.6521 0.0590012
0.65245 0.0592731
0.6528 0.0592731
0.65315 0.0591649999999999
0.6535 0.0591146999999999
0.65385 0.0591227
0.6542 0.0587079
0.65455 0.0589871
0.6549 0.0589871
0.65525 0.0589871
0.6556 0.0587284999999999
0.65595 0.0586646
0.6563 0.0586646
0.65665 0.0587179999999999
0.657 0.0587291999999999
0.65735 0.0587291999999999
0.6577 0.0587291999999999
0.65805 0.0587175999999999
0.6584 0.0587175999999999
0.65875 0.0586526999999999
0.6591 0.0586405
0.65945 0.0586405
0.6598 0.0585519
0.66015 0.0585519
0.6605 0.0586501
0.66085 0.0586501
0.6612 0.0585196
0.66155 0.0585062
0.6619 0.05845
0.66225 0.0583955
0.6626 0.0582957
0.66295 0.0582886999999999
0.6633 0.0582375
0.66365 0.0582355
0.664 0.0582244
0.66435 0.0582244
0.6647 0.0581881999999999
0.66505 0.0581528
0.6654 0.0579963
0.66575 0.0579489
0.6661 0.0578085
0.66645 0.0577222
0.6668 0.0577222
0.66715 0.0577721
0.6675 0.0577789
0.66785 0.0578225
0.6682 0.0578238
0.66855 0.0579125999999999
0.6689 0.0579508
0.66925 0.0580414999999999
0.6696 0.05819
0.66995 0.0583410999999999
0.6703 0.0584549
0.67065 0.0585937
0.671 0.0585937
0.67135 0.0587067999999999
0.6717 0.0588399999999999
0.67205 0.058972
0.6724 0.0590245999999999
0.67275 0.0591614
0.6731 0.0592448
0.67345 0.0593394999999999
0.6738 0.0593619
0.67415 0.0594096999999999
0.6745 0.0594478
0.67485 0.0595015
0.6752 0.0595986
0.67555 0.0595986
0.6759 0.0596304
0.67625 0.059654
0.6766 0.059654
0.67695 0.0596705
0.6773 0.0596705
0.67765 0.0596983
0.678 0.0596983
0.67835 0.0596268
0.6787 0.0595981
0.67905 0.0595438
0.6794 0.0595322999999999
0.67975 0.0595079
0.6801 0.0594575
0.68045 0.0594155999999999
0.6808 0.0593139
0.68115 0.0592216999999999
0.6815 0.0592121
0.68185 0.059022
0.6822 0.0589557
0.68255 0.0589043999999999
0.6829 0.0589043999999999
0.68325 0.0589358
0.6836 0.0589358
0.68395 0.0589011
0.6843 0.0589011
0.68465 0.0589591999999999
0.685 0.0590175999999999
0.68535 0.059099
0.6857 0.0591204
0.68605 0.0591427
0.6864 0.0591427
0.68675 0.0589249
0.6871 0.0589249
0.68745 0.0592223
0.6878 0.0592237
0.68815 0.0592244
0.6885 0.0592244
0.68885 0.0591653
0.6892 0.0591653
0.68955 0.0588582
0.6899 0.0592433999999999
0.69025 0.0592006999999999
0.6906 0.0592203
0.69095 0.0592006999999999
0.6913 0.0591461
0.69165 0.0591118
0.692 0.0589891999999999
0.69235 0.0589824
0.6927 0.0589659
0.69305 0.0589173
0.6934 0.0588150999999999
0.69375 0.0587754
0.6941 0.0587754
0.69445 0.0587754
0.6948 0.0585756
0.69515 0.0585756
0.6955 0.0585359
0.69585 0.0581918
0.6962 0.0581918
0.69655 0.058296
0.6969 0.058296
0.69725 0.0580629
0.6976 0.0576184
0.69795 0.0577155999999999
0.6983 0.0575559
0.69865 0.0575559
0.699 0.0572378
0.69935 0.0569866
0.6997 0.0568828
0.70005 0.0560423
0.7004 0.0556909
0.70075 0.0556909
0.7011 0.0555766999999999
0.70145 0.0555766999999999
0.7018 0.0552965
0.70215 0.0551336
0.7025 0.0551336
0.70285 0.0551336
0.7032 0.0556536
0.70355 0.0556536
0.7039 0.0554411999999999
0.70425 0.0554411999999999
0.7046 0.055642
0.70495 0.055691
0.7053 0.0558013
0.70565 0.0567306
0.706 0.0567306
0.70635 0.0567648
0.7067 0.0568543
0.70705 0.0568543
0.7074 0.0570855
0.70775 0.0571659
0.7081 0.0573201
0.70845 0.0575139999999999
0.7088 0.0575849
0.70915 0.0575139999999999
0.7095 0.0577025999999999
0.70985 0.0577465
0.7102 0.0579436
0.71055 0.0579436
0.7109 0.0580160999999999
0.71125 0.0580602
0.7116 0.0581506999999999
0.71195 0.0581743
0.7123 0.0581743
0.71265 0.0581345
0.713 0.0581345
0.71335 0.0581474
0.7137 0.0581956
0.71405 0.0581956
0.7144 0.0581304
0.71475 0.0577879
0.7151 0.0576691
0.71545 0.0572066
0.7158 0.0565863
0.71615 0.0565375
0.7165 0.0556498
0.71685 0.0545467
0.7172 0.0533379
0.71755 0.0518263
0.7179 0.051036
0.71825 0.0503645999999999
0.7186 0.0500520999999999
0.71895 0.049107
0.7193 0.0481892
0.71965 0.0481892
0.72 0.0462765
0.72035 0.0461995
0.7207 0.0458431
0.72105 0.0458431
0.7214 0.0452493
0.72175 0.0450374
0.7221 0.0449371
0.72245 0.0446114
0.7228 0.0443774
0.72315 0.0433361
0.7235 0.0401800999999999
0.72385 0.0394034
0.7242 0.038821
0.72455 0.0369981
0.7249 0.0361809
0.72525 0.0333105
0.7256 0.0315135
0.72595 0.0315135
0.7263 0.0311872
0.72665 0.0290426
0.727 0.0287846999999999
0.72735 0.0287846999999999
0.7277 0.0302281999999999
0.72805 0.0305707
0.7284 0.0333566999999999
0.72875 0.0352797
0.7291 0.036135
0.72945 0.0365031
0.7298 0.0376755
0.73015 0.0380571999999999
0.7305 0.0387126999999999
0.73085 0.0410356
0.7312 0.0426733
0.73155 0.042758
0.7319 0.0438588
0.73225 0.0442803
0.7326 0.0453222
0.73295 0.0453222
0.7333 0.0457272
0.73365 0.0481391
0.734 0.0486941
0.73435 0.0492055999999999
0.7347 0.0506904
0.73505 0.051129
0.7354 0.0519066
0.73575 0.0519066
0.7361 0.0519066
0.73645 0.0533436
0.7368 0.0533436
0.73715 0.0534228
0.7375 0.0547919999999999
0.73785 0.0548702
0.7382 0.0554841
0.73855 0.0557390999999999
0.7389 0.0557651
0.73925 0.056186
0.7396 0.0570594
0.73995 0.0570625
0.7403 0.0574890999999999
0.74065 0.0578443
0.741 0.0578879
0.74135 0.058049
0.7417 0.0581506
0.74205 0.0583488
0.7424 0.0583767
0.74275 0.0584432
0.7431 0.0586188999999999
0.74345 0.0586849
0.7438 0.0587064
0.74415 0.0587146999999999
0.7445 0.0587250999999999
0.74485 0.0587250999999999
0.7452 0.0587223
0.74555 0.0587223
0.7459 0.0587223
0.74625 0.0587577
0.7466 0.0587498
0.74695 0.0587498
0.7473 0.0587498
0.74765 0.0587150999999999
0.748 0.0587396999999999
0.74835 0.0587396999999999
0.7487 0.0587396999999999
0.74905 0.0587427
0.7494 0.0587293
0.74975 0.0587258
0.7501 0.0587118
0.75045 0.0587108
0.7508 0.0587118
0.75115 0.0587577
0.7515 0.0587577
0.75185 0.0587356999999999
0.7522 0.058709
0.75255 0.0587006
0.7529 0.0587006
0.75325 0.0587636
0.7536 0.0587636
0.75395 0.0587539999999999
0.7543 0.0587511999999999
0.75465 0.0587078
0.755 0.0587036999999999
0.75535 0.0586922
0.7557 0.0586808999999999
0.75605 0.0586572999999999
0.7564 0.0586236
0.75675 0.0585699
0.7571 0.0585391
0.75745 0.0584243
0.7578 0.0584096999999999
0.75815 0.0584016999999999
0.7585 0.058387
0.75885 0.058321
0.7592 0.0582479
0.75955 0.0579688
0.7599 0.0578923
0.76025 0.0577869
0.7606 0.0576843
0.76095 0.0576843
0.7613 0.0577663999999999
0.76165 0.0577663999999999
0.762 0.0574736999999999
0.76235 0.0573351999999999
0.7627 0.0572696
0.76305 0.0572141999999999
0.7634 0.0572138
0.76375 0.0572057
0.7641 0.0571539999999999
0.76445 0.0570168
0.7648 0.0569971
0.76515 0.0569971
0.7655 0.0570563
0.76585 0.0570563
0.7662 0.0569885999999999
0.76655 0.056983
0.7669 0.0567721
0.76725 0.0567721
0.7676 0.0569074
0.76795 0.0570806
0.7683 0.0570806
0.76865 0.0569980999999999
0.769 0.0569713
0.76935 0.0569713
0.7697 0.0570003
0.77005 0.0570003
0.7704 0.0569583
0.77075 0.0568588
0.7711 0.0568293
0.77145 0.0568112
0.7718 0.0567736
0.77215 0.0567711
0.7725 0.0565443999999999
0.77285 0.0561150999999999
0.7732 0.0557109
0.77355 0.0557109
0.7739 0.0557526999999999
0.77425 0.0559290999999999
0.7746 0.0559290999999999
0.77495 0.0559156999999999
0.7753 0.0557715
0.77565 0.0555169
0.776 0.0553103
0.77635 0.0551838
0.7767 0.0551211
0.77705 0.0549909
0.7774 0.0548117
0.77775 0.0548006999999999
0.7781 0.0545545
0.77845 0.0543141999999999
0.7788 0.054099
0.77915 0.0538366999999999
0.7795 0.0533029999999999
0.77985 0.0527324
0.7802 0.0520076
0.78055 0.0520018
0.7809 0.0512045999999999
0.78125 0.0508434
0.7816 0.0507079
0.78195 0.0505870999999999
0.7823 0.0505356
0.78265 0.050446
0.783 0.0499878
0.78335 0.0499555999999999
0.7837 0.0492094
0.78405 0.0492094
0.7844 0.0501049
0.78475 0.051286
0.7851 0.0514514
0.78545 0.0514514
0.7858 0.0511368
0.78615 0.0511352
0.7865 0.0511368
0.78685 0.0512321
0.7872 0.0514434
0.78755 0.0518238
0.7879 0.0519411999999999
0.78825 0.0522461
0.7886 0.0523077999999999
0.78895 0.0524076
0.7893 0.0524416999999999
0.78965 0.0525009
0.79 0.0525009
0.79035 0.0524683
0.7907 0.0523728
0.79105 0.0520815
0.7914 0.0516723
0.79175 0.0516588
0.7921 0.0511918
0.79245 0.0505904
0.7928 0.0500813
0.79315 0.0500813
0.7935 0.050095
0.79385 0.050095
0.7942 0.0495118
0.79455 0.0495036
0.7949 0.0488204999999999
0.79525 0.0486471
0.7956 0.0486471
0.79595 0.0479202
0.7963 0.0479202
0.79665 0.0479202
0.797 0.0478958
0.79735 0.0478958
0.7977 0.0478958
0.79805 0.0480873
0.7984 0.0482449999999999
0.79875 0.0482449999999999
0.7991 0.0482726999999999
0.79945 0.048882
0.7998 0.0492509999999999
0.80015 0.0492561999999999
0.8005 0.0494765
0.80085 0.0499093
0.8012 0.0499093
0.80155 0.0499346
0.8019 0.0499346
0.80225 0.0503454
0.8026 0.0505395
0.80295 0.0508849
0.8033 0.0508849
0.80365 0.0512163
0.804 0.0513712
0.80435 0.0515351999999999
0.8047 0.0519148
0.80505 0.0522291999999999
0.8054 0.0523704
0.80575 0.0523704
0.8061 0.0523704
0.80645 0.0527476
0.8068 0.0531947
0.80715 0.0535876
0.8075 0.0535876
0.80785 0.053794
0.8082 0.0539691
0.80855 0.0539691
0.8089 0.0539574
0.80925 0.0537352
0.8096 0.0537352
0.80995 0.0541243
0.8103 0.0542695
0.81065 0.0542695
0.811 0.0543067
0.81135 0.0544681
0.8117 0.054649
0.81205 0.0547895999999999
0.8124 0.0549881
0.81275 0.0552134
0.8131 0.0549881
0.81345 0.0555151999999999
0.8138 0.0556864
0.81415 0.0557741999999999
0.8145 0.0557741999999999
0.81485 0.0531067999999999
0.8152 0.0531067999999999
0.81555 0.0556873
0.8159 0.0558804999999999
0.81625 0.0558804999999999
0.8166 0.0562056
0.81695 0.0560984
0.8173 0.0562684999999999
0.81765 0.0560984
0.818 0.0560943999999999
0.81835 0.0560943999999999
0.8187 0.0562191
0.81905 0.0566575
0.8194 0.0566575
0.81975 0.0566575
0.8201 0.0567989
0.82045 0.0570083
0.8208 0.0570083
0.82115 0.0569609
0.8215 0.0569609
0.82185 0.0569609
0.8222 0.0567631999999999
0.82255 0.0567611
0.8229 0.0561788
0.82325 0.0535943999999999
0.8236 0.0547457
0.82395 0.0547457
0.8243 0.0568269
0.82465 0.0572245
0.825 0.0572938
0.82535 0.0572938
0.8257 0.0570723
0.82605 0.0570723
0.8264 0.0572568
0.82675 0.0572811
0.8271 0.0572568
0.82745 0.0569315
0.8278 0.0560255
0.82815 0.0567895999999999
0.8285 0.0567895999999999
0.82885 0.0567895999999999
0.8292 0.0570733
0.82955 0.0571583
0.8299 0.0571583
0.83025 0.0570936
0.8306 0.0570936
0.83095 0.0571906999999999
0.8313 0.057299
0.83165 0.0571906999999999
0.832 0.0565711
0.83235 0.0565711
0.8327 0.0566469
0.83305 0.0570859
0.8334 0.0566731
0.83375 0.0566731
0.8341 0.0553535
0.83445 0.0553535
0.8348 0.0553535
0.83515 0.0553254
0.8355 0.0548084
0.83585 0.0548084
0.8362 0.0543742
0.83655 0.0543520999999999
0.8369 0.0538533
0.83725 0.0534619
0.8376 0.0520155999999999
0.83795 0.0518168
0.8383 0.0509729
0.83865 0.0508372
0.839 0.0508372
0.83935 0.0508755
0.8397 0.0513979
0.84005 0.0513979
0.8404 0.0512968
0.84075 0.0500886
0.8411 0.0491314
0.84145 0.0491314
0.8418 0.0492118
0.84215 0.0492333
0.8425 0.0509755999999999
0.84285 0.0526748
0.8432 0.0526748
0.84355 0.0525675999999999
0.8439 0.0518249
0.84425 0.0518249
0.8446 0.0522404999999999
0.84495 0.0523916999999999
0.8453 0.053153
0.84565 0.0532492
0.846 0.0540018
0.84635 0.0545436
0.8467 0.0545436
0.84705 0.0545104
0.8474 0.0544337
0.84775 0.0544333
0.8481 0.0544337
0.84845 0.0540833
0.8488 0.0547008
0.84915 0.055032
0.8495 0.055032
0.84985 0.0549452
0.8502 0.0543877
0.85055 0.0531066
0.8509 0.0531066
0.85125 0.0531066
0.8516 0.0536816
0.85195 0.0534068
0.8523 0.0534068
0.85265 0.0527052
0.853 0.0518545999999999
0.85335 0.0516983
0.8537 0.0513205
0.85405 0.0507359
0.8544 0.0497651
0.85475 0.0492069
0.8551 0.0491365
0.85545 0.0476198
0.8558 0.0476198
0.85615 0.0465914
0.8565 0.0462736
0.85685 0.0456272
0.8572 0.0438639
0.85755 0.042493
0.8579 0.0379939
0.85825 0.0379939
0.8586 0.0380744
0.85895 0.0380744
0.8593 0.0379264
0.85965 0.0379096
0.86 0.0361375
0.86035 0.0339986
0.8607 0.033976
0.86105 0.030761
0.8614 0.0297452
0.86175 0.0288954
0.8621 0.0274887999999999
0.86245 0.0274887999999999
0.8628 0.0270204
0.86315 0.0268020999999999
0.8635 0.0268020999999999
0.86385 0.0268020999999999
0.8642 0.0237649
0.86455 0.0214387
0.8649 0.0237649
0.86525 0.0277767999999999
0.8656 0.0278872
0.86595 0.0294777
0.8663 0.0306475
0.86665 0.0306475
0.867 0.0254101
0.86735 0.0254101
0.8677 0.0256346
0.86805 0.0315577
0.8684 0.0343857
0.86875 0.0352766
0.8691 0.0377917
0.86945 0.0385364
0.8698 0.0385364
0.87015 0.0385364
0.8705 0.0385314
0.87085 0.034793
0.8712 0.0341577
0.87155 0.034793
0.8719 0.0346759
0.87225 0.0420325999999999
0.8726 0.0367098
0.87295 0.0367098
0.8733 0.0367098
0.87365 0.0399029999999999
0.874 0.0426398
0.87435 0.0431056
0.8747 0.0431056
0.87505 0.0431056
0.8754 0.0446279999999999
0.87575 0.0408858
0.8761 0.0416018
0.87645 0.0416018
0.8768 0.0416018
0.87715 0.0406235999999999
0.8775 0.032295
0.87785 0.032295
0.8782 0.0306452
0.87855 0.0306452
0.8789 0.0397424
0.87925 0.0397424
0.8796 0.0224579
0.87995 0.0143519
0.8803 0.0191377
0.88065 0.0143519
0.881 0.0142679
0.88135 0.0131075999999999
0.8817 0.0102662999999999
0.88205 0.0058571
0.8824 0.0024218
0.88275 0.0024218
0.8831 0.0024218
0.88345 0.0024514
0.8838 0.0022793
0.88415 0.0024514
0.8845 0.0036468
0.88485 0.0053707
0.8852 0.0061055
0.88555 0.0061055
0.8859 0.0051876
0.88625 0.0032314999999999
0.8866 0.0008958999999999
0.88695 0.0005656
0.8873 0.0005656
0.88765 0.0007953999999999
0.888 0.0011335
0.88835 0.0011335
0.8887 0.0019067999999999
0.88905 0.000789
0.8894 0.0021754
0.88975 0.0020410999999999
0.8901 0.0031878
0.89045 0.0029859
0.8908 0.0029859
0.89115 0.0028279
0.8915 0.0028279
0.89185 0.003617
0.8922 0.003617
0.89255 0.003581
0.8929 0.003581
0.89325 0.003581
0.8936 0.0029614999999999
0.89395 0.0027037
0.8943 0.0027037
0.89465 0.0027581999999999
0.895 0.0027581999999999
0.89535 0.001102
0.8957 0.001102
0.89605 0.0029378
0.8964 0.0040275999999999
0.89675 0.0061946
0.8971 0.0061946
0.89745 0.007484
0.8978 0.0063627
0.89815 0.007484
0.8985 0.0065462
0.89885 0.0073518999999999
0.8992 0.0065462
0.89955 0.0059868
0.8999 0.0059868
0.90025 0.0120641
0.9006 0.0134741
0.90095 0.014417
0.9013 0.0156480999999999
0.90165 0.0184510999999999
0.902 0.0184510999999999
0.90235 0.0184025
0.9027 0.0184025
0.90305 0.0216622
0.9034 0.0254821
0.90375 0.0216622
0.9041 0.0271354
0.90445 0.0310995
0.9048 0.0317854
0.90515 0.0317854
0.9055 0.0352736
0.90585 0.0394941999999999
0.9062 0.0394941999999999
0.90655 0.0349349
0.9069 0.0349349
0.90725 0.0370287
0.9076 0.0370287
0.90795 0.0419045
0.9083 0.0313974
0.90865 0.0419045
0.909 0.0383656
0.90935 0.0383656
0.9097 0.0322980999999999
0.91005 0.0322980999999999
0.9104 0.0431828
0.91075 0.0431828
0.9111 0.0443535
0.91145 0.0456890999999999
0.9118 0.0456890999999999
0.91215 0.0441875
0.9125 0.0432714
0.91285 0.0432714
0.9132 0.0432714
0.91355 0.03778
0.9139 0.0453338999999999
0.91425 0.0462595
0.9146 0.0473843
0.91495 0.0473018
0.9153 0.0473018
0.91565 0.0442804
0.916 0.0442804
0.91635 0.0443575
0.9167 0.0454458
0.91705 0.0459851
0.9174 0.0487523
0.91775 0.0487523
0.9181 0.0487523
0.91845 0.0488798
0.9188 0.0488798
0.91915 0.0481615
0.9195 0.0462939
0.91985 0.0462939
0.9202 0.0462939
0.92055 0.0462608
0.9209 0.0484871999999999
0.92125 0.0462608
0.9216 0.0437216
0.92195 0.0421203
0.9223 0.0285336
0.92265 0.0421203
0.923 0.049266
0.92335 0.049266
0.9237 0.0474186
0.92405 0.0474186
0.9244 0.0474186
0.92475 0.0452416999999999
0.9251 0.0441593
0.92545 0.0452416999999999
0.9258 0.0450386
0.92615 0.0450386
0.9265 0.0450386
0.92685 0.0220960999999999
0.9272 0.0467458
0.92755 0.0467458
0.9279 0.0467458
0.92825 0.0460384
0.9286 0.0455256
0.92895 0.0460384
0.9293 0.0485832
0.92965 0.0485832
0.93 0.0465197
0.93035 0.0350813
0.9307 0.0319139
0.93105 0.028968
0.9314 0.028968
0.93175 0.028968
0.9321 0.0376936
0.93245 0.0376936
0.9328 0.0445287
0.93315 0.0452082
0.9335 0.0452082
0.93385 0.036799
0.9342 0.036799
0.93455 0.036799
0.9349 0.0395017
0.93525 0.0344661999999999
0.9356 0.0493522
0.93595 0.0427096
0.9363 0.0485149999999999
0.93665 0.0456008
0.937 0.0456008
0.93735 0.0456008
0.9377 0.0449679
0.93805 0.0391577
0.9384 0.0353527
0.93875 0.0353527
0.9391 0.044939
0.93945 0.0464134
0.9398 0.0464134
0.94015 0.0464134
0.9405 0.0351693
0.94085 0.0496736
0.9412 0.0482704
0.94155 0.0519501999999999
0.9419 0.0521300999999999
0.94225 0.0522145
0.9426 0.0522145
0.94295 0.0459450999999999
0.9433 0.0459450999999999
0.94365 0.0468805
0.944 0.0468805
0.94435 0.0468805
0.9447 0.0470663
0.94505 0.0476686
0.9454 0.0488281
0.94575 0.0488281
0.9461 0.0500686
0.94645 0.0500686
0.9468 0.0475062
0.94715 0.0424919
0.9475 0.0424919
0.94785 0.0446959
0.9482 0.0500213
0.94855 0.0506524
0.9489 0.0500213
0.94925 0.0457169
0.9496 0.0457169
0.94995 0.0482847
0.9503 0.0488098999999999
0.95065 0.0510901
0.951 0.0510901
0.95135 0.0489718
0.9517 0.0489718
0.95205 0.0493827
0.9524 0.0493827
0.95275 0.0491564
0.9531 0.0491564
0.95345 0.0495253
0.9538 0.0518622
0.95415 0.0519247
0.9545 0.0519247
0.95485 0.0519247
0.9552 0.0492938
0.95555 0.0507071
0.9559 0.0507071
0.95625 0.0507071
0.9566 0.0501772
0.95695 0.0480916
0.9573 0.0480916
0.95765 0.0505938
0.958 0.0505938
0.95835 0.0505938
0.9587 0.0500666
0.95905 0.0500666
0.9594 0.0473315999999999
0.95975 0.0473315999999999
0.9601 0.0483023
0.96045 0.0483023
0.9608 0.0467805
0.96115 0.0467805
0.9615 0.0467805
0.96185 0.0453558
0.9622 0.044099
0.96255 0.0413586
0.9629 0.0409565999999999
0.96325 0.0378795
0.9636 0.0378795
0.96395 0.0378795
0.9643 0.0379653
0.96465 0.0379653
0.965 0.0362216
0.96535 0.0358787
0.9657 0.0349596999999999
0.96605 0.0336961999999999
0.9664 0.0331365
0.96675 0.0331365
0.9671 0.0320935
0.96745 0.0315596999999999
0.9678 0.0315596999999999
0.96815 0.0344668
0.9685 0.0344668
0.96885 0.0334652
0.9692 0.0318707
0.96955 0.0317712999999999
0.9699 0.0303605
0.97025 0.0267843
0.9706 0.0231572
0.97095 0.0225120999999999
0.9713 0.0231572
0.97165 0.0257139999999999
0.972 0.0277181
0.97235 0.0307966
0.9727 0.0312462999999999
0.97305 0.0312462999999999
0.9734 0.0303345
0.97375 0.0298406
0.9741 0.0286734
0.97445 0.0298406
0.9748 0.0306976
0.97515 0.0306976
0.9755 0.0314351
0.97585 0.0337164
0.9762 0.0337164
0.97655 0.0300174
0.9769 0.0298021999999999
0.97725 0.0300174
0.9776 0.0284309
0.97795 0.0284309
0.9783 0.0245805
0.97865 0.0245805
0.979 0.0264606
0.97935 0.0285367
0.9797 0.0285367
0.98005 0.0192280999999999
0.9804 0.0182935
0.98075 0.0182935
0.9811 0.0182935
0.98145 0.0184684
0.9818 0.0187075999999999
0.98215 0.0184684
0.9825 0.0178985
0.98285 0.0024803
0.9832 0.0131072
0.98355 0.0129536
0.9839 0.012976
0.98425 0.012976
0.9846 0.012976
0.98495 0.0149194999999999
0.9853 0.0030775
0.98565 0.0075571
0.986 0.0040591
0.98635 0.0075571
0.9867 0.0068946
0.98705 0.0068946
0.9874 0.0068191999999999
0.98775 0.0064982
0.9881 0.0064982
0.98845 0.0001546
0.9888 0.0001546
0.98915 0.0008889
0.9895 0.0065823
0.98985 0.00276
0.9902 0.0065768
0.99055 0.00276
0.9909 0.0065768
0.99125 0.0067965
0.9916 0.0072859
0.99195 0.0072859
0.9923 0.0081341
0.99265 0.0098468
0.993 0.0109661
0.99335 0.0109661
0.9937 0.0094072999999999
0.99405 0.0094072999999999
0.9944 0.0096615
0.99475 0.0096615
0.9951 0.0051286
0.99545 0.0051286
0.9958 0.0002886
0.99615 0.0083715
0.9965 0.0002886
0.99685 0.0082531
0.9972 0.0082531
0.99755 0.0082531
0.9979 0.0103537
0.99825 0.0067447
0.9986 0.0076758
0.99895 0.0067447
0.9993 0.0061093
