0.3 0.2783151
0.30035 0.2788392
0.3007 0.2789587
0.30105 0.2789587
0.3014 0.2788239
0.30175 0.2785799
0.3021 0.2781861
0.30245 0.2774862
0.3028 0.2761187
0.30315 0.2727636
0.3035 0.2727636
0.30385 0.2729231
0.3042 0.275644
0.30455 0.2766292999999999
0.3049 0.2769915
0.30525 0.2770815
0.3056 0.2770815
0.30595 0.2769862
0.3063 0.2768406
0.30665 0.2766565
0.307 0.2764389
0.30735 0.2761849
0.3077 0.2758857999999999
0.30805 0.2755227
0.3084 0.2750587
0.30875 0.2744335
0.3091 0.2734578
0.30945 0.2717342
0.3098 0.2681544
0.31015 0.2663313
0.3105 0.2663313
0.31085 0.2703692
0.3112 0.2718653
0.31155 0.2724665
0.3119 0.272667
0.31225 0.272667
0.3126 0.2725580999999999
0.31295 0.272382
0.3133 0.272162
0.31365 0.2719134
0.314 0.2716392
0.31435 0.2713489
0.3147 0.2710387999999999
0.31505 0.2707176
0.3154 0.270383
0.31575 0.2700351
0.3161 0.2696740999999999
0.31645 0.2692996
0.3168 0.268911
0.31715 0.2685077
0.3175 0.2680882
0.31785 0.2676507999999999
0.3182 0.2672005
0.31855 0.2667184999999999
0.3189 0.2662155
0.31925 0.2656640999999999
0.3196 0.2650677999999999
0.31995 0.2643877
0.3203 0.2635625
0.32065 0.2624484
0.321 0.2606391
0.32135 0.2564751
0.3217 0.2543241
0.32205 0.2543241
0.3224 0.2585675
0.32275 0.2593764
0.3231 0.2593764
0.32345 0.2589944
0.3238 0.2584341
0.32415 0.2577784
0.3245 0.2570437
0.32485 0.256219
0.3252 0.2553364999999999
0.32555 0.2543724
0.3259 0.2533132
0.32625 0.2521401
0.3266 0.2508281
0.32695 0.2493846
0.3273 0.2476962
0.32765 0.2457485999999999
0.328 0.2435482
0.32835 0.2409057
0.3287 0.2378617
0.32905 0.2341202
0.3294 0.2288637
0.32975 0.2210165
0.3301 0.2095732999999999
0.33045 0.2095732999999999
0.3308 0.220823
0.33115 0.2278009
0.3315 0.2321993
0.33185 0.2353474
0.3322 0.2378449
0.33255 0.2398362999999999
0.3329 0.2415578
0.33325 0.2429396999999999
0.3336 0.2441388
0.33395 0.2451044
0.3343 0.2459529
0.33465 0.2466433999999999
0.335 0.2472356
0.33535 0.2477477
0.3357 0.2481939
0.33605 0.2486054999999999
0.3364 0.2489308999999999
0.33675 0.2492373
0.3371 0.2495092
0.33745 0.2497498
0.3378 0.2499626
0.33815 0.2501357
0.3385 0.2502981999999999
0.33885 0.250423
0.3392 0.2505343
0.33955 0.2506063
0.3399 0.2506565
0.34025 0.2506565
0.3406 0.2506193
0.34095 0.2505219999999999
0.3413 0.2503509
0.34165 0.2500806
0.342 0.2496731999999999
0.34235 0.2490722
0.3427 0.2481916
0.34305 0.2468993
0.3434 0.2450466
0.34375 0.2420998999999999
0.3441 0.2367452
0.34445 0.224553
0.3448 0.224553
0.34515 0.2337536
0.3455 0.2397798
0.34585 0.2429314
0.3462 0.2448786
0.34655 0.2462637
0.3469 0.2472889
0.34725 0.2480659999999999
0.3476 0.2486655
0.34795 0.2491347
0.3483 0.2495058999999999
0.34865 0.249803
0.349 0.2500417
0.34935 0.2502205
0.3497 0.2503779
0.35005 0.250505
0.3504 0.2505959
0.35075 0.2506778
0.3511 0.2507319
0.35145 0.2507717
0.3518 0.2508081
0.35215 0.2508242
0.3525 0.2508284
0.35285 0.2508284
0.3532 0.2508184
0.35355 0.2508014
0.3539 0.2507778
0.35425 0.2507484
0.3546 0.250713
0.35495 0.2506728
0.3553 0.2506277999999999
0.35565 0.2505699
0.356 0.2504942
0.35635 0.2504529
0.3567 0.2503938
0.35705 0.2502517
0.3574 0.2501716
0.35775 0.2501607999999999
0.3581 0.2500583999999999
0.35845 0.2499969999999999
0.3588 0.2499041
0.35915 0.249836
0.3595 0.249576
0.35985 0.2495227
0.3602 0.2493936
0.36055 0.2493166
0.3609 0.2492343
0.36125 0.2492343
0.3616 0.2491268999999999
0.36195 0.2490364
0.3623 0.2488782
0.36265 0.2488014999999999
0.363 0.2486864999999999
0.36335 0.2485610999999999
0.3637 0.2484393999999999
0.36405 0.2482623999999999
0.3644 0.2481885
0.36475 0.2480572999999999
0.3651 0.2479234
0.36545 0.2477811
0.3658 0.2476228
0.36615 0.2474992
0.3665 0.2473659
0.36685 0.2472126
0.3672 0.2470621
0.36755 0.2469184999999999
0.3679 0.2467561
0.36825 0.246603
0.3686 0.2464068999999999
0.36895 0.2462924
0.3693 0.2461112999999999
0.36965 0.2459585
0.37 0.2457382
0.37035 0.2455987
0.3707 0.2453669
0.37105 0.2452243
0.3714 0.2450853
0.37175 0.244873
0.3721 0.2446621
0.37245 0.2445197999999999
0.3728 0.2442732999999999
0.37315 0.2441409
0.3735 0.2438482
0.37385 0.2437203
0.3742 0.2435013
0.37455 0.2432569
0.3749 0.2429086
0.37525 0.2428126
0.3756 0.2424842
0.37595 0.2424663999999999
0.3763 0.2419992
0.37665 0.2417363
0.377 0.2417363
0.37735 0.2415306
0.3777 0.2412299
0.37805 0.2409496
0.3784 0.2407907
0.37875 0.2401732999999999
0.3791 0.2400813999999999
0.37945 0.2395422999999999
0.3798 0.2393718
0.38015 0.2393718
0.3805 0.2390082
0.38085 0.2388866
0.3812 0.2386177
0.38155 0.2383152999999999
0.3819 0.2378385999999999
0.38225 0.2375021
0.3826 0.2373468
0.38295 0.237088
0.3833 0.2366482999999999
0.38365 0.2364385
0.384 0.2360244
0.38435 0.2357617
0.3847 0.2353875
0.38505 0.2350389
0.3854 0.2346552
0.38575 0.234265
0.3861 0.233878
0.38645 0.2334565
0.3868 0.2330397999999999
0.38715 0.2325931
0.3875 0.2321356
0.38785 0.2316998
0.3882 0.2312697
0.38855 0.2307625
0.3889 0.2301847
0.38925 0.2295868
0.3896 0.2292212999999999
0.38995 0.2286308999999999
0.3903 0.2280822
0.39065 0.2275872
0.391 0.2269734
0.39135 0.2263974
0.3917 0.2256792
0.39205 0.2250547
0.3924 0.2244333999999999
0.39275 0.2236607
0.3931 0.2230018999999999
0.39345 0.2222992
0.3938 0.2215219
0.39415 0.2206043999999999
0.3945 0.2199126
0.39485 0.2189462999999999
0.3952 0.2181683999999999
0.39555 0.217281
0.3959 0.2161571
0.39625 0.2151286
0.3966 0.2142072
0.39695 0.2132732
0.3973 0.2121384
0.39765 0.2109921
0.398 0.209675
0.39835 0.2087313999999999
0.3987 0.2071682
0.39905 0.205956
0.3994 0.2048587
0.39975 0.2034376
0.4001 0.2019816
0.40045 0.2004312
0.4008 0.1987094
0.40115 0.1958884
0.4015 0.1952787999999999
0.40185 0.1932732
0.4022 0.1906291
0.40255 0.1882893
0.4029 0.1848952
0.40325 0.1806304
0.4036 0.1749195
0.40395 0.1683658999999999
0.4043 0.1510618
0.40465 0.1510618
0.405 0.1643382
0.40535 0.171995
0.4057 0.1771659
0.40605 0.1811377
0.4064 0.1842425
0.40675 0.1864853
0.4071 0.188263
0.40745 0.1897638999999999
0.4078 0.1910539
0.40815 0.1922029
0.4085 0.1922029
0.40885 0.1932458999999999
0.4092 0.1951601
0.40955 0.1960521
0.4099 0.1968442
0.41025 0.1976739
0.4106 0.198372
0.41095 0.1990618999999999
0.4113 0.1996657999999999
0.41165 0.2003613
0.412 0.2008055
0.41235 0.2014766
0.4127 0.2019503
0.41305 0.2019503
0.4134 0.2024957
0.41375 0.2030899
0.4141 0.2038122
0.41445 0.2041907999999999
0.4148 0.2043933
0.41515 0.2046997
0.4155 0.2046997
0.41585 0.2028237999999999
0.4162 0.2028237999999999
0.41655 0.2057498999999999
0.4169 0.2061042
0.41725 0.2062167999999999
0.4176 0.2064369
0.41795 0.206454
0.4183 0.2065987999999999
0.41865 0.2067737
0.419 0.2068925999999999
0.41935 0.2072571
0.4197 0.2068925999999999
0.42005 0.2060224
0.4204 0.2060224
0.42075 0.2073244
0.4211 0.2078094
0.42145 0.2073244
0.4218 0.2072685
0.42215 0.2072685
0.4225 0.2073728
0.42285 0.2078842
0.4232 0.2078842
0.42355 0.2073901
0.4239 0.2073901
0.42425 0.2076001
0.4246 0.207812
0.42495 0.2080705
0.4253 0.2082599
0.42565 0.2082599
0.426 0.2071521
0.42635 0.2071521
0.4267 0.2075760999999999
0.42705 0.2081984
0.4274 0.2082622
0.42775 0.2082622
0.4281 0.2081375
0.42845 0.2076452
0.4288 0.207535
0.42915 0.205925
0.4295 0.2068297999999999
0.42985 0.2068297999999999
0.4302 0.2068297999999999
0.43055 0.207357
0.4309 0.2061407999999999
0.43125 0.2065866
0.4316 0.2064706
0.43195 0.2065866
0.4323 0.2072458999999999
0.43265 0.2072458999999999
0.433 0.2070292999999999
0.43335 0.2070058
0.4337 0.2065914999999999
0.43405 0.2065804
0.4344 0.2064107
0.43475 0.2063992
0.4351 0.2063992
0.43545 0.2062913999999999
0.4358 0.2060056
0.43615 0.2059102
0.4365 0.205427
0.43685 0.2051442
0.4372 0.2052130999999999
0.43755 0.2051442
0.4379 0.2051007999999999
0.43825 0.2049977
0.4386 0.2049739
0.43895 0.204757
0.4393 0.2046618999999999
0.43965 0.2039195
0.44 0.2036145
0.44035 0.2026442
0.4407 0.2024451
0.44105 0.2024451
0.4414 0.2024084
0.44175 0.2019783
0.4421 0.2019783
0.44245 0.2019783
0.4428 0.2026762
0.44315 0.2025063999999999
0.4435 0.2025063999999999
0.44385 0.2005526
0.4442 0.2005526
0.44455 0.2016437
0.4449 0.2016437
0.44525 0.200044
0.4456 0.200044
0.44595 0.2004467
0.4463 0.2006769
0.44665 0.2006769
0.447 0.2005607999999999
0.44735 0.2002436
0.4477 0.2001567
0.44805 0.2001567
0.4484 0.1989727
0.44875 0.1999791
0.4491 0.1994957
0.44945 0.1994957
0.4498 0.1992266
0.45015 0.1991297
0.4505 0.1990013
0.45085 0.1982419
0.4512 0.1977818999999999
0.45155 0.1977045
0.4519 0.1974042999999999
0.45225 0.1976032
0.4526 0.1974469
0.45295 0.1974469
0.4533 0.1972337
0.45365 0.1968353
0.454 0.1968353
0.45435 0.1960958
0.4547 0.1959453
0.45505 0.1959453
0.4554 0.1959108
0.45575 0.19493
0.4561 0.1941227999999999
0.45645 0.19493
0.4568 0.1938846
0.45715 0.194383
0.4575 0.1941135
0.45785 0.1941135
0.4582 0.1937742999999999
0.45855 0.1937453999999999
0.4589 0.1934472
0.45925 0.1926382999999999
0.4596 0.1920917999999999
0.45995 0.1923465
0.4603 0.1923465
0.46065 0.1923465
0.461 0.1922781
0.46135 0.1920812999999999
0.4617 0.1919073999999999
0.46205 0.1915035
0.4624 0.1911943
0.46275 0.1911941
0.4631 0.1909826
0.46345 0.190474
0.4638 0.1901252
0.46415 0.1900502
0.4645 0.1896298
0.46485 0.1895459
0.4652 0.1884196
0.46555 0.1884196
0.4659 0.1880892
0.46625 0.1871874
0.4666 0.18688
0.46695 0.18688
0.4673 0.186566
0.46765 0.1845677999999999
0.468 0.1839467
0.46835 0.1839053
0.4687 0.1808408
0.46905 0.1763527999999999
0.4694 0.1808408
0.46975 0.1836312
0.4701 0.1836312
0.47045 0.1836312
0.4708 0.183063
0.47115 0.1825857
0.4715 0.1818494
0.47185 0.1805482
0.4722 0.1767967
0.47255 0.1771357
0.4729 0.1771357
0.47325 0.1803391
0.4736 0.1807918999999999
0.47395 0.1803391
0.4743 0.1801722
0.47465 0.1785881
0.475 0.1800369
0.47535 0.1601861
0.4757 0.1798991
0.47605 0.1772517
0.4764 0.1772517
0.47675 0.1772517
0.4771 0.1757258
0.47745 0.1778183
0.4778 0.1764025
0.47815 0.1769365
0.4785 0.1766049
0.47885 0.1766049
0.4792 0.1758607
0.47955 0.1755114
0.4799 0.1751527
0.48025 0.1747667
0.4806 0.1744775
0.48095 0.1739357
0.4813 0.1735662999999999
0.48165 0.1724401
0.482 0.1717572
0.48235 0.1710402
0.4827 0.1710402
0.48305 0.170011
0.4834 0.1679387
0.48375 0.1664328
0.4841 0.1664328
0.48445 0.1641875
0.4848 0.1596307
0.48515 0.1617818
0.4855 0.1617818
0.48585 0.1617818
0.4862 0.1628614
0.48655 0.1628614
0.4869 0.1645569
0.48725 0.1645569
0.4876 0.1599712
0.48795 0.158779
0.4883 0.1599712
0.48865 0.1630822999999999
0.489 0.1647208999999999
0.48935 0.1630822999999999
0.4897 0.1641854
0.49005 0.1629934999999999
0.4904 0.1629934999999999
0.49075 0.160084
0.4911 0.160084
0.49145 0.160084
0.4918 0.1613676
0.49215 0.1596322
0.4925 0.1593576
0.49285 0.1550746
0.4932 0.1550746
0.49355 0.1561056
0.4939 0.1561056
0.49425 0.1561056
0.4946 0.1554607
0.49495 0.1566007
0.4953 0.1555892
0.49565 0.1561111
0.496 0.1555892
0.49635 0.1554806
0.4967 0.1553575
0.49705 0.1549185
0.4974 0.1540005
0.49775 0.1528681
0.4981 0.1521099
0.49845 0.1511321
0.4988 0.1511321
0.49915 0.1513582999999999
0.4995 0.1513582999999999
0.49985 0.1506196
0.50055 0.143218
0.5009 0.143218
0.50125 0.1473462999999999
0.5016 0.1473462999999999
0.50195 0.1460018
0.5023 0.145868
0.50265 0.1420592999999999
0.503 0.1160318
0.50335 0.1255051
0.5037 0.1255051
0.50405 0.1264672
0.5044 0.1405911
0.50475 0.1405911
0.5051 0.1417686
0.50545 0.1417686
0.5058 0.1415039
0.50615 0.1404571
0.5065 0.1371483
0.50685 0.1322751
0.5072 0.1322751
0.50755 0.1341021
0.5079 0.1341021
0.50825 0.1341021
0.5086 0.135088
0.50895 0.135088
0.5093 0.1343897
0.50965 0.1336381
0.51 0.1336381
0.51035 0.1341352999999999
0.5107 0.1341352999999999
0.51105 0.1338334
0.5114 0.1335474999999999
0.51175 0.1333587
0.5121 0.1333587
0.51245 0.1354823999999999
0.5128 0.1354823999999999
0.51315 0.1321013999999999
0.5135 0.1321013999999999
0.51385 0.1304085
0.5142 0.1304085
0.51455 0.1304085
0.5149 0.130089
0.51525 0.1322499
0.5156 0.1325699
0.51595 0.1325699
0.5163 0.1315447
0.51665 0.1313183
0.517 0.1313183
0.51735 0.13061
0.5177 0.130519
0.51805 0.1300155999999999
0.5184 0.1298633
0.51875 0.1298633
0.5191 0.1296417
0.51945 0.1283989
0.5198 0.1283989
0.52015 0.1283652
0.5205 0.1278333999999999
0.52085 0.1276537
0.5212 0.1270628
0.52155 0.1269755
0.5219 0.1260227
0.52225 0.1256812
0.5226 0.125177
0.52295 0.1251555
0.5233 0.116848
0.52365 0.116848
0.524 0.1158038
0.52435 0.1228038
0.5247 0.1225299
0.52505 0.1225299
0.5254 0.1219693
0.52575 0.1217801
0.5261 0.120584
0.52645 0.1204991
0.5268 0.1197188
0.52715 0.1182563999999999
0.5275 0.1181529
0.52785 0.1181529
0.5282 0.1181323
0.52855 0.1181323
0.5289 0.1168984999999999
0.52925 0.1161486
0.5296 0.1141703
0.52995 0.1156656
0.5303 0.1139704
0.53065 0.1133466
0.531 0.1133466
0.53135 0.1137276
0.5317 0.1137276
0.53205 0.1111138
0.5324 0.1102156
0.53275 0.1107378
0.5331 0.1106938999999999
0.53345 0.1107378
0.5338 0.1106938999999999
0.53415 0.1105673
0.5345 0.1101472999999999
0.53485 0.10894
0.5352 0.1083104
0.53555 0.1080796
0.5359 0.1070317
0.53625 0.1070317
0.5366 0.10657
0.53695 0.1053414
0.5373 0.1053414
0.53765 0.1045878
0.538 0.1041691
0.53835 0.1033538
0.5387 0.1017528
0.53905 0.1013054999999999
0.5394 0.1008673
0.53975 0.099423
0.5401 0.099423
0.54045 0.0962308
0.5408 0.0945044
0.54115 0.0945044
0.5415 0.0923911999999999
0.54185 0.0917432
0.5422 0.0917432
0.54255 0.0911095
0.5429 0.0903605
0.54325 0.0898484
0.5436 0.0898484
0.54395 0.0898313
0.5443 0.0898313
0.54465 0.0910515
0.545 0.0910515
0.54535 0.094053
0.5457 0.0936807
0.54605 0.0936807
0.5464 0.0893321
0.54675 0.0893321
0.5471 0.0893321
0.54745 0.0919061
0.5478 0.0911414
0.54815 0.0919061
0.5485 0.0921335
0.54885 0.0921335
0.5492 0.0920692999999999
0.54955 0.0905826
0.5499 0.0878826
0.55025 0.0896476
0.5506 0.0896476
0.55095 0.0896476
0.5513 0.0892389
0.55165 0.0891994
0.552 0.0878666999999999
0.55235 0.087626
0.5527 0.0873921
0.55305 0.0873921
0.5534 0.0870599
0.55375 0.0870599
0.5541 0.0860683
0.55445 0.0846698999999999
0.5548 0.0846698999999999
0.55515 0.0846698999999999
0.5555 0.083465
0.55585 0.0846028
0.5562 0.0837871
0.55655 0.0837871
0.5569 0.080957
0.55725 0.080957
0.5576 0.0815853999999999
0.55795 0.0818919
0.5583 0.0815853999999999
0.55865 0.081633
0.559 0.0810386
0.55935 0.0809923999999999
0.5597 0.0805796
0.56005 0.0801818
0.5604 0.0794645
0.56075 0.0794536999999999
0.5611 0.0788524999999999
0.56145 0.0785358
0.5618 0.0779116
0.56215 0.0777952
0.5625 0.0771659
0.56285 0.0767911999999999
0.5632 0.0767911999999999
0.56355 0.076193
0.5639 0.075778
0.56425 0.0750294
0.5646 0.0745332
0.56495 0.0745332
0.5653 0.0737133999999999
0.56565 0.0736208
0.566 0.0734598
0.56635 0.0713342
0.5667 0.0710258999999999
0.56705 0.0710258999999999
0.5674 0.070794
0.56775 0.070794
0.5681 0.0639645
0.56845 0.0635145
0.5688 0.0639637
0.56915 0.0639637
0.5695 0.0639637
0.56985 0.0554471999999999
0.5702 0.0554471999999999
0.57055 0.0675496
0.5709 0.0675496
0.57125 0.0675496
0.5716 0.066187
0.57195 0.0673366
0.5723 0.066187
0.57265 0.0660263999999999
0.573 0.0660263999999999
0.57335 0.063238
0.5737 0.065369
0.57405 0.063697
0.5744 0.063697
0.57475 0.0576548999999999
0.5751 0.0573019
0.57545 0.0576548999999999
0.5758 0.0637161
0.57615 0.0641603
0.5765 0.0641603
0.57685 0.0619231
0.5772 0.0609649
0.57755 0.0609649
0.5779 0.0609649
0.57825 0.0610837
0.5786 0.0588919999999999
0.57895 0.0595109
0.5793 0.0594105
0.57965 0.0594105
0.58 0.0585673
0.58035 0.0581508
0.5807 0.0558462
0.58105 0.0558462
0.5814 0.0569336
0.58175 0.0569336
0.5821 0.0566471999999999
0.58245 0.0559328
0.5828 0.0546419999999999
0.58315 0.0539264999999999
0.5835 0.0533464
0.58385 0.0532321
0.5842 0.053222
0.58455 0.053222
0.5849 0.0515732
0.58525 0.0512049
0.5856 0.0512049
0.58595 0.0512049
0.5863 0.0474381
0.58665 0.0474381
0.587 0.0494202
0.58735 0.0494202
0.5877 0.045854
0.58805 0.0397838
0.5884 0.0397838
0.58875 0.038609
0.5891 0.038609
0.58945 0.038609
0.5898 0.0268719
0.59015 0.0268719
0.5905 0.044358
0.59085 0.044358
0.5912 0.0446048
0.59155 0.0446048
0.5919 0.0466399
0.59225 0.0479135
0.5926 0.0481462
0.59295 0.0487871
0.5933 0.0487871
0.59365 0.0487871
0.594 0.0372653
0.59435 0.0372653
0.5947 0.0372653
0.59505 0.0430702
0.5954 0.0439958
0.59575 0.0439958
0.5961 0.0439958
0.59645 0.0503676999999999
0.5968 0.0503676999999999
0.59715 0.0508651
0.5975 0.0489991
0.59785 0.0472931999999999
0.5982 0.0472931999999999
0.59855 0.0449139999999999
0.5989 0.0452683
0.59925 0.0449139999999999
0.5996 0.0452683
0.59995 0.0487159
0.6003 0.0487159
0.60065 0.0303942
0.601 0.0303942
0.60135 0.0510879
0.6017 0.0514579
0.60205 0.0514579
0.6024 0.0532379
0.60275 0.0532379
0.6031 0.0541548
0.60345 0.0541548
0.6038 0.0541548
0.60415 0.0534150999999999
0.6045 0.0519781999999999
0.60485 0.0444055
0.6052 0.0519781999999999
0.60555 0.0552389
0.6059 0.0552389
0.60625 0.0584117
0.6066 0.0531088
0.60695 0.0539187999999999
0.6073 0.0526682
0.60765 0.0539187999999999
0.608 0.0530643
0.60835 0.0543498
0.6087 0.0530643
0.60905 0.0514259
0.6094 0.0514259
0.60975 0.0519909999999999
0.6101 0.0543789
0.61045 0.0526437
0.6108 0.0537280999999999
0.61115 0.0537280999999999
0.6115 0.0548562
0.61185 0.0548562
0.6122 0.0535643
0.61255 0.05342
0.6129 0.0517748
0.61325 0.0512177
0.6136 0.0513005999999999
0.61395 0.0513005999999999
0.6143 0.0513005999999999
0.61465 0.0505240999999999
0.615 0.0501865
0.61535 0.0501865
0.6157 0.0736
0.61605 0.0736
0.6164 0.0478884
0.61675 0.0478884
0.6171 0.0478884
0.61745 0.0534459
0.6178 0.0469700999999999
0.61815 0.0446938
0.6185 0.0444878
0.61885 0.0444878
0.6192 0.0436381999999999
0.61955 0.0449175
0.6199 0.045028
0.62025 0.045028
0.6206 0.0446337
0.62095 0.0446337
0.6213 0.0458535
0.62165 0.0460876
0.622 0.0472661
0.62235 0.0484043
0.6227 0.0493326
0.62305 0.0499578
0.6234 0.0504726
0.62375 0.0504726
0.6241 0.0524913
0.62445 0.0524913
0.6248 0.053144
0.62515 0.0542056
0.6255 0.0542056
0.62585 0.0544071
0.6262 0.0548918
0.62655 0.0548918
0.6269 0.0541952
0.62725 0.0541952
0.6276 0.0541952
0.62795 0.0557745
0.6283 0.055119
0.62865 0.0558008
0.629 0.0559246
0.62935 0.0559246
0.6297 0.055994
0.63005 0.0561316
0.6304 0.0561316
0.63075 0.055215
0.6311 0.0547721
0.63145 0.0515285
0.6318 0.0488916999999999
0.63215 0.0488916999999999
0.6325 0.0540362
0.63285 0.0544638
0.6332 0.0544638
0.63355 0.0537121999999999
0.6339 0.0537121999999999
0.63425 0.0547978
0.6346 0.0547978
0.63495 0.0541596
0.6353 0.0541596
0.63565 0.0541596
0.636 0.0539621
0.63635 0.0539621
0.6367 0.0532577
0.63705 0.0532577
0.6374 0.0532577
0.63775 0.0470557
0.6381 0.0478161
0.63845 0.0478161
0.6388 0.0478161
0.63915 0.0518748
0.6395 0.0521781999999999
0.63985 0.0523516
0.6402 0.0542978
0.64055 0.0542978
0.6409 0.0529173
0.64125 0.0525592
0.6416 0.0510145999999999
0.64195 0.0510329999999999
0.6423 0.0510329999999999
0.64265 0.0528719
0.643 0.0528719
0.64335 0.0528719
0.6437 0.04712
0.64405 0.042046
0.6444 0.042046
0.64475 0.048819
0.6451 0.048819
0.64545 0.048819
0.6458 0.0264450999999999
0.64615 0.0152366
0.6465 0.0152366
0.64685 0.0368541
0.6472 0.0402783
0.64755 0.0482665
0.6479 0.0482665
0.64825 0.0380101
0.6486 0.0380101
0.64895 0.0445105
0.6493 0.0469221
0.64965 0.0507696
0.65 0.0507696
0.65035 0.0519702
0.6507 0.0459504
0.65105 0.0521845
0.6514 0.0435640999999999
0.65175 0.0435640999999999
0.6521 0.0435640999999999
0.65245 0.0464006
0.6528 0.0464006
0.65315 0.0476794
0.6535 0.0395216
0.65385 0.050182
0.6542 0.0395216
0.65455 0.047286
0.6549 0.047286
0.65525 0.047286
0.6556 0.0369448
0.65595 0.0317588
0.6563 0.0317588
0.65665 0.0433270999999999
0.657 0.0433270999999999
0.65735 0.0355944
0.6577 0.0299820999999999
0.65805 0.0355944
0.6584 0.0299981
0.65875 0.0463390999999999
0.6591 0.046487
0.65945 0.046487
0.6598 0.048109
0.66015 0.0483698
0.6605 0.0510535
0.66085 0.0483698
0.6612 0.04195
0.66155 0.04195
0.6619 0.045251
0.66225 0.0453055
0.6626 0.0471517
0.66295 0.0467443
0.6633 0.0467443
0.66365 0.0455474
0.664 0.0455474
0.66435 0.0455474
0.6647 0.0464227
0.66505 0.0470288
0.6654 0.0470288
0.66575 0.042032
0.6661 0.042032
0.66645 0.0431267
0.6668 0.0458719
0.66715 0.0458719
0.6675 0.0461854
0.66785 0.0463042
0.6682 0.0463042
0.66855 0.0412051
0.6689 0.0412051
0.66925 0.0458923
0.6696 0.0460778
0.66995 0.0458923
0.6703 0.0460778
0.67065 0.0480964
0.671 0.0480964
0.67135 0.0475008
0.6717 0.0474923
0.67205 0.0475008
0.6724 0.0474923
0.67275 0.0478436
0.6731 0.0478436
0.67345 0.0478436
0.6738 0.0489785
0.67415 0.0474711
0.6745 0.0473018
0.67485 0.0467126
0.6752 0.0473018
0.67555 0.0437373
0.6759 0.0477743
0.67625 0.0453734
0.6766 0.0477743
0.67695 0.0474544
0.6773 0.0482057
0.67765 0.0478536
0.678 0.0478536
0.67835 0.0478536
0.6787 0.0468426
0.67905 0.0468805
0.6794 0.0468805
0.67975 0.0471026
0.6801 0.0471026
0.68045 0.0470644999999999
0.6808 0.0445543
0.68115 0.0445543
0.6815 0.0445543
0.68185 0.0438884
0.6822 0.0438884
0.68255 0.0437531
0.6829 0.0449117
0.68325 0.0442976
0.6836 0.0445124
0.68395 0.0442976
0.6843 0.0420614
0.68465 0.0420614
0.685 0.0429075
0.68535 0.0448786
0.6857 0.0448786
0.68605 0.0441364
0.6864 0.0425517
0.68675 0.0404005
0.6871 0.0404005
0.68745 0.0419596999999999
0.6878 0.0440245
0.68815 0.0428012
0.6885 0.0430645999999999
0.68885 0.0428012
0.6892 0.0430645999999999
0.68955 0.0324575
0.6899 0.0407503
0.69025 0.0400533999999999
0.6906 0.0407503
0.69095 0.0400533999999999
0.6913 0.0422089
0.69165 0.0355431
0.692 0.0198737
0.69235 0.0198737
0.6927 0.0253944
0.69305 0.0253944
0.6934 0.0234039
0.69375 0.0234039
0.6941 0.0235131
0.69445 0.0334386999999999
0.6948 0.0355402
0.69515 0.0355402
0.6955 0.0286384
0.69585 0.0286384
0.6962 0.0326457999999999
0.69655 0.0326457999999999
0.6969 0.0300945999999999
0.69725 0.0300945999999999
0.6976 0.0247314
0.69795 0.0307793
0.6983 0.0307793
0.69865 0.0307793
0.699 0.0336162
0.69935 0.0358413
0.6997 0.0358413
0.70005 0.0212317
0.7004 0.0207918
0.70075 0.0207918
0.7011 0.0292757999999999
0.70145 0.0292757999999999
0.7018 0.0292757999999999
0.70215 0.0282495
0.7025 0.0282495
0.70285 0.0182606
0.7032 0.0182606
0.70355 0.022931
0.7039 0.029069
0.70425 0.022931
0.7046 0.0259288999999999
0.70495 0.0220502
0.7053 0.0259288999999999
0.70565 0.0319253
0.706 0.0319253
0.70635 0.0262692
0.7067 0.0262692
0.70705 0.0262692
0.7074 0.0134007999999999
0.70775 0.0134007999999999
0.7081 0.0189745
0.70845 0.0189745
0.7088 0.0194810999999999
0.70915 0.0160434
0.7095 0.0194810999999999
0.70985 0.0122694
0.7102 0.0243599
0.71055 0.0055701
0.7109 0.0125602
0.71125 0.0125602
0.7116 0.0190294999999999
0.71195 0.0276302
0.7123 0.0276302
0.71265 0.0225438
0.713 0.0215781
0.71335 0.0215781
0.7137 0.0221659999999999
0.71405 0.0221659999999999
0.7144 0.0175723
0.71475 0.0175723
0.7151 0.0245113
0.71545 0.0245113
0.7158 0.02474
0.71615 0.0155744
0.7165 0.0055226
0.71685 0.0055226
0.7172 0.0064681
0.71755 0.0064681
0.7179 0.0064681
0.71825 0.0137043
0.7186 0.0137043
0.71895 0.0041242
0.7193 0.0039013
0.71965 0.0041242
0.72 0.0046189
0.72035 0.0082392
0.7207 0.011878
0.72105 0.011878
0.7214 0.0127304
0.72175 0.0058162
0.7221 0.0148954
0.72245 0.0120267999999999
0.7228 0.0120267999999999
0.72315 0.0061224
0.7235 0.0040917
0.72385 0.0040917
0.7242 0.0040917
0.72455 0.006465
0.7249 0.006465
0.72525 0.006465
0.7256 0.0059057
0.72595 0.0046946
0.7263 0.0033830999999999
0.72665 0.0046946
0.727 0.0023565
0.72735 0.0081238
0.7277 0.0070867
0.72805 0.0081238
0.7284 0.0095907999999999
0.72875 0.0109781
0.7291 0.0109781
0.72945 0.0080978
0.7298 0.0067664
0.73015 0.007495
0.7305 0.007495
0.73085 0.007495
0.7312 0.0097576
0.73155 0.0072393999999999
0.7319 0.0097576
0.73225 0.0064776
0.7326 0.0064776
0.73295 0.0052366
0.7333 0.0052366
0.73365 0.0159834
0.734 0.0159834
0.73435 0.0109929
0.7347 0.0109929
0.73505 0.0164320999999999
0.7354 0.0198498
0.73575 0.0198498
0.7361 0.0144268
0.73645 0.0118249
0.7368 0.0118249
0.73715 0.0118249
0.7375 0.0087086
0.73785 0.0205757
0.7382 0.0160054
0.73855 0.0160054
0.7389 0.0109286
0.73925 0.0109286
0.7396 0.0107695
0.73995 0.0107695
0.7403 0.0107695
0.74065 0.0196243
0.741 0.0196243
0.74135 0.0196243
0.7417 0.0217108
0.74205 0.0244605
0.7424 0.0244605
0.74275 0.022686
0.7431 0.022686
0.74345 0.022686
0.7438 0.0213847
0.74415 0.0198706999999999
0.7445 0.0198706999999999
0.74485 0.0244566
0.7452 0.0244566
0.74555 0.0244566
0.7459 0.0151312
0.74625 0.0204419
0.7466 0.0204419
0.74695 0.0204419
0.7473 0.0259645999999999
0.74765 0.0262653
0.748 0.0262653
0.74835 0.0254784
0.7487 0.0236755999999999
0.74905 0.0236755999999999
0.7494 0.0219691
0.74975 0.0236889999999999
0.7501 0.0253069
0.75045 0.0253069
0.7508 0.0258534
0.75115 0.0229974
0.7515 0.0229974
0.75185 0.0229974
0.7522 0.0204418
0.75255 0.0238788
0.7529 0.0239522
0.75325 0.0245579
0.7536 0.0239522
0.75395 0.0245579
0.7543 0.0259842
0.75465 0.0266548
0.755 0.0266548
0.75535 0.0248384
0.7557 0.0248384
0.75605 0.0248384
0.7564 0.0248324
0.75675 0.0248324
0.7571 0.022503
0.75745 0.0210221
0.7578 0.0209042
0.75815 0.0209042
0.7585 0.0230988
0.75885 0.0230988
0.7592 0.0228044
0.75955 0.0228044
0.7599 0.0224247999999999
0.76025 0.0224247999999999
0.7606 0.0209715
0.76095 0.0209715
0.7613 0.0215212
0.76165 0.0215212
0.762 0.0211172
0.76235 0.0208209
0.7627 0.02051
0.76305 0.0203834
0.7634 0.0200416
0.76375 0.0196112
0.7641 0.0196112
0.76445 0.0188989
0.7648 0.0188989
0.76515 0.0230865
0.7655 0.0230865
0.76585 0.0189916
0.7662 0.0181882
0.76655 0.0181882
0.7669 0.0189071
0.76725 0.018953
0.7676 0.0189071
0.76795 0.0179287
0.7683 0.0172694
0.76865 0.0082089
0.769 0.0172694
0.76935 0.0179685
0.7697 0.0179685
0.77005 0.0179685
0.7704 0.0178179
0.77075 0.0182227
0.7711 0.0182227
0.77145 0.0186238
0.7718 0.0188109
0.77215 0.0188629999999999
0.7725 0.0188109
0.77285 0.0185233
0.7732 0.0184259999999999
0.77355 0.0185233
0.7739 0.0189055
0.77425 0.019255
0.7746 0.019255
0.77495 0.0196997
0.7753 0.0195709
0.77565 0.0197993
0.776 0.0195709
0.77635 0.0187614
0.7767 0.0187614
0.77705 0.0193512
0.7774 0.0193512
0.77775 0.0189532
0.7781 0.0187484
0.77845 0.0187484
0.7788 0.0206734
0.77915 0.0206734
0.7795 0.0186440999999999
0.77985 0.0174517
0.7802 0.0186440999999999
0.78055 0.0159673
0.7809 0.0218692
0.78125 0.0200643
0.7816 0.0200643
0.78195 0.0198058
0.7823 0.0165553
0.78265 0.0166634
0.783 0.0166634
0.78335 0.0166634
0.7837 0.0177392
0.78405 0.0154572
0.7844 0.015224
0.78475 0.015224
0.7851 0.0181494
0.78545 0.0181494
0.7858 0.0181494
0.78615 0.0186854
0.7865 0.0186854
0.78685 0.0128849999999999
0.7872 0.0128849999999999
0.78755 0.0141987
0.7879 0.0184255
0.78825 0.0183779
0.7886 0.0183779
0.78895 0.0183779
0.7893 0.0181156
0.78965 0.0178177
0.79 0.0162597999999999
0.79035 0.0178177
0.7907 0.0184814
0.79105 0.0184814
0.7914 0.0184814
0.79175 0.0172447
0.7921 0.0181113
0.79245 0.0174277
0.7928 0.0174277
0.79315 0.0166315999999999
0.7935 0.0166315999999999
0.79385 0.0167043
0.7942 0.0173282999999999
0.79455 0.0167043
0.7949 0.0143536
0.79525 0.0099288
0.7956 0.0143536
0.79595 0.0074998999999999
0.7963 0.0074998999999999
0.79665 0.0074998999999999
0.797 0.0115899
0.79735 0.0115899
0.7977 0.0148753999999999
0.79805 0.0148753999999999
0.7984 0.0148753999999999
0.79875 0.0149407
0.7991 0.015471
0.79945 0.015471
0.7998 0.0121495
0.80015 0.0121495
0.8005 0.016576
0.80085 0.016576
0.8012 0.0162268
0.80155 0.0132782999999999
0.8019 0.0112242
0.80225 0.010281
0.8026 0.010281
0.80295 0.0151081999999999
0.8033 0.0151081999999999
0.80365 0.0138594
0.804 0.0138594
0.80435 0.0151656
0.8047 0.0159777
0.80505 0.0159777
0.8054 0.0176134
0.80575 0.0158372
0.8061 0.00687
0.80645 0.00687
0.8068 0.0075626
0.80715 0.0110007
0.8075 0.0110007
0.80785 0.0093167
0.8082 0.0093167
0.80855 0.0164084
0.8089 0.0164084
0.80925 0.0064117
0.8096 0.0064117
0.80995 0.0072496
0.8103 0.0114252
0.81065 0.0114252
0.811 0.0104246
0.81135 0.0095777
0.8117 0.0095777
0.81205 0.00884
0.8124 0.0076694
0.81275 0.00884
0.8131 0.0055931
0.81345 0.0080956999999999
0.8138 0.0080956999999999
0.81415 0.0080956999999999
0.8145 0.0053906
0.81485 0.0022464
0.8152 0.0022464
0.81555 0.0088467
0.8159 0.0100077999999999
0.81625 0.0088467
0.8166 0.0098931
0.81695 0.0098931
0.8173 0.0112461
0.81765 0.0112461
0.818 0.0107446
0.81835 0.0107446
0.8187 0.0107446
0.81905 0.0156637
0.8194 0.0147955
0.81975 0.0147955
0.8201 0.013007
0.82045 0.0103349999999999
0.8208 0.0108436
0.82115 0.0108436
0.8215 0.014706
0.82185 0.0153263
0.8222 0.0158163999999999
0.82255 0.0158163999999999
0.8229 0.0058971
0.82325 0.0022800999999999
0.8236 0.0022800999999999
0.82395 0.0022800999999999
0.8243 0.0123957
0.82465 0.0123957
0.825 0.0156105
0.82535 0.0130665
0.8257 0.0164525999999999
0.82605 0.0130665
0.8264 0.012928
0.82675 0.012928
0.8271 0.012928
0.82745 0.0106946
0.8278 0.0059999
0.82815 0.0106946
0.8285 0.0114317
0.82885 0.0114317
0.8292 0.0114317
0.82955 0.0133756
0.8299 0.0133756
0.83025 0.0055169
0.8306 0.0055169
0.83095 0.0075498999999999
0.8313 0.0107117
0.83165 0.0075498999999999
0.832 0.0067115
0.83235 0.0067115
0.8327 0.0068645
0.83305 0.0105677
0.8334 0.0093561
0.83375 0.0093561
0.8341 0.0026163
0.83445 0.0026163
0.8348 0.0026163
0.83515 0.0113987
0.8355 0.0094922
0.83585 0.0094922
0.8362 0.0081563
0.83655 0.00772
0.8369 0.00772
0.83725 0.0053141
0.8376 0.0036371
0.83795 0.0036371
0.8383 0.007039
0.83865 0.0112676
0.839 0.0112676
0.83935 0.0112676
0.8397 0.0103227
0.84005 0.0086629
0.8404 0.008374
0.84075 0.008374
0.8411 0.0106468999999999
0.84145 0.0106468999999999
0.8418 0.0087055999999999
0.84215 0.0087055999999999
0.8425 0.0126702
0.84285 0.0146454
0.8432 0.0146454
0.84355 0.0130862
0.8439 0.0119316
0.84425 0.0080206999999999
0.8446 0.0119316
0.84495 0.0139941
0.8453 0.0139941
0.84565 0.0139941
0.846 0.0161983
0.84635 0.0161983
0.8467 0.0161983
0.84705 0.0178703
0.8474 0.0178703
0.84775 0.0105218
0.8481 0.0105218
0.84845 0.0131998
0.8488 0.0152643
0.84915 0.0152643
0.8495 0.0152643
0.84985 0.0131986999999999
0.8502 0.0131986999999999
0.85055 0.0139414999999999
0.8509 0.0160184
0.85125 0.0160184
0.8516 0.0160184
0.85195 0.0160599
0.8523 0.0160599
0.85265 0.0133435
0.853 0.0133435
0.85335 0.0156001
0.8537 0.0156001
0.85405 0.0142461
0.8544 0.0142461
0.85475 0.0145889
0.8551 0.0145889
0.85545 0.0143533
0.8558 0.013876
0.85615 0.013876
0.8565 0.0129369
0.85685 0.0129369
0.8572 0.0129369
0.85755 0.0119217
0.8579 0.0094082
0.85825 0.0094082
0.8586 0.009935
0.85895 0.009935
0.8593 0.0091
0.85965 0.0083169
0.86 0.0073842
0.86035 0.0066848999999999
0.8607 0.0066848999999999
0.86105 0.0061154
0.8614 0.0057109
0.86175 0.005565
0.8621 0.0050288
0.86245 0.0050288
0.8628 0.0047312
0.86315 0.0051373
0.8635 0.0050171999999999
0.86385 0.0050171999999999
0.8642 0.0046945
0.86455 0.0046294
0.8649 0.0046945
0.86525 0.004963
0.8656 0.0052937
0.86595 0.0055263
0.8663 0.0061413999999999
0.86665 0.0061413999999999
0.867 0.0050595
0.86735 0.0050595
0.8677 0.0053173
0.86805 0.0076444
0.8684 0.008075
0.86875 0.0088407
0.8691 0.008906
0.86945 0.0091492
0.8698 0.0092171
0.87015 0.0092171
0.8705 0.009406
0.87085 0.0091597
0.8712 0.010086
0.87155 0.0106574
0.8719 0.0106574
0.87225 0.0117537
0.8726 0.0102729
0.87295 0.0081552
0.8733 0.0081552
0.87365 0.0092891
0.874 0.0106532
0.87435 0.0113247
0.8747 0.0129760999999999
0.87505 0.0129760999999999
0.8754 0.0114973
0.87575 0.0092607
0.8761 0.0106887999999999
0.87645 0.0098677
0.8768 0.0098677
0.87715 0.0086057999999999
0.8775 0.0067385
0.87785 0.0067385
0.8782 0.0060982
0.87855 0.0060982
0.8789 0.0078188
0.87925 0.0078188
0.8796 0.0033786
0.87995 0.0031285999999999
0.8803 0.0031497
0.88065 0.0031096
0.881 0.0023531
0.88135 0.0022169
0.8817 0.001646
0.88205 0.0011798
0.8824 0.0007506
0.88275 0.0007506
0.8831 0.0007506
0.88345 0.0007471
0.8838 0.0007369
0.88415 0.0007471
0.8845 0.0009074999999999
0.88485 0.0010549
0.8852 0.0012058
0.88555 0.0012058
0.8859 0.0011017999999999
0.88625 0.0008667999999999
0.8866 0.0005065
0.88695 0.0004381999999999
0.8873 0.0004381999999999
0.88765 0.0004381999999999
0.888 0.0004833
0.88835 0.0005366
0.8887 0.0006696
0.88905 0.0005366
0.8894 0.000715
0.88975 0.0007411
0.8901 0.0008413
0.89045 0.0007861
0.8908 0.0007861
0.89115 0.0007742999999999
0.8915 0.0007742999999999
0.89185 0.0006873
0.8922 0.0007938
0.89255 0.0007938
0.8929 0.000822
0.89325 0.000822
0.8936 0.0007881
0.89395 0.0007375
0.8943 0.0007168
0.89465 0.0007168
0.895 0.0007168
0.89535 0.000684
0.8957 0.000684
0.89605 0.000749
0.8964 0.0008103
0.89675 0.0009920999999999
0.8971 0.0009920999999999
0.89745 0.0009933
0.8978 0.0009933
0.89815 0.0011635
0.8985 0.0011635
0.89885 0.000986
0.8992 0.0004182
0.89955 0.0004182
0.8999 0.0003058
0.90025 0.0003058
0.9006 0.0003058
0.90095 0.0008349
0.9013 0.0014527
0.90165 0.0020297
0.902 0.0020297
0.90235 0.0019463
0.9027 0.0019463
0.90305 0.0018742
0.9034 0.00228
0.90375 0.00228
0.9041 0.0027428
0.90445 0.0033093
0.9048 0.0044655
0.90515 0.0044655
0.9055 0.0035673
0.90585 0.0035673
0.9062 0.0034664
0.90655 0.0039556
0.9069 0.0034664
0.90725 0.0039556
0.9076 0.0040286
0.90795 0.0040286
0.9083 0.0040286
0.90865 0.0024578
0.909 0.0041562
0.90935 0.0024578
0.9097 0.0023815
0.91005 0.0018707
0.9104 0.0020599
0.91075 0.0020599
0.9111 0.0023193
0.91145 0.0024409
0.9118 0.0023193
0.91215 0.0024409
0.9125 0.0037911
0.91285 0.0037911
0.9132 0.0037911
0.91355 0.0028082
0.9139 0.0045581
0.91425 0.0012465999999999
0.9146 0.0043168
0.91495 0.0020213
0.9153 0.0023647
0.91565 0.0023647
0.916 0.0023647
0.91635 0.0031111999999999
0.9167 0.0014315
0.91705 0.0012895
0.9174 0.0010965
0.91775 0.0010965
0.9181 0.0008542
0.91845 0.0008542
0.9188 0.0025552
0.91915 0.0025552
0.9195 0.0006945
0.91985 0.0006945
0.9202 0.0053218
0.92055 0.0053218
0.9209 0.0050911
0.92125 0.0031134
0.9216 0.0020448
0.92195 0.0031134
0.9223 0.0034272
0.92265 0.0038294
0.923 0.0038294
0.92335 0.002416
0.9237 0.0017988
0.92405 0.002416
0.9244 0.0016235
0.92475 0.0045738
0.9251 0.0045738
0.92545 0.0045738
0.9258 0.0043236
0.92615 0.002415
0.9265 0.002415
0.92685 0.002415
0.9272 0.001825
0.92755 0.001825
0.9279 0.0010019999999999
0.92825 0.0022699
0.9286 0.0017456
0.92895 0.0028118
0.9293 0.0021073
0.92965 0.0021073
0.93 0.0005591
0.93035 0.0005591
0.9307 0.0003771
0.93105 0.0010496
0.9314 0.0007382
0.93175 0.0010921
0.9321 0.0012904
0.93245 0.0012904
0.9328 0.0015732
0.93315 0.0016296
0.9335 0.0016296
0.93385 0.0006008999999999
0.9342 0.00045
0.93455 0.0003543
0.9349 0.00045
0.93525 0.0003543
0.9356 0.0007016
0.93595 0.0011349
0.9363 0.0011514
0.93665 0.0011349
0.937 0.0009447
0.93735 0.0009447
0.9377 0.0004787
0.93805 0.0004787
0.9384 0.0004787
0.93875 0.0014259
0.9391 0.0014259
0.93945 0.0015192
0.9398 0.0009638
0.94015 0.0015623
0.9405 0.000593
0.94085 0.0015623
0.9412 0.0019738
0.94155 0.0019738
0.9419 0.0019671
0.94225 0.0017303
0.9426 0.0017303
0.94295 0.00039
0.9433 0.00039
0.94365 0.0005778
0.944 0.0005778
0.94435 0.0001958
0.9447 0.0001958
0.94505 0.0013055
0.9454 0.0013055
0.94575 0.0013055
0.9461 0.0008077
0.94645 0.0008077
0.9468 0.0008077
0.94715 0.0009715
0.9475 0.0009715
0.94785 0.0012735
0.9482 0.0016137
0.94855 0.0017127
0.9489 0.0017127
0.94925 0.000291
0.9496 0.000291
0.94995 0.0003989
0.9503 0.00069
0.95065 0.0021211
0.951 0.0021211
0.95135 0.0009372
0.9517 0.0009372
0.95205 0.0010684
0.9524 0.0010684
0.95275 0.0006977
0.9531 0.0004723
0.95345 0.0004723
0.9538 0.0009267
0.95415 0.0014003
0.9545 0.0014003
0.95485 0.001437
0.9552 0.0011345
0.95555 0.0014974
0.9559 0.0014974
0.95625 0.0014974
0.9566 0.0014558
0.95695 0.000528
0.9573 0.000528
0.95765 0.0022374
0.958 0.0022374
0.95835 0.001796
0.9587 0.0017617
0.95905 0.0017617
0.9594 0.000558
0.95975 0.000558
0.9601 0.0016824
0.96045 0.0016824
0.9608 0.0011119
0.96115 0.0011119
0.9615 0.0014142
0.96185 0.0020591999999999
0.9622 0.0014142
0.96255 0.0004306
0.9629 0.0004306
0.96325 0.0007576
0.9636 0.0007576
0.96395 0.000728
0.9643 0.000728
0.96465 0.0019050999999999
0.965 0.0019050999999999
0.96535 0.0012193
0.9657 0.0007992
0.96605 0.0012193
0.9664 0.0007992
0.96675 0.0006942
0.9671 0.0004841
0.96745 0.0004841
0.9678 0.0015620999999999
0.96815 0.0015620999999999
0.9685 0.0012895
0.96885 0.0007283
0.9692 0.0007283
0.96955 0.0015895
0.9699 0.0019523
0.97025 0.0019523
0.9706 0.0018601
0.97095 0.0018601
0.9713 0.0018602999999999
0.97165 0.0019881
0.972 0.0019881
0.97235 0.0016116
0.9727 0.0014134
0.97305 0.0011533
0.9734 0.0008537
0.97375 0.0007416
0.9741 0.0007416
0.97445 0.0007416
0.9748 0.0013239
0.97515 0.0013537
0.9755 0.0016746999999999
0.97585 0.0016746999999999
0.9762 0.0012247
0.97655 0.0012247
0.9769 0.0015902
0.97725 0.0018998
0.9776 0.0018998
0.97795 0.001302
0.9783 0.0006513
0.97865 0.0006513
0.979 0.0006513
0.97935 0.0009908
0.9797 0.0010077999999999
0.98005 0.0011148
0.9804 0.0010077999999999
0.98075 0.0008939
0.9811 0.0008939
0.98145 0.0011074
0.9818 0.0011074
0.98215 0.0010147
0.9825 0.0007185
0.98285 0.0005155
0.9832 0.0007185
0.98355 0.0009972999999999
0.9839 0.0010187999999999
0.98425 0.0010532999999999
0.9846 0.0010532999999999
0.98495 0.0010965
0.9853 0.0008369
0.98565 0.0007774
0.986 0.0007466
0.98635 0.0007466
0.9867 0.0005277
0.98705 0.0006227
0.9874 0.0006227
0.98775 0.0006227
0.9881 0.0003456
0.98845 0.0002258
0.9888 0.0002258
0.98915 0.0003515
0.9895 0.0007909
0.98985 0.0005083
0.9902 0.0008619999999999
0.99055 0.0005151
0.9909 0.0008652999999999
0.99125 0.0007017
0.9916 0.0008301
0.99195 0.0007017
0.9923 0.0008301
0.99265 0.0008397
0.993 0.0008773999999999
0.99335 0.0008773999999999
0.9937 0.0008795999999999
0.99405 0.0008795999999999
0.9944 0.0009341
0.99475 0.0007872999999999
0.9951 0.0007872999999999
0.99545 0.0007872999999999
0.9958 0.0003563
0.99615 0.0008597999999999
0.9965 0.0003563
0.99685 0.0008597999999999
0.9972 0.0011554
0.99755 0.0011554
0.9979 0.0009645
0.99825 0.0007578999999999
0.9986 0.0008575
0.99895 0.0007166
0.9993 0.0007166
