0.3 0.5110498
0.30035 0.5114863000000001
0.3007 0.5114863000000001
0.30105 0.5114242999999999
0.3014 0.5112092
0.30175 0.510891
0.3021 0.5104269
0.30245 0.5096472
0.3028 0.5080992
0.30315 0.503911
0.3035 0.503911
0.30385 0.5040072
0.3042 0.507283
0.30455 0.5082639
0.3049 0.5085366
0.30525 0.5085366
0.3056 0.5084289000000001
0.30595 0.5082377
0.3063 0.5079978
0.30665 0.5077204000000001
0.307 0.5074099
0.30735 0.5070627000000001
0.3077 0.5066691
0.30805 0.5062082999999999
0.3084 0.5056381
0.30875 0.5048854
0.3091 0.503713
0.30945 0.5015382
0.3098 0.4965544
0.31015 0.4939419
0.3105 0.4939419
0.31085 0.4995242
0.3112 0.5013839
0.31155 0.5020197
0.3119 0.5020809
0.31225 0.5020809
0.3126 0.5018736
0.31295 0.5015925
0.3133 0.5012625
0.31365 0.5009001000000001
0.314 0.5005081
0.31435 0.5000964
0.3147 0.4996607
0.31505 0.4992099
0.3154 0.4987412999999999
0.31575 0.4982544
0.3161 0.4977491
0.31645 0.4972241
0.3168 0.4966782999999999
0.31715 0.49611
0.3175 0.4955167
0.31785 0.494895
0.3182 0.4942501
0.31855 0.4935568
0.3189 0.4928262
0.31925 0.492019
0.3196 0.4911348
0.31995 0.4901114
0.3203 0.4888457
0.32065 0.4870932
0.321 0.4841795999999999
0.32135 0.4779335999999999
0.3217 0.4750510999999999
0.32205 0.4750510999999999
0.3224 0.4808654
0.32275 0.4822739
0.3231 0.4822739
0.32345 0.4816960999999999
0.3238 0.4808217999999999
0.32415 0.4797885
0.3245 0.4786289999999999
0.32485 0.4773345
0.3252 0.4759622999999999
0.32555 0.4744887
0.3259 0.4729102
0.32625 0.4712210999999999
0.3266 0.4694152
0.32695 0.4675322
0.3273 0.4654771
0.32765 0.4632835999999999
0.328 0.4609922999999999
0.32835 0.4584434
0.3287 0.4556303
0.32905 0.4521315999999999
0.3294 0.4466394
0.32975 0.4356162
0.3301 0.4127095
0.33045 0.4127095
0.3308 0.4352679
0.33115 0.4444774
0.3315 0.4485902
0.33185 0.4510411
0.3322 0.4528710999999999
0.33255 0.4543639
0.3329 0.4557688
0.33325 0.457006
0.3336 0.4582007
0.33395 0.4592515
0.3343 0.4602609
0.33465 0.4611395
0.335 0.4619390999999999
0.33535 0.4626646
0.3357 0.4633212
0.33605 0.4639457
0.3364 0.4644442
0.33675 0.4649186999999999
0.3371 0.465339
0.33745 0.4657060999999999
0.3378 0.4660238
0.33815 0.4662713
0.3385 0.4664951
0.33885 0.4666515999999999
0.3392 0.4667791
0.33955 0.4668377
0.3399 0.4668377
0.34025 0.4667942
0.3406 0.4666585999999999
0.34095 0.4664308
0.3413 0.466084
0.34165 0.4655784
0.342 0.4648511999999999
0.34235 0.463805
0.3427 0.4622818
0.34305 0.4600220999999999
0.3434 0.4567126
0.34375 0.4514403
0.3441 0.4431545999999999
0.34445 0.4323129
0.3448 0.4323129
0.34515 0.4390064999999999
0.3455 0.4472715999999999
0.34585 0.4528342000000001
0.3462 0.4562901
0.34655 0.4586014
0.3469 0.4601877
0.34725 0.4612991
0.3476 0.4620882
0.34795 0.4626519
0.3483 0.4630531
0.34865 0.463335
0.349 0.4635257
0.34935 0.4636287999999999
0.3497 0.4636962
0.35005 0.4636962
0.3504 0.4636919
0.35075 0.4636491
0.3511 0.4635692
0.35145 0.4634693
0.3518 0.4633623999999999
0.35215 0.4632292999999999
0.3525 0.4630829999999999
0.35285 0.4629247999999999
0.3532 0.462756
0.35355 0.4625777
0.3539 0.4623905
0.35425 0.4621955
0.3546 0.4619917
0.35495 0.4617826
0.3553 0.4615669
0.35565 0.461334
0.356 0.4610387999999999
0.35635 0.4608569999999999
0.3567 0.4606366
0.35705 0.4601333999999999
0.3574 0.4600633
0.35775 0.4598358
0.3581 0.4595135
0.35845 0.4593063
0.3588 0.4590198
0.35915 0.458805
0.3595 0.4581616
0.35985 0.4579127999999999
0.3602 0.4576068
0.36055 0.4573107
0.3609 0.4570739
0.36125 0.4570739
0.3616 0.4567847
0.36195 0.4565345
0.3623 0.4561326
0.36265 0.4559149999999999
0.363 0.4556141999999999
0.36335 0.4552973
0.3637 0.4549827
0.36405 0.4545632
0.3644 0.4543541
0.36475 0.4540322
0.3651 0.4537057
0.36545 0.4533632999999999
0.3658 0.452971
0.36615 0.4526852
0.3665 0.4523696
0.36685 0.4520095
0.3672 0.4516590999999999
0.36755 0.4513288
0.3679 0.4509532999999999
0.36825 0.4506075
0.3686 0.4501577999999999
0.36895 0.4499124
0.3693 0.4495064
0.36965 0.4491720999999999
0.37 0.4486925
0.37035 0.4483742999999999
0.3707 0.4478443
0.37105 0.4475630999999999
0.3714 0.447285
0.37175 0.4468231
0.3721 0.4463858
0.37245 0.4460897
0.3728 0.4455527
0.37315 0.4453109
0.3735 0.4447167
0.37385 0.4444399999999999
0.3742 0.4440227
0.37455 0.4435289
0.3749 0.4428362
0.37525 0.4426526
0.3756 0.4419652
0.37595 0.4418573
0.3763 0.4410724
0.37665 0.4405442
0.377 0.4405442
0.37735 0.4401675
0.3777 0.4395536
0.37805 0.4390238
0.3784 0.4387872999999999
0.37875 0.4376385999999999
0.3791 0.4374014
0.37945 0.4364429
0.3798 0.4361322
0.38015 0.4361322
0.3805 0.435513
0.38085 0.4353641
0.3812 0.4348867
0.38155 0.4343725999999999
0.3819 0.433436
0.38225 0.4327507
0.3826 0.4326300999999999
0.38295 0.4322798
0.3833 0.4315405
0.38365 0.4312034999999999
0.384 0.4304872999999999
0.38435 0.430095
0.3847 0.429482
0.38505 0.4289168
0.3854 0.4282936
0.38575 0.4276694
0.3861 0.4270469
0.38645 0.4263675999999999
0.3868 0.4257162999999999
0.38715 0.4249979999999999
0.3875 0.4242846999999999
0.38785 0.4236094
0.3882 0.4229643
0.38855 0.4221451
0.3889 0.4212058
0.38925 0.4202774999999999
0.3896 0.4198027
0.38995 0.4188814
0.3903 0.4180198
0.39065 0.4173420999999999
0.391 0.4163992999999999
0.39135 0.4155418999999999
0.3917 0.414377
0.39205 0.4135098
0.3924 0.412593
0.39275 0.4113354
0.3931 0.4104417
0.39345 0.4094183
0.3938 0.4082250999999999
0.39415 0.4067158
0.3945 0.4058179
0.39485 0.4042749
0.3952 0.4031095999999999
0.39555 0.4018509
0.3959 0.4000126
0.39625 0.3983261
0.3966 0.3969787
0.39695 0.3956390999999999
0.3973 0.393753
0.39765 0.3919756
0.398 0.3897935
0.39835 0.3883331
0.3987 0.3855399
0.39905 0.3834616
0.3994 0.3815845
0.39975 0.3789892
0.4001 0.3762192
0.40045 0.3731802
0.4008 0.3696407
0.40115 0.3637405999999999
0.4015 0.3624484
0.40185 0.3582188
0.4022 0.3527038
0.40255 0.3470558
0.4029 0.3430783
0.40325 0.3376269
0.4036 0.3320384
0.40395 0.3274065
0.4043 0.3077175
0.40465 0.3077175
0.405 0.3236824
0.40535 0.3282795
0.4057 0.3321292
0.40605 0.3362544
0.4064 0.3405493
0.40675 0.3446918
0.4071 0.3482902
0.40745 0.3515718
0.4078 0.3544622
0.40815 0.3570237
0.4085 0.3570237
0.40885 0.3592853
0.4092 0.3631601
0.40955 0.3647654
0.4099 0.366243
0.41025 0.3676288
0.4106 0.36877
0.41095 0.3698241
0.4113 0.370612
0.41165 0.3716714
0.412 0.3720857
0.41235 0.3730755
0.4127 0.3736347
0.41305 0.3736347
0.4134 0.3743292
0.41375 0.3746774
0.4141 0.3757900999999999
0.41445 0.3760825
0.4148 0.3761347
0.41515 0.3761640999999999
0.4155 0.3761640999999999
0.41585 0.3717704
0.4162 0.3717704
0.41655 0.3767558
0.4169 0.3768384
0.41725 0.3772554
0.4176 0.3768384
0.41795 0.3772554
0.4183 0.3772851
0.41865 0.3773872
0.419 0.3773872
0.41935 0.3773629
0.4197 0.3764358
0.42005 0.3745579
0.4204 0.3745579
0.42075 0.3767147999999999
0.4211 0.377659
0.42145 0.3767147999999999
0.4218 0.3759149
0.42215 0.3756745999999999
0.4225 0.3756745999999999
0.42285 0.3760589
0.4232 0.3760589
0.42355 0.3745372
0.4239 0.3745372
0.42425 0.3747578
0.4246 0.3748337
0.42495 0.3756623
0.4253 0.3756884
0.42565 0.3756884
0.426 0.3727488
0.42635 0.3727488
0.4267 0.3733316
0.42705 0.3749677999999999
0.4274 0.374626
0.42775 0.374626
0.4281 0.3742664
0.42845 0.3731719
0.4288 0.3726178
0.42915 0.3694363
0.4295 0.3709132
0.42985 0.3709132
0.4302 0.3709132
0.43055 0.3717524
0.4309 0.3692249
0.43125 0.3697265
0.4316 0.3697265
0.43195 0.3698275
0.4323 0.3708888
0.43265 0.3708888
0.433 0.3703395
0.43335 0.3701809
0.4337 0.369224
0.43405 0.3691753
0.4344 0.3685133
0.43475 0.3684456
0.4351 0.3684456
0.43545 0.3681253
0.4358 0.3674979
0.43615 0.3671605
0.4365 0.3658967999999999
0.43685 0.3654022
0.4372 0.3654153
0.43755 0.3654022
0.4379 0.3650465
0.43825 0.3647649
0.4386 0.3647585
0.43895 0.3641032
0.4393 0.3639399
0.43965 0.3624628
0.44 0.3616579
0.44035 0.3594369
0.4407 0.3587322
0.44105 0.3587322
0.4414 0.3586026
0.44175 0.3575761
0.4421 0.3575761
0.44245 0.3575761
0.4428 0.3591627
0.44315 0.3587924
0.4435 0.3587924
0.44385 0.3545708
0.4442 0.3545708
0.44455 0.3568428
0.4449 0.3568428
0.44525 0.3537475
0.4456 0.3537475
0.44595 0.3541389
0.4463 0.3546368
0.44665 0.3546368
0.447 0.3545723
0.44735 0.3538745
0.4477 0.3536064
0.44805 0.3536064
0.4484 0.3514320999999999
0.44875 0.353116
0.4491 0.3521851
0.44945 0.3521851
0.4498 0.351572
0.45015 0.351356
0.4505 0.3511322
0.45085 0.3496067
0.4512 0.3483229
0.45155 0.3482004
0.4519 0.3475676
0.45225 0.3480827
0.4526 0.347754
0.45295 0.347754
0.4533 0.3473165
0.45365 0.3464915999999999
0.454 0.3464915999999999
0.45435 0.345088
0.4547 0.344615
0.45505 0.3446210999999999
0.4554 0.344615
0.45575 0.3425922999999999
0.4561 0.3413515
0.45645 0.3425922999999999
0.4568 0.3406336
0.45715 0.3415921
0.4575 0.3410872
0.45785 0.3410872
0.4582 0.3404437
0.45855 0.3404407
0.4589 0.3397767
0.45925 0.3381732999999999
0.4596 0.3371557
0.45995 0.3376389
0.4603 0.3376389
0.46065 0.3376389
0.461 0.3375606
0.46135 0.3371799
0.4617 0.3368676
0.46205 0.3360892
0.4624 0.3355387
0.46275 0.3355088
0.4631 0.33514
0.46345 0.3342131
0.4638 0.3336489
0.46415 0.333389
0.4645 0.3325772
0.46485 0.3324219
0.4652 0.3301894
0.46555 0.3301894
0.4659 0.3294224
0.46625 0.3277129
0.4666 0.3271805
0.46695 0.3271805
0.4673 0.3264769
0.46765 0.3226572
0.468 0.3224192999999999
0.46835 0.3210123
0.4687 0.3147382
0.46905 0.3076429
0.4694 0.3147382
0.46975 0.3209588
0.4701 0.3209588
0.47045 0.3209588
0.4708 0.3202873
0.47115 0.3191565
0.4715 0.3182864999999999
0.47185 0.3147269
0.4722 0.309528
0.47255 0.3100714
0.4729 0.3100714
0.47325 0.3153830999999999
0.4736 0.3164024
0.47395 0.3153830999999999
0.4743 0.3157988
0.47465 0.3120761
0.475 0.315601
0.47535 0.2824811
0.4757 0.3155815
0.47605 0.3103763
0.4764 0.3103763
0.47675 0.3103763
0.4771 0.3082055999999999
0.47745 0.3120597
0.4778 0.3093269
0.47815 0.3105625999999999
0.4785 0.3099648
0.47885 0.3099648
0.4792 0.3088310999999999
0.47955 0.3082654
0.4799 0.3075913
0.48025 0.3069336
0.4806 0.3063181
0.48095 0.3056022
0.4813 0.3046933
0.48165 0.3031365
0.482 0.3013788
0.48235 0.3000594
0.4827 0.3000594
0.48305 0.2983332
0.4834 0.2938656
0.48375 0.2901749
0.4841 0.2901749
0.48445 0.2864252
0.4848 0.276815
0.48515 0.2811084
0.4855 0.2811084
0.48585 0.2811084
0.4862 0.2854164
0.48655 0.2854164
0.4869 0.2888587999999999
0.48725 0.2888587999999999
0.4876 0.2782589
0.48795 0.2782589
0.4883 0.2798242
0.48865 0.2856964
0.489 0.2901730999999999
0.48935 0.2856964
0.4897 0.2895834
0.49005 0.2868004
0.4904 0.2868004
0.49075 0.2823408
0.4911 0.2823408
0.49145 0.2823408
0.4918 0.2846955
0.49215 0.2813195
0.4925 0.2805316
0.49285 0.2739132
0.4932 0.2739132
0.49355 0.2739132
0.4939 0.2746409999999999
0.49425 0.2746409999999999
0.4946 0.2746409999999999
0.49495 0.2768647999999999
0.4953 0.2752025
0.49565 0.2765039
0.496 0.2752025
0.49635 0.2749955999999999
0.4967 0.2749567
0.49705 0.2741838
0.4974 0.2724905999999999
0.49775 0.2711064
0.4981 0.2695039
0.49845 0.2682713
0.4988 0.2682713
0.49915 0.2679195
0.4995 0.2679195
0.49985 0.2672449
0.50055 0.2521320999999999
0.5009 0.2521320999999999
0.50125 0.2604264
0.5016 0.2604264
0.50195 0.2587953999999999
0.5023 0.257705
0.50265 0.2478762
0.503 0.1979675
0.50335 0.218559
0.5037 0.218559
0.50405 0.218559
0.5044 0.2480237
0.50475 0.2480237
0.5051 0.2505797
0.50545 0.2505797
0.5058 0.2500823
0.50615 0.2495083
0.5065 0.2389106
0.50685 0.232034
0.5072 0.232034
0.50755 0.2369711
0.5079 0.2369711
0.50825 0.2369711
0.5086 0.2392087999999999
0.50895 0.2392087999999999
0.5093 0.2377897999999999
0.50965 0.2361989
0.51 0.2361989
0.51035 0.2384781
0.5107 0.2384781
0.51105 0.2384345
0.5114 0.23694
0.51175 0.23694
0.5121 0.2373013
0.51245 0.2428302
0.5128 0.2428302
0.51315 0.2367607999999999
0.5135 0.2367607999999999
0.51385 0.23618
0.5142 0.23618
0.51455 0.23618
0.5149 0.2337017
0.51525 0.2380833999999999
0.5156 0.2387438
0.51595 0.2387438
0.5163 0.2373872
0.51665 0.2368266
0.517 0.2368266
0.51735 0.2362127999999999
0.5177 0.2358584
0.51805 0.2351545
0.5184 0.2351545
0.51875 0.2351545
0.5191 0.2348717
0.51945 0.2329242
0.5198 0.2329242
0.52015 0.2329242
0.5205 0.2319941
0.52085 0.2318623
0.5212 0.2312771
0.52155 0.2308271
0.5219 0.2288042999999999
0.52225 0.2285477
0.5226 0.2281519
0.52295 0.2276371
0.5233 0.2105251
0.52365 0.2105251
0.524 0.2094163999999999
0.52435 0.2250719
0.5247 0.2233683
0.52505 0.2233683
0.5254 0.2228339
0.52575 0.2227106999999999
0.5261 0.2202729
0.52645 0.2202619999999999
0.5268 0.2183647999999999
0.52715 0.2154288999999999
0.5275 0.2154288999999999
0.52785 0.2154288999999999
0.5282 0.2156478999999999
0.52855 0.2156478999999999
0.5289 0.2129452
0.52925 0.2114175999999999
0.5296 0.2084468
0.52995 0.2112624
0.5303 0.2075589
0.53065 0.2052467999999999
0.531 0.2052467999999999
0.53135 0.2073061
0.5317 0.2073061
0.53205 0.2027862
0.5324 0.1991536
0.53275 0.2011493
0.5331 0.2011493
0.53345 0.2016338
0.5338 0.2016338
0.53415 0.2011662999999999
0.5345 0.2005551
0.53485 0.1976934
0.5352 0.1976224999999999
0.53555 0.1960174999999999
0.5359 0.193645
0.53625 0.193645
0.5366 0.1928182
0.53695 0.1898201
0.5373 0.1898201
0.53765 0.1882425
0.538 0.1873832
0.53835 0.1855065
0.5387 0.1815474
0.53905 0.1811829
0.5394 0.1767138
0.53975 0.1763619
0.5401 0.1763619
0.54045 0.1699192
0.5408 0.1628481
0.54115 0.1628481
0.5415 0.1628481
0.54185 0.161235
0.5422 0.1590751
0.54255 0.1515447
0.5429 0.1515447
0.54325 0.1572452
0.5436 0.1572452
0.54395 0.1563567
0.5443 0.1563567
0.54465 0.1589889
0.545 0.1589889
0.54535 0.1661555
0.5457 0.1641493
0.54605 0.1641493
0.5464 0.1546365
0.54675 0.1546365
0.5471 0.1546365
0.54745 0.1611385
0.5478 0.1604795
0.54815 0.1611385
0.5485 0.1618367
0.54885 0.1620515
0.5492 0.1618367
0.54955 0.1601637
0.5499 0.153625
0.55025 0.1572045
0.5506 0.1572045
0.55095 0.1572045
0.5513 0.1561297
0.55165 0.1558694
0.552 0.1540612
0.55235 0.1530454
0.5527 0.1530454
0.55305 0.1530454
0.5534 0.1514855
0.55375 0.1514855
0.5541 0.1504459
0.55445 0.1479623
0.5548 0.1479623
0.55515 0.1479623
0.5555 0.1461147
0.55585 0.1480168999999999
0.5562 0.146208
0.55655 0.146208
0.5569 0.1418572
0.55725 0.1418572
0.5576 0.1428422
0.55795 0.1434457
0.5583 0.1428422
0.55865 0.1427235
0.559 0.1419686
0.55935 0.1419686
0.5597 0.1413848
0.56005 0.1406407999999999
0.5604 0.1395949
0.56075 0.1393023
0.5611 0.1386723
0.56145 0.1381663
0.5618 0.1372017999999999
0.56215 0.1371904
0.5625 0.1362672999999999
0.56285 0.1358068
0.5632 0.1358068
0.56355 0.1346508
0.5639 0.1341779
0.56425 0.133253
0.5646 0.1323396
0.56495 0.1323396
0.5653 0.1311787999999999
0.56565 0.1311787999999999
0.566 0.1304815
0.56635 0.1261714
0.5667 0.1260071999999999
0.56705 0.1260071999999999
0.5674 0.126904
0.56775 0.126904
0.5681 0.1064943
0.56845 0.1064943
0.5688 0.1091625
0.56915 0.1181289
0.5695 0.1091625
0.56985 0.0985511
0.5702 0.0985511
0.57055 0.1227492999999999
0.5709 0.1227492999999999
0.57125 0.1215625999999999
0.5716 0.1196224999999999
0.57195 0.1206984999999999
0.5723 0.1206305
0.57265 0.1206305
0.573 0.1191132
0.57335 0.1073137
0.5737 0.1173853
0.57405 0.1084122
0.5744 0.1084122
0.57475 0.1084122
0.5751 0.0973176
0.57545 0.1151716
0.5758 0.1150513999999999
0.57615 0.1150513999999999
0.5765 0.1104805
0.57685 0.0994003999999999
0.5772 0.1104126999999999
0.57755 0.1104126999999999
0.5779 0.1141783999999999
0.57825 0.1163371
0.5786 0.1163371
0.57895 0.1113773
0.5793 0.1105752
0.57965 0.1105752
0.58 0.109703
0.58035 0.1075873
0.5807 0.1040241
0.58105 0.1040241
0.5814 0.1073101999999999
0.58175 0.1100747
0.5821 0.1083972
0.58245 0.1083972
0.5828 0.1020588
0.58315 0.1020588
0.5835 0.1020588
0.58385 0.1008911999999999
0.5842 0.1008911999999999
0.58455 0.1008911999999999
0.5849 0.0979791
0.58525 0.097727
0.5856 0.0976383999999999
0.58595 0.0964946
0.5863 0.0946043
0.58665 0.0938643999999999
0.587 0.091032
0.58735 0.0816931
0.5877 0.0816931
0.58805 0.0730005
0.5884 0.0730005
0.58875 0.0693172
0.5891 0.0693172
0.58945 0.0693172
0.5898 0.042974
0.59015 0.042974
0.5905 0.0802298
0.59085 0.0802298
0.5912 0.0735456
0.59155 0.0735456
0.5919 0.0841692
0.59225 0.0841692
0.5926 0.0858472
0.59295 0.0908669999999999
0.5933 0.0908669999999999
0.59365 0.0870937
0.594 0.0711632
0.59435 0.0537498
0.5947 0.0537498
0.59505 0.0833299
0.5954 0.0833299
0.59575 0.0796166999999999
0.5961 0.0796166999999999
0.59645 0.0904736999999999
0.5968 0.0904736999999999
0.59715 0.0904736999999999
0.5975 0.0889716
0.59785 0.0802168
0.5982 0.0802168
0.59855 0.0806535
0.5989 0.0848646
0.59925 0.0806535
0.5996 0.0848646
0.59995 0.086453
0.6003 0.086453
0.60065 0.0535029999999999
0.601 0.0535029999999999
0.60135 0.0661764
0.6017 0.0931808
0.60205 0.0872631
0.6024 0.0872631
0.60275 0.0849391999999999
0.6031 0.0849391999999999
0.60345 0.0928335
0.6038 0.0928335
0.60415 0.0927544999999999
0.6045 0.0927544999999999
0.60485 0.0833346
0.6052 0.0982715
0.60555 0.0979455
0.6059 0.0979455
0.60625 0.0979455
0.6066 0.0974174
0.60695 0.0981055
0.6073 0.0974174
0.60765 0.0983755
0.608 0.0958121
0.60835 0.0980075
0.6087 0.0958121
0.60905 0.0971118999999999
0.6094 0.096103
0.60975 0.0971118999999999
0.6101 0.0982547
0.61045 0.0982547
0.6108 0.097468
0.61115 0.0970055
0.6115 0.0968232
0.61185 0.0960067
0.6122 0.0951818
0.61255 0.0947285
0.6129 0.0924398
0.61325 0.091174
0.6136 0.0902174
0.61395 0.0887733999999999
0.6143 0.0880575
0.61465 0.0869804
0.615 0.0864494
0.61535 0.0863539
0.6157 0.0858726
0.61605 0.0845467
0.6164 0.0842187
0.61675 0.0828623999999999
0.6171 0.08192
0.61745 0.0793335
0.6178 0.0761659
0.61815 0.0751038
0.6185 0.0739688999999999
0.61885 0.0738708
0.6192 0.0722171
0.61955 0.0722171
0.6199 0.0709723
0.62025 0.0731856999999999
0.6206 0.0761801
0.62095 0.0761801
0.6213 0.0763776
0.62165 0.0782841
0.622 0.0803763999999999
0.62235 0.0825311
0.6227 0.0841919
0.62305 0.0855016
0.6234 0.0863396999999999
0.62375 0.0867592
0.6241 0.0900731
0.62445 0.0900731
0.6248 0.0914529999999999
0.62515 0.0930164
0.6255 0.0930164
0.62585 0.0936256999999999
0.6262 0.0945957
0.62655 0.0945957
0.6269 0.0946959
0.62725 0.0953238999999999
0.6276 0.0953238999999999
0.62795 0.0960911999999999
0.6283 0.0946369
0.62865 0.0961052
0.629 0.0965288
0.62935 0.0965288
0.6297 0.0967324
0.63005 0.0971961
0.6304 0.0971961
0.63075 0.0954785
0.6311 0.0951759
0.63145 0.0895103999999999
0.6318 0.0792091
0.63215 0.0792091
0.6325 0.0927378999999999
0.63285 0.0929538999999999
0.6332 0.0929538999999999
0.63355 0.0923486999999999
0.6339 0.0923486999999999
0.63425 0.0950465
0.6346 0.0950465
0.63495 0.0936708
0.6353 0.0936708
0.63565 0.0936708
0.636 0.0931283
0.63635 0.0931283
0.6367 0.0893591
0.63705 0.0893591
0.6374 0.0893591
0.63775 0.0774434
0.6381 0.0817628
0.63845 0.0817628
0.6388 0.0817628
0.63915 0.0884378999999999
0.6395 0.0884378999999999
0.63985 0.0920438
0.6402 0.0939577
0.64055 0.0939577
0.6409 0.0923092
0.64125 0.0911358
0.6416 0.0894238999999999
0.64195 0.0875929999999999
0.6423 0.0875929999999999
0.64265 0.0911915
0.643 0.0911915
0.64335 0.0921188
0.6437 0.0830722
0.64405 0.0651794
0.6444 0.0651794
0.64475 0.0808021
0.6451 0.0808021
0.64545 0.0808021
0.6458 0.0440934
0.64615 0.02489
0.6465 0.02489
0.64685 0.0563136999999999
0.6472 0.0577033
0.64755 0.0614741
0.6479 0.0614741
0.64825 0.0614741
0.6486 0.0670715
0.64895 0.0729901
0.6493 0.0772998
0.64965 0.0861755
0.65 0.0861755
0.65035 0.0885595
0.6507 0.0812792
0.65105 0.0584718
0.6514 0.0584718
0.65175 0.0584718
0.6521 0.0640995999999999
0.65245 0.0745692
0.6528 0.0745692
0.65315 0.0745692
0.6535 0.0696518999999999
0.65385 0.0848674
0.6542 0.0696518999999999
0.65455 0.0792122
0.6549 0.0792122
0.65525 0.0792122
0.6556 0.0654309999999999
0.65595 0.0546822
0.6563 0.0546822
0.65665 0.0738592
0.657 0.0738592
0.65735 0.0580797
0.6577 0.0580797
0.65805 0.0787133999999999
0.6584 0.0787133999999999
0.65875 0.0787133999999999
0.6591 0.0814628999999999
0.65945 0.0814628999999999
0.6598 0.0696875
0.66015 0.0696875
0.6605 0.0835728
0.66085 0.0835728
0.6612 0.0716957
0.66155 0.0716957
0.6619 0.0722651
0.66225 0.078231
0.6626 0.0814396
0.66295 0.0808058
0.6633 0.0808058
0.66365 0.0765725
0.664 0.0765725
0.66435 0.0784856999999999
0.6647 0.0816478
0.66505 0.0828559
0.6654 0.0816478
0.66575 0.0786948
0.6661 0.0738493
0.66645 0.0786948
0.6668 0.0797652
0.66715 0.0797652
0.6675 0.0784869
0.66785 0.0784869
0.6682 0.0784869
0.66855 0.071
0.6689 0.071
0.66925 0.0800639
0.6696 0.0806286
0.66995 0.0800639
0.6703 0.0806286
0.67065 0.0816452
0.671 0.0816452
0.67135 0.0816452
0.6717 0.0798113
0.67205 0.0829369
0.6724 0.0829369
0.67275 0.0834231
0.6731 0.0839232
0.67345 0.0839232
0.6738 0.0868636999999999
0.67415 0.0854845
0.6745 0.0854845
0.67485 0.0854845
0.6752 0.0895767
0.67555 0.0895767
0.6759 0.0860822
0.67625 0.0860822
0.6766 0.0870565
0.67695 0.0891576
0.6773 0.0891576
0.67765 0.087589
0.678 0.0842459
0.67835 0.0861784
0.6787 0.080634
0.67905 0.0810261999999999
0.6794 0.0810261999999999
0.67975 0.0845518
0.6801 0.0851956
0.68045 0.0851956
0.6808 0.0770997
0.68115 0.0770997
0.6815 0.0773772
0.68185 0.0773772
0.6822 0.0773772
0.68255 0.0547082
0.6829 0.082934
0.68325 0.0781187
0.6836 0.0781187
0.68395 0.0780557
0.6843 0.0719756
0.68465 0.0719756
0.685 0.0753187
0.68535 0.0770294
0.6857 0.0808324
0.68605 0.0785747
0.6864 0.0803722
0.68675 0.0785747
0.6871 0.0779545
0.68745 0.0741011
0.6878 0.0779161999999999
0.68815 0.0741011
0.6885 0.0760386
0.68885 0.0728344
0.6892 0.0760386
0.68955 0.0523021999999999
0.6899 0.0702964
0.69025 0.0685433999999999
0.6906 0.0702964
0.69095 0.0685433999999999
0.6913 0.0572679999999999
0.69165 0.051419
0.692 0.0305627
0.69235 0.0305627
0.6927 0.0373091
0.69305 0.0373091
0.6934 0.0360013
0.69375 0.0360013
0.6941 0.0360013
0.69445 0.0441584
0.6948 0.0561328
0.69515 0.0561328
0.6955 0.0489039
0.69585 0.0463916
0.6962 0.0463916
0.69655 0.05385
0.6969 0.05385
0.69725 0.0584932
0.6976 0.0474233
0.69795 0.0150675
0.6983 0.0150675
0.69865 0.0266312
0.699 0.0525601
0.69935 0.0553044
0.6997 0.0553044
0.70005 0.0297127999999999
0.7004 0.0295089999999999
0.70075 0.0297127999999999
0.7011 0.0438176
0.70145 0.0438176
0.7018 0.0405771
0.70215 0.0405771
0.7025 0.0405771
0.70285 0.0292024
0.7032 0.0292024
0.70355 0.0341598
0.7039 0.0420064
0.70425 0.0351318
0.7046 0.0420064
0.70495 0.0351318
0.7053 0.0432714
0.70565 0.0545116
0.706 0.0545116
0.70635 0.0390915
0.7067 0.0381645
0.70705 0.0381645
0.7074 0.0381645
0.70775 0.0286533
0.7081 0.0430636999999999
0.70845 0.0286533
0.7088 0.0394235
0.70915 0.0252052
0.7095 0.0388995
0.70985 0.0388995
0.7102 0.0500916
0.71055 0.0500916
0.7109 0.021688
0.71125 0.021688
0.7116 0.021688
0.71195 0.0308355999999999
0.7123 0.0375687
0.71265 0.0375687
0.713 0.034792
0.71335 0.034792
0.7137 0.036345
0.71405 0.036345
0.7144 0.029265
0.71475 0.029265
0.7151 0.0382495999999999
0.71545 0.0382495999999999
0.7158 0.0361908
0.71615 0.0255099999999999
0.7165 0.0105415
0.71685 0.0105415
0.7172 0.0096235
0.71755 0.0096235
0.7179 0.0096235
0.71825 0.0193250999999999
0.7186 0.0193250999999999
0.71895 0.0072326
0.7193 0.0072326
0.71965 0.0072962
0.72 0.0072962
0.72035 0.0117463
0.7207 0.0186678
0.72105 0.0186678
0.7214 0.0191976
0.72175 0.0091341
0.7221 0.0240729
0.72245 0.0190682
0.7228 0.0190682
0.72315 0.0105292999999999
0.7235 0.0062386
0.72385 0.0062386
0.7242 0.0062386
0.72455 0.0097063999999999
0.7249 0.0097063999999999
0.72525 0.0097063999999999
0.7256 0.0089062999999999
0.72595 0.0073718
0.7263 0.0051916
0.72665 0.0073718
0.727 0.003751
0.72735 0.0121967999999999
0.7277 0.0109446
0.72805 0.0121967999999999
0.7284 0.0143677
0.72875 0.0169321
0.7291 0.0169321
0.72945 0.0122133
0.7298 0.0101348999999999
0.73015 0.0109374
0.7305 0.0109374
0.73085 0.0118381
0.7312 0.0139622999999999
0.73155 0.0118381
0.7319 0.0139622999999999
0.73225 0.0086007
0.7326 0.0086007
0.73295 0.0079948
0.7333 0.0079948
0.73365 0.0261394
0.734 0.0261394
0.73435 0.0163444
0.7347 0.0163444
0.73505 0.0240147
0.7354 0.0318047
0.73575 0.0318047
0.7361 0.0212931
0.73645 0.0179167
0.7368 0.0179167
0.73715 0.0179167
0.7375 0.0133736
0.73785 0.0308135999999999
0.7382 0.0230683
0.73855 0.0230683
0.7389 0.0182061
0.73925 0.0182061
0.7396 0.0168565999999999
0.73995 0.0168565999999999
0.7403 0.0168565999999999
0.74065 0.0298235
0.741 0.0298235
0.74135 0.0298235
0.7417 0.0312958
0.74205 0.0410665
0.7424 0.0410665
0.74275 0.0384069
0.7431 0.0382799
0.74345 0.0382799
0.7438 0.03573
0.74415 0.0333098
0.7445 0.0333098
0.74485 0.0334251999999999
0.7452 0.0334251999999999
0.74555 0.0334251999999999
0.7459 0.0277877999999999
0.74625 0.0405533
0.7466 0.0405533
0.74695 0.0405533
0.7473 0.0156981
0.74765 0.0156981
0.748 0.0427580999999999
0.74835 0.0447365
0.7487 0.0447365
0.74905 0.0402889
0.7494 0.0402889
0.74975 0.0427131999999999
0.7501 0.0479912
0.75045 0.0427131999999999
0.7508 0.0236621
0.75115 0.0236621
0.7515 0.0379778
0.75185 0.0416483
0.7522 0.0424336
0.75255 0.0466510999999999
0.7529 0.0466510999999999
0.75325 0.0479985
0.7536 0.0479985
0.75395 0.0479985
0.7543 0.045328
0.75465 0.0504794
0.755 0.045328
0.75535 0.0443553
0.7557 0.0443553
0.75605 0.0471631
0.7564 0.0551711
0.75675 0.0677923
0.7571 0.0677923
0.75745 0.0484573
0.7578 0.0428559
0.75815 0.0478054
0.7585 0.0459723
0.75885 0.046636
0.7592 0.046636
0.75955 0.0467046999999999
0.7599 0.0473509
0.76025 0.0467046999999999
0.7606 0.0473509
0.76095 0.0448099
0.7613 0.0448099
0.76165 0.0448099
0.762 0.043492
0.76235 0.0438140999999999
0.7627 0.043492
0.76305 0.0433026
0.7634 0.0419924
0.76375 0.0408486
0.7641 0.0404237
0.76445 0.0386139999999999
0.7648 0.0380801
0.76515 0.0363031
0.7655 0.0342903
0.76585 0.0338523
0.7662 0.0332903
0.76655 0.0319309
0.7669 0.0319309
0.76725 0.0325089999999999
0.7676 0.0349633
0.76795 0.0360423
0.7683 0.0361885999999999
0.76865 0.0360423
0.769 0.0351959
0.76935 0.0334661
0.7697 0.0333151999999999
0.77005 0.0333151999999999
0.7704 0.03513
0.77075 0.0367503
0.7711 0.0367503
0.77145 0.0383724
0.7718 0.0383724
0.77215 0.0392015
0.7725 0.0406594
0.77285 0.0406594
0.7732 0.0380321
0.77355 0.0378169
0.7739 0.0376680999999999
0.77425 0.0376680999999999
0.7746 0.0384755
0.77495 0.0390834
0.7753 0.04077
0.77565 0.04077
0.776 0.0407265999999999
0.77635 0.036436
0.7767 0.0400520999999999
0.77705 0.0389978
0.7774 0.0389978
0.77775 0.0348983
0.7781 0.0338351
0.77845 0.0348983
0.7788 0.0365017
0.77915 0.0365017
0.7795 0.0341669
0.77985 0.0341669
0.7802 0.033949
0.78055 0.0428629
0.7809 0.033949
0.78125 0.0307642
0.7816 0.0292653
0.78195 0.0292653
0.7823 0.030618
0.78265 0.030618
0.783 0.0313741
0.78335 0.0288866
0.7837 0.0305878
0.78405 0.0288866
0.7844 0.0287079999999999
0.78475 0.0287079999999999
0.7851 0.0321482
0.78545 0.0321482
0.7858 0.0345145
0.78615 0.0304084
0.7865 0.0304084
0.78685 0.019857
0.7872 0.019857
0.78755 0.0212078
0.7879 0.0336666999999999
0.78825 0.0336666999999999
0.7886 0.0336666999999999
0.78895 0.0323582
0.7893 0.0320897
0.78965 0.0323582
0.79 0.0320897
0.79035 0.0331712
0.7907 0.0290928
0.79105 0.0324381
0.7914 0.0289251
0.79175 0.0324381
0.7921 0.0289251
0.79245 0.0276387999999999
0.7928 0.0122787
0.79315 0.0122787
0.7935 0.0291669
0.79385 0.0291669
0.7942 0.0283320999999999
0.79455 0.0283099
0.7949 0.0235613
0.79525 0.0174679
0.7956 0.0235613
0.79595 0.0108019
0.7963 0.0108019
0.79665 0.0108019
0.797 0.0183605999999999
0.79735 0.0183605999999999
0.7977 0.0241097
0.79805 0.0242650999999999
0.7984 0.0246252
0.79875 0.0247339
0.7991 0.0257158
0.79945 0.0257158
0.7998 0.0193945
0.80015 0.0193945
0.8005 0.0270002
0.80085 0.0285294
0.8012 0.0270002
0.80155 0.0211708
0.8019 0.0167173
0.80225 0.0157099
0.8026 0.0157099
0.80295 0.0202662999999999
0.8033 0.0202662999999999
0.80365 0.0286711
0.804 0.0213374
0.80435 0.0286711
0.8047 0.0292584999999999
0.80505 0.0293639999999999
0.8054 0.0293547
0.80575 0.0293547
0.8061 0.0118114999999999
0.80645 0.0118114999999999
0.8068 0.0118745
0.80715 0.0178499
0.8075 0.0178499
0.80785 0.0146425
0.8082 0.0146425
0.80855 0.0260574
0.8089 0.0260574
0.80925 0.0111928
0.8096 0.0111928
0.80995 0.0124367
0.8103 0.0173159999999999
0.81065 0.0173159999999999
0.811 0.0156801
0.81135 0.0136792
0.8117 0.0136792
0.81205 0.0127777999999999
0.8124 0.0114259
0.81275 0.0127777999999999
0.8131 0.0084643
0.81345 0.011914
0.8138 0.011914
0.81415 0.011914
0.8145 0.0092872
0.81485 0.0033178
0.8152 0.0033178
0.81555 0.0131553
0.8159 0.0132988
0.81625 0.0131553
0.8166 0.0138906
0.81695 0.0138906
0.8173 0.01577
0.81765 0.01577
0.818 0.0150293999999999
0.81835 0.0150293999999999
0.8187 0.0150293999999999
0.81905 0.0258274999999999
0.8194 0.0217079
0.81975 0.0217079
0.8201 0.0204609
0.82045 0.0171214
0.8208 0.0171214
0.82115 0.0171214
0.8215 0.0232665
0.82185 0.0232665
0.8222 0.021934
0.82255 0.0207849
0.8229 0.0083596
0.82325 0.0031717
0.8236 0.0031717
0.82395 0.0031717
0.8243 0.0179608
0.82465 0.0179608
0.825 0.0220833
0.82535 0.0200394
0.8257 0.0276802
0.82605 0.0200394
0.8264 0.0216460999999999
0.82675 0.0216460999999999
0.8271 0.0216460999999999
0.82745 0.0155798
0.8278 0.0081449
0.82815 0.0155798
0.8285 0.0170347
0.82885 0.0170347
0.8292 0.0170347
0.82955 0.0187460999999999
0.8299 0.0187460999999999
0.83025 0.0097356
0.8306 0.0097356
0.83095 0.0115552
0.8313 0.0187638
0.83165 0.0115552
0.832 0.0092437999999999
0.83235 0.0092437999999999
0.8327 0.0098241
0.83305 0.0154826
0.8334 0.0128255
0.83375 0.0128255
0.8341 0.003985
0.83445 0.003985
0.8348 0.003985
0.83515 0.0166891
0.8355 0.0148168
0.83585 0.0148168
0.8362 0.0131011
0.83655 0.0115645
0.8369 0.0115645
0.83725 0.0092272
0.8376 0.0056974
0.83795 0.0056974
0.8383 0.0108831
0.83865 0.0185907
0.839 0.0185907
0.83935 0.0185907
0.8397 0.0162539999999999
0.84005 0.0150562
0.8404 0.0150562
0.84075 0.0150562
0.8411 0.0160435
0.84145 0.0160435
0.8418 0.0130912999999999
0.84215 0.0130912999999999
0.8425 0.0210042
0.84285 0.0231885
0.8432 0.0231885
0.84355 0.0245697
0.8439 0.0206250999999999
0.84425 0.0186898
0.8446 0.0186898
0.84495 0.0211897
0.8453 0.0211897
0.84565 0.0211897
0.846 0.027228
0.84635 0.027228
0.8467 0.027228
0.84705 0.0304042
0.8474 0.0304042
0.84775 0.0203528
0.8481 0.0203528
0.84845 0.0205590999999999
0.8488 0.0286722
0.84915 0.0286722
0.8495 0.0286722
0.84985 0.0323864
0.8502 0.0292497
0.85055 0.0292497
0.8509 0.0260778
0.85125 0.0260778
0.8516 0.0287249
0.85195 0.0297555999999999
0.8523 0.0297555999999999
0.85265 0.0285228
0.853 0.0285228
0.85335 0.0293767
0.8537 0.0293767
0.85405 0.0281174
0.8544 0.0281174
0.85475 0.0259205999999999
0.8551 0.0259205999999999
0.85545 0.0249667
0.8558 0.0212887
0.85615 0.0212887
0.8565 0.0212887
0.85685 0.0209995
0.8572 0.0183916
0.85755 0.016214
0.8579 0.0160451
0.85825 0.0160451
0.8586 0.0160451
0.85895 0.015883
0.8593 0.0151688
0.85965 0.014494
0.86 0.012009
0.86035 0.0110392
0.8607 0.0107471
0.86105 0.0095757999999999
0.8614 0.0089511
0.86175 0.0087339
0.8621 0.0078261
0.86245 0.0078261
0.8628 0.0074028
0.86315 0.0077989999999999
0.8635 0.0077989999999999
0.86385 0.0077989999999999
0.8642 0.0071368
0.86455 0.0070639
0.8649 0.0071368
0.86525 0.0076138
0.8656 0.008036
0.86595 0.0091657999999999
0.8663 0.0095985
0.86665 0.0095985
0.867 0.0077785
0.86735 0.0077785
0.8677 0.008493
0.86805 0.0128027
0.8684 0.0133477
0.86875 0.0137202
0.8691 0.0152588
0.86945 0.0143485
0.8698 0.0154899
0.87015 0.0154899
0.8705 0.016608
0.87085 0.016608
0.8712 0.0153014999999999
0.87155 0.0153014999999999
0.8719 0.0176494
0.87225 0.0199619
0.8726 0.0176494
0.87295 0.0153223999999999
0.8733 0.0153223999999999
0.87365 0.0175404
0.874 0.0187367999999999
0.87435 0.0196141
0.8747 0.0196141
0.87505 0.0181477
0.8754 0.0181477
0.87575 0.0143697999999999
0.8761 0.0183419
0.87645 0.0152007999999999
0.8768 0.0152007999999999
0.87715 0.0130485999999999
0.8775 0.0101476
0.87785 0.0101476
0.8782 0.0096917999999999
0.87855 0.0096917999999999
0.8789 0.0118566
0.87925 0.0118566
0.8796 0.005328
0.87995 0.0044211
0.8803 0.0046787
0.88065 0.0044211
0.881 0.0035134999999999
0.88135 0.00336
0.8817 0.0025541
0.88205 0.001854
0.8824 0.0011940999999999
0.88275 0.0011940999999999
0.8831 0.0011940999999999
0.88345 0.0011876
0.8838 0.00117
0.88415 0.0011876
0.8845 0.0014395999999999
0.88485 0.0016637
0.8852 0.0018916
0.88555 0.0018916
0.8859 0.0017315
0.88625 0.0013702999999999
0.8866 0.0007965
0.88695 0.0007017999999999
0.8873 0.0007017999999999
0.88765 0.0007017999999999
0.888 0.0007714999999999
0.88835 0.0008433
0.8887 0.0010638
0.88905 0.0008433
0.8894 0.0011311
0.88975 0.0011654
0.8901 0.001331
0.89045 0.0012509
0.8908 0.0012509
0.89115 0.0012435
0.8915 0.0012435
0.89185 0.001088
0.8922 0.0012816
0.89255 0.0012816
0.8929 0.0013204
0.89325 0.0013204
0.8936 0.0012502
0.89395 0.0011725
0.8943 0.0011474999999999
0.89465 0.0011474999999999
0.895 0.0011474999999999
0.89535 0.0010915999999999
0.8957 0.0010915999999999
0.89605 0.0011871
0.8964 0.0012875999999999
0.89675 0.0015462
0.8971 0.0015462
0.89745 0.0015972
0.8978 0.0015972
0.89815 0.0018031
0.8985 0.0018031
0.89885 0.0015355
0.8992 0.0006994
0.89955 0.0006994
0.8999 0.0005662
0.90025 0.0005662
0.9006 0.0005662
0.90095 0.0012795999999999
0.9013 0.0023934
0.90165 0.0029369
0.902 0.0029479
0.90235 0.0029369
0.9027 0.0029479
0.90305 0.0028141999999999
0.9034 0.0033402
0.90375 0.0033402
0.9041 0.0041156
0.90445 0.0045246999999999
0.9048 0.0065977
0.90515 0.0065977
0.9055 0.0046961999999999
0.90585 0.0046961999999999
0.9062 0.0046961999999999
0.90655 0.0056479999999999
0.9069 0.0046927
0.90725 0.0056479999999999
0.9076 0.0056843999999999
0.90795 0.0056843999999999
0.9083 0.0057574
0.90865 0.0034018
0.909 0.0061353
0.90935 0.0034018
0.9097 0.0034951
0.91005 0.0031497
0.9104 0.0031238
0.91075 0.0031238
0.9111 0.0033448999999999
0.91145 0.0035268
0.9118 0.0035268
0.91215 0.0035268
0.9125 0.0056894
0.91285 0.0056894
0.9132 0.0056894
0.91355 0.0038743
0.9139 0.0065149
0.91425 0.0020117
0.9146 0.0062147
0.91495 0.0032375999999999
0.9153 0.0035905
0.91565 0.0035905
0.916 0.0035905
0.91635 0.0047532
0.9167 0.0020108
0.91705 0.0020844
0.9174 0.0017863
0.91775 0.0017863
0.9181 0.0012910999999999
0.91845 0.0012910999999999
0.9188 0.0046317
0.91915 0.0046317
0.9195 0.0010700999999999
0.91985 0.0010700999999999
0.9202 0.0078477
0.92055 0.0078477
0.9209 0.0069464
0.92125 0.0045113
0.9216 0.0035479
0.92195 0.0045113
0.9223 0.0048826
0.92265 0.0058908
0.923 0.0058908
0.92335 0.0035853
0.9237 0.0028117
0.92405 0.0035853
0.9244 0.0022686
0.92475 0.0067177999999999
0.9251 0.0062038999999999
0.92545 0.0062788
0.9258 0.0062038999999999
0.92615 0.0033222
0.9265 0.0033222
0.92685 0.0033222
0.9272 0.0028438
0.92755 0.0028438
0.9279 0.0015864
0.92825 0.0037318
0.9286 0.0026608
0.92895 0.0043696
0.9293 0.0031947
0.92965 0.0031947
0.93 0.0008327
0.93035 0.0008327
0.9307 0.0006178
0.93105 0.0016495999999999
0.9314 0.0011466
0.93175 0.0018387
0.9321 0.001943
0.93245 0.001943
0.9328 0.0024062
0.93315 0.0024094
0.9335 0.0024094
0.93385 0.0009249
0.9342 0.000645
0.93455 0.0006375
0.9349 0.000645
0.93525 0.0006375
0.9356 0.0012527999999999
0.93595 0.0016552
0.9363 0.0019509
0.93665 0.0019509
0.937 0.0014853
0.93735 0.0014853
0.9377 0.000659
0.93805 0.000659
0.9384 0.000659
0.93875 0.0024746
0.9391 0.0024746
0.93945 0.0025734
0.9398 0.0015107999999999
0.94015 0.0022878
0.9405 0.0008981
0.94085 0.0022878
0.9412 0.0027416
0.94155 0.0027605999999999
0.9419 0.0031128
0.94225 0.0027605999999999
0.9426 0.0027534
0.94295 0.0005434999999999
0.9433 0.0005434999999999
0.94365 0.0008218
0.944 0.0008218
0.94435 0.0002874
0.9447 0.0002874
0.94505 0.0019704
0.9454 0.0019704
0.94575 0.0019704
0.9461 0.0012642999999999
0.94645 0.0012642999999999
0.9468 0.0012642999999999
0.94715 0.0014056
0.9475 0.0014056
0.94785 0.0020207
0.9482 0.0023566999999999
0.94855 0.0023737
0.9489 0.0023566999999999
0.94925 0.000479
0.9496 0.000479
0.94995 0.0006405
0.9503 0.0010683
0.95065 0.0032799
0.951 0.0032799
0.95135 0.0014505999999999
0.9517 0.0014505999999999
0.95205 0.0016234
0.9524 0.0016234
0.95275 0.0010054999999999
0.9531 0.0007237999999999
0.95345 0.0007237999999999
0.9538 0.0016285
0.95415 0.0021098
0.9545 0.0021098
0.95485 0.0021098
0.9552 0.0017227999999999
0.95555 0.0022048
0.9559 0.0022048
0.95625 0.0022048
0.9566 0.0021259
0.95695 0.0008151
0.9573 0.0008151
0.95765 0.0034467
0.958 0.0034467
0.95835 0.0029335
0.9587 0.0026369
0.95905 0.0026369
0.9594 0.0008756
0.95975 0.0008756
0.9601 0.0024208
0.96045 0.0024208
0.9608 0.0018416
0.96115 0.0018416
0.9615 0.0022304
0.96185 0.0031065
0.9622 0.0022304
0.96255 0.0006536
0.9629 0.0006536
0.96325 0.0012604
0.9636 0.0012604
0.96395 0.0011934
0.9643 0.0011934
0.96465 0.0028238
0.965 0.0028238
0.96535 0.0019
0.9657 0.0013675
0.96605 0.0019
0.9664 0.0013675
0.96675 0.0009891
0.9671 0.0008621
0.96745 0.0008621
0.9678 0.0023518
0.96815 0.0023518
0.9685 0.0020162
0.96885 0.0012902
0.9692 0.0012902
0.96955 0.0027028
0.9699 0.0028996
0.97025 0.0028996
0.9706 0.0028996
0.97095 0.0028596999999999
0.9713 0.0029048
0.97165 0.0029857
0.972 0.0029857
0.97235 0.0025105
0.9727 0.0020194
0.97305 0.0018679999999999
0.9734 0.0012247
0.97375 0.0012247
0.9741 0.0012247
0.97445 0.001261
0.9748 0.0019868
0.97515 0.0021641
0.9755 0.0024987
0.97585 0.0024987
0.9762 0.0017825
0.97655 0.0017825
0.9769 0.0023831
0.97725 0.0026363
0.9776 0.0026363
0.97795 0.0020029
0.9783 0.0010448
0.97865 0.0010448
0.979 0.0010448
0.97935 0.0015054
0.9797 0.0015316
0.98005 0.0016661999999999
0.9804 0.0015316
0.98075 0.0015302
0.9811 0.0015302
0.98145 0.0018214
0.9818 0.0018214
0.98215 0.0016218
0.9825 0.0011152999999999
0.98285 0.0008425
0.9832 0.0011152999999999
0.98355 0.0015603
0.9839 0.0016404
0.98425 0.0016410999999999
0.9846 0.0016404
0.98495 0.0017172999999999
0.9853 0.0012513
0.98565 0.0011674
0.986 0.0011388
0.98635 0.0011674
0.9867 0.0008573
0.98705 0.0009683999999999
0.9874 0.0009683999999999
0.98775 0.0009683999999999
0.9881 0.0006134
0.98845 0.0003481
0.9888 0.0003481
0.98915 0.0005719
0.9895 0.0012474
0.98985 0.0008152999999999
0.9902 0.0013092
0.99055 0.0008152999999999
0.9909 0.0013092
0.99125 0.0011056
0.9916 0.0012884
0.99195 0.0011056
0.9923 0.0012884
0.99265 0.0013269
0.993 0.0013844
0.99335 0.0013469
0.9937 0.0013844
0.99405 0.0013469
0.9944 0.0014019
0.99475 0.0012101
0.9951 0.0012101
0.99545 0.0012101
0.9958 0.0005331
0.99615 0.0013304
0.9965 0.0005331
0.99685 0.0013304
0.9972 0.0016948
0.99755 0.0016948
0.9979 0.0014731
0.99825 0.0011529
0.9986 0.0012970999999999
0.99895 0.0011095
0.9993 0.0011095
