0.3 0.4514574
0.30035 0.4550103
0.3007 0.4561489999999999
0.30105 0.4561489999999999
0.3014 0.4558774
0.30175 0.4548342999999999
0.3021 0.4529556999999999
0.30245 0.4492776
0.3028 0.4412397
0.30315 0.4186532
0.3035 0.4186532
0.30385 0.4211167999999999
0.3042 0.4401914
0.30455 0.4465439999999999
0.3049 0.448897
0.30525 0.4497932
0.3056 0.4497932
0.30595 0.4497146999999999
0.3063 0.449226
0.30665 0.4485415
0.307 0.4476915
0.30735 0.4466602
0.3077 0.4454015999999999
0.30805 0.4438145999999999
0.3084 0.4416956
0.30875 0.4386898
0.3091 0.4336399
0.30945 0.4237984999999999
0.3098 0.4013789
0.31015 0.3915225999999999
0.3105 0.3915225999999999
0.31085 0.4175864999999999
0.3112 0.4271326
0.31155 0.4308775999999999
0.3119 0.4322704
0.31225 0.4322826
0.3126 0.4322826
0.31295 0.4316587
0.3133 0.4308152
0.31365 0.4298327
0.314 0.4287202999999999
0.31435 0.4275324
0.3147 0.4262434
0.31505 0.424903
0.3154 0.4234943
0.31575 0.4220198
0.3161 0.4204781
0.31645 0.4188680999999999
0.3168 0.4171859
0.31715 0.415427
0.3175 0.413584
0.31785 0.4116470999999999
0.3182 0.4096451
0.31855 0.4074739
0.3189 0.4051932
0.31925 0.4026513
0.3196 0.399872
0.31995 0.3966390999999999
0.3203 0.3926131
0.32065 0.3869907999999999
0.321 0.377563
0.32135 0.357194
0.3217 0.3489801
0.32205 0.3489801
0.3224 0.3687914
0.32275 0.3737052
0.3231 0.3737052
0.32345 0.3725281
0.3238 0.370139
0.32415 0.3673192
0.3245 0.364176
0.32485 0.3606893
0.3252 0.3570562
0.32555 0.3532077
0.3259 0.3491428
0.32625 0.3448539
0.3266 0.3403238
0.32695 0.3356692
0.3273 0.3306083
0.32765 0.3252469999999999
0.328 0.3197261
0.32835 0.3137369
0.3287 0.3075252999999999
0.32905 0.3005363
0.3294 0.2909419
0.32975 0.2748961
0.3301 0.2500705
0.33045 0.2500705
0.3308 0.2746695
0.33115 0.2884105999999999
0.3315 0.2960100999999999
0.33185 0.3015009
0.3322 0.3062754
0.33255 0.3105464
0.3329 0.3147001
0.33325 0.3184361
0.3336 0.3220507999999999
0.33395 0.3253044
0.3343 0.3284626
0.33465 0.3313116
0.335 0.333989
0.33535 0.3365081
0.3357 0.3388807
0.33605 0.3412071
0.3364 0.3432216
0.33675 0.3452017
0.3371 0.3470635999999999
0.33745 0.3488089
0.3378 0.3504399
0.33815 0.3518896999999999
0.3385 0.3532952
0.33885 0.3545198
0.3392 0.3556824999999999
0.33955 0.3566541
0.3399 0.3575228
0.34025 0.3581669
0.3406 0.35862
0.34095 0.3586409
0.3413 0.3586409
0.34165 0.3579884
0.342 0.3567743
0.34235 0.3546220999999999
0.3427 0.3511250999999999
0.34305 0.3455902
0.3434 0.3372691
0.34375 0.3240517
0.3441 0.3037183
0.34445 0.2737124
0.3448 0.2737124
0.34515 0.2951814
0.3455 0.3166087999999999
0.34585 0.3315868
0.3462 0.3416369999999999
0.34655 0.3488173
0.3469 0.3540745
0.34725 0.3580193
0.3476 0.3610516
0.34795 0.3634332
0.3483 0.3653414
0.34865 0.3668972
0.349 0.3681849
0.34935 0.3692091
0.3497 0.3701284
0.35005 0.3709137
0.3504 0.3715469999999999
0.35075 0.3721342
0.3511 0.3726078
0.35145 0.3730195
0.3518 0.3734107
0.35215 0.3737207
0.3525 0.3739890999999999
0.35285 0.3742216
0.3532 0.3744206
0.35355 0.3745904
0.3539 0.3747325999999999
0.35425 0.3748504
0.3546 0.3749451
0.35495 0.3750184
0.3553 0.3750734
0.35565 0.3750845
0.356 0.3750884
0.35635 0.3750884
0.3567 0.3750766
0.35705 0.3749903
0.3574 0.3749192999999999
0.35775 0.3749192999999999
0.3581 0.3748187
0.35845 0.3747438
0.3588 0.3746342
0.35915 0.3745301
0.3595 0.3742455999999999
0.35985 0.3741791
0.3602 0.373994
0.36055 0.3737845999999999
0.3609 0.3736443
0.36125 0.373635
0.3616 0.3734527
0.36195 0.3732874
0.3623 0.3730366
0.36265 0.3728627
0.363 0.3726528
0.36335 0.3724160999999999
0.3637 0.3721892
0.36405 0.3718901
0.3644 0.3717011
0.36475 0.3714396
0.3651 0.3711713
0.36545 0.3708889
0.3658 0.3705988
0.36615 0.3703239
0.3665 0.3700382
0.36685 0.3697278
0.3672 0.3694152
0.36755 0.3691055
0.3679 0.3687739
0.36825 0.3684442
0.3686 0.3680640999999999
0.36895 0.3677634
0.3693 0.3673929
0.36965 0.3670418
0.37 0.3666144
0.37035 0.3662849
0.3707 0.3658492
0.37105 0.3654821
0.3714 0.3651203
0.37175 0.3646824999999999
0.3721 0.3642367
0.37245 0.3638666
0.3728 0.363381
0.37315 0.3629983
0.3735 0.3624219
0.37385 0.3620715
0.3742 0.3615685999999999
0.37455 0.3610395
0.3749 0.3602333
0.37525 0.3601698
0.3756 0.3594929
0.37595 0.359151
0.3763 0.3580678
0.37665 0.3578392
0.377 0.3574993
0.37735 0.3569739
0.3777 0.3563575
0.37805 0.3557392
0.3784 0.355228
0.37875 0.3541204
0.3791 0.3538669
0.37945 0.3525079
0.3798 0.3519848
0.38015 0.3519848
0.3805 0.3511631
0.38085 0.3506644
0.3812 0.3500184
0.38155 0.349267
0.3819 0.3483731
0.38225 0.347632
0.3826 0.3469955999999999
0.38295 0.3462410999999999
0.3833 0.3452498
0.38365 0.3446219
0.384 0.3436929999999999
0.38435 0.3429258
0.3847 0.3420130999999999
0.38505 0.3411268
0.3854 0.340179
0.38575 0.3392106
0.3861 0.3382323
0.38645 0.3371987999999999
0.3868 0.3361665
0.38715 0.3350759
0.3875 0.3339345999999999
0.38785 0.3328169
0.3882 0.3316938
0.38855 0.3304679
0.3889 0.3291527999999999
0.38925 0.3277196
0.3896 0.3265830999999999
0.38995 0.3251398
0.3903 0.3237927
0.39065 0.3224112
0.391 0.3208827
0.39135 0.3193973
0.3917 0.3177102
0.39205 0.3160339
0.3924 0.3143902
0.39275 0.3125427
0.3931 0.3107678
0.39345 0.3088743
0.3938 0.3069029
0.39415 0.3047081
0.3945 0.3026914
0.39485 0.3003118
0.3952 0.2981356
0.39555 0.2956589
0.3959 0.2929552
0.39625 0.2902707
0.3966 0.2875101
0.39695 0.2846777
0.3973 0.28156
0.39765 0.2782308
0.398 0.2746327
0.39835 0.2713315
0.3987 0.2671552
0.39905 0.2631844
0.3994 0.259102
0.39975 0.2543362999999999
0.4001 0.2495852
0.40045 0.2443941
0.4008 0.238819
0.40115 0.2321921
0.4015 0.2269701
0.40185 0.2205282
0.4022 0.2134155999999999
0.40255 0.2064512
0.4029 0.1985828
0.40325 0.1903997
0.4036 0.1813615
0.40395 0.1736451
0.4043 0.1474034
0.40465 0.1474034
0.405 0.1665894
0.40535 0.1767156
0.4057 0.1845374
0.40605 0.1917863
0.4064 0.1987996
0.40675 0.2050219999999999
0.4071 0.2106393
0.40745 0.2160377999999999
0.4078 0.2208772999999999
0.40815 0.2255328
0.4085 0.2297103999999999
0.40885 0.2298303
0.4092 0.2376392
0.40955 0.2411433999999999
0.4099 0.2441771999999999
0.41025 0.2472257999999999
0.4106 0.2498513
0.41095 0.2533957
0.4113 0.2546611
0.41165 0.2569024
0.412 0.2584674
0.41235 0.2605557
0.4127 0.2621729
0.41305 0.2636194
0.4134 0.2638216
0.41375 0.2663104
0.4141 0.2678465
0.41445 0.2690376
0.4148 0.2699882
0.41515 0.2709627999999999
0.4155 0.2709627999999999
0.41585 0.2707768
0.4162 0.2707768
0.41655 0.2742817
0.4169 0.2751254
0.41725 0.2755997
0.4176 0.2763329
0.41795 0.2768168
0.4183 0.2770217
0.41865 0.2772189
0.419 0.2784585
0.41935 0.2785977
0.4197 0.2785977
0.42005 0.2781947999999999
0.4204 0.2781947999999999
0.42075 0.2795959
0.4211 0.2802177999999999
0.42145 0.2801957
0.4218 0.2801957
0.42215 0.2801957
0.4225 0.2808567999999999
0.42285 0.281656
0.4232 0.281656
0.42355 0.2814203
0.4239 0.2814203
0.42425 0.2817777
0.4246 0.2822308
0.42495 0.2823444
0.4253 0.2825099
0.42565 0.2825099
0.426 0.2817923
0.42635 0.2817923
0.4267 0.2823570999999999
0.42705 0.2827981
0.4274 0.2830225
0.42775 0.2830225
0.4281 0.2828330999999999
0.42845 0.28233
0.4288 0.2822335
0.42915 0.2807039
0.4295 0.2815211999999999
0.42985 0.2815211999999999
0.4302 0.2815211999999999
0.43055 0.282119
0.4309 0.2804679
0.43125 0.281184
0.4316 0.2807545999999999
0.43195 0.281184
0.4323 0.2817042999999999
0.43265 0.2817042999999999
0.433 0.2813917999999999
0.43335 0.281287
0.4337 0.2808143
0.43405 0.2807604
0.4344 0.2805428
0.43475 0.2804399
0.4351 0.2804333
0.43545 0.2802467999999999
0.4358 0.2798313
0.43615 0.2797166
0.4365 0.2791112
0.43685 0.2785587
0.4372 0.2786199
0.43755 0.2785587
0.4379 0.2784742
0.43825 0.2782277
0.4386 0.2781086
0.43895 0.2777128
0.4393 0.2776966
0.43965 0.2765520999999999
0.44 0.2762448
0.44035 0.2751225999999999
0.4407 0.2749239
0.44105 0.2749239
0.4414 0.2747667
0.44175 0.2740738
0.4421 0.2740738
0.44245 0.2740738
0.4428 0.2741239
0.44315 0.2738582
0.4435 0.2738582
0.44385 0.2719710999999999
0.4442 0.2719710999999999
0.44455 0.2723467
0.4449 0.2723467
0.44525 0.2707024
0.4456 0.270609
0.44595 0.2707024
0.4463 0.270609
0.44665 0.2705739
0.447 0.270081
0.44735 0.2696000999999999
0.4477 0.2694777
0.44805 0.2691422
0.4484 0.267442
0.44875 0.2686332
0.4491 0.2678511
0.44945 0.2678511
0.4498 0.2674371
0.45015 0.2671616
0.4505 0.2667839
0.45085 0.2657355
0.4512 0.2652913
0.45155 0.2647862
0.4519 0.2647163
0.45225 0.2642396999999999
0.4526 0.263878
0.45295 0.263878
0.4533 0.2632329
0.45365 0.2626007999999999
0.454 0.2625888
0.45435 0.2613178
0.4547 0.2610582
0.45505 0.2610582
0.4554 0.2607075
0.45575 0.2592837
0.4561 0.2579035
0.45645 0.2590051
0.4568 0.2579021999999999
0.45715 0.2576605
0.4575 0.2571239
0.45785 0.2571239
0.4582 0.2564041999999999
0.45855 0.2562227
0.4589 0.2556718
0.45925 0.2546621
0.4596 0.2534164
0.45995 0.2534561
0.4603 0.2534164
0.46065 0.2533638
0.461 0.2528146
0.46135 0.2523367
0.4617 0.251828
0.46205 0.2511442
0.4624 0.2501895
0.46275 0.2496961
0.4631 0.2496961
0.46345 0.2489129
0.4638 0.2479627999999999
0.46415 0.2478032
0.4645 0.2470752999999999
0.46485 0.2466797
0.4652 0.2452503999999999
0.46555 0.2448380999999999
0.4659 0.2447021999999999
0.46625 0.2431619
0.4666 0.242413
0.46695 0.2418116
0.4673 0.2417333
0.46765 0.238828
0.468 0.2378893999999999
0.46835 0.2378893999999999
0.4687 0.2342739
0.46905 0.2287876999999999
0.4694 0.2342739
0.46975 0.2358171
0.4701 0.2358171
0.47045 0.235604
0.4708 0.2347694
0.47115 0.2334997
0.4715 0.2322921
0.47185 0.2308436
0.4722 0.2261962
0.47255 0.2251728
0.4729 0.2251728
0.47325 0.2305106
0.4736 0.2305106
0.47395 0.2284748
0.4743 0.2268908
0.47465 0.2266215999999999
0.475 0.2262202
0.47535 0.2034152999999999
0.4757 0.2251502999999999
0.47605 0.2214619
0.4764 0.2214619
0.47675 0.2214619
0.4771 0.218824
0.47745 0.2209777999999999
0.4778 0.218824
0.47815 0.2186836
0.4785 0.2185125
0.47885 0.2173501
0.4792 0.2167049
0.47955 0.2165472
0.4799 0.2152795
0.48025 0.2151317
0.4806 0.2141527999999999
0.48095 0.2132038
0.4813 0.2130441
0.48165 0.2104567999999999
0.482 0.2091475
0.48235 0.2083764
0.4827 0.2083764
0.48305 0.2065905
0.4834 0.2042408999999999
0.48375 0.201623
0.4841 0.201623
0.48445 0.2001354
0.4848 0.1957857999999999
0.48515 0.1971538
0.4855 0.1970712
0.48585 0.1970712
0.4862 0.1957368
0.48655 0.1957368
0.4869 0.1966375
0.48725 0.1966375
0.4876 0.1926785
0.48795 0.1894292
0.4883 0.1926785
0.48865 0.1935359999999999
0.489 0.1955507
0.48935 0.1935359999999999
0.4897 0.1922237
0.49005 0.1906776
0.4904 0.1906776
0.49075 0.1865081
0.4911 0.1865081
0.49145 0.1865081
0.4918 0.1867243999999999
0.49215 0.1857988
0.4925 0.185155
0.49285 0.1797101
0.4932 0.1797101
0.49355 0.1804851
0.4939 0.1804851
0.49425 0.1796156
0.4946 0.1781365
0.49495 0.1787
0.4953 0.177098
0.49565 0.177098
0.496 0.1767575
0.49635 0.1760941
0.4967 0.1754016
0.49705 0.1746054
0.4974 0.1729791
0.49775 0.1718421
0.4981 0.170479
0.49845 0.1688579
0.4988 0.1688579
0.49915 0.168579
0.4995 0.168579
0.49985 0.1672182
0.50055 0.160513
0.5009 0.160513
0.50125 0.1624966
0.5016 0.1624966
0.50195 0.1616147
0.5023 0.1604215
0.50265 0.1571943999999999
0.503 0.1270628
0.50335 0.1426724
0.5037 0.1426724
0.50405 0.1471488
0.5044 0.1526227999999999
0.50475 0.1526227999999999
0.5051 0.1538658
0.50545 0.1546457999999999
0.5058 0.1546457999999999
0.50615 0.1508026
0.5065 0.1494001
0.50685 0.1456125
0.5072 0.1456125
0.50755 0.1456125
0.5079 0.1422767999999999
0.50825 0.1422767999999999
0.5086 0.1449619
0.50895 0.1449619
0.5093 0.1429926
0.50965 0.1429926
0.51 0.1429926
0.51035 0.1424778
0.5107 0.1421959
0.51105 0.1409394
0.5114 0.1407443
0.51175 0.1398517999999999
0.5121 0.1398517999999999
0.51245 0.1400445
0.5128 0.1400445
0.51315 0.1363702
0.5135 0.1363702
0.51385 0.1378399
0.5142 0.1378399
0.51455 0.133867
0.5149 0.1329943
0.51525 0.133867
0.5156 0.1329943
0.51595 0.1297035
0.5163 0.1297035
0.51665 0.133239
0.517 0.133239
0.51735 0.1308927
0.5177 0.1302641
0.51805 0.1298772
0.5184 0.1298772
0.51875 0.1277559999999999
0.5191 0.1279922
0.51945 0.1268351
0.5198 0.1239708
0.52015 0.1239708
0.5205 0.1222166
0.52085 0.1248621
0.5212 0.1244818999999999
0.52155 0.1244818999999999
0.5219 0.1228472
0.52225 0.1227992
0.5226 0.1221453
0.52295 0.1215015
0.5233 0.1156693
0.52365 0.1156693
0.524 0.1136527
0.52435 0.1179071
0.5247 0.1170953
0.52505 0.1179071
0.5254 0.1170953
0.52575 0.1156668
0.5261 0.1143999
0.52645 0.1139723
0.5268 0.1132055
0.52715 0.1124936
0.5275 0.1111731
0.52785 0.1106289
0.5282 0.109772
0.52855 0.109772
0.5289 0.1096755
0.52925 0.1096755
0.5296 0.1096755
0.52995 0.1053631
0.5303 0.1053631
0.53065 0.1053631
0.531 0.1047469
0.53135 0.1038566
0.5317 0.1027863
0.53205 0.1015711
0.5324 0.1009554
0.53275 0.1007703
0.5331 0.1005828999999999
0.53345 0.0983883
0.5338 0.0983883
0.53415 0.0990344
0.5345 0.0990344
0.53485 0.0971643
0.5352 0.096985
0.53555 0.0962199
0.5359 0.0950075
0.53625 0.0950075
0.5366 0.0942992
0.53695 0.0924638
0.5373 0.0927987
0.53765 0.0924638
0.538 0.0915454
0.53835 0.0906683
0.5387 0.0895929
0.53905 0.087042
0.5394 0.087042
0.53975 0.0869843
0.5401 0.0869843
0.54045 0.084951
0.5408 0.083519
0.54115 0.0835146
0.5415 0.0827058
0.54185 0.0824704
0.5422 0.0809855
0.54255 0.0807345
0.5429 0.0794093999999999
0.54325 0.0785983
0.5436 0.0784772
0.54395 0.0781748999999999
0.5443 0.0780457
0.54465 0.0780457
0.545 0.0774869
0.54535 0.0783173
0.5457 0.0777898
0.54605 0.0777898
0.5464 0.0755924999999999
0.54675 0.0755924999999999
0.5471 0.0755924999999999
0.54745 0.0751716
0.5478 0.0744341
0.54815 0.0748173
0.5485 0.0744341
0.54885 0.0742511999999999
0.5492 0.0738371
0.54955 0.0723991
0.5499 0.0713674
0.55025 0.071551
0.5506 0.0712238999999999
0.55095 0.0712192
0.5513 0.0708878
0.55165 0.0700273999999999
0.552 0.0696408
0.55235 0.0691691
0.5527 0.0687673
0.55305 0.0682054999999999
0.5534 0.0676674999999999
0.55375 0.0676674999999999
0.5541 0.0668194
0.55445 0.0658933
0.5548 0.0658933
0.55515 0.0656205
0.5555 0.0649329
0.55585 0.0648327
0.5562 0.0642642
0.55655 0.0642642
0.5569 0.0624158999999999
0.55725 0.0624158999999999
0.5576 0.0623878
0.55795 0.0623878
0.5583 0.0623049999999999
0.55865 0.0617509
0.559 0.0615733
0.55935 0.0611745
0.5597 0.0607924999999999
0.56005 0.0604216
0.5604 0.0599468
0.56075 0.0596596
0.5611 0.0591384
0.56145 0.0588462
0.5618 0.0581540999999999
0.56215 0.0581290999999999
0.5625 0.0573219
0.56285 0.0572623
0.5632 0.0568616999999999
0.56355 0.0563804999999999
0.5639 0.0557722
0.56425 0.0531359
0.5646 0.0531359
0.56495 0.0534269
0.5653 0.0571665999999999
0.56565 0.0558684999999999
0.566 0.0558684999999999
0.56635 0.0558684999999999
0.5667 0.0538003
0.56705 0.05293
0.5674 0.0524749
0.56775 0.051116
0.5681 0.0492263
0.56845 0.051116
0.5688 0.0506562
0.56915 0.0519613
0.5695 0.0506562
0.56985 0.0467428
0.5702 0.0467428
0.57055 0.0542661
0.5709 0.0542661
0.57125 0.0520561
0.5716 0.0514868
0.57195 0.0501333
0.5723 0.0504298
0.57265 0.0501333
0.573 0.049822
0.57335 0.0497747
0.5737 0.049822
0.57405 0.0496614
0.5744 0.0489533
0.57475 0.0489121
0.5751 0.047512
0.57545 0.0485279
0.5758 0.0476396
0.57615 0.0476396
0.5765 0.0476396
0.57685 0.0459969
0.5772 0.0471431999999999
0.57755 0.0465904
0.5779 0.0465904
0.57825 0.0465904
0.5786 0.0456103
0.57895 0.0451983
0.5793 0.045142
0.57965 0.0449626
0.58 0.0444049
0.58035 0.0441606
0.5807 0.0427867
0.58105 0.0427867
0.5814 0.0427457
0.58175 0.0427457
0.5821 0.0423281
0.58245 0.0419024999999999
0.5828 0.0412698
0.58315 0.040175
0.5835 0.0400287
0.58385 0.0390292
0.5842 0.0383644999999999
0.58455 0.0390292
0.5849 0.0413884
0.58525 0.0414002
0.5856 0.0413884
0.58595 0.0389394999999999
0.5863 0.0382963
0.58665 0.0389394999999999
0.587 0.0376820999999999
0.58735 0.0376820999999999
0.5877 0.0345467
0.58805 0.0305503
0.5884 0.0305503
0.58875 0.0271491
0.5891 0.0271491
0.58945 0.0269920999999999
0.5898 0.0269920999999999
0.59015 0.0269920999999999
0.5905 0.0343667
0.59085 0.0343667
0.5912 0.0353938
0.59155 0.0359767
0.5919 0.0359767
0.59225 0.0341769
0.5926 0.0341769
0.59295 0.0395907
0.5933 0.0395907
0.59365 0.0428035
0.594 0.0318064
0.59435 0.0304575999999999
0.5947 0.0304575999999999
0.59505 0.0356931999999999
0.5954 0.0356931999999999
0.59575 0.0374261999999999
0.5961 0.0381006999999999
0.59645 0.0381006999999999
0.5968 0.0381006999999999
0.59715 0.0381535
0.5975 0.0381535
0.59785 0.0381254
0.5982 0.0381254
0.59855 0.0358029
0.5989 0.0385564
0.59925 0.0358029
0.5996 0.0385564
0.59995 0.0387427
0.6003 0.0387427
0.60065 0.0324559
0.601 0.0324559
0.60135 0.0394158
0.6017 0.0401077
0.60205 0.0401077
0.6024 0.0404131999999999
0.60275 0.0404131999999999
0.6031 0.0407453
0.60345 0.0409392
0.6038 0.0409392
0.60415 0.039914
0.6045 0.039914
0.60485 0.0365169
0.6052 0.0412435
0.60555 0.0408358
0.6059 0.0408358
0.60625 0.0407923
0.6066 0.0407923
0.60695 0.041539
0.6073 0.041539
0.60765 0.0414285
0.608 0.0409344
0.60835 0.0414285
0.6087 0.0380912
0.60905 0.0416577
0.6094 0.040817
0.60975 0.0410358
0.6101 0.0410358
0.61045 0.044077
0.6108 0.044077
0.61115 0.0397775
0.6115 0.0397775
0.61185 0.0405051
0.6122 0.0405051
0.61255 0.0393721
0.6129 0.0364643
0.61325 0.0393721
0.6136 0.0397948
0.61395 0.0397948
0.6143 0.0394965
0.61465 0.0394965
0.615 0.039756
0.61535 0.0426842
0.6157 0.039756
0.61605 0.0360616999999999
0.6164 0.0360616999999999
0.61675 0.0360616999999999
0.6171 0.0352708
0.61745 0.0352708
0.6178 0.0362129
0.61815 0.0362129
0.6185 0.0263822
0.61885 0.0263822
0.6192 0.0315873
0.61955 0.0364482
0.6199 0.0374178
0.62025 0.0374178
0.6206 0.0374178
0.62095 0.0359955999999999
0.6213 0.0354566999999999
0.62165 0.0354566999999999
0.622 0.0393704999999999
0.62235 0.0393704999999999
0.6227 0.0382746999999999
0.62305 0.0382423
0.6234 0.0382746999999999
0.62375 0.0385591
0.6241 0.0389042
0.62445 0.0385591
0.6248 0.0389042
0.62515 0.0395830999999999
0.6255 0.0396902
0.62585 0.0401899
0.6262 0.0401899
0.62655 0.0401691999999999
0.6269 0.0401691999999999
0.62725 0.0404458
0.6276 0.0404458
0.62795 0.0405653
0.6283 0.0404193
0.62865 0.0406787
0.629 0.040746
0.62935 0.0408279
0.6297 0.0408339
0.63005 0.0408872
0.6304 0.0408872
0.63075 0.0409391
0.6311 0.0402726999999999
0.63145 0.039611
0.6318 0.0383885
0.63215 0.039611
0.6325 0.0406848
0.63285 0.0409134
0.6332 0.0409134
0.63355 0.0407979
0.6339 0.0407979
0.63425 0.0409676
0.6346 0.0409676
0.63495 0.0411805
0.6353 0.0411805
0.63565 0.0412143
0.636 0.0412143
0.63635 0.0412143
0.6367 0.0411708
0.63705 0.0411708
0.6374 0.0411708
0.63775 0.0392222
0.6381 0.0392222
0.63845 0.0392222
0.6388 0.0377741999999999
0.63915 0.0404746
0.6395 0.0401838
0.63985 0.0405613
0.6402 0.0412999
0.64055 0.0413951
0.6409 0.0412999
0.64125 0.0411702
0.6416 0.039873
0.64195 0.0406867
0.6423 0.0406867
0.64265 0.0413061
0.643 0.0413061
0.64335 0.0413061
0.6437 0.039476
0.64405 0.0396339
0.6444 0.0396339
0.64475 0.0403798
0.6451 0.0403798
0.64545 0.0405161
0.6458 0.0301166
0.64615 0.0172481
0.6465 0.0172481
0.64685 0.033732
0.6472 0.0372245
0.64755 0.0372245
0.6479 0.036811
0.64825 0.036811
0.6486 0.0372714
0.64895 0.0389266
0.6493 0.0404089
0.64965 0.0414636999999999
0.65 0.0414636999999999
0.65035 0.0415549
0.6507 0.0367339999999999
0.65105 0.0416255
0.6514 0.0362471
0.65175 0.0362471
0.6521 0.0362471
0.65245 0.0402081
0.6528 0.0402081
0.65315 0.0403079
0.6535 0.0368188
0.65385 0.0406246999999999
0.6542 0.0374277
0.65455 0.0404163
0.6549 0.0404163
0.65525 0.0404163
0.6556 0.0383842
0.65595 0.0328863
0.6563 0.0328863
0.65665 0.0378444
0.657 0.0399614
0.65735 0.0399614
0.6577 0.0364846
0.65805 0.0364846
0.6584 0.0364846
0.65875 0.0403686
0.6591 0.040793
0.65945 0.040793
0.6598 0.040793
0.66015 0.04082
0.6605 0.0471726
0.66085 0.0429139
0.6612 0.0429139
0.66155 0.0396396
0.6619 0.0396396
0.66225 0.0396396
0.6626 0.0399108
0.66295 0.0399108
0.6633 0.0399108
0.66365 0.0396940999999999
0.664 0.0396940999999999
0.66435 0.0399703
0.6647 0.0403848
0.66505 0.0402412
0.6654 0.0402412
0.66575 0.0400441
0.6661 0.0388320999999999
0.66645 0.0400441
0.6668 0.0386253
0.66715 0.0399821
0.6675 0.0386253
0.66785 0.0399821
0.6682 0.0386028
0.66855 0.0382901999999999
0.6689 0.0382901999999999
0.66925 0.0385977
0.6696 0.0396515
0.66995 0.0385977
0.6703 0.0396154
0.67065 0.0396154
0.671 0.0396154
0.67135 0.0404171
0.6717 0.0410408
0.67205 0.0410408
0.6724 0.0410408
0.67275 0.0406089
0.6731 0.0392202
0.67345 0.0392202
0.6738 0.0402869
0.67415 0.0402869
0.6745 0.0401385
0.67485 0.0401385
0.6752 0.0403722
0.67555 0.0403722
0.6759 0.0403106
0.67625 0.0399391
0.6766 0.0399391
0.67695 0.0399391
0.6773 0.0409029
0.67765 0.0409029
0.678 0.0405694
0.67835 0.0399596
0.6787 0.0395944
0.67905 0.0394372
0.6794 0.0391657
0.67975 0.0391657
0.6801 0.0391657
0.68045 0.0384149
0.6808 0.0377507
0.68115 0.0377507
0.6815 0.0377507
0.68185 0.0383943
0.6822 0.0376639
0.68255 0.0376639
0.6829 0.0375319
0.68325 0.0371785
0.6836 0.0371785
0.68395 0.0365767
0.6843 0.0365767
0.68465 0.0367206
0.685 0.0368075
0.68535 0.0370001
0.6857 0.0370001
0.68605 0.0367556999999999
0.6864 0.0364224
0.68675 0.0351197
0.6871 0.0351197
0.68745 0.0351366
0.6878 0.0370246999999999
0.68815 0.0352984
0.6885 0.0356466
0.68885 0.0352984
0.6892 0.0356466
0.68955 0.0349306
0.6899 0.0349306
0.69025 0.0348291
0.6906 0.0348291
0.69095 0.0338963
0.6913 0.0352644
0.69165 0.0309468
0.692 0.0247577
0.69235 0.0247577
0.6927 0.0259825
0.69305 0.0259825
0.6934 0.0259825
0.69375 0.0273615
0.6941 0.0273615
0.69445 0.0298452
0.6948 0.0323788
0.69515 0.0323788
0.6955 0.0316252
0.69585 0.0308234
0.6962 0.0278105999999999
0.69655 0.0308234
0.6969 0.0278105999999999
0.69725 0.0318258
0.6976 0.0264718
0.69795 0.0303805
0.6983 0.0303805
0.69865 0.0305341
0.699 0.0305341
0.69935 0.0301063
0.6997 0.0271776
0.70005 0.0261550999999999
0.7004 0.0261550999999999
0.70075 0.0288058
0.7011 0.0288058
0.70145 0.0217065
0.7018 0.0217065
0.70215 0.0235768
0.7025 0.0235768
0.70285 0.0229327
0.7032 0.0229327
0.70355 0.0310582999999999
0.7039 0.0313679
0.70425 0.0313679
0.7046 0.0246111
0.70495 0.0245384
0.7053 0.0246111
0.70565 0.0269662
0.706 0.0269662
0.70635 0.0206562
0.7067 0.0206562
0.70705 0.0206562
0.7074 0.0253682
0.70775 0.0233452
0.7081 0.0253682
0.70845 0.0233452
0.7088 0.0202565999999999
0.70915 0.0201955
0.7095 0.0201955
0.70985 0.0263067
0.7102 0.0267685
0.71055 0.0263067
0.7109 0.0146387
0.71125 0.0146387
0.7116 0.0214308
0.71195 0.025255
0.7123 0.025255
0.71265 0.0234394
0.713 0.0234394
0.71335 0.0234394
0.7137 0.0244614
0.71405 0.0186856
0.7144 0.0198352
0.71475 0.0198352
0.7151 0.0253931
0.71545 0.0253931
0.7158 0.0276532
0.71615 0.0182294
0.7165 0.0055089
0.71685 0.0055089
0.7172 0.0094117
0.71755 0.0094117
0.7179 0.0094117
0.71825 0.0197997
0.7186 0.0197997
0.71895 0.005714
0.7193 0.0044467
0.71965 0.005714
0.72 0.0079807
0.72035 0.0122632
0.7207 0.0143243
0.72105 0.0143243
0.7214 0.004029
0.72175 0.004029
0.7221 0.0078347
0.72245 0.0160739
0.7228 0.0160739
0.72315 0.0080653
0.7235 0.0058658
0.72385 0.0058658
0.7242 0.0058658
0.72455 0.0096932999999999
0.7249 0.0096932999999999
0.72525 0.0096932999999999
0.7256 0.0088519999999999
0.72595 0.0072298
0.7263 0.0048167
0.72665 0.0072298
0.727 0.0041269
0.72735 0.0116447999999999
0.7277 0.0105208
0.72805 0.0121823
0.7284 0.0136929
0.72875 0.0154185
0.7291 0.0154185
0.72945 0.0122288
0.7298 0.0101641
0.73015 0.011477
0.7305 0.011477
0.73085 0.011477
0.7312 0.0145895
0.73155 0.008843
0.7319 0.0148632999999999
0.73225 0.0117277
0.7326 0.0117277
0.73295 0.0072527
0.7333 0.0072527
0.73365 0.0140923
0.734 0.0140923
0.73435 0.0140923
0.7347 0.015433
0.73505 0.0196828
0.7354 0.0206812
0.73575 0.0206812
0.7361 0.0200513
0.73645 0.0160822
0.7368 0.0160822
0.73715 0.0160822
0.7375 0.0131877
0.73785 0.0194572
0.7382 0.0194572
0.73855 0.0194572
0.7389 0.0133663999999999
0.73925 0.0133663999999999
0.7396 0.0141812
0.73995 0.0141812
0.7403 0.0141812
0.74065 0.0134776
0.741 0.021442
0.74135 0.021442
0.7417 0.021442
0.74205 0.0215687
0.7424 0.0206973
0.74275 0.019774
0.7431 0.019774
0.74345 0.0246272
0.7438 0.0246272
0.74415 0.018304
0.7445 0.018304
0.74485 0.0221567
0.7452 0.0221567
0.74555 0.0221567
0.7459 0.0171279
0.74625 0.0216664999999999
0.7466 0.0213143
0.74695 0.0213143
0.7473 0.018769
0.74765 0.018769
0.748 0.0211032
0.74835 0.0211840999999999
0.7487 0.0217377999999999
0.74905 0.0217377999999999
0.7494 0.0215855
0.74975 0.0195022
0.7501 0.0215855
0.75045 0.0195022
0.7508 0.0215368
0.75115 0.0209726
0.7515 0.0215368
0.75185 0.0209726
0.7522 0.020581
0.75255 0.018496
0.7529 0.0176805
0.75325 0.018496
0.7536 0.0198781
0.75395 0.0207473
0.7543 0.0201400999999999
0.75465 0.0205884
0.755 0.0201400999999999
0.75535 0.0201402
0.7557 0.0200763
0.75605 0.0200763
0.7564 0.0200763
0.75675 0.0197470999999999
0.7571 0.0208305
0.75745 0.0197470999999999
0.7578 0.0186643
0.75815 0.0186643
0.7585 0.0188779
0.75885 0.0188779
0.7592 0.0188779
0.75955 0.0186396
0.7599 0.0184433
0.76025 0.0181986
0.7606 0.0181986
0.76095 0.0176690999999999
0.7613 0.0176690999999999
0.76165 0.0174507
0.762 0.0172442999999999
0.76235 0.0169216
0.7627 0.0162467
0.76305 0.0162467
0.7634 0.0162467
0.76375 0.0152027999999999
0.7641 0.0152027999999999
0.76445 0.0179169
0.7648 0.0179169
0.76515 0.0181302
0.7655 0.0162461
0.76585 0.0160893
0.7662 0.0123763
0.76655 0.0123763
0.7669 0.0138296
0.76725 0.0155536
0.7676 0.0162175
0.76795 0.0162175
0.7683 0.0162175
0.76865 0.016631
0.769 0.016631
0.76935 0.0151303
0.7697 0.0122861
0.77005 0.0122861
0.7704 0.0151518
0.77075 0.0169234
0.7711 0.0169234
0.77145 0.018402
0.7718 0.018402
0.77215 0.0089024
0.7725 0.0089024
0.77285 0.0138015999999999
0.7732 0.0143751
0.77355 0.0143751
0.7739 0.0154277
0.77425 0.0163043
0.7746 0.0164749
0.77495 0.0166178
0.7753 0.01675
0.77565 0.0167864
0.776 0.0167864
0.77635 0.0168421999999999
0.7767 0.0167361
0.77705 0.0168421999999999
0.7774 0.0175829
0.77775 0.0176154
0.7781 0.0179535
0.77845 0.0176154
0.7788 0.0167059
0.77915 0.0167059
0.7795 0.0175531
0.77985 0.0185685
0.7802 0.0182896
0.78055 0.0182896
0.7809 0.0179229
0.78125 0.0179229
0.7816 0.0179229
0.78195 0.0178908
0.7823 0.0156984
0.78265 0.0140564
0.783 0.0156984
0.78335 0.0158543999999999
0.7837 0.0187201
0.78405 0.0187201
0.7844 0.0167890999999999
0.78475 0.0146766999999999
0.7851 0.0165351
0.78545 0.0156246
0.7858 0.0165351
0.78615 0.0156246
0.7865 0.0154543
0.78685 0.0154543
0.7872 0.0165729999999999
0.78755 0.0172952
0.7879 0.0175576
0.78825 0.0172952
0.7886 0.0175576
0.78895 0.0210891
0.7893 0.0210891
0.78965 0.0147254
0.79 0.0147254
0.79035 0.0192788
0.7907 0.0192788
0.79105 0.0155162
0.7914 0.0155162
0.79175 0.018155
0.7921 0.018155
0.79245 0.0181478
0.7928 0.0158014
0.79315 0.0123769
0.7935 0.0123769
0.79385 0.0182048
0.7942 0.0184659
0.79455 0.0184659
0.7949 0.0184659
0.79525 0.0136589
0.7956 0.0226988
0.79595 0.0117038
0.7963 0.0117038
0.79665 0.0117038
0.797 0.0173241
0.79735 0.0173241
0.7977 0.0192861
0.79805 0.0201662999999999
0.7984 0.0201662999999999
0.79875 0.0174745999999999
0.7991 0.0174745999999999
0.79945 0.0174745999999999
0.7998 0.0168668
0.80015 0.0168668
0.8005 0.0179761
0.80085 0.0204267
0.8012 0.0204267
0.80155 0.0156867
0.8019 0.0141596
0.80225 0.0141596
0.8026 0.0152651
0.80295 0.0176418
0.8033 0.0176418
0.80365 0.0084733
0.804 0.0084733
0.80435 0.0084733
0.8047 0.0131853999999999
0.80505 0.0131853999999999
0.8054 0.0131853999999999
0.80575 0.012664
0.8061 0.0100405
0.80645 0.0100405
0.8068 0.0115158999999999
0.80715 0.0211214
0.8075 0.0211214
0.80785 0.0131965
0.8082 0.0131965
0.80855 0.0133146
0.8089 0.0133146
0.80925 0.0082676
0.8096 0.0082676
0.80995 0.0087108999999999
0.8103 0.0170187
0.81065 0.0170187
0.811 0.0152605
0.81135 0.0152605
0.8117 0.0152605
0.81205 0.0128759
0.8124 0.0120815
0.81275 0.0128759
0.8131 0.0084611
0.81345 0.0129144
0.8138 0.0129252999999999
0.81415 0.0129252999999999
0.8145 0.0068548
0.81485 0.0034345999999999
0.8152 0.0034345999999999
0.81555 0.0142095
0.8159 0.0148428
0.81625 0.0142095
0.8166 0.0130306
0.81695 0.0130306
0.8173 0.015112
0.81765 0.015112
0.818 0.015112
0.81835 0.0168199
0.8187 0.0168199
0.81905 0.0201694
0.8194 0.0160941
0.81975 0.0161639
0.8201 0.0161639
0.82045 0.0161639
0.8208 0.0164047
0.82115 0.0164047
0.8215 0.0169682
0.82185 0.0187497
0.8222 0.0187497
0.82255 0.0186143
0.8229 0.0097013999999999
0.82325 0.0042848999999999
0.8236 0.0040887
0.82395 0.0040887
0.8243 0.0198587
0.82465 0.0198587
0.825 0.0177507999999999
0.82535 0.0177507999999999
0.8257 0.0178412
0.82605 0.0178412
0.8264 0.0153873
0.82675 0.0153873
0.8271 0.0059373
0.82745 0.0156301
0.8278 0.0113724
0.82815 0.0156301
0.8285 0.0153927
0.82885 0.0153927
0.8292 0.0153927
0.82955 0.0176492
0.8299 0.0176492
0.83025 0.0065834
0.8306 0.0065834
0.83095 0.0105784
0.8313 0.0165975
0.83165 0.0111688
0.832 0.0111688
0.83235 0.0111688
0.8327 0.0116858
0.83305 0.016184
0.8334 0.0144719
0.83375 0.0144719
0.8341 0.0038179
0.83445 0.0038179
0.8348 0.0038179
0.83515 0.0022472
0.8355 0.0022472
0.83585 0.0065391
0.8362 0.011493
0.83655 0.011493
0.8369 0.011493
0.83725 0.0065058
0.8376 0.0051232
0.83795 0.0051232
0.8383 0.0111885
0.83865 0.0132097
0.839 0.0173944
0.83935 0.0173944
0.8397 0.0163579
0.84005 0.0152343
0.8404 0.0105247
0.84075 0.0105247
0.8411 0.0182815
0.84145 0.0182815
0.8418 0.0135461
0.84215 0.0135461
0.8425 0.0140646
0.84285 0.0168655
0.8432 0.0142700999999999
0.84355 0.0206665
0.8439 0.0180053
0.84425 0.0180053
0.8446 0.0180053
0.84495 0.0165091
0.8453 0.0165091
0.84565 0.0128274
0.846 0.0128274
0.84635 0.0167158
0.8467 0.0191305999999999
0.84705 0.0197227
0.8474 0.0197227
0.84775 0.0125784
0.8481 0.0125784
0.84845 0.0125784
0.8488 0.0212504
0.84915 0.0176581
0.8495 0.0176581
0.84985 0.0176581
0.8502 0.0178518
0.85055 0.0192247
0.8509 0.0178518
0.85125 0.0147918
0.8516 0.0147918
0.85195 0.0177138
0.8523 0.018561
0.85265 0.0177138
0.853 0.0172148
0.85335 0.0172148
0.8537 0.0175539
0.85405 0.0180757
0.8544 0.0180757
0.85475 0.0178615
0.8551 0.0178615
0.85545 0.0183409
0.8558 0.0183409
0.85615 0.0160509
0.8565 0.0160509
0.85685 0.0160509
0.8572 0.0152645
0.85755 0.0139890999999999
0.8579 0.0140725
0.85825 0.0139890999999999
0.8586 0.0140725
0.85895 0.0139396
0.8593 0.0139396
0.85965 0.0126907999999999
0.86 0.0120197
0.86035 0.0114349999999999
0.8607 0.0120197
0.86105 0.0114349999999999
0.8614 0.010503
0.86175 0.0092427
0.8621 0.0092427
0.86245 0.0092427
0.8628 0.0094479
0.86315 0.0094479
0.8635 0.009429
0.86385 0.0093181
0.8642 0.0088523
0.86455 0.0087654
0.8649 0.0088523
0.86525 0.0094517
0.8656 0.0096312
0.86595 0.0102603
0.8663 0.0115123
0.86665 0.0115123
0.867 0.0103365
0.86735 0.0096967999999999
0.8677 0.0103365
0.86805 0.0118432
0.8684 0.0136226
0.86875 0.0136226
0.8691 0.0154271
0.86945 0.0155088999999999
0.8698 0.0155088999999999
0.87015 0.0137196
0.8705 0.0137196
0.87085 0.0139155
0.8712 0.0139155
0.87155 0.0139155
0.8719 0.0164738
0.87225 0.0164738
0.8726 0.0141062999999999
0.87295 0.0132772999999999
0.8733 0.0141062999999999
0.87365 0.0132772999999999
0.874 0.0164043
0.87435 0.0164043
0.8747 0.0164043
0.87505 0.0148122999999999
0.8754 0.0139395
0.87575 0.0139395
0.8761 0.0139395
0.87645 0.0165004
0.8768 0.0165004
0.87715 0.0156244
0.8775 0.0124142
0.87785 0.0143848999999999
0.8782 0.0124142
0.87855 0.0134371
0.8789 0.0134371
0.87925 0.0134371
0.8796 0.0079223
0.87995 0.0072302999999999
0.8803 0.0070113
0.88065 0.0063108999999999
0.881 0.005083
0.88135 0.0047196
0.8817 0.0031733
0.88205 0.0020532
0.8824 0.0012772
0.88275 0.0012419
0.8831 0.0012282
0.88345 0.0011911
0.8838 0.001189
0.88415 0.0011911
0.8845 0.0014814
0.88485 0.0017829
0.8852 0.0021129
0.88555 0.0021129
0.8859 0.0018864
0.88625 0.0014349
0.8866 0.000811
0.88695 0.0007031
0.8873 0.0007031
0.88765 0.0007031
0.888 0.0007551
0.88835 0.0009578
0.8887 0.0010599
0.88905 0.0009578
0.8894 0.0011892
0.88975 0.0012617
0.8901 0.0013671
0.89045 0.0012763
0.8908 0.0012763
0.89115 0.0011476
0.8915 0.0011476
0.89185 0.0011476
0.8922 0.0011192
0.89255 0.0011192
0.8929 0.0011509
0.89325 0.0012406
0.8936 0.0012406
0.89395 0.0011715999999999
0.8943 0.0010586999999999
0.89465 0.0010586999999999
0.895 0.0010922
0.89535 0.0010922
0.8957 0.0010922
0.89605 0.0011808
0.8964 0.0012663
0.89675 0.0016016
0.8971 0.0016016
0.89745 0.0018424
0.8978 0.0018424
0.89815 0.0021339
0.8985 0.0021339
0.89885 0.0017295
0.8992 0.0004963
0.89955 0.0004963
0.8999 0.0003031
0.90025 0.0003031
0.9006 0.0003031
0.90095 0.0012218
0.9013 0.0020601
0.90165 0.0042971
0.902 0.0042971
0.90235 0.0038875
0.9027 0.0038875
0.90305 0.0037657
0.9034 0.0045333
0.90375 0.0045333
0.9041 0.0068232
0.90445 0.0077146
0.9048 0.0084252999999999
0.90515 0.009084
0.9055 0.009084
0.90585 0.009084
0.9062 0.0083799
0.90655 0.0095123999999999
0.9069 0.0083799
0.90725 0.0095123999999999
0.9076 0.0101973999999999
0.90795 0.0101973999999999
0.9083 0.0093936
0.90865 0.0055828
0.909 0.0093936
0.90935 0.0055828
0.9097 0.0056133
0.91005 0.0027749
0.9104 0.0030813
0.91075 0.0030813
0.9111 0.00325
0.91145 0.003643
0.9118 0.00325
0.91215 0.003643
0.9125 0.0079411999999999
0.91285 0.0079411999999999
0.9132 0.0079411999999999
0.91355 0.0063123999999999
0.9139 0.0096917999999999
0.91425 0.0014654
0.9146 0.0085583
0.91495 0.0026233
0.9153 0.0046263
0.91565 0.0046263
0.916 0.0046263
0.91635 0.0052644
0.9167 0.0022467
0.91705 0.001535
0.9174 0.0012606
0.91775 0.0012606
0.9181 0.0012606
0.91845 0.0017039
0.9188 0.0031484
0.91915 0.0031484
0.9195 0.0009332
0.91985 0.0009332
0.9202 0.007183
0.92055 0.0088546
0.9209 0.0088546
0.92125 0.0078548
0.9216 0.0029885
0.92195 0.0078548
0.9223 0.0078812
0.92265 0.007989
0.923 0.0078812
0.92335 0.0049099
0.9237 0.0033678
0.92405 0.0049099
0.9244 0.0033678
0.92475 0.0093876
0.9251 0.0093876
0.92545 0.0093876
0.9258 0.0086542
0.92615 0.0059756
0.9265 0.0036036
0.92685 0.0036036
0.9272 0.0025995
0.92755 0.0025059
0.9279 0.0012404
0.92825 0.0025059
0.9286 0.0024642
0.92895 0.0045023999999999
0.9293 0.0032399
0.92965 0.0032399
0.93 0.0008728
0.93035 0.0008728
0.9307 0.0004652
0.93105 0.0013054
0.9314 0.0009744999999999
0.93175 0.0013054
0.9321 0.0020287
0.93245 0.0020287
0.9328 0.0023063
0.93315 0.0024819
0.9335 0.0024819
0.93385 0.0008167999999999
0.9342 0.0007309
0.93455 0.0004082
0.9349 0.0007309
0.93525 0.0004082
0.9356 0.0007848
0.93595 0.0010925999999999
0.9363 0.0016765999999999
0.93665 0.0011178
0.937 0.0011178
0.93735 0.0011178
0.9377 0.0008699999999999
0.93805 0.0008699999999999
0.9384 0.0008699999999999
0.93875 0.0014704
0.9391 0.0014704
0.93945 0.0015175
0.9398 0.0010899
0.94015 0.0017422
0.9405 0.0010032
0.94085 0.0025483
0.9412 0.0037397
0.94155 0.0037397
0.9419 0.0023028
0.94225 0.0021448
0.9426 0.0021448
0.94295 0.0006753999999999
0.9433 0.0006753999999999
0.94365 0.000955
0.944 0.000955
0.94435 0.0003115
0.9447 0.0003115
0.94505 0.0030146
0.9454 0.0030146
0.94575 0.0032604
0.9461 0.0012435
0.94645 0.0012435
0.9468 0.0012435
0.94715 0.0015585
0.9475 0.0015585
0.94785 0.0015585
0.9482 0.0024041
0.94855 0.0028338
0.9489 0.0028338
0.94925 0.0003375
0.9496 0.0003375
0.94995 0.0004652
0.9503 0.0008878
0.95065 0.0031488
0.951 0.0031488
0.95135 0.0012901
0.9517 0.0012901
0.95205 0.0014214
0.9524 0.0014214
0.95275 0.0010984
0.9531 0.0006262
0.95345 0.0006262
0.9538 0.0009196
0.95415 0.0013079
0.9545 0.0013079
0.95485 0.0024243
0.9552 0.0015710999999999
0.95555 0.0023066
0.9559 0.0023066
0.95625 0.0023881
0.9566 0.0023881
0.95695 0.0007098
0.9573 0.0007098
0.95765 0.002682
0.958 0.002682
0.95835 0.0021449
0.9587 0.0021449
0.95905 0.0021449
0.9594 0.0006965
0.95975 0.0006965
0.9601 0.0029923
0.96045 0.0029923
0.9608 0.0012279
0.96115 0.0012279
0.9615 0.0016884
0.96185 0.0025185
0.9622 0.0016884
0.96255 0.0006079
0.9629 0.0006079
0.96325 0.0010146
0.9636 0.0010146
0.96395 0.0008482999999999
0.9643 0.0008482999999999
0.96465 0.0035961999999999
0.965 0.0035961999999999
0.96535 0.0016137
0.9657 0.0007794
0.96605 0.0016137
0.9664 0.0010847
0.96675 0.0010847
0.9671 0.0010847
0.96745 0.0015606
0.9678 0.0029484999999999
0.96815 0.0029484999999999
0.9685 0.0018702
0.96885 0.0006942
0.9692 0.0006942
0.96955 0.0019474
0.9699 0.0034044
0.97025 0.0034044
0.9706 0.0034258
0.97095 0.0034258
0.9713 0.0036779
0.97165 0.0041935
0.972 0.0041935
0.97235 0.0029398
0.9727 0.0028393
0.97305 0.0013779
0.9734 0.0013779
0.97375 0.0009937
0.9741 0.0009937
0.97445 0.0009937
0.9748 0.0015214
0.97515 0.0022681999999999
0.9755 0.0028054
0.97585 0.0028054
0.9762 0.0024876
0.97655 0.0024876
0.9769 0.0038611999999999
0.97725 0.0042834
0.9776 0.0042834
0.97795 0.0024370999999999
0.9783 0.0015954
0.97865 0.0015954
0.979 0.0014408
0.97935 0.0014408
0.9797 0.0023473
0.98005 0.0023473
0.9804 0.0021752
0.98075 0.0016029
0.9811 0.0016029
0.98145 0.0023985
0.9818 0.0023985
0.98215 0.0016811
0.9825 0.0011797
0.98285 0.0010159
0.9832 0.0010159
0.98355 0.0013039
0.9839 0.0018510999999999
0.98425 0.0017881
0.9846 0.0017881
0.98495 0.0017881
0.9853 0.001573
0.98565 0.0014109
0.986 0.0011956
0.98635 0.0011956
0.9867 0.0009006
0.98705 0.0011126
0.9874 0.0011126
0.98775 0.0011126
0.9881 0.0003674
0.98845 0.0003503999999999
0.9888 0.0003674
0.98915 0.0005277
0.9895 0.0012790999999999
0.98985 0.0007832
0.9902 0.0014915
0.99055 0.0011339
0.9909 0.0014365
0.99125 0.0011339
0.9916 0.0014365
0.99195 0.0010998
0.9923 0.0016311
0.99265 0.0014324
0.993 0.0014977999999999
0.99335 0.0014977999999999
0.9937 0.0017469999999999
0.99405 0.0017469999999999
0.9944 0.0021234
0.99475 0.0018699
0.9951 0.0018699
0.99545 0.0018196999999999
0.9958 0.0008353
0.99615 0.0018196999999999
0.9965 0.0008353
0.99685 0.0018596
0.9972 0.0027079
0.99755 0.0027079
0.9979 0.0024429
0.99825 0.0014897
0.9986 0.0018125
0.99895 0.0012818
0.9993 0.0012818
