0.3 0.1996494999999999
0.30035 0.1996513999999999
0.3007 0.1996529
0.30105 0.1996542
0.3014 0.1996552999999999
0.30175 0.1996561
0.3021 0.1996567
0.30245 0.199657
0.3028 0.199657
0.30315 0.1996569
0.3035 0.1996565
0.30385 0.1996559
0.3042 0.1996533999999999
0.30455 0.1996506
0.3049 0.1996476
0.30525 0.1996443
0.3056 0.1996408999999999
0.30595 0.1996373
0.3063 0.1996334
0.30665 0.1996293999999999
0.307 0.1996251
0.30735 0.1996207
0.3077 0.1996161
0.30805 0.1996113
0.3084 0.1996063
0.30875 0.1996011
0.3091 0.1995957
0.30945 0.1995901
0.3098 0.1995844
0.31015 0.1995785
0.3105 0.1995723999999999
0.31085 0.1995661
0.3112 0.1995597
0.31155 0.199553
0.3119 0.1995462
0.31225 0.1995392
0.3126 0.199532
0.31295 0.1995246
0.3133 0.1995171
0.31365 0.1995094
0.314 0.1995015
0.31435 0.1994935
0.3147 0.1994852999999999
0.31505 0.199477
0.3154 0.1994685
0.31575 0.1994599
0.3161 0.1994511
0.31645 0.1994422
0.3168 0.1994331
0.31715 0.1994239
0.3175 0.1994146
0.31785 0.1994051
0.3182 0.1993955
0.31855 0.1993857
0.3189 0.1993758
0.31925 0.1993657
0.3196 0.1993556
0.31995 0.1993453
0.3203 0.1993348
0.32065 0.1993242999999999
0.321 0.1993136
0.32135 0.1993027999999999
0.3217 0.1992919
0.32205 0.1992808
0.3224 0.1992696
0.32275 0.1992583999999999
0.3231 0.1992469
0.32345 0.1992354
0.3238 0.1992237999999999
0.32415 0.199212
0.3245 0.1992002
0.32485 0.1991882
0.3252 0.1991761
0.32555 0.1991638999999999
0.3259 0.1991517
0.32625 0.1991393
0.3266 0.1991268
0.32695 0.1991142
0.3273 0.1991013999999999
0.32765 0.1990886
0.328 0.1990757
0.32835 0.1990627
0.3287 0.1990496
0.32905 0.1990364
0.3294 0.1990231
0.32975 0.1990095
0.3301 0.1989948999999999
0.33045 0.1989816
0.3308 0.1989688999999999
0.33115 0.1989553
0.3315 0.1989416
0.33185 0.1989277
0.3322 0.1989137
0.33255 0.1988997
0.3329 0.1988855
0.33325 0.1988713
0.3336 0.198857
0.33395 0.1988426
0.3343 0.1988281
0.33465 0.1988136
0.335 0.198799
0.33535 0.1987843
0.3357 0.1987695
0.33605 0.1987547
0.3364 0.1987398
0.33675 0.1987247999999999
0.3371 0.1987099
0.33745 0.1986954
0.3378 0.1986809
0.33815 0.1986662
0.3385 0.1986516
0.33885 0.1986368
0.3392 0.198622
0.33955 0.1986071
0.3399 0.1985921
0.34025 0.1985771
0.3406 0.198562
0.34095 0.1985469
0.3413 0.1985317
0.34165 0.1985164
0.342 0.1985010999999999
0.34235 0.1984857
0.3427 0.1984703
0.34305 0.1984548
0.3434 0.1984392
0.34375 0.1984236
0.3441 0.198408
0.34445 0.1983922999999999
0.3448 0.1983765
0.34515 0.1983607
0.3455 0.1983448
0.34585 0.1983287999999999
0.3462 0.1983129
0.34655 0.1982968
0.3469 0.1982808
0.34725 0.1982645999999999
0.3476 0.1982485
0.34795 0.1982322
0.3483 0.198216
0.34865 0.1981996
0.349 0.1981832999999999
0.34935 0.1981668999999999
0.3497 0.1981504
0.35005 0.1981339
0.3504 0.1981174
0.35075 0.1981008
0.3511 0.1980842
0.35145 0.1980675
0.3518 0.1980507999999999
0.35215 0.1980341
0.3525 0.1980172999999999
0.35285 0.1980005
0.3532 0.1979837
0.35355 0.1979668
0.3539 0.1979497999999999
0.35425 0.1979328
0.3546 0.1979148
0.35495 0.1978977999999999
0.3553 0.1978806
0.35565 0.1978633
0.356 0.1978238
0.35635 0.1978214999999999
0.3567 0.197812
0.35705 0.1977774
0.3574 0.1977732
0.35775 0.1977482
0.3581 0.1977175
0.35845 0.1977081
0.3588 0.1976812999999999
0.35915 0.1976791
0.3595 0.1976351
0.35985 0.1975971
0.3602 0.1975906
0.36055 0.1975708
0.3609 0.1975666
0.36125 0.1975666
0.3616 0.1975575
0.36195 0.1975471
0.3623 0.1975172
0.36265 0.1975058999999999
0.363 0.1974885
0.36335 0.1974701
0.3637 0.1974492
0.36405 0.1974265
0.3644 0.1974125
0.36475 0.1973938999999999
0.3651 0.1973741
0.36545 0.1973533999999999
0.3658 0.1973242
0.36615 0.1973117
0.3665 0.1972944
0.36685 0.1972718
0.3672 0.1972504
0.36755 0.1972337
0.3679 0.1972096
0.36825 0.1971908
0.3686 0.1971555
0.36895 0.1971531
0.3693 0.1971278
0.36965 0.1971088
0.37 0.1970824
0.37035 0.1970542
0.3707 0.1970067
0.37105 0.1970066
0.3714 0.1969991
0.37175 0.1969723
0.3721 0.1969516
0.37245 0.1969332
0.3728 0.1968962
0.37315 0.1968729
0.3735 0.1968729
0.37385 0.1968378999999999
0.3742 0.1968347
0.37455 0.1967989
0.3749 0.196761
0.37525 0.1967102999999999
0.3756 0.1967226
0.37595 0.1966433
0.3763 0.1966819
0.37665 0.1966433
0.377 0.1966359
0.37735 0.1966302
0.3777 0.1965623
0.37805 0.1965623
0.3784 0.1965369
0.37875 0.1964987999999999
0.3791 0.1964928
0.37945 0.1964327
0.3798 0.1963931
0.38015 0.1964257
0.3805 0.196415
0.38085 0.196415
0.3812 0.1964073999999999
0.38155 0.1963944
0.3819 0.1963083
0.38225 0.196265
0.3826 0.196265
0.38295 0.1962972
0.3833 0.1962972
0.38365 0.1962884
0.384 0.1962612999999999
0.38435 0.1962535
0.3847 0.1962402999999999
0.38505 0.1962222
0.3854 0.1962005
0.38575 0.1961823999999999
0.3861 0.1961598
0.38645 0.1961358
0.3868 0.1961172999999999
0.38715 0.1960886
0.3875 0.1960728
0.38785 0.196048
0.3882 0.1960391
0.38855 0.1959927
0.3889 0.1959624
0.38925 0.1959477
0.3896 0.1959473
0.38995 0.1959183
0.3903 0.1958848
0.39065 0.195867
0.391 0.1958602
0.39135 0.1958368999999999
0.3917 0.1957839999999999
0.39205 0.1957766
0.3924 0.1957629
0.39275 0.1957184
0.3931 0.1957138
0.39345 0.1957138
0.3938 0.1956803999999999
0.39415 0.1956357
0.3945 0.1955682
0.39485 0.1955632999999999
0.3952 0.1955593
0.39555 0.1955106
0.3959 0.1954654
0.39625 0.1954392
0.3966 0.1954392
0.39695 0.1954392
0.3973 0.1954115
0.39765 0.1953628999999999
0.398 0.1954115
0.39835 0.1953667
0.3987 0.1953667
0.39905 0.1953638
0.3994 0.1953484
0.39975 0.1953263999999999
0.4001 0.1953194
0.40045 0.1953058
0.4008 0.1952436
0.40115 0.1952436
0.4015 0.195247
0.40185 0.195247
0.4022 0.1951766
0.40255 0.1951579
0.4029 0.1951682
0.40325 0.1951579
0.4036 0.1951138
0.40395 0.1951065
0.4043 0.1951065
0.40465 0.1950802
0.405 0.1950679
0.40535 0.195067
0.4057 0.1950244
0.40605 0.1949678
0.4064 0.194941
0.40675 0.194941
0.4071 0.194941
0.40745 0.194941
0.4078 0.1949354
0.40815 0.1949197999999999
0.4085 0.1949063999999999
0.40885 0.1948715
0.4092 0.1948535
0.40955 0.1948535
0.4099 0.194824
0.41025 0.1947953
0.4106 0.1947814
0.41095 0.1947664
0.4113 0.1947313
0.41165 0.1947306
0.412 0.1946763
0.41235 0.1946394
0.4127 0.1946394
0.41305 0.1945971
0.4134 0.1944992999999999
0.41375 0.1944992999999999
0.4141 0.194512
0.41445 0.194512
0.4148 0.1943925
0.41515 0.1942487
0.4155 0.1942407
0.41585 0.1940414
0.4162 0.1940414
0.41655 0.1942118
0.4169 0.1942118
0.41725 0.1940394
0.4176 0.1937944
0.41795 0.1940394
0.4183 0.1942194
0.41865 0.1942194
0.419 0.1941306
0.41935 0.1940743
0.4197 0.1938199
0.42005 0.1939447999999999
0.4204 0.1939447999999999
0.42075 0.1941437999999999
0.4211 0.1941437999999999
0.42145 0.1941239
0.4218 0.1940322
0.42215 0.1939675
0.4225 0.1939675
0.42285 0.1939675
0.4232 0.1938325
0.42355 0.1934607
0.4239 0.1934607
0.42425 0.1935059
0.4246 0.1935059
0.42495 0.1936783
0.4253 0.1937275
0.42565 0.1937275
0.426 0.1931816
0.42635 0.1931816
0.4267 0.1934335
0.42705 0.193661
0.4274 0.1936227
0.42775 0.1936835
0.4281 0.1936315
0.42845 0.1936315
0.4288 0.1935729
0.42915 0.1934486
0.4295 0.1934671
0.42985 0.1934671
0.4302 0.1934671
0.43055 0.1934894
0.4309 0.1935223999999999
0.43125 0.1935223999999999
0.4316 0.1935223999999999
0.43195 0.1935895
0.4323 0.1936011
0.43265 0.1936011
0.433 0.1935605
0.43335 0.1935544
0.4337 0.1934933
0.43405 0.1934692
0.4344 0.1934214
0.43475 0.1934214
0.4351 0.1934214
0.43545 0.1933742
0.4358 0.1933654
0.43615 0.1933185
0.4365 0.1931227999999999
0.43685 0.1931227999999999
0.4372 0.1931315
0.43755 0.1931462
0.4379 0.193166
0.43825 0.193166
0.4386 0.193166
0.43895 0.1931483
0.4393 0.1930483
0.43965 0.1929662
0.44 0.1928203
0.44035 0.1923404
0.4407 0.1921146
0.44105 0.1921619
0.4414 0.1921146
0.44175 0.1920674
0.4421 0.1920674
0.44245 0.1920674
0.4428 0.1924698
0.44315 0.1927811
0.4435 0.1927811
0.44385 0.192251
0.4442 0.192251
0.44455 0.1927185
0.4449 0.1927185
0.44525 0.1924902999999999
0.4456 0.1924632999999999
0.44595 0.1924632999999999
0.4463 0.19254
0.44665 0.1927439
0.447 0.1926835
0.44735 0.1927621
0.4477 0.1926835
0.44805 0.1927621
0.4484 0.1927178
0.44875 0.1927848
0.4491 0.1927668
0.44945 0.1927668
0.4498 0.1926917
0.45015 0.1926917
0.4505 0.1926917
0.45085 0.1925638999999999
0.4512 0.1923667
0.45155 0.1923083
0.4519 0.1923054
0.45225 0.1923054
0.4526 0.1924106
0.45295 0.1924106
0.4533 0.192432
0.45365 0.1924004
0.454 0.1924004
0.45435 0.1922569999999999
0.4547 0.1921635
0.45505 0.1922569999999999
0.4554 0.1921809
0.45575 0.1921809
0.4561 0.1920452
0.45645 0.1920452
0.4568 0.1919546
0.45715 0.192173
0.4575 0.1921269
0.45785 0.1921269
0.4582 0.1920918999999999
0.45855 0.1920564
0.4589 0.1920134
0.45925 0.191879
0.4596 0.1918152999999999
0.45995 0.191879
0.4603 0.1919679
0.46065 0.1920868
0.461 0.1921181
0.46135 0.1921191
0.4617 0.1921405
0.46205 0.1921405
0.4624 0.1921405
0.46275 0.1921401
0.4631 0.1921351
0.46345 0.1921102
0.4638 0.1921032
0.46415 0.1920638999999999
0.4645 0.1920114
0.46485 0.1920091
0.4652 0.1918136
0.46555 0.1918136
0.4659 0.1916973
0.46625 0.1916446
0.4666 0.1915606
0.46695 0.1915839
0.4673 0.1915606
0.46765 0.1914957
0.468 0.191304
0.46835 0.1910797
0.4687 0.1905455
0.46905 0.1904877999999999
0.4694 0.1904877999999999
0.46975 0.1906303999999999
0.4701 0.1906521
0.47045 0.1911198999999999
0.4708 0.1911198999999999
0.47115 0.1911837
0.4715 0.1909172
0.47185 0.1909172
0.4722 0.1904395
0.47255 0.1904395
0.4729 0.1906926
0.47325 0.1908175
0.4736 0.1909622999999999
0.47395 0.1909622999999999
0.4743 0.1912443
0.47465 0.1907382
0.475 0.1912361
0.47535 0.1904127
0.4757 0.1912361
0.47605 0.1909522
0.4764 0.1909522
0.47675 0.1909522
0.4771 0.1909854
0.47745 0.1912119
0.4778 0.190986
0.47815 0.1911711
0.4785 0.1910934
0.47885 0.1910934
0.4792 0.191023
0.47955 0.1909722999999999
0.4799 0.1908872
0.48025 0.1908445
0.4806 0.1907716
0.48095 0.1907203
0.4813 0.1906135
0.48165 0.1905447
0.482 0.1903088
0.48235 0.1903088
0.4827 0.1902734999999999
0.48305 0.1902584
0.4834 0.189859
0.48375 0.1896241
0.4841 0.1892463999999999
0.48445 0.1883184
0.4848 0.187948
0.48515 0.1878322999999999
0.4855 0.1878322999999999
0.48585 0.1880848
0.4862 0.1882074
0.48655 0.188682
0.4869 0.1892674
0.48725 0.1892674
0.4876 0.1891607
0.48795 0.1891607
0.4883 0.1899378
0.48865 0.1899378
0.489 0.190253
0.48935 0.1894887999999999
0.4897 0.190253
0.49005 0.1901027
0.4904 0.1901027
0.49075 0.1901027
0.4911 0.1901453
0.49145 0.1903141
0.4918 0.1903405
0.49215 0.1903141
0.4925 0.1901454
0.49285 0.1901454
0.4932 0.1901705
0.49355 0.1901705
0.4939 0.190463
0.49425 0.190463
0.4946 0.190463
0.49495 0.1905558
0.4953 0.1904877
0.49565 0.1906223
0.496 0.1905247
0.49635 0.1905716
0.4967 0.1905296
0.49705 0.1905296
0.4974 0.1904899
0.49775 0.1904647
0.4981 0.1904527999999999
0.49845 0.1903237
0.4988 0.1903237
0.49915 0.1902068
0.4995 0.1903392
0.49985 0.1901421
0.50055 0.1896125
0.5009 0.1896125
0.50125 0.1897145999999999
0.5016 0.1897145999999999
0.50195 0.1895875
0.5023 0.1894786
0.50265 0.1887116
0.503 0.1876974
0.50335 0.1880056
0.5037 0.1880056
0.50405 0.1880056
0.5044 0.1886688999999999
0.50475 0.189146
0.5051 0.1891509
0.50545 0.1891509
0.5058 0.1887215
0.50615 0.1887215
0.5065 0.1878453
0.50685 0.1882223999999999
0.5072 0.1882223999999999
0.50755 0.1885229
0.5079 0.1885229
0.50825 0.1884077
0.5086 0.1884077
0.50895 0.1884077
0.5093 0.1883483
0.50965 0.1881774
0.51 0.1881774
0.51035 0.1884674999999999
0.5107 0.1886446
0.51105 0.188795
0.5114 0.188795
0.51175 0.188795
0.5121 0.1890196
0.51245 0.1894752999999999
0.5128 0.1894928
0.51315 0.1894928
0.5135 0.1894928
0.51385 0.1895393
0.5142 0.1895393
0.51455 0.1895393
0.5149 0.1896612
0.51525 0.1899097
0.5156 0.1899357
0.51595 0.1899357
0.5163 0.1899357
0.51665 0.1898275
0.517 0.1899544
0.51735 0.1899101
0.5177 0.1899101
0.51805 0.1899007999999999
0.5184 0.18989
0.51875 0.18989
0.5191 0.1898684
0.51945 0.1897372
0.5198 0.1897307
0.52015 0.1897307
0.5205 0.189686
0.52085 0.1896484
0.5212 0.189571
0.52155 0.1895636
0.5219 0.1894361
0.52225 0.1894232
0.5226 0.1893196
0.52295 0.1892592
0.5233 0.1884071
0.52365 0.1884071
0.524 0.1881616
0.52435 0.188965
0.5247 0.188965
0.52505 0.1891397
0.5254 0.1892049999999999
0.52575 0.1893857
0.5261 0.1893882
0.52645 0.1893857
0.5268 0.1889137
0.52715 0.1888806
0.5275 0.1888806
0.52785 0.1888806
0.5282 0.1891061
0.52855 0.1891061
0.5289 0.1888244
0.52925 0.1888016
0.5296 0.1887734999999999
0.52995 0.1887734999999999
0.5303 0.1887734999999999
0.53065 0.1884135
0.531 0.1884135
0.53135 0.1888523
0.5317 0.1888523
0.53205 0.1887993
0.5324 0.1884871
0.53275 0.1884871
0.5331 0.1884871
0.53345 0.1885761
0.5338 0.1885761
0.53415 0.1885761
0.5345 0.1885516
0.53485 0.1883956
0.5352 0.1881184
0.53555 0.1879431
0.5359 0.1876375
0.53625 0.1876375
0.5366 0.1874922999999999
0.53695 0.1871557
0.5373 0.1871557
0.53765 0.1867578
0.538 0.1865769
0.53835 0.1863336
0.5387 0.1860473
0.53905 0.1858283
0.5394 0.1853642999999999
0.53975 0.1849174999999999
0.5401 0.1849174999999999
0.54045 0.1841782
0.5408 0.1835627
0.54115 0.1825767
0.5415 0.1824297
0.54185 0.1813299
0.5422 0.1810456
0.54255 0.1810456
0.5429 0.1810616
0.54325 0.1811171
0.5436 0.1812846
0.54395 0.1818333999999999
0.5443 0.1827493999999999
0.54465 0.184034
0.545 0.1841972
0.54535 0.1846669
0.5457 0.1854176
0.54605 0.1854176
0.5464 0.1859421
0.54675 0.1864546
0.5471 0.1872142999999999
0.54745 0.1872354
0.5478 0.1875747
0.54815 0.187746
0.5485 0.1878609
0.54885 0.187926
0.5492 0.1878609
0.54955 0.1879825
0.5499 0.1877598999999999
0.55025 0.1882336
0.5506 0.1882336
0.55095 0.1882336
0.5513 0.1883231
0.55165 0.1879552
0.552 0.1882924
0.55235 0.1882034
0.5527 0.1882034
0.55305 0.1882034
0.5534 0.1882481
0.55375 0.1882481
0.5541 0.1882295
0.55445 0.1881482
0.5548 0.1881482
0.55515 0.1881695
0.5555 0.1881695
0.55585 0.1883176
0.5562 0.1883486
0.55655 0.1883486
0.5569 0.1882053
0.55725 0.1882053
0.5576 0.1883517999999999
0.55795 0.1883517999999999
0.5583 0.188347
0.55865 0.188347
0.559 0.1882414
0.55935 0.1883492
0.5597 0.1882414
0.56005 0.1882392999999999
0.5604 0.1882392999999999
0.56075 0.1881822
0.5611 0.1882722
0.56145 0.1882765
0.5618 0.1882765
0.56215 0.1881744
0.5625 0.1881744
0.56285 0.1882404
0.5632 0.1882404
0.56355 0.1880111
0.5639 0.1879311
0.56425 0.1880111
0.5646 0.187888
0.56495 0.187888
0.5653 0.1878589
0.56565 0.1877961
0.566 0.1874323999999999
0.56635 0.1870735
0.5667 0.1870618
0.56705 0.1870502
0.5674 0.1870502
0.56775 0.1867973
0.5681 0.1861125
0.56845 0.1861125
0.5688 0.1859039999999999
0.56915 0.1858648
0.5695 0.184964
0.56985 0.1853015
0.5702 0.1853015
0.57055 0.1864376
0.5709 0.1864376
0.57125 0.1859126
0.5716 0.1857694
0.57195 0.1858744
0.5723 0.1858744
0.57265 0.1858744
0.573 0.1860371
0.57335 0.1849576
0.5737 0.1853286
0.57405 0.1849576
0.5744 0.1842724999999999
0.57475 0.1842724999999999
0.5751 0.1834659
0.57545 0.1850019
0.5758 0.1850019
0.57615 0.1850019
0.5765 0.1848864
0.57685 0.1845581
0.5772 0.1848864
0.57755 0.1852314
0.5779 0.1854786
0.57825 0.1855655
0.5786 0.1857951
0.57895 0.186014
0.5793 0.1860585
0.57965 0.1861773
0.58 0.1862845
0.58035 0.1864432
0.5807 0.1865823999999999
0.58105 0.1869012
0.5814 0.1869012
0.58175 0.1870183
0.5821 0.1870061
0.58245 0.1870061
0.5828 0.1870061
0.58315 0.187068
0.5835 0.1872384
0.58385 0.1872384
0.5842 0.1872384
0.58455 0.1873272
0.5849 0.1873272
0.58525 0.1871029
0.5856 0.1871029
0.58595 0.1871029
0.5863 0.1869987
0.58665 0.1869828
0.587 0.1868308
0.58735 0.1867851
0.5877 0.1865347
0.58805 0.1855997
0.5884 0.1855997
0.58875 0.1855997
0.5891 0.1859515
0.58945 0.1859515
0.5898 0.1848481
0.59015 0.1848481
0.5905 0.1857901
0.59085 0.1857901
0.5912 0.185711
0.59155 0.1853182
0.5919 0.1853765
0.59225 0.1853182
0.5926 0.1853765
0.59295 0.1857198
0.5933 0.1857198
0.59365 0.1850486
0.594 0.1843652
0.59435 0.1807166
0.5947 0.1807166
0.59505 0.1842531
0.5954 0.1844009
0.59575 0.1844009
0.5961 0.1844009
0.59645 0.1842079
0.5968 0.1848379
0.59715 0.1848379
0.5975 0.1848379
0.59785 0.1841487999999999
0.5982 0.1841487999999999
0.59855 0.1848576
0.5989 0.1848576
0.59925 0.1848576
0.5996 0.1849612
0.59995 0.1853082
0.6003 0.1853082
0.60065 0.1844207
0.601 0.1844207
0.60135 0.1854367
0.6017 0.1857808
0.60205 0.1858076
0.6024 0.1861115
0.60275 0.1861115
0.6031 0.1862198
0.60345 0.1864602
0.6038 0.1864602
0.60415 0.1863912999999999
0.6045 0.1863912999999999
0.60485 0.1862433
0.6052 0.1864138
0.60555 0.186277
0.6059 0.186277
0.60625 0.1861497999999999
0.6066 0.1860558
0.60695 0.1860558
0.6073 0.1860542999999999
0.60765 0.1857513999999999
0.608 0.1856129
0.60835 0.1853604
0.6087 0.1852672
0.60905 0.1851813
0.6094 0.1851755
0.60975 0.1851813
0.6101 0.1851352999999999
0.61045 0.1850125
0.6108 0.1846217
0.61115 0.1843184
0.6115 0.1837457
0.61185 0.1829476
0.6122 0.182032
0.61255 0.1820262
0.6129 0.1808519999999999
0.61325 0.179333
0.6136 0.1775447999999999
0.61395 0.1762116
0.6143 0.1749935
0.61465 0.1739957999999999
0.615 0.1735359
0.61535 0.1735227
0.6157 0.1730265
0.61605 0.1719425
0.6164 0.1712622
0.61675 0.1707185
0.6171 0.1691378999999999
0.61745 0.1662794
0.6178 0.1633979
0.61815 0.1633892
0.6185 0.161159
0.61885 0.1599745
0.6192 0.1593482
0.61955 0.1593482
0.6199 0.1602656
0.62025 0.1618628
0.6206 0.1636313999999999
0.62095 0.1636385
0.6213 0.1646106
0.62165 0.1658427
0.622 0.1680411
0.62235 0.1704537
0.6227 0.1723574
0.62305 0.1742622
0.6234 0.1761326
0.62375 0.1762128999999999
0.6241 0.1781573
0.62445 0.1797148999999999
0.6248 0.1807691
0.62515 0.1818217999999999
0.6255 0.1827151
0.62585 0.1834947
0.6262 0.1839968
0.62655 0.1839986
0.6269 0.1840884
0.62725 0.1846159
0.6276 0.1846159
0.62795 0.1848731
0.6283 0.1853042999999999
0.62865 0.1854294
0.629 0.1856846
0.62935 0.1857378999999999
0.6297 0.1858568
0.63005 0.1860586
0.6304 0.186226
0.63075 0.186226
0.6311 0.1858576
0.63145 0.1857662999999999
0.6318 0.1843083999999999
0.63215 0.1843083999999999
0.6325 0.185844
0.63285 0.1858602
0.6332 0.1859882999999999
0.63355 0.1860525
0.6339 0.1861149
0.63425 0.1861487
0.6346 0.1861149
0.63495 0.1859255
0.6353 0.1859255
0.63565 0.1857067
0.636 0.1857067
0.63635 0.1857067
0.6367 0.1853902999999999
0.63705 0.1853902999999999
0.6374 0.1853902999999999
0.63775 0.185177
0.6381 0.1853543
0.63845 0.1852271
0.6388 0.1852271
0.63915 0.1851616
0.6395 0.1851616
0.63985 0.1852651
0.6402 0.1853277
0.64055 0.1852651
0.6409 0.185221
0.64125 0.1850387
0.6416 0.1848576
0.64195 0.1848471
0.6423 0.1846737999999999
0.64265 0.1848471
0.643 0.1846951
0.64335 0.1847047
0.6437 0.1846951
0.64405 0.1846635
0.6444 0.1846635
0.64475 0.1846635
0.6451 0.1846503
0.64545 0.1846503
0.6458 0.1839486
0.64615 0.1822807
0.6465 0.1822807
0.64685 0.1824816
0.6472 0.1837777
0.64755 0.1837777
0.6479 0.183472
0.64825 0.1828672
0.6486 0.1833312999999999
0.64895 0.1830737
0.6493 0.1833312999999999
0.64965 0.1837125
0.65 0.1837125
0.65035 0.1838017
0.6507 0.1836843
0.65105 0.1812831
0.6514 0.1812831
0.65175 0.1812831
0.6521 0.1823225
0.65245 0.1836333999999999
0.6528 0.1836333999999999
0.65315 0.1832223
0.6535 0.1830356
0.65385 0.1830612999999999
0.6542 0.1812432
0.65455 0.1826237999999999
0.6549 0.1826237999999999
0.65525 0.1826237999999999
0.6556 0.1815741
0.65595 0.1814509
0.6563 0.1814509
0.65665 0.1816780999999999
0.657 0.1817759
0.65735 0.1817759
0.6577 0.1817759
0.65805 0.1817532999999999
0.6584 0.1817532999999999
0.65875 0.1814861
0.6591 0.1814377
0.65945 0.1814377
0.6598 0.1811615
0.66015 0.1811615
0.6605 0.1814835
0.66085 0.1814835
0.6612 0.1810237999999999
0.66155 0.1810123
0.6619 0.1807635
0.66225 0.180493
0.6626 0.1801595
0.66295 0.1801267
0.6633 0.1799427
0.66365 0.1799122999999999
0.664 0.1799002
0.66435 0.1799002
0.6647 0.1797786
0.66505 0.1796037
0.6654 0.1790096
0.66575 0.1789257999999999
0.6661 0.1783034
0.66645 0.177989
0.6668 0.177989
0.66715 0.1781891
0.6675 0.1782192
0.66785 0.1783896
0.6682 0.1784419
0.66855 0.1787302
0.6689 0.1789221
0.66925 0.179269
0.6696 0.1798014
0.66995 0.1803696
0.6703 0.1808553
0.67065 0.1813576
0.671 0.1813576
0.67135 0.1817686
0.6717 0.1822831
0.67205 0.182823
0.6724 0.1830466
0.67275 0.1835764
0.6731 0.1838922
0.67345 0.1842772
0.6738 0.1842957
0.67415 0.1845023999999999
0.6745 0.1846499
0.67485 0.1848865
0.6752 0.1852295
0.67555 0.1852452
0.6759 0.1853628
0.67625 0.1854576
0.6766 0.1854863
0.67695 0.1855513
0.6773 0.1855513
0.67765 0.1856546
0.678 0.1856546
0.67835 0.185416
0.6787 0.1853553
0.67905 0.1851708
0.6794 0.1850793
0.67975 0.1850049
0.6801 0.1848058
0.68045 0.1846407
0.6808 0.1843072
0.68115 0.1840182
0.6815 0.1839097
0.68185 0.1832733
0.6822 0.1829379
0.68255 0.1827484
0.6829 0.1827484
0.68325 0.1829447
0.6836 0.1829447
0.68395 0.1828985
0.6843 0.1828985
0.68465 0.1831136
0.685 0.1833292
0.68535 0.1835518
0.6857 0.183642
0.68605 0.1837355
0.6864 0.1837355
0.68675 0.1830181
0.6871 0.1830181
0.68745 0.1841438
0.6878 0.1842039
0.68815 0.1842039
0.6885 0.1841337
0.68885 0.1839752999999999
0.6892 0.1839752999999999
0.68955 0.1825755
0.6899 0.1843808
0.69025 0.1842392
0.6906 0.1842719
0.69095 0.1842392
0.6913 0.1840891
0.69165 0.1839509
0.692 0.1833965
0.69235 0.1833889
0.6927 0.1833102
0.69305 0.1830707999999999
0.6934 0.1826222
0.69375 0.1824144
0.6941 0.1824144
0.69445 0.1824144
0.6948 0.1816007999999999
0.69515 0.1816007999999999
0.6955 0.1815558
0.69585 0.1801505
0.6962 0.1801505
0.69655 0.1807223
0.6969 0.1807223
0.69725 0.1799468
0.6976 0.1777673
0.69795 0.1785042
0.6983 0.1779655
0.69865 0.1779655
0.699 0.176741
0.69935 0.1755244
0.6997 0.1754333
0.70005 0.1718313
0.7004 0.1703961
0.70075 0.1703961
0.7011 0.1705543
0.70145 0.1705543
0.7018 0.1694316
0.70215 0.1687723
0.7025 0.1687723
0.70285 0.1687723
0.7032 0.1709043999999999
0.70355 0.1709043999999999
0.7039 0.1700733999999999
0.70425 0.1700733999999999
0.7046 0.1708082
0.70495 0.1710497999999999
0.7053 0.1710856
0.70565 0.1749576
0.706 0.1749576
0.70635 0.174972
0.7067 0.1754724
0.70705 0.1754724
0.7074 0.17636
0.70775 0.1766154
0.7081 0.1771902999999999
0.70845 0.1779521
0.7088 0.1782872999999999
0.70915 0.1779521
0.7095 0.1787717
0.70985 0.1789257999999999
0.7102 0.179677
0.71055 0.179677
0.7109 0.1799832
0.71125 0.180054
0.7116 0.1805172999999999
0.71195 0.1806563
0.7123 0.1806563
0.71265 0.1805243
0.713 0.1805243
0.71335 0.1805398999999999
0.7137 0.180679
0.71405 0.180679
0.7144 0.1805087
0.71475 0.1790668
0.7151 0.1787456
0.71545 0.1769816
0.7158 0.1746509
0.71615 0.1743973
0.7165 0.1711108999999999
0.71685 0.1669691
0.7172 0.1623017999999999
0.71755 0.1568652999999999
0.7179 0.1542306
0.71825 0.1513134
0.7186 0.1504677
0.71895 0.1472492
0.7193 0.1441676
0.71965 0.1441676
0.72 0.1370135999999999
0.72035 0.1370135999999999
0.7207 0.1358443
0.72105 0.1358443
0.7214 0.1337587999999999
0.72175 0.1332026
0.7221 0.1325473
0.72245 0.1318842
0.7228 0.1306168999999999
0.72315 0.1271162
0.7235 0.1163212
0.72385 0.1137338
0.7242 0.1113863
0.72455 0.1069951
0.7249 0.1028112
0.72525 0.0944016
0.7256 0.0886772
0.72595 0.0886772
0.7263 0.0869537
0.72665 0.0830365
0.727 0.0799675
0.72735 0.0799116
0.7277 0.0799116
0.72805 0.086098
0.7284 0.0945338
0.72875 0.0999713999999999
0.7291 0.1031115
0.72945 0.1056016
0.7298 0.1065448999999999
0.73015 0.1074813999999999
0.7305 0.1100492
0.73085 0.1120857
0.7312 0.1251136
0.73155 0.1264571
0.7319 0.1289505
0.73225 0.1264571
0.7326 0.1338991
0.73295 0.1338991
0.7333 0.1380311
0.73365 0.1440293999999999
0.734 0.1459855
0.73435 0.1475946
0.7347 0.1530885
0.73505 0.1546162999999999
0.7354 0.1575619999999999
0.73575 0.1575619999999999
0.7361 0.1575619999999999
0.73645 0.1627434
0.7368 0.1627434
0.73715 0.1630604
0.7375 0.1681777
0.73785 0.1682554
0.7382 0.1705358
0.73855 0.1717134
0.7389 0.1711532
0.73925 0.1734248
0.7396 0.1765691
0.73995 0.1767485
0.7403 0.1783905
0.74065 0.1797559
0.741 0.1797714
0.74135 0.1805396
0.7417 0.1809188
0.74205 0.1817276
0.7424 0.1817647
0.74275 0.1820984
0.7431 0.1827709
0.74345 0.1830366
0.7438 0.183158
0.74415 0.1831637
0.7445 0.1832366
0.74485 0.1832366
0.7452 0.1832378999999999
0.74555 0.1832378999999999
0.7459 0.1832378999999999
0.74625 0.1833706
0.7466 0.1833424
0.74695 0.1833424
0.7473 0.1833424
0.74765 0.1831996
0.748 0.1833132999999999
0.74835 0.1833132999999999
0.7487 0.1833132999999999
0.74905 0.1833259
0.7494 0.1832859999999999
0.74975 0.1832859999999999
0.7501 0.1831967
0.75045 0.1831967
0.7508 0.1832773999999999
0.75115 0.183409
0.7515 0.183409
0.75185 0.1833177
0.7522 0.1832128999999999
0.75255 0.1831964999999999
0.7529 0.1831964999999999
0.75325 0.1834222999999999
0.7536 0.1834222999999999
0.75395 0.18338
0.7543 0.183352
0.75465 0.1832132999999999
0.755 0.1831649
0.75535 0.1831514
0.7557 0.1830888
0.75605 0.1829969
0.7564 0.1828667
0.75675 0.1826779
0.7571 0.1825282
0.75745 0.1821144
0.7578 0.1820576
0.75815 0.1820285
0.7585 0.1819614
0.75885 0.1817161
0.7592 0.1814444
0.75955 0.1803719
0.7599 0.1800862
0.76025 0.1796864
0.7606 0.1792912
0.76095 0.1792912
0.7613 0.1796161
0.76165 0.1796161
0.762 0.1785119999999999
0.76235 0.1779776
0.7627 0.1777296
0.76305 0.1775223
0.7634 0.1775223
0.76375 0.177498
0.7641 0.1772967
0.76445 0.1767825
0.7648 0.1767049
0.76515 0.1767049
0.7655 0.1769233999999999
0.76585 0.1769233999999999
0.7662 0.1766608999999999
0.76655 0.1766363
0.7669 0.1758391
0.76725 0.1758391
0.7676 0.1763404
0.76795 0.1769848
0.7683 0.1769848
0.76865 0.1766714
0.769 0.1765622999999999
0.76935 0.1765622999999999
0.7697 0.1766618999999999
0.77005 0.1766618999999999
0.7704 0.1765016
0.77075 0.1761144
0.7711 0.1759963
0.77145 0.1759337
0.7718 0.1757757
0.77215 0.1757733
0.7725 0.1749085
0.77285 0.1732967999999999
0.7732 0.1717857
0.77355 0.1717857
0.7739 0.1719276
0.77425 0.1725707
0.7746 0.1725707
0.77495 0.1725144
0.7753 0.17197
0.77565 0.1710165
0.776 0.170243
0.77635 0.1697683
0.7767 0.1695269
0.77705 0.1690382999999999
0.7774 0.1683695
0.77775 0.1683271
0.7781 0.1674154
0.77845 0.1665299
0.7788 0.1657382
0.77915 0.1647744
0.7795 0.1628263999999999
0.77985 0.1607733999999999
0.7802 0.158156
0.78055 0.1581291
0.7809 0.1552075
0.78125 0.154084
0.7816 0.1535762
0.78195 0.1531461
0.7823 0.1528302
0.78265 0.1525797
0.783 0.1508976
0.78335 0.1508879
0.7837 0.1478871
0.78405 0.1478871
0.7844 0.1513497
0.78475 0.1558712
0.7851 0.1562293
0.78545 0.1562293
0.7858 0.1549678
0.78615 0.1549678
0.7865 0.1554236
0.78685 0.1555835
0.7872 0.1561499
0.78755 0.1575361
0.7879 0.1578806
0.78825 0.1590372
0.7886 0.1592054
0.78895 0.1596087
0.7893 0.1597519
0.78965 0.159907
0.79 0.159907
0.79035 0.1597876
0.7907 0.1594549999999999
0.79105 0.1584283
0.7914 0.1570052
0.79175 0.1569328
0.7921 0.155028
0.79245 0.1533995
0.7928 0.1509598999999999
0.79315 0.1509598999999999
0.7935 0.1515128999999999
0.79385 0.1515128999999999
0.7942 0.1496057
0.79455 0.1494955
0.7949 0.1468668
0.79525 0.1467
0.7956 0.1465219
0.79595 0.1436152
0.7963 0.1436152
0.79665 0.1436152
0.797 0.1433336
0.79735 0.1435458999999999
0.7977 0.1433336
0.79805 0.1435458999999999
0.7984 0.1445711
0.79875 0.1447866
0.7991 0.145543
0.79945 0.1471429
0.7998 0.1484304
0.80015 0.1485019
0.8005 0.1508739
0.80085 0.1512087
0.8012 0.1508739
0.80155 0.1507966
0.8019 0.1507966
0.80225 0.1521993999999999
0.8026 0.1529747
0.80295 0.1543501
0.8033 0.1543501
0.80365 0.1554446
0.804 0.1558899
0.80435 0.156556
0.8047 0.1578388999999999
0.80505 0.1589
0.8054 0.1595311
0.80575 0.1595311
0.8061 0.1595442
0.80645 0.1608443
0.8068 0.1624181
0.80715 0.1638441
0.8075 0.1638441
0.80785 0.1646176
0.8082 0.1652456
0.80855 0.1652456
0.8089 0.1652073999999999
0.80925 0.1643542999999999
0.8096 0.1643542999999999
0.80995 0.1657855
0.8103 0.166326
0.81065 0.166326
0.811 0.1664631
0.81135 0.1670149
0.8117 0.1675543
0.81205 0.1679428999999999
0.8124 0.1687308
0.81275 0.169682
0.8131 0.1687308
0.81345 0.1708318
0.8138 0.1712993
0.81415 0.1716609
0.8145 0.1716609
0.81485 0.1614047
0.8152 0.1614047
0.81555 0.1709704
0.8159 0.1718046
0.81625 0.1718046
0.8166 0.1730492
0.81695 0.1724146
0.8173 0.1732817
0.81765 0.1724146
0.818 0.1722237999999999
0.81835 0.1722237999999999
0.8187 0.1727664
0.81905 0.1746004
0.8194 0.1746004
0.81975 0.1746004
0.8201 0.1752533
0.82045 0.1760936
0.8208 0.1760936
0.82115 0.1757142
0.8215 0.1757142
0.82185 0.1757142
0.8222 0.1749282
0.82255 0.1748519
0.8229 0.1722831
0.82325 0.161934
0.8236 0.1669688999999999
0.82395 0.1669688999999999
0.8243 0.174993
0.82465 0.1768507
0.825 0.1772291
0.82535 0.1772291
0.8257 0.1761922
0.82605 0.1761922
0.8264 0.1770018
0.82675 0.177146
0.8271 0.1770018
0.82745 0.1755224
0.8278 0.1717217999999999
0.82815 0.1748823
0.8285 0.1748823
0.82885 0.1748823
0.8292 0.1762435
0.82955 0.1765606
0.8299 0.1765606
0.83025 0.176252
0.8306 0.176252
0.83095 0.1767761
0.8313 0.1772246
0.83165 0.1767761
0.832 0.1740458999999999
0.83235 0.1740458999999999
0.8327 0.1748785
0.83305 0.1766824
0.8334 0.1749869
0.83375 0.1749869
0.8341 0.1698424
0.83445 0.1698424
0.8348 0.1698424
0.83515 0.1703858999999999
0.8355 0.1685088
0.83585 0.1685088
0.8362 0.1670172999999999
0.83655 0.1668732
0.8369 0.1651037
0.83725 0.1637496
0.8376 0.1581901
0.83795 0.1580642
0.8383 0.1543985
0.83865 0.1543985
0.839 0.1546125
0.83935 0.1547445
0.8397 0.1565239
0.84005 0.1565239
0.8404 0.1562454999999999
0.84075 0.1518605
0.8411 0.1483486
0.84145 0.1483486
0.8418 0.1486943
0.84215 0.1487934
0.8425 0.1551117
0.84285 0.1611256
0.8432 0.1611256
0.84355 0.1607724999999999
0.8439 0.1581737999999999
0.84425 0.1581737999999999
0.8446 0.1595885
0.84495 0.16021
0.8453 0.1628907
0.84565 0.164954
0.846 0.1660251
0.84635 0.1680099
0.8467 0.1680099
0.84705 0.1679289
0.8474 0.167663
0.84775 0.1676309
0.8481 0.167663
0.84845 0.1668665
0.8488 0.1686428999999999
0.84915 0.1696918999999999
0.8495 0.1696918999999999
0.84985 0.1694732
0.8502 0.1674565
0.85055 0.1640981
0.8509 0.1640981
0.85125 0.1640981
0.8516 0.1648574
0.85195 0.1639168
0.8523 0.1639168
0.85265 0.1612587
0.853 0.1581617
0.85335 0.1576081
0.8537 0.1563703
0.85405 0.1543425
0.8544 0.1518975
0.85475 0.1488252
0.8551 0.1482327
0.85545 0.1426724999999999
0.8558 0.1426724999999999
0.85615 0.1414026
0.8565 0.1380829999999999
0.85685 0.1360037
0.8572 0.1302463999999999
0.85755 0.1250963
0.8579 0.1086724999999999
0.85825 0.1086724999999999
0.8586 0.1099625
0.85895 0.1110413
0.8593 0.1099625
0.85965 0.1099391
0.86 0.1052453
0.86035 0.0991423
0.8607 0.0931592
0.86105 0.08778
0.8614 0.0841263999999999
0.86175 0.0808738
0.8621 0.0779699
0.86245 0.0779699
0.8628 0.0754485
0.86315 0.0759773
0.8635 0.0755325
0.86385 0.0755325
0.8642 0.070592
0.86455 0.0635062
0.8649 0.070592
0.86525 0.0774443
0.8656 0.0781842
0.86595 0.0827353
0.8663 0.0872065
0.86665 0.0872065
0.867 0.0762403
0.86735 0.0762403
0.8677 0.0775757
0.86805 0.0795574
0.8684 0.0991401
0.86875 0.1055827
0.8691 0.1115982
0.86945 0.1126348
0.8698 0.1126348
0.87015 0.1115273
0.8705 0.1111786
0.87085 0.1042083
0.8712 0.1030326
0.87155 0.1042083
0.8719 0.1024645
0.87225 0.1246273999999999
0.8726 0.1082096999999999
0.87295 0.1082096999999999
0.8733 0.1082096999999999
0.87365 0.1172403
0.874 0.1276487
0.87435 0.1276487
0.8747 0.1276487
0.87505 0.1265543
0.8754 0.1314105
0.87575 0.1237043999999999
0.8761 0.1244269
0.87645 0.1233491999999999
0.8768 0.1233491999999999
0.87715 0.1189303
0.8775 0.0917858999999999
0.87785 0.0917858999999999
0.8782 0.0836765
0.87855 0.0836765
0.8789 0.1140694999999999
0.87925 0.1140694999999999
0.8796 0.0691788
0.87995 0.0379139
0.8803 0.0542523
0.88065 0.0379139
0.881 0.0371737
0.88135 0.0367450999999999
0.8817 0.0273967
0.88205 0.0139793
0.8824 0.0066706999999999
0.88275 0.0066706999999999
0.8831 0.0066706999999999
0.88345 0.0057439
0.8838 0.0057439
0.88415 0.0058261
0.8845 0.0094818
0.88485 0.0156837
0.8852 0.0156837
0.88555 0.0155392
0.8859 0.0144002999999999
0.88625 0.0089570999999999
0.8866 0.003042
0.88695 0.0029836
0.8873 0.0024254999999999
0.88765 0.0024254999999999
0.888 0.0032448
0.88835 0.0039647
0.8887 0.0049993
0.88905 0.0039647
0.8894 0.0072679
0.88975 0.0059099
0.8901 0.0080196
0.89045 0.0077519999999999
0.8908 0.0077519999999999
0.89115 0.0070948
0.8915 0.0070948
0.89185 0.0097096
0.8922 0.0097096
0.89255 0.0096077
0.8929 0.0093547999999999
0.89325 0.0088933
0.8936 0.0070103
0.89395 0.0063208
0.8943 0.0063208
0.89465 0.006272
0.895 0.00682
0.89535 0.006272
0.8957 0.0070126
0.89605 0.0073782
0.8964 0.010301
0.89675 0.0157101
0.8971 0.0157101
0.89745 0.0201347
0.8978 0.0180275
0.89815 0.0203718
0.8985 0.0244405999999999
0.89885 0.0244405999999999
0.8992 0.0192849
0.89955 0.0184861999999999
0.8999 0.0184861999999999
0.90025 0.0298388
0.9006 0.0300603
0.90095 0.0370448
0.9013 0.0412889
0.90165 0.0497953
0.902 0.0497953
0.90235 0.0483320999999999
0.9027 0.0483320999999999
0.90305 0.0662122
0.9034 0.070124
0.90375 0.0662122
0.9041 0.0784038
0.90445 0.0873253
0.9048 0.09204
0.90515 0.09204
0.9055 0.1018875
0.90585 0.1146426999999999
0.9062 0.1146426999999999
0.90655 0.1073204
0.9069 0.1073204
0.90725 0.1093294
0.9076 0.1093294
0.90795 0.1231714999999999
0.9083 0.1067549999999999
0.90865 0.1231714999999999
0.909 0.1090266
0.90935 0.1090266
0.9097 0.1014748999999999
0.91005 0.1014748999999999
0.9104 0.1291257
0.91075 0.1291257
0.9111 0.1299111
0.91145 0.1351303999999999
0.9118 0.1351303999999999
0.91215 0.1320262999999999
0.9125 0.1272134
0.91285 0.1272134
0.9132 0.1272134
0.91355 0.1102285
0.9139 0.1353955
0.91425 0.1379282
0.9146 0.1413131
0.91495 0.1410918
0.9153 0.1410918
0.91565 0.1349743
0.916 0.1345039
0.91635 0.1345039
0.9167 0.1386508
0.91705 0.1388917999999999
0.9174 0.1464542999999999
0.91775 0.1464542999999999
0.9181 0.1464542999999999
0.91845 0.1479318
0.9188 0.1479318
0.91915 0.1447549
0.9195 0.1409214
0.91985 0.1409214
0.9202 0.1409214
0.92055 0.1385357
0.9209 0.1463477999999999
0.92125 0.1385357
0.9216 0.1313749
0.92195 0.1313749
0.9223 0.1026885999999999
0.92265 0.1339683
0.923 0.1467662
0.92335 0.1467662
0.9237 0.1410058
0.92405 0.1410058
0.9244 0.1410058
0.92475 0.1338208
0.9251 0.1307874
0.92545 0.1338208
0.9258 0.1391758
0.92615 0.1391758
0.9265 0.1391758
0.92685 0.0653923
0.9272 0.1413612
0.92755 0.1413612
0.9279 0.1413612
0.92825 0.1386309
0.9286 0.132414
0.92895 0.1386309
0.9293 0.1464451
0.92965 0.1464451
0.93 0.1410926
0.93035 0.1153087
0.9307 0.0927298
0.93105 0.0879941
0.9314 0.0879941
0.93175 0.0879941
0.9321 0.1244923
0.93245 0.1244923
0.9328 0.1266813
0.93315 0.1400237
0.9335 0.1400237
0.93385 0.1046958999999999
0.9342 0.1046958999999999
0.93455 0.102987
0.9349 0.1143151
0.93525 0.1022829
0.9356 0.1465757
0.93595 0.1231152
0.9363 0.1450911
0.93665 0.1378582
0.937 0.1378582
0.93735 0.1378582
0.9377 0.1297433
0.93805 0.1103645
0.9384 0.1103645
0.93875 0.1203099
0.9391 0.1363139
0.93945 0.1425025
0.9398 0.1425025
0.94015 0.1455597
0.9405 0.1159902
0.94085 0.1499491
0.9412 0.1447033999999999
0.94155 0.1557925
0.9419 0.1566339
0.94225 0.1575765
0.9426 0.1575765
0.94295 0.1317848999999999
0.9433 0.1317848999999999
0.94365 0.1394144
0.944 0.1394144
0.94435 0.1394144
0.9447 0.1446819
0.94505 0.1446819
0.9454 0.1448013
0.94575 0.1448013
0.9461 0.1498202
0.94645 0.1498202
0.9468 0.1440832
0.94715 0.1248917
0.9475 0.1248917
0.94785 0.1401289
0.9482 0.1498455
0.94855 0.1521947
0.9489 0.1498455
0.94925 0.1462588
0.9496 0.1438372
0.94995 0.1437994
0.9503 0.1438372
0.95065 0.1547251
0.951 0.1547251
0.95135 0.1470237
0.9517 0.1470237
0.95205 0.1484112
0.9524 0.1484112
0.95275 0.1459581
0.9531 0.1459581
0.95345 0.1491972
0.9538 0.1571469
0.95415 0.1577537999999999
0.9545 0.1577537999999999
0.95485 0.1577537999999999
0.9552 0.1494965
0.95555 0.153034
0.9559 0.153034
0.95625 0.153034
0.9566 0.1513417
0.95695 0.1450881
0.9573 0.1450881
0.95765 0.1529472
0.958 0.1529472
0.95835 0.1529472
0.9587 0.1513509999999999
0.95905 0.1513509999999999
0.9594 0.1412076
0.95975 0.1412076
0.9601 0.1448408
0.96045 0.1448408
0.9608 0.1398982
0.96115 0.1398982
0.9615 0.1398982
0.96185 0.1348284
0.9622 0.13078
0.96255 0.1202263
0.9629 0.1202263
0.96325 0.1085302
0.9636 0.1089174
0.96395 0.1089174
0.9643 0.1102015
0.96465 0.1102015
0.965 0.1055561999999999
0.96535 0.1033158
0.9657 0.0984757
0.96605 0.0969231
0.9664 0.095123
0.96675 0.095123
0.9671 0.0909799999999999
0.96745 0.0936299999999999
0.9678 0.0936299999999999
0.96815 0.1002871
0.9685 0.1002871
0.96885 0.0959946
0.9692 0.0909426
0.96955 0.0909312
0.9699 0.0830069
0.97025 0.0748353
0.9706 0.0640738
0.97095 0.0619261
0.9713 0.0640738
0.97165 0.0718836
0.972 0.0779708
0.97235 0.0876914
0.9727 0.0888624
0.97305 0.0888624
0.9734 0.0860143
0.97375 0.08481
0.9741 0.0808726999999999
0.97445 0.08481
0.9748 0.0871747
0.97515 0.0871747
0.9755 0.0887979
0.97585 0.0967574
0.9762 0.0967574
0.97655 0.0877177
0.9769 0.0835229
0.97725 0.0835229
0.9776 0.079794
0.97795 0.079794
0.9783 0.0654728
0.97865 0.0654728
0.979 0.0782344
0.97935 0.0852049
0.9797 0.0852049
0.98005 0.0494796
0.9804 0.0494796
0.98075 0.0494796
0.9811 0.0503559
0.98145 0.0495656
0.9818 0.051782
0.98215 0.0495656
0.9825 0.0479473
0.98285 0.0161547
0.9832 0.0347348
0.98355 0.0330575
0.9839 0.0332791999999999
0.98425 0.0332791999999999
0.9846 0.0332791999999999
0.98495 0.0389881
0.9853 0.0097048999999999
0.98565 0.0223578
0.986 0.0177735
0.98635 0.0223578
0.9867 0.0230957
0.98705 0.0230957
0.9874 0.0226245999999999
0.98775 0.0226245999999999
0.9881 0.0226245999999999
0.98845 0.0036696
0.9888 0.0036696
0.98915 0.0036696
0.9895 0.01604
0.98985 0.0085262
0.9902 0.0174266
0.99055 0.0174266
0.9909 0.0174266
0.99125 0.0175726
0.9916 0.0175726
0.99195 0.017621
0.9923 0.020299
0.99265 0.0238505
0.993 0.0259079999999999
0.99335 0.0259079999999999
0.9937 0.0231647
0.99405 0.0231647
0.9944 0.0250807
0.99475 0.0250807
0.9951 0.0139869
0.99545 0.0139869
0.9958 0.0042171
0.99615 0.0225163
0.9965 0.0042171
0.99685 0.0216331999999999
0.9972 0.0216331999999999
0.99755 0.0216331999999999
0.9979 0.0253190999999999
0.99825 0.0200064
0.9986 0.0193549
0.99895 0.0180343
0.9993 0.0155453
