0.3 0.0122189999999999
0.30035 0.0122212
0.3007 0.0122214
0.30105 0.0122214
0.3014 0.0122206
0.30175 0.0122194
0.3021 0.0122175
0.30245 0.0122142
0.3028 0.0122075
0.30315 0.0121888
0.3035 0.0121888
0.30385 0.0121897
0.3042 0.0122046
0.30455 0.0122092
0.3049 0.0122106
0.30525 0.0122106
0.3056 0.0122105
0.30595 0.0122098
0.3063 0.0122089
0.30665 0.0122078999999999
0.307 0.0122066
0.30735 0.0122052
0.3077 0.0122036
0.30805 0.0122017
0.3084 0.0121994
0.30875 0.0121961
0.3091 0.012191
0.30945 0.0121813999999999
0.3098 0.0121591
0.31015 0.0121477
0.3105 0.0121477
0.31085 0.012173
0.3112 0.0121816
0.31155 0.0121846
0.3119 0.0121852
0.31225 0.0121852
0.3126 0.0121845
0.31295 0.0121834
0.3133 0.0121821
0.31365 0.0121806
0.314 0.012179
0.31435 0.0121773
0.3147 0.0121754999999999
0.31505 0.0121737
0.3154 0.0121717
0.31575 0.0121697
0.3161 0.0121676
0.31645 0.0121654
0.3168 0.0121631
0.31715 0.0121607
0.3175 0.0121582
0.31785 0.0121555
0.3182 0.0121527999999999
0.31855 0.0121497999999999
0.3189 0.0121467
0.31925 0.0121432
0.3196 0.0121394
0.31995 0.0121348999999999
0.3203 0.0121294
0.32065 0.0121216
0.321 0.0121087
0.32135 0.0120806
0.3217 0.0120679
0.32205 0.0120679
0.3224 0.0120943
0.32275 0.0121008
0.3231 0.0121008
0.32345 0.0120985
0.3238 0.0120948
0.32415 0.0120902
0.3245 0.0120852
0.32485 0.0120794
0.3252 0.0120734
0.32555 0.0120669
0.3259 0.0120598999999999
0.32625 0.0120524
0.3266 0.0120442999999999
0.32695 0.0120358999999999
0.3273 0.0120267
0.32765 0.0120169
0.328 0.0120066
0.32835 0.011995
0.3287 0.0119822
0.32905 0.0119661
0.3294 0.0119406
0.32975 0.0118886
0.3301 0.0117792
0.33045 0.0117792
0.3308 0.0118876
0.33115 0.0119314
0.3315 0.011951
0.33185 0.0119626
0.3322 0.0119712999999999
0.33255 0.0119783999999999
0.3329 0.0119849999999999
0.33325 0.0119908
0.3336 0.0119963999999999
0.33395 0.0120013999999999
0.3343 0.0120061
0.33465 0.0120103
0.335 0.0120141
0.33535 0.0120175
0.3357 0.0120207
0.33605 0.0120237
0.3364 0.0120261
0.33675 0.0120284
0.3371 0.0120305
0.33745 0.0120323
0.3378 0.0120339
0.33815 0.0120351
0.3385 0.0120363
0.33885 0.0120372
0.3392 0.0120378999999999
0.33955 0.0120383
0.3399 0.0120384
0.34025 0.0120384
0.3406 0.0120378999999999
0.34095 0.012037
0.3413 0.0120356
0.34165 0.0120334999999999
0.342 0.0120302999999999
0.34235 0.0120257
0.3427 0.0120188999999999
0.34305 0.0120088
0.3434 0.0119939
0.34375 0.01197
0.3441 0.0119323
0.34445 0.0118825
0.3448 0.0118825
0.34515 0.0119137
0.3455 0.0119517
0.34585 0.0119773
0.3462 0.0119931
0.34655 0.0120038
0.3469 0.0120111
0.34725 0.0120162999999999
0.3476 0.01202
0.34795 0.0120227
0.3483 0.0120247
0.34865 0.0120261
0.349 0.0120271
0.34935 0.0120277
0.3497 0.0120281
0.35005 0.0120284
0.3504 0.0120284
0.35075 0.0120282999999999
0.3511 0.0120281
0.35145 0.0120278
0.3518 0.0120274
0.35215 0.012027
0.3525 0.0120264
0.35285 0.0120258
0.3532 0.0120252
0.35355 0.0120245
0.3539 0.0120238
0.35425 0.0120231
0.3546 0.0120223
0.35495 0.0120215
0.3553 0.0120206
0.35565 0.0120196
0.356 0.0120182
0.35635 0.0120177
0.3567 0.0120169
0.35705 0.0120149
0.3574 0.0120134
0.35775 0.0120134
0.3581 0.0120119
0.35845 0.0120113999999999
0.3588 0.0120098999999999
0.35915 0.0120095
0.3595 0.0120042999999999
0.35985 0.0120007
0.3602 0.0119975
0.36055 0.0119975
0.3609 0.0120023
0.36125 0.0120023
0.3616 0.012001
0.36195 0.0120002999999999
0.3623 0.0119977
0.36265 0.0119976
0.363 0.0119965
0.36335 0.0119951
0.3637 0.0119937999999999
0.36405 0.0119913
0.3644 0.01199
0.36475 0.01199
0.3651 0.0119886
0.36545 0.0119871
0.3658 0.0119854
0.36615 0.0119841
0.3665 0.0119831
0.36685 0.0119814999999999
0.3672 0.01198
0.36755 0.0119787
0.3679 0.0119771
0.36825 0.0119756
0.3686 0.0119735
0.36895 0.0119727999999999
0.3693 0.0119709
0.36965 0.0119697
0.37 0.0119668
0.37035 0.0119662
0.3707 0.0119636
0.37105 0.0119622999999999
0.3714 0.0119617
0.37175 0.0119596
0.3721 0.0119571
0.37245 0.0119566
0.3728 0.0119538
0.37315 0.0119534
0.3735 0.0119502
0.37385 0.0119496
0.3742 0.0119473
0.37455 0.0119452999999999
0.3749 0.0119429
0.37525 0.0119392
0.3756 0.0119392999999999
0.37595 0.0119367
0.3763 0.0119351
0.37665 0.0119326
0.377 0.0119326
0.37735 0.0119315
0.3777 0.0119283999999999
0.37805 0.0119254
0.3784 0.0119242
0.37875 0.0119195
0.3791 0.0119017999999999
0.37945 0.0119098
0.3798 0.0119098
0.38015 0.0119104
0.3805 0.0119105
0.38085 0.0119104
0.3812 0.0119078999999999
0.38155 0.0119062999999999
0.3819 0.0118976
0.38225 0.0118976
0.3826 0.0118979
0.38295 0.0118979
0.3833 0.0118936
0.38365 0.0118932999999999
0.384 0.0118888999999999
0.38435 0.0118887
0.3847 0.0118857
0.38505 0.0118837
0.3854 0.011881
0.38575 0.0118781
0.3861 0.0118757
0.38645 0.0118725
0.3868 0.0118696
0.38715 0.0118666
0.3875 0.0118629
0.38785 0.0118605
0.3882 0.0118579
0.38855 0.0118542
0.3889 0.0118457
0.38925 0.0118436
0.3896 0.011843
0.38995 0.0118394
0.3903 0.0118336
0.39065 0.0118332
0.391 0.0118289
0.39135 0.0118252
0.3917 0.011819
0.39205 0.0118157
0.3924 0.011812
0.39275 0.0118053
0.3931 0.0117994
0.39345 0.0117977
0.3938 0.0117925
0.39415 0.0117837999999999
0.3945 0.0117815
0.39485 0.0117725
0.3952 0.011769
0.39555 0.0117634
0.3959 0.0117466
0.39625 0.0117412
0.3966 0.0117386
0.39695 0.0117343999999999
0.3973 0.0117245
0.39765 0.0117162999999999
0.398 0.0117022
0.39835 0.0117004999999999
0.3987 0.0116791
0.39905 0.011675
0.3994 0.0116704
0.39975 0.0116581
0.4001 0.0116452999999999
0.40045 0.0116307
0.4008 0.0116122
0.40115 0.011579
0.4015 0.0115588
0.40185 0.0115588
0.4022 0.0115179
0.40255 0.0115107
0.4029 0.0114837999999999
0.40325 0.0114532
0.4036 0.0114224
0.40395 0.0114017
0.4043 0.0112838
0.40465 0.0112838
0.405 0.011384
0.40535 0.0114107999999999
0.4057 0.0114305999999999
0.40605 0.0114507
0.4064 0.011473
0.40675 0.0114937999999999
0.4071 0.0115127999999999
0.40745 0.0115303
0.4078 0.0115452
0.40815 0.0115582
0.4085 0.0115582
0.40885 0.0115698
0.4092 0.0115894999999999
0.40955 0.0115982
0.4099 0.0116047
0.41025 0.011612
0.4106 0.0116181
0.41095 0.0116233999999999
0.4113 0.0116274
0.41165 0.011633
0.412 0.0116342999999999
0.41235 0.0116407
0.4127 0.011643
0.41305 0.011643
0.4134 0.01164
0.41375 0.01164
0.4141 0.0116553
0.41445 0.0116553
0.4148 0.0116545
0.41515 0.0116488
0.4155 0.0116456
0.41585 0.0114762
0.4162 0.0114762
0.41655 0.01166
0.4169 0.01166
0.41725 0.0116598999999999
0.4176 0.0116539
0.41795 0.0116549
0.4183 0.0116549
0.41865 0.0116643999999999
0.419 0.0116643999999999
0.41935 0.0116591
0.4197 0.0116527
0.42005 0.0116207
0.4204 0.0116207
0.42075 0.0116591
0.4211 0.011668
0.42145 0.0116591
0.4218 0.0116447999999999
0.42215 0.0116342999999999
0.4225 0.0116342999999999
0.42285 0.0116562
0.4232 0.0116562
0.42355 0.0116377999999999
0.4239 0.0116377999999999
0.42425 0.0116423
0.4246 0.0116423
0.42495 0.0116586
0.4253 0.0116643999999999
0.42565 0.0116643999999999
0.426 0.0116091
0.42635 0.0116091
0.4267 0.0116371
0.42705 0.0116606
0.4274 0.0116637
0.42775 0.0116637
0.4281 0.0116619
0.42845 0.0116502
0.4288 0.0116495
0.42915 0.0116054
0.4295 0.0116392
0.42985 0.0116392
0.4302 0.0116392
0.43055 0.011644
0.4309 0.0116267
0.43125 0.0116382999999999
0.4316 0.0116267
0.43195 0.0116382999999999
0.4323 0.0116532
0.43265 0.0116532
0.433 0.0116509
0.43335 0.0116502999999999
0.4337 0.0116432999999999
0.43405 0.0116419
0.4344 0.0116419
0.43475 0.0116436
0.4351 0.0116436
0.43545 0.0116429
0.4358 0.0116394
0.43615 0.0116366
0.4365 0.0116283999999999
0.43685 0.0116226
0.4372 0.0116283999999999
0.43755 0.0116282
0.4379 0.011629
0.43825 0.011629
0.4386 0.011629
0.43895 0.0116281
0.4393 0.0116222
0.43965 0.0116082
0.44 0.0116021
0.44035 0.0115652999999999
0.4407 0.0115652999999999
0.44105 0.0115723999999999
0.4414 0.0115723999999999
0.44175 0.0115745
0.4421 0.0115745
0.44245 0.0115745
0.4428 0.0115979
0.44315 0.0116059
0.4435 0.0116059
0.44385 0.0115356
0.4442 0.0115356
0.44455 0.0116052999999999
0.4449 0.0116052999999999
0.44525 0.0115584
0.4456 0.0115584
0.44595 0.011587
0.4463 0.0115967
0.44665 0.0115997999999999
0.447 0.0115967
0.44735 0.0115965
0.4477 0.0115958
0.44805 0.0115958
0.4484 0.0115777
0.44875 0.0116021
0.4491 0.0115973999999999
0.44945 0.0115973999999999
0.4498 0.0115917
0.45015 0.0115917
0.4505 0.0115917
0.45085 0.0115778
0.4512 0.011576
0.45155 0.011576
0.4519 0.011569
0.45225 0.0115748
0.4526 0.0115748
0.45295 0.0115748
0.4533 0.0115824
0.45365 0.0115786
0.454 0.0115786
0.45435 0.0115632
0.4547 0.0115632
0.45505 0.0115648
0.4554 0.0115648
0.45575 0.0115501
0.4561 0.0115459999999999
0.45645 0.0115501
0.4568 0.0115046
0.45715 0.0115594
0.4575 0.0115547
0.45785 0.0115547
0.4582 0.0115547
0.45855 0.0115496
0.4589 0.0115496
0.45925 0.0115381
0.4596 0.0115267999999999
0.45995 0.0115381
0.4603 0.0115435
0.46065 0.0115538
0.461 0.0115553
0.46135 0.0115555
0.4617 0.0115553
0.46205 0.0115536
0.4624 0.0115536
0.46275 0.0115566
0.4631 0.0115566
0.46345 0.0115512
0.4638 0.0115503
0.46415 0.0115499
0.4645 0.0115479
0.46485 0.0115417
0.4652 0.0115227
0.46555 0.0115227
0.4659 0.011517
0.46625 0.0115106
0.4666 0.0115106
0.46695 0.0115142
0.4673 0.0115142
0.46765 0.0114831
0.468 0.0114726
0.46835 0.0114726
0.4687 0.0113256
0.46905 0.0110622
0.4694 0.0113256
0.46975 0.0114641
0.4701 0.0114641
0.47045 0.0114641
0.4708 0.0114746
0.47115 0.0114746
0.4715 0.0113842
0.47185 0.0113842
0.4722 0.0111995
0.47255 0.0113394999999999
0.4729 0.0113394999999999
0.47325 0.0114725
0.4736 0.0114762999999999
0.47395 0.0114725
0.4743 0.0114751
0.47465 0.0113772
0.475 0.0114613999999999
0.47535 0.0103223999999999
0.4757 0.0114613999999999
0.47605 0.0113809
0.4764 0.0113809
0.47675 0.0113809
0.4771 0.0113967
0.47745 0.0114843999999999
0.4778 0.0114587
0.47815 0.0114797999999999
0.4785 0.0114755
0.47885 0.0114755
0.4792 0.0114615
0.47955 0.0114553
0.4799 0.0114613999999999
0.48025 0.0114472
0.4806 0.0114472
0.48095 0.0114416
0.4813 0.0114375
0.48165 0.0113758
0.482 0.0113758
0.48235 0.0114013
0.4827 0.0114013
0.48305 0.0113814
0.4834 0.0113372
0.48375 0.0112944
0.4841 0.0112944
0.48445 0.0111823
0.4848 0.0109505
0.48515 0.0110459
0.4855 0.0110459
0.48585 0.0110459
0.4862 0.0111858999999999
0.48655 0.0111911
0.4869 0.0112579
0.48725 0.0112579
0.4876 0.0111632
0.48795 0.0109069
0.4883 0.0111632
0.48865 0.0113131
0.489 0.0114272
0.48935 0.0113131
0.4897 0.0114272
0.49005 0.0114151
0.4904 0.0114151
0.49075 0.0113419
0.4911 0.0113419
0.49145 0.0113419
0.4918 0.011404
0.49215 0.0113387
0.4925 0.0113387
0.49285 0.011023
0.4932 0.011023
0.49355 0.011295
0.4939 0.0113367
0.49425 0.0113367
0.4946 0.0113367
0.49495 0.0113473999999999
0.4953 0.0113252999999999
0.49565 0.0113972
0.496 0.0113972
0.49635 0.0113982999999999
0.4967 0.0114069999999999
0.49705 0.0114069999999999
0.4974 0.0114032999999999
0.49775 0.0113493
0.4981 0.0113493
0.49845 0.0113248999999999
0.4988 0.0113248999999999
0.49915 0.0113736
0.4995 0.0113736
0.49985 0.0113306
0.50055 0.0105594
0.5009 0.0105594
0.50125 0.0113054
0.5016 0.0113054
0.50195 0.0112956
0.5023 0.011295
0.50265 0.0110739
0.503 0.0091013
0.50335 0.0092146
0.5037 0.0092146
0.50405 0.0097036
0.5044 0.0110292999999999
0.50475 0.0110292999999999
0.5051 0.0111217
0.50545 0.0112311
0.5058 0.0112311
0.50615 0.0112311
0.5065 0.0109322999999999
0.50685 0.0106617
0.5072 0.0106617
0.50755 0.0108539
0.5079 0.0108539
0.50825 0.0108539
0.5086 0.0109138999999999
0.50895 0.0109734
0.5093 0.0109734
0.50965 0.0109732
0.51 0.010952
0.51035 0.010952
0.5107 0.0111517
0.51105 0.0111517
0.5114 0.0111295
0.51175 0.0111295
0.5121 0.0111693
0.51245 0.0113242999999999
0.5128 0.0113242999999999
0.51315 0.0111841
0.5135 0.0111841
0.51385 0.0112612
0.5142 0.0112612
0.51455 0.0112612
0.5149 0.0111743
0.51525 0.0113087
0.5156 0.0113882999999999
0.51595 0.0113882999999999
0.5163 0.0113762
0.51665 0.0113762
0.517 0.0113762
0.51735 0.011384
0.5177 0.0113729
0.51805 0.0113882999999999
0.5184 0.0113882999999999
0.51875 0.0114004
0.5191 0.0114004
0.51945 0.0113774
0.5198 0.0113774
0.52015 0.0113906
0.5205 0.0113994
0.52085 0.0113906
0.5212 0.0113994
0.52155 0.0113847
0.5219 0.0113768
0.52225 0.0113672
0.5226 0.0113768
0.52295 0.0113601
0.5233 0.0106512
0.52365 0.0106512
0.524 0.0101252
0.52435 0.0113712999999999
0.5247 0.0113712999999999
0.52505 0.0113712999999999
0.5254 0.0113796
0.52575 0.01137
0.5261 0.0113663
0.52645 0.0113279
0.5268 0.0113663
0.52715 0.0112691
0.5275 0.0112691
0.52785 0.0112691
0.5282 0.0113715
0.52855 0.0113715
0.5289 0.0113021
0.52925 0.0113021
0.5296 0.0111107
0.52995 0.0113038
0.5303 0.0111663
0.53065 0.0111663
0.531 0.0111663
0.53135 0.0112414
0.5317 0.0112414
0.53205 0.0111902999999999
0.5324 0.0109436
0.53275 0.0111723
0.5331 0.0111723
0.53345 0.0112272999999999
0.5338 0.011276
0.53415 0.0112924
0.5345 0.0112924
0.53485 0.0112222
0.5352 0.0111509
0.53555 0.0112087
0.5359 0.0111465
0.53625 0.0111465
0.5366 0.0111465
0.53695 0.0110553
0.5373 0.0110553
0.53765 0.0109857999999999
0.538 0.0109797999999999
0.53835 0.0109399
0.5387 0.0107995
0.53905 0.0107687999999999
0.5394 0.0107971
0.53975 0.0106604
0.5401 0.0106604
0.54045 0.0103619
0.5408 0.0098774
0.54115 0.0098774
0.5415 0.009753
0.54185 0.009656
0.5422 0.009656
0.54255 0.009656
0.5429 0.0097837
0.54325 0.0097487
0.5436 0.0097487
0.54395 0.0097487
0.5443 0.0098294
0.54465 0.0102488
0.545 0.0102488
0.54535 0.0106002999999999
0.5457 0.0107175
0.54605 0.0107175
0.5464 0.0100366
0.54675 0.0100366
0.5471 0.0100366
0.54745 0.0108842
0.5478 0.0108054
0.54815 0.0108842
0.5485 0.0111087999999999
0.54885 0.0111147
0.5492 0.0111087999999999
0.54955 0.0110794
0.5499 0.0106172999999999
0.55025 0.0110007
0.5506 0.0110007
0.55095 0.0110747
0.5513 0.0110888
0.55165 0.0110747
0.552 0.0110521
0.55235 0.0110521
0.5527 0.0110521
0.55305 0.0110746
0.5534 0.0110994
0.55375 0.0110994
0.5541 0.0110994
0.55445 0.0109554
0.5548 0.0109554
0.55515 0.0109554
0.5555 0.0108439
0.55585 0.011178
0.5562 0.0111151
0.55655 0.0111151
0.5569 0.0106955
0.55725 0.0106955
0.5576 0.0110435
0.55795 0.0110838
0.5583 0.0110435
0.55865 0.0111414
0.559 0.0111629
0.55935 0.0111752
0.5597 0.0111629
0.56005 0.0111548999999999
0.5604 0.0111548999999999
0.56075 0.0111317
0.5611 0.0111452
0.56145 0.0111317
0.5618 0.0111452
0.56215 0.0110877
0.5625 0.0111546
0.56285 0.0111765
0.5632 0.0111765
0.56355 0.011116
0.5639 0.0111144
0.56425 0.0111144
0.5646 0.0110571
0.56495 0.0110571
0.5653 0.0109698
0.56565 0.0109698
0.566 0.0109698
0.56635 0.0106019
0.5667 0.0106019
0.56705 0.0106269
0.5674 0.0108699
0.56775 0.0108699
0.5681 0.0088595
0.56845 0.0088595
0.5688 0.0087266
0.56915 0.0099042
0.5695 0.0087266
0.56985 0.0065697
0.5702 0.0065697
0.57055 0.0107207999999999
0.5709 0.0107207999999999
0.57125 0.0106856
0.5716 0.010482
0.57195 0.0106856
0.5723 0.010698
0.57265 0.010698
0.573 0.0106682
0.57335 0.00924
0.5737 0.0105136
0.57405 0.0093157
0.5744 0.0093157
0.57475 0.0093157
0.5751 0.0077757999999999
0.57545 0.0104363999999999
0.5758 0.0104763
0.57615 0.0104763
0.5765 0.0102506
0.57685 0.0086901
0.5772 0.0102506
0.57755 0.0102554
0.5779 0.0102554
0.57825 0.0105404
0.5786 0.0101579
0.57895 0.0105053
0.5793 0.0105053
0.57965 0.0105053
0.58 0.010491
0.58035 0.0103692
0.5807 0.0097567
0.58105 0.0097567
0.5814 0.0106085
0.58175 0.010623
0.5821 0.010623
0.58245 0.0105569
0.5828 0.0100922
0.58315 0.0100922
0.5835 0.0098241
0.58385 0.0103044
0.5842 0.0103044
0.58455 0.0103044
0.5849 0.0102168
0.58525 0.0102168
0.5856 0.0103868
0.58595 0.0103868
0.5863 0.0102741
0.58665 0.010226
0.587 0.0099272
0.58735 0.0096908
0.5877 0.0090882999999999
0.58805 0.0069313999999999
0.5884 0.0069313999999999
0.58875 0.0069313999999999
0.5891 0.0074362
0.58945 0.0074362
0.5898 0.0035339
0.59015 0.0035339
0.5905 0.0081225
0.59085 0.0081225
0.5912 0.0075184
0.59155 0.0075184
0.5919 0.0089106
0.59225 0.0089106
0.5926 0.0089369
0.59295 0.0097922999999999
0.5933 0.0097922999999999
0.59365 0.0087366
0.594 0.0050983999999999
0.59435 0.0040862
0.5947 0.0040862
0.59505 0.0079846
0.5954 0.0079846
0.59575 0.0069238
0.5961 0.0069238
0.59645 0.0081334
0.5968 0.0089188999999999
0.59715 0.0089188999999999
0.5975 0.0089188999999999
0.59785 0.0080378999999999
0.5982 0.0080378999999999
0.59855 0.0076307
0.5989 0.0079068
0.59925 0.0076307
0.5996 0.0079068
0.59995 0.0085334
0.6003 0.0085334
0.60065 0.0036287
0.601 0.0036287
0.60135 0.0081776
0.6017 0.0095757999999999
0.60205 0.0095757999999999
0.6024 0.0102812
0.60275 0.0102812
0.6031 0.0106638
0.60345 0.0106638
0.6038 0.0106638
0.60415 0.0099662
0.6045 0.0099662
0.60485 0.0077071
0.6052 0.0110335
0.60555 0.0108787
0.6059 0.0108787
0.60625 0.0108787
0.6066 0.0109155
0.60695 0.0109717
0.6073 0.0109155
0.60765 0.0110914
0.608 0.0106056
0.60835 0.0110407999999999
0.6087 0.0106056
0.60905 0.0109088
0.6094 0.0107789
0.60975 0.0109088
0.6101 0.0111653999999999
0.61045 0.0111653999999999
0.6108 0.0110267999999999
0.61115 0.0109392
0.6115 0.0108948999999999
0.61185 0.0107145
0.6122 0.0105502999999999
0.61255 0.0104545
0.6129 0.0100182
0.61325 0.0097282999999999
0.6136 0.0094877
0.61395 0.0091857
0.6143 0.0090261
0.61465 0.008814
0.615 0.0087236
0.61535 0.008712
0.6157 0.0086343999999999
0.61605 0.0083615
0.6164 0.008318
0.61675 0.0081161999999999
0.6171 0.0079099
0.61745 0.0074396
0.6178 0.0069369
0.61815 0.0068066
0.6185 0.0066038
0.61885 0.0064598999999999
0.6192 0.0062865
0.61955 0.0062865
0.6199 0.0064749
0.62025 0.0067325
0.6206 0.0069968
0.62095 0.0070044
0.6213 0.0070866
0.62165 0.0073744
0.622 0.0077561
0.62235 0.0081903
0.6227 0.008531
0.62305 0.0088106
0.6234 0.008983
0.62375 0.0091446
0.6241 0.009856
0.62445 0.009856
0.6248 0.0101869
0.62515 0.0106345
0.6255 0.0106345
0.62585 0.0108154
0.6262 0.0111057
0.62655 0.0111057
0.6269 0.0111314
0.62725 0.0113248999999999
0.6276 0.0113248999999999
0.62795 0.0114987
0.6283 0.0111289
0.62865 0.011516
0.629 0.011659
0.62935 0.011659
0.6297 0.0116914
0.63005 0.0118374
0.6304 0.0118374
0.63075 0.0114267999999999
0.6311 0.0113985
0.63145 0.0099901
0.6318 0.0081705
0.63215 0.0081705
0.6325 0.0109149
0.63285 0.0110151
0.6332 0.0110151
0.63355 0.0108933
0.6339 0.0108933
0.63425 0.0114396
0.6346 0.0114396
0.63495 0.0111725
0.6353 0.0111725
0.63565 0.0111725
0.636 0.0111563
0.63635 0.0111563
0.6367 0.0105996
0.63705 0.0105996
0.6374 0.0105996
0.63775 0.0084043
0.6381 0.0087672
0.63845 0.0087672
0.6388 0.0087672
0.63915 0.0100072999999999
0.6395 0.0102855
0.63985 0.0107508
0.6402 0.0114944
0.64055 0.0114944
0.6409 0.0112286
0.64125 0.0108128
0.6416 0.0103290999999999
0.64195 0.0104885
0.6423 0.0104885
0.64265 0.0110972
0.643 0.0110972
0.64335 0.0112305
0.6437 0.0096844
0.64405 0.0081691
0.6444 0.0081691
0.64475 0.0095289
0.6451 0.0095289
0.64545 0.0095289
0.6458 0.0036826999999999
0.64615 0.0015053
0.6465 0.0015053
0.64685 0.0051272
0.6472 0.0066448
0.64755 0.0066448
0.6479 0.0058847
0.64825 0.0058847
0.6486 0.006868
0.64895 0.0081405
0.6493 0.0085187999999999
0.64965 0.0103955
0.65 0.0103955
0.65035 0.0106176
0.6507 0.0089851
0.65105 0.0050439
0.6514 0.0050439
0.65175 0.0050439
0.6521 0.0061581
0.65245 0.0095303
0.6528 0.0095303
0.65315 0.0096164
0.6535 0.0047659999999999
0.65385 0.0106477
0.6542 0.0061785
0.65455 0.0094668
0.6549 0.0094668
0.65525 0.0094668
0.6556 0.0063628
0.65595 0.0051342
0.6563 0.0051342
0.65665 0.0082735
0.657 0.0082735
0.65735 0.0058211999999999
0.6577 0.0058211999999999
0.65805 0.0094511
0.6584 0.0094511
0.65875 0.0094511
0.6591 0.0100203
0.65945 0.0100203
0.6598 0.0069666
0.66015 0.0069666
0.6605 0.0102171
0.66085 0.0102171
0.6612 0.0078003999999999
0.66155 0.0078003999999999
0.6619 0.009169
0.66225 0.0094606
0.6626 0.0100406
0.66295 0.009686
0.6633 0.009686
0.66365 0.0096404
0.664 0.0096404
0.66435 0.0099587999999999
0.6647 0.0103992
0.66505 0.0103992
0.6654 0.0102445
0.66575 0.0100634
0.6661 0.0090175
0.66645 0.0097557
0.6668 0.0097557
0.66715 0.0100467999999999
0.6675 0.0100467999999999
0.66785 0.0100717999999999
0.6682 0.0098478
0.66855 0.0087651
0.6689 0.0087651
0.66925 0.0101596
0.6696 0.0102625
0.66995 0.0102625
0.6703 0.0106634
0.67065 0.0109888
0.671 0.0109888
0.67135 0.0114267999999999
0.6717 0.0115269
0.67205 0.0115269
0.6724 0.0112833
0.67275 0.0112833
0.6731 0.011481
0.67345 0.0117174
0.6738 0.0122289
0.67415 0.0122271
0.6745 0.0122271
0.67485 0.0122271
0.6752 0.0126209999999999
0.67555 0.0126209999999999
0.6759 0.0126491
0.67625 0.0126734
0.6766 0.0126734
0.67695 0.0126734
0.6773 0.0127234
0.67765 0.0128983
0.678 0.0127234
0.67835 0.0128981
0.6787 0.0118956
0.67905 0.0121614999999999
0.6794 0.0121614999999999
0.67975 0.0126343999999999
0.6801 0.0126343999999999
0.68045 0.012583
0.6808 0.0112606
0.68115 0.0112606
0.6815 0.0112606
0.68185 0.0120747
0.6822 0.0114712
0.68255 0.0114712
0.6829 0.0114712
0.68325 0.0108458
0.6836 0.0110043
0.68395 0.0108458
0.6843 0.0099242
0.68465 0.0099242
0.685 0.0107432
0.68535 0.0116632
0.6857 0.0118608
0.68605 0.0116632
0.6864 0.0116598
0.68675 0.0090934
0.6871 0.0090934
0.68745 0.0113373
0.6878 0.011492
0.68815 0.0113373
0.6885 0.0113523
0.68885 0.0109142
0.6892 0.0113523
0.68955 0.005484
0.6899 0.010689
0.69025 0.0105137
0.6906 0.010689
0.69095 0.0105137
0.6913 0.007638
0.69165 0.0066132
0.692 0.0030288
0.69235 0.0030288
0.6927 0.0038308
0.69305 0.0038308
0.6934 0.0033427
0.69375 0.0033427
0.6941 0.0033427
0.69445 0.0049683999999999
0.6948 0.0063581
0.69515 0.0063581
0.6955 0.0054336
0.69585 0.0054336
0.6962 0.0061273999999999
0.69655 0.006256
0.6969 0.0061273999999999
0.69725 0.0069024
0.6976 0.0048229
0.69795 0.0077811
0.6983 0.0077407
0.69865 0.0077407
0.699 0.0073931
0.69935 0.0073931
0.6997 0.0073931
0.70005 0.0027035
0.7004 0.0024168
0.70075 0.0024168
0.7011 0.0035584
0.70145 0.0035584
0.7018 0.0035584
0.70215 0.0039317
0.7025 0.0039317
0.70285 0.0024564
0.7032 0.0024564
0.70355 0.0030115
0.7039 0.0047242
0.70425 0.0035762
0.7046 0.0041934
0.70495 0.0035762
0.7053 0.0041934
0.70565 0.006363
0.706 0.006363
0.70635 0.0042637
0.7067 0.0042637
0.70705 0.0042637
0.7074 0.0043398999999999
0.70775 0.0030179
0.7081 0.0043398999999999
0.70845 0.0030179
0.7088 0.0028601
0.70915 0.0020367
0.7095 0.0028601
0.70985 0.0040799999999999
0.7102 0.0067786
0.71055 0.0067786
0.7109 0.0020315
0.71125 0.0020315
0.7116 0.0025854
0.71195 0.0059131
0.7123 0.0059131
0.71265 0.0042998
0.713 0.0038159999999999
0.71335 0.0037371
0.7137 0.0038159999999999
0.71405 0.0037371
0.7144 0.0032234
0.71475 0.0032234
0.7151 0.0054002
0.71545 0.0054002
0.7158 0.0042292
0.71615 0.0027289
0.7165 0.0009234
0.71685 0.0009234
0.7172 0.0009164999999999
0.71755 0.0009164999999999
0.7179 0.0009164999999999
0.71825 0.0016753
0.7186 0.0016753
0.71895 0.0003594
0.7193 0.0003594
0.71965 0.0005242
0.72 0.0005242
0.72035 0.0009244
0.7207 0.001208
0.72105 0.001208
0.7214 0.001208
0.72175 0.000815
0.7221 0.001955
0.72245 0.0013212999999999
0.7228 0.0013212999999999
0.72315 0.0005637
0.7235 0.0005303
0.72385 0.0005303
0.7242 0.0005303
0.72455 0.0005778
0.7249 0.0007717
0.72525 0.0007717
0.7256 0.0006729
0.72595 0.0004383
0.7263 0.000393
0.72665 0.000393
0.727 0.0001727
0.72735 0.0007632
0.7277 0.0006705
0.72805 0.0007632
0.7284 0.0009311
0.72875 0.0011183
0.7291 0.0011183
0.72945 0.00082
0.7298 0.0008095
0.73015 0.00082
0.7305 0.0008506
0.73085 0.0009602
0.7312 0.0010704
0.73155 0.0009602
0.7319 0.0010704
0.73225 0.0006288999999999
0.7326 0.000728
0.73295 0.0006288999999999
0.7333 0.000728
0.73365 0.0023261999999999
0.734 0.0023261999999999
0.73435 0.0015662
0.7347 0.0015662
0.73505 0.0023231
0.7354 0.0029651
0.73575 0.0029651
0.7361 0.0021533
0.73645 0.0018268
0.7368 0.0018268
0.73715 0.0018268
0.7375 0.0012999
0.73785 0.0039123
0.7382 0.0024847
0.73855 0.0024847
0.7389 0.0017370999999999
0.73925 0.0017370999999999
0.7396 0.0015606
0.73995 0.0015606
0.7403 0.0015606
0.74065 0.0038013
0.741 0.0038013
0.74135 0.0038013
0.7417 0.0041093999999999
0.74205 0.0061514
0.7424 0.0061514
0.74275 0.0061514
0.7431 0.0069542
0.74345 0.0069542
0.7438 0.0067876
0.74415 0.0049615
0.7445 0.0049615
0.74485 0.0088741
0.7452 0.0088741
0.74555 0.0088741
0.7459 0.0034543
0.74625 0.0061761
0.7466 0.0061761
0.74695 0.0061761
0.7473 0.0081828
0.74765 0.0081828
0.748 0.0083451
0.74835 0.0089284999999999
0.7487 0.0083451
0.74905 0.0059646
0.7494 0.0059646
0.74975 0.0078458
0.7501 0.0095664
0.75045 0.0078458
0.7508 0.0109473
0.75115 0.008884
0.7515 0.008884
0.75185 0.008884
0.7522 0.0079497
0.75255 0.0078186
0.7529 0.0078186
0.75325 0.0093043999999999
0.7536 0.0098087
0.75395 0.0111678
0.7543 0.0098087
0.75465 0.011572
0.755 0.0097227
0.75535 0.0115581
0.7557 0.0114868
0.75605 0.0115581
0.7564 0.0114868
0.75675 0.0117194
0.7571 0.0087247
0.75745 0.0093671
0.7578 0.0093671
0.75815 0.0100144999999999
0.7585 0.0106362
0.75885 0.0107845
0.7592 0.0106362
0.75955 0.0107845
0.7599 0.0107189
0.76025 0.0107189
0.7606 0.0090366
0.76095 0.0090366
0.7613 0.0106642999999999
0.76165 0.0106642999999999
0.762 0.0101643
0.76235 0.0100913
0.7627 0.0100657999999999
0.76305 0.0099902
0.7634 0.0099902
0.76375 0.0097569
0.7641 0.0097569
0.76445 0.0094651
0.7648 0.0093368
0.76515 0.0093368
0.7655 0.0092541
0.76585 0.0090679
0.7662 0.0089179
0.76655 0.0089179
0.7669 0.0087337
0.76725 0.0089748
0.7676 0.0093812
0.76795 0.0093812
0.7683 0.0094289
0.76865 0.0094289
0.769 0.0094289
0.76935 0.0093356
0.7697 0.0090388999999999
0.77005 0.0090008
0.7704 0.0090008
0.77075 0.0092953999999999
0.7711 0.0093842
0.77145 0.0093996
0.7718 0.0093996
0.77215 0.0093902
0.7725 0.0093674999999999
0.77285 0.0088782999999999
0.7732 0.0083
0.77355 0.0083
0.7739 0.0085538
0.77425 0.00874
0.7746 0.00874
0.77495 0.0086951
0.7753 0.008679
0.77565 0.0085871
0.776 0.0083062999999999
0.77635 0.0081862
0.7767 0.0079636
0.77705 0.0078762
0.7774 0.0077433
0.77775 0.0075501
0.7781 0.0072378999999999
0.77845 0.0072378999999999
0.7788 0.0069069
0.77915 0.0065048999999999
0.7795 0.0050288999999999
0.77985 0.0050288999999999
0.7802 0.005397
0.78055 0.005397
0.7809 0.0039097
0.78125 0.0039097
0.7816 0.0039097
0.78195 0.0037317
0.7823 0.0036358
0.78265 0.0036358
0.783 0.0036358
0.78335 0.0035496
0.7837 0.0037091999999999
0.78405 0.0032228
0.7844 0.003187
0.78475 0.003187
0.7851 0.0042584
0.78545 0.0042584
0.7858 0.0045058
0.78615 0.0042183
0.7865 0.0042183
0.78685 0.0018866
0.7872 0.0018866
0.78755 0.002305
0.7879 0.0038004
0.78825 0.0038004
0.7886 0.0038004
0.78895 0.003892
0.7893 0.003892
0.78965 0.004529
0.79 0.004529
0.79035 0.0048626
0.7907 0.0041408
0.79105 0.0042391999999999
0.7914 0.0041957999999999
0.79175 0.0042391999999999
0.7921 0.0041957999999999
0.79245 0.004226
0.7928 0.0034989
0.79315 0.0035292
0.7935 0.0035292
0.79385 0.0036991
0.7942 0.003789
0.79455 0.003789
0.7949 0.0024548
0.79525 0.0013952
0.7956 0.0024548
0.79595 0.0007755
0.7963 0.0007755
0.79665 0.0007755
0.797 0.001625
0.79735 0.001625
0.7977 0.0023867
0.79805 0.002445
0.7984 0.0024892
0.79875 0.002603
0.7991 0.002819
0.79945 0.002819
0.7998 0.0017739
0.80015 0.0017739
0.8005 0.0034031
0.80085 0.0034834
0.8012 0.0034031
0.80155 0.0022044
0.8019 0.0014787
0.80225 0.0012767999999999
0.8026 0.0012767999999999
0.80295 0.0027070999999999
0.8033 0.0027070999999999
0.80365 0.0032513
0.804 0.0028556999999999
0.80435 0.0032513
0.8047 0.0038847
0.80505 0.0043253
0.8054 0.0044592
0.80575 0.0043253
0.8061 0.0007993
0.80645 0.0007993
0.8068 0.0011210999999999
0.80715 0.0017392
0.8075 0.0017392
0.80785 0.0017404
0.8082 0.0017404
0.80855 0.0035539
0.8089 0.0035539
0.80925 0.001126
0.8096 0.001126
0.80995 0.0013564
0.8103 0.0022921
0.81065 0.0022921
0.811 0.0019999
0.81135 0.0015225999999999
0.8117 0.0015225999999999
0.81205 0.0014984
0.8124 0.0012924
0.81275 0.0014984
0.8131 0.0009172
0.81345 0.0013804
0.8138 0.0013804
0.81415 0.0013804
0.8145 0.0008808999999999
0.81485 0.0003212
0.8152 0.0003212
0.81555 0.0014059
0.8159 0.0014212
0.81625 0.0014212
0.8166 0.0015091
0.81695 0.0015091
0.8173 0.0016975999999999
0.81765 0.0016975999999999
0.818 0.0015682
0.81835 0.0015682
0.8187 0.0015682
0.81905 0.0028104
0.8194 0.0023745
0.81975 0.0023745
0.8201 0.0023745
0.82045 0.0022104
0.8208 0.0022104
0.82115 0.0022104
0.8215 0.0029987
0.82185 0.0029987
0.8222 0.0026173
0.82255 0.002483
0.8229 0.0008332
0.82325 0.0002846
0.8236 0.0003103
0.82395 0.0003103
0.8243 0.0024303
0.82465 0.0024303
0.825 0.0027588
0.82535 0.0023261999999999
0.8257 0.0039881
0.82605 0.0023261999999999
0.8264 0.0028996
0.82675 0.0028996
0.8271 0.0028996
0.82745 0.0018375
0.8278 0.0006508999999999
0.82815 0.0018375
0.8285 0.0019034
0.82885 0.0019034
0.8292 0.0019034
0.82955 0.0024721
0.8299 0.0024721
0.83025 0.0009824999999999
0.8306 0.0009824999999999
0.83095 0.0012500999999999
0.8313 0.0024504
0.83165 0.0012500999999999
0.832 0.000964
0.83235 0.000964
0.8327 0.000821
0.83305 0.0020073
0.8334 0.0014927999999999
0.83375 0.0014927999999999
0.8341 0.0004001999999999
0.83445 0.0004001999999999
0.8348 0.0004001999999999
0.83515 0.002188
0.8355 0.0016235
0.83585 0.0016235
0.8362 0.0013212
0.83655 0.0013212
0.8369 0.0013212
0.83725 0.0010578
0.8376 0.0005996
0.83795 0.0005996
0.8383 0.0011595
0.83865 0.0018230999999999
0.839 0.002027
0.83935 0.002027
0.8397 0.0018965999999999
0.84005 0.0016975999999999
0.8404 0.0016975999999999
0.84075 0.0016975999999999
0.8411 0.0018765999999999
0.84145 0.0018765999999999
0.8418 0.0015095999999999
0.84215 0.0015095999999999
0.8425 0.0027153
0.84285 0.0031840999999999
0.8432 0.0031840999999999
0.84355 0.0032007
0.8439 0.0029131
0.84425 0.0024633
0.8446 0.0024633
0.84495 0.0031271
0.8453 0.0031271
0.84565 0.0031271
0.846 0.0046593
0.84635 0.0046593
0.8467 0.0046593
0.84705 0.0061642
0.8474 0.0061642
0.84775 0.0028773
0.8481 0.0028773
0.84845 0.0039759
0.8488 0.0047316
0.84915 0.0047316
0.8495 0.0047316
0.84985 0.0051192
0.8502 0.0037369
0.85055 0.0041635
0.8509 0.0041635
0.85125 0.004328
0.8516 0.0044524
0.85195 0.004951
0.8523 0.004951
0.85265 0.0041001999999999
0.853 0.0041001999999999
0.85335 0.0047154
0.8537 0.0047154
0.85405 0.0042324
0.8544 0.0037808
0.85475 0.0033546999999999
0.8551 0.0033546999999999
0.85545 0.0027806
0.8558 0.0027806
0.85615 0.0025280999999999
0.8565 0.0024627
0.85685 0.0023436999999999
0.8572 0.0019882
0.85755 0.001507
0.8579 0.0012349
0.85825 0.0012349
0.8586 0.0012349
0.85895 0.0012235
0.8593 0.0011202
0.85965 0.001014
0.86 0.0007607
0.86035 0.0007029
0.8607 0.0006602
0.86105 0.0005722
0.8614 0.0005375
0.86175 0.0005288
0.8621 0.0004554999999999
0.86245 0.0004554999999999
0.8628 0.0004433
0.86315 0.0004553
0.8635 0.0004548
0.86385 0.0004548
0.8642 0.0003825
0.86455 0.0003701
0.8649 0.0003825
0.86525 0.0004414
0.8656 0.0004788
0.86595 0.000548
0.8663 0.0005763999999999
0.86665 0.0005763999999999
0.867 0.0003906
0.86735 0.0003906
0.8677 0.0004734
0.86805 0.0008157
0.8684 0.0008539
0.86875 0.0008997
0.8691 0.0011554
0.86945 0.0010249
0.8698 0.0010984999999999
0.87015 0.0010912
0.8705 0.0010912
0.87085 0.0009886
0.8712 0.0008988999999999
0.87155 0.0009886
0.8719 0.0012606
0.87225 0.0017469999999999
0.8726 0.0012606
0.87295 0.0010857999999999
0.8733 0.0010857999999999
0.87365 0.0014202
0.874 0.0014762
0.87435 0.0015993
0.8747 0.0016243
0.87505 0.0015993
0.8754 0.0016243
0.87575 0.0009628
0.8761 0.0014632999999999
0.87645 0.0010716
0.8768 0.0010716
0.87715 0.0009083
0.8775 0.0005884999999999
0.87785 0.0005884999999999
0.8782 0.0005748999999999
0.87855 0.0005748999999999
0.8789 0.0008537
0.87925 0.0008537
0.8796 0.0002596
0.87995 0.0002503
0.8803 0.0002596
0.88065 0.0002503
0.881 0.0001888
0.88135 0.0001786
0.8817 0.0001375
0.88205 0.0001002999999999
0.8824 6.330000000000001e-05
0.88275 6.330000000000001e-05
0.8831 6.330000000000001e-05
0.88345 6.409999999999999e-05
0.8838 6.2e-05
0.88415 6.409999999999999e-05
0.8845 7.79e-05
0.88485 9.27e-05
0.8852 0.0001024
0.88555 0.0001024
0.8859 9.35e-05
0.88625 7.37e-05
0.8866 4.29e-05
0.88695 3.81e-05
0.8873 3.81e-05
0.88765 3.81e-05
0.888 4.07e-05
0.88835 3.98e-05
0.8887 5.6899999999999994e-05
0.88905 3.98e-05
0.8894 5.8200000000000005e-05
0.88975 6.25e-05
0.8901 7.219999999999999e-05
0.89045 6.7e-05
0.8908 6.850000000000001e-05
0.89115 6.7e-05
0.8915 6.850000000000001e-05
0.89185 5.539999999999999e-05
0.8922 7.2e-05
0.89255 7.2e-05
0.8929 7.4e-05
0.89325 7.4e-05
0.8936 6.829999999999999e-05
0.89395 6.27e-05
0.8943 6.27e-05
0.89465 6.19e-05
0.895 6.19e-05
0.89535 5.67e-05
0.8957 5.67e-05
0.89605 6.51e-05
0.8964 7.3e-05
0.89675 9.29e-05
0.8971 9.29e-05
0.89745 8.52e-05
0.8978 8.52e-05
0.89815 0.0001008
0.8985 0.0001008
0.89885 8.9e-05
0.8992 5.739999999999999e-05
0.89955 5.739999999999999e-05
0.8999 4.270000000000001e-05
0.90025 4.270000000000001e-05
0.9006 4.270000000000001e-05
0.90095 0.0001041
0.9013 0.0001563
0.90165 0.0001947
0.902 0.0001947
0.90235 0.0001947
0.9027 0.0002041999999999
0.90305 0.0002041999999999
0.9034 0.0002563
0.90375 0.0002021999999999
0.9041 0.0002563
0.90445 0.000328
0.9048 0.0004836
0.90515 0.0004836
0.9055 0.0003907
0.90585 0.0003907
0.9062 0.0003907
0.90655 0.0003697
0.9069 0.0003001
0.90725 0.0003001
0.9076 0.0002998999999999
0.90795 0.0002717
0.9083 0.0002717
0.90865 0.0003011
0.909 0.0003068
0.90935 0.0003011
0.9097 0.0002356999999999
0.91005 0.000222
0.9104 0.000222
0.91075 0.0002726
0.9111 0.0003078
0.91145 0.0003375
0.9118 0.0003375
0.91215 0.0003375
0.9125 0.0003123
0.91285 0.0003266999999999
0.9132 0.0003266999999999
0.91355 0.0003266999999999
0.9139 0.0005731
0.91425 0.0002110999999999
0.9146 0.0006562
0.91495 0.0003258
0.9153 0.0003258
0.91565 0.0003258
0.916 0.0003022
0.91635 0.0003648
0.9167 0.0001706999999999
0.91705 0.0002198999999999
0.9174 0.0001792
0.91775 0.0001792
0.9181 9.22e-05
0.91845 9.22e-05
0.9188 0.0003894
0.91915 0.0003894
0.9195 0.0001146
0.91985 0.0001146
0.9202 0.0007957
0.92055 0.0007957
0.9209 0.0006297
0.92125 0.0003623
0.9216 0.000292
0.92195 0.0003623
0.9223 0.0003646
0.92265 0.0003945
0.923 0.0003945
0.92335 0.0002815
0.9237 0.0002435
0.92405 0.0002435
0.9244 0.0002195
0.92475 0.0007698
0.9251 0.0005311
0.92545 0.0007466
0.9258 0.0005311
0.92615 0.0002822
0.9265 0.0002822
0.92685 0.0002822
0.9272 0.000245
0.92755 0.000245
0.9279 0.0001638
0.92825 0.0004456
0.9286 0.0002725
0.92895 0.0004456
0.9293 0.0003243999999999
0.92965 0.0003243999999999
0.93 7.57e-05
0.93035 7.57e-05
0.9307 6.720000000000001e-05
0.93105 0.0001646
0.9314 0.0001210999999999
0.93175 0.0001646
0.9321 0.0001653
0.93245 0.0001653
0.9328 0.0002179
0.93315 0.0002110999999999
0.9335 0.0002110999999999
0.93385 0.0001027
0.9342 6.55e-05
0.93455 5.45e-05
0.9349 6.55e-05
0.93525 5.45e-05
0.9356 8.590000000000001e-05
0.93595 0.0001547
0.9363 0.0001921
0.93665 0.0001921
0.937 0.0001373
0.93735 0.0001373
0.9377 6.43e-05
0.93805 6.43e-05
0.9384 6.43e-05
0.93875 0.0002185
0.9391 0.0002185
0.93945 0.000265
0.9398 0.0001438
0.94015 0.0002124
0.9405 5.68e-05
0.94085 0.0002124
0.9412 0.0002533
0.94155 0.0002675
0.9419 0.0003295
0.94225 0.0002881
0.9426 0.0002881
0.94295 5.479999999999999e-05
0.9433 5.479999999999999e-05
0.94365 8.170000000000001e-05
0.944 8.170000000000001e-05
0.94435 2.98e-05
0.9447 2.98e-05
0.94505 8.8e-05
0.9454 9.23e-05
0.94575 9.23e-05
0.9461 9.43e-05
0.94645 9.43e-05
0.9468 9.43e-05
0.94715 0.000133
0.9475 0.000133
0.94785 0.0002145
0.9482 0.0002093
0.94855 0.0002234999999999
0.9489 0.0002093
0.94925 3.5499999999999996e-05
0.9496 3.5499999999999996e-05
0.94995 7.08e-05
0.9503 0.0001115999999999
0.95065 0.0003526
0.951 0.0003526
0.95135 0.0001544
0.9517 0.0001544
0.95205 0.0001585
0.9524 0.0001585
0.95275 0.0001012
0.9531 7.950000000000001e-05
0.95345 7.950000000000001e-05
0.9538 0.0001576999999999
0.95415 0.0001892
0.9545 0.0001892
0.95485 0.0001892
0.9552 0.0001685
0.95555 0.0002150999999999
0.9559 0.0002150999999999
0.95625 0.0002150999999999
0.9566 0.0002072
0.95695 8.809999999999999e-05
0.9573 8.809999999999999e-05
0.95765 0.0003556
0.958 0.0003556
0.95835 0.0002926
0.9587 0.0002552999999999
0.95905 0.0002552999999999
0.9594 9.83e-05
0.95975 9.83e-05
0.9601 0.0002278
0.96045 0.0002278
0.9608 0.0001939
0.96115 0.0001939
0.9615 0.0002299999999999
0.96185 0.0002798
0.9622 0.0002299999999999
0.96255 6.929999999999999e-05
0.9629 6.929999999999999e-05
0.96325 6.95e-05
0.9636 6.95e-05
0.96395 0.0001276
0.9643 0.0001276
0.96465 0.0002475
0.965 0.0002475
0.96535 0.0001771
0.9657 0.0001171
0.96605 0.000162
0.9664 0.0001171
0.96675 8.82e-05
0.9671 7.96e-05
0.96745 7.96e-05
0.9678 0.0001587
0.96815 0.0001733999999999
0.9685 0.0001733999999999
0.96885 0.0001336
0.9692 0.0001336
0.96955 0.0002331999999999
0.9699 0.0002331999999999
0.97025 0.0002189
0.9706 0.000208
0.97095 0.0002008999999999
0.9713 0.000208
0.97165 0.0002174
0.972 0.0002174
0.97235 0.0002052
0.9727 0.0001773
0.97305 0.0001578
0.9734 0.0001048
0.97375 8.159999999999999e-05
0.9741 8.159999999999999e-05
0.97445 8.159999999999999e-05
0.9748 0.0001591
0.97515 0.0001998
0.9755 0.0002153
0.97585 0.0002153
0.9762 0.0001315999999999
0.97655 0.0001315999999999
0.9769 0.0001949
0.97725 0.0002054
0.9776 0.0002054
0.97795 0.0001699
0.9783 6.7e-05
0.97865 9.1e-05
0.979 9.1e-05
0.97935 0.0001329
0.9797 0.0001329
0.98005 0.0001382
0.9804 0.0001127999999999
0.98075 0.0001127999999999
0.9811 0.0001127999999999
0.98145 0.0001248
0.9818 0.0001248
0.98215 0.0001155999999999
0.9825 9.42e-05
0.98285 4.210000000000001e-05
0.9832 9.42e-05
0.98355 0.0001027
0.9839 0.0001104
0.98425 0.0001157
0.9846 0.0001104
0.98495 0.0001193999999999
0.9853 8.25e-05
0.98565 8.25e-05
0.986 7.42e-05
0.98635 7.42e-05
0.9867 4.46e-05
0.98705 6.77e-05
0.9874 6.27e-05
0.98775 6.27e-05
0.9881 5.14e-05
0.98845 2.3800000000000003e-05
0.9888 2.3800000000000003e-05
0.98915 3.11e-05
0.9895 7.36e-05
0.98985 5.12e-05
0.9902 8.05e-05
0.99055 5.12e-05
0.9909 8.05e-05
0.99125 7.55e-05
0.9916 8.45e-05
0.99195 7.55e-05
0.9923 8.45e-05
0.99265 8.9e-05
0.993 9.1e-05
0.99335 8.9e-05
0.9937 8.99e-05
0.99405 8.85e-05
0.9944 8.99e-05
0.99475 8.18e-05
0.9951 7.340000000000001e-05
0.99545 7.340000000000001e-05
0.9958 2.92e-05
0.99615 7.329999999999999e-05
0.9965 1.96e-05
0.99685 7.329999999999999e-05
0.9972 0.0001097
0.99755 0.0001097
0.9979 0.0001013
0.99825 7.47e-05
0.9986 8.79e-05
0.99895 7.709999999999999e-05
0.9993 7.709999999999999e-05
