0.3 0.4604927
0.30035 0.4608774
0.3007 0.4608774
0.30105 0.4608237
0.3014 0.4606348
0.30175 0.4603552999999999
0.3021 0.4599470999999999
0.30245 0.4592613
0.3028 0.4578992
0.30315 0.4542133
0.3035 0.4542133
0.30385 0.4542988
0.3042 0.4571825
0.30455 0.4580462
0.3049 0.4582866
0.30525 0.4582866
0.3056 0.4581925
0.30595 0.4580244
0.3063 0.4578135999999999
0.30665 0.4575698
0.307 0.4572968
0.30735 0.4569915
0.3077 0.4566454000000001
0.30805 0.4562401
0.3084 0.4557385999999999
0.30875 0.4550763
0.3091 0.4540447
0.30945 0.4521308
0.3098 0.4477441
0.31015 0.4454451
0.3105 0.4454451
0.31085 0.4503592
0.3112 0.4519964
0.31155 0.4525563
0.3119 0.4526108
0.31225 0.4526108
0.3126 0.4524285
0.31295 0.4521814
0.3133 0.4518912999999999
0.31365 0.4515724
0.314 0.4512277
0.31435 0.4508656
0.3147 0.4504824
0.31505 0.4500858
0.3154 0.4496736
0.31575 0.4492452999999999
0.3161 0.4488007
0.31645 0.4483389
0.3168 0.4478587
0.31715 0.4473587
0.3175 0.4468367
0.31785 0.4462897
0.3182 0.4457223
0.31855 0.4451122
0.3189 0.4444694
0.31925 0.443759
0.3196 0.4429808
0.31995 0.4420802
0.3203 0.4409662
0.32065 0.4394235999999999
0.321 0.4368589
0.32135 0.4313600999999999
0.3217 0.4288225999999999
0.32205 0.4288225999999999
0.3224 0.4339419
0.32275 0.4351822
0.3231 0.4351822
0.32345 0.4346738
0.3238 0.4339042999999999
0.32415 0.4329947
0.3245 0.4319739999999999
0.32485 0.4308344
0.3252 0.4296263
0.32555 0.428329
0.3259 0.4269390999999999
0.32625 0.4254519
0.3266 0.4238617
0.32695 0.4222035
0.3273 0.4203936
0.32765 0.4184614
0.328 0.4164431999999999
0.32835 0.4141973
0.3287 0.411718
0.32905 0.4086330999999999
0.3294 0.4037878
0.32975 0.3940587
0.3301 0.3738268
0.33045 0.3738268
0.3308 0.3937529000000001
0.33115 0.4018835999999999
0.3315 0.4055138
0.33185 0.4076763
0.3322 0.4092903
0.33255 0.4106064
0.3329 0.4118448
0.33325 0.4129350999999999
0.3336 0.4139878999999999
0.33395 0.4149138
0.3343 0.4158032
0.33465 0.4165773
0.335 0.4172817
0.33535 0.417921
0.3357 0.4184994000000001
0.33605 0.4190497
0.3364 0.4194889
0.33675 0.419907
0.3371 0.4202773
0.33745 0.4206008
0.3378 0.4208807
0.33815 0.4210988
0.3385 0.421296
0.33885 0.421434
0.3392 0.4215464
0.33955 0.4215982
0.3399 0.4215982
0.34025 0.4215601
0.3406 0.4214407999999999
0.34095 0.4212402
0.3413 0.420935
0.34165 0.4204898
0.342 0.4198495
0.34235 0.4189282
0.3427 0.4175869
0.34305 0.4155967
0.3434 0.4126818
0.34375 0.4080374
0.3441 0.4007370999999999
0.34445 0.3911803
0.3448 0.3911803
0.34515 0.3970819
0.3455 0.4043651
0.34585 0.4092659
0.3462 0.4123103
0.34655 0.4143463
0.3469 0.4157435
0.34725 0.4167224
0.3476 0.4174174
0.34795 0.417914
0.3483 0.4182672999999999
0.34865 0.4185156
0.349 0.4186835999999999
0.34935 0.4187744
0.3497 0.4188337
0.35005 0.4188337
0.3504 0.41883
0.35075 0.4187924
0.3511 0.418722
0.35145 0.4186340999999999
0.3518 0.4185399
0.35215 0.4184227
0.3525 0.4182938
0.35285 0.4181545
0.3532 0.4180059
0.35355 0.4178488
0.3539 0.417684
0.35425 0.4175122
0.3546 0.4173327
0.35495 0.4171485
0.3553 0.4169585
0.35565 0.4167532999999999
0.356 0.4164925999999999
0.35635 0.416333
0.3567 0.4161391
0.35705 0.4156959
0.3574 0.4156257
0.35775 0.415433
0.3581 0.4151484
0.35845 0.4149667
0.3588 0.414714
0.35915 0.4145255
0.3595 0.4139497
0.35985 0.413735
0.3602 0.4134605999999999
0.36055 0.4132077
0.3609 0.4130002
0.36125 0.4130002
0.3616 0.4127452999999999
0.36195 0.4125255999999999
0.3623 0.4121695999999999
0.36265 0.4119797
0.363 0.4117147
0.36335 0.4114354
0.3637 0.4111583
0.36405 0.4107857
0.3644 0.4106045999999999
0.36475 0.410321
0.3651 0.4100334
0.36545 0.4097314999999999
0.3658 0.4093854
0.36615 0.4091337
0.3665 0.4088560999999999
0.36685 0.4085386
0.3672 0.4082298
0.36755 0.407939
0.3679 0.4076078
0.36825 0.4073031
0.3686 0.406906
0.36895 0.4066909
0.3693 0.4063325999999999
0.36965 0.4060384
0.37 0.405614
0.37035 0.4053349
0.3707 0.4048664
0.37105 0.4046190999999999
0.3714 0.4043752
0.37175 0.4039674
0.3721 0.4035809
0.37245 0.4033214
0.3728 0.4028466
0.37315 0.4026353
0.3735 0.4021091
0.37385 0.4018672
0.3742 0.4014986
0.37455 0.4010627
0.3749 0.400454
0.37525 0.4002839
0.3756 0.3996863
0.37595 0.3995855
0.3763 0.3988987
0.37665 0.398432
0.377 0.398432
0.37735 0.3981014
0.3777 0.3975584
0.37805 0.3970885
0.3784 0.3968842
0.37875 0.3958685
0.3791 0.395638
0.37945 0.3948074
0.3798 0.3945404
0.38015 0.3945404
0.3805 0.3939934
0.38085 0.3938658
0.3812 0.393445
0.38155 0.3929919
0.3819 0.3921572
0.38225 0.3915563
0.3826 0.3914548
0.38295 0.3911481
0.3833 0.3904933
0.38365 0.3901992999999999
0.384 0.3895652
0.38435 0.3892224999999999
0.3847 0.3886815
0.38505 0.3881839
0.3854 0.3876343
0.38575 0.3870835999999999
0.3861 0.3865354
0.38645 0.3859356
0.3868 0.3853615999999999
0.38715 0.3847279
0.3875 0.3840979
0.38785 0.3835034
0.3882 0.3829354
0.38855 0.3822122
0.3889 0.3813785
0.38925 0.3805593
0.3896 0.3801458
0.38995 0.3793323
0.3903 0.3785700999999999
0.39065 0.3779765999999999
0.391 0.3771445
0.39135 0.3763886
0.3917 0.3753582
0.39205 0.3745946
0.3924 0.373787
0.39275 0.3726745999999999
0.3931 0.3718861
0.39345 0.3709861
0.3938 0.3699328
0.39415 0.3685961
0.3945 0.3678084
0.39485 0.3664422
0.3952 0.3654172
0.39555 0.3643074
0.3959 0.3626741
0.39625 0.361184
0.3966 0.3600004
0.39695 0.3588221
0.3973 0.3571535999999999
0.39765 0.3555839
0.398 0.3536494
0.39835 0.3523702
0.3987 0.3498882
0.39905 0.348058
0.3994 0.3464097
0.39975 0.3441161
0.4001 0.3416734
0.40045 0.3389782
0.4008 0.3358467
0.40115 0.3305413
0.4015 0.329488
0.40185 0.3257465
0.4022 0.3208452
0.40255 0.3171774
0.4029 0.3123453
0.40325 0.3075085999999999
0.4036 0.3025494
0.40395 0.2984428
0.4043 0.2808665999999999
0.40465 0.2808665999999999
0.405 0.2951324
0.40535 0.2992252999999999
0.4057 0.3026385
0.40605 0.3062917
0.4064 0.310242
0.40675 0.313865
0.4071 0.3169546
0.40745 0.3198611
0.4078 0.3224225999999999
0.40815 0.3246874
0.4085 0.3246874
0.40885 0.3266854
0.4092 0.3301259
0.40955 0.3315448
0.4099 0.3328432
0.41025 0.3340697
0.4106 0.3350792999999999
0.41095 0.3360107
0.4113 0.3367053
0.41165 0.3376434
0.412 0.3380054999999999
0.41235 0.3388840999999999
0.4127 0.339377
0.41305 0.339377
0.4134 0.3399913
0.41375 0.3402813
0.4141 0.3412817999999999
0.41445 0.3415285999999999
0.4148 0.3415838
0.41515 0.3415886
0.4155 0.3415886
0.41585 0.3375187
0.4162 0.3375187
0.41655 0.3421235
0.4169 0.3421801
0.41725 0.3425561
0.4176 0.3421801
0.41795 0.3425561
0.4183 0.3425734
0.41865 0.3426745
0.419 0.3426745
0.41935 0.3426434
0.4197 0.3418142
0.42005 0.3400772999999999
0.4204 0.3400772999999999
0.42075 0.3420639
0.4211 0.3429137
0.42145 0.3420639
0.4218 0.3413403
0.42215 0.3411079999999999
0.4225 0.3411079999999999
0.42285 0.3414807
0.4232 0.3414807
0.42355 0.3401136
0.4239 0.3401136
0.42425 0.3403095999999999
0.4246 0.3403776
0.42495 0.3411304
0.4253 0.3411623
0.42565 0.3411623
0.426 0.3385018
0.42635 0.3385018
0.4267 0.3390435999999999
0.42705 0.3405202
0.4274 0.3402232
0.42775 0.3402232
0.4281 0.3399036
0.42845 0.3389193
0.4288 0.33843
0.42915 0.3355196
0.4295 0.3369069
0.42985 0.3369069
0.4302 0.3369069
0.43055 0.3376603
0.4309 0.3353983
0.43125 0.3358615
0.4316 0.3358615
0.43195 0.3359342999999999
0.4323 0.3369125
0.43265 0.3369125
0.433 0.3364237
0.43335 0.3362845999999999
0.4337 0.3354293
0.43405 0.3353857999999999
0.4344 0.3348037
0.43475 0.3347452
0.4351 0.3347452
0.43545 0.3344609
0.4358 0.3339022
0.43615 0.3336014
0.4365 0.3324739
0.43685 0.3320313
0.4372 0.3320511
0.43755 0.3320313
0.4379 0.3317249
0.43825 0.3314813
0.4386 0.3314704
0.43895 0.3308938
0.4393 0.33074
0.43965 0.3294196
0.44 0.3287005
0.44035 0.326704
0.4407 0.3260827
0.44105 0.3260827
0.4414 0.3259738
0.44175 0.3250620999999999
0.4421 0.3250620999999999
0.44245 0.3250620999999999
0.4428 0.3264942
0.44315 0.3261757999999999
0.4435 0.3261757999999999
0.44385 0.3223561
0.4442 0.3223561
0.44455 0.3244495999999999
0.4449 0.3244495999999999
0.44525 0.3216408
0.4456 0.3216408
0.44595 0.3220370999999999
0.4463 0.3224909999999999
0.44665 0.3224909999999999
0.447 0.3224374
0.44735 0.3218158
0.4477 0.3215775999999999
0.44805 0.3215775999999999
0.4484 0.3196312
0.44875 0.3211569
0.4491 0.3203256
0.44945 0.3203256
0.4498 0.3197765999999999
0.45015 0.3195877
0.4505 0.3193917
0.45085 0.3180223
0.4512 0.3168836
0.45155 0.3167791
0.4519 0.316205
0.45225 0.3166741
0.4526 0.3163902999999999
0.45295 0.3163902999999999
0.4533 0.316006
0.45365 0.3152708
0.454 0.3152708
0.45435 0.3140120999999999
0.4547 0.3135939
0.45505 0.3136074
0.4554 0.3135939
0.45575 0.3117867
0.4561 0.3106835
0.45645 0.3117867
0.4568 0.3100138
0.45715 0.3109133
0.4575 0.3104623
0.45785 0.3104623
0.4582 0.3098942999999999
0.45855 0.3098839
0.4589 0.3092979
0.45925 0.3078659
0.4596 0.3069517
0.45995 0.3073965
0.4603 0.3073965
0.46065 0.3073965
0.461 0.3073397
0.46135 0.3070025999999999
0.4617 0.3067284999999999
0.46205 0.3060332
0.4624 0.3055494
0.46275 0.3055169
0.4631 0.305196
0.46345 0.3043682
0.4638 0.3038668
0.46415 0.3036377
0.4645 0.3029094
0.46485 0.302778
0.4652 0.3007708
0.46555 0.3007708
0.4659 0.3000844
0.46625 0.2985538
0.4666 0.2980889
0.46695 0.2980889
0.4673 0.2974718
0.46765 0.2940499
0.468 0.2937884
0.46835 0.2925797
0.4687 0.2868587999999999
0.46905 0.2803453
0.4694 0.2868587999999999
0.46975 0.2925317
0.4701 0.2925317
0.47045 0.2925317
0.4708 0.2919034
0.47115 0.2909390999999999
0.4715 0.2901077999999999
0.47185 0.2869659
0.4722 0.2821445999999999
0.47255 0.2827341
0.4729 0.2827341
0.47325 0.2875885999999999
0.4736 0.2884997
0.47395 0.2875885999999999
0.4743 0.2879665
0.47465 0.2845599
0.475 0.2877905
0.47535 0.2574935
0.4757 0.2877905
0.47605 0.2830788
0.4764 0.2830788
0.47675 0.2830788
0.4771 0.2811495999999999
0.47745 0.2846606
0.4778 0.2822035
0.47815 0.283323
0.4785 0.2827899
0.47885 0.2827899
0.4792 0.281773
0.47955 0.2812591
0.4799 0.2806723
0.48025 0.280049
0.4806 0.2795281
0.48095 0.2788787
0.4813 0.2780757
0.48165 0.2766502999999999
0.482 0.2751008
0.48235 0.2739268
0.4827 0.2739268
0.48305 0.2723715
0.4834 0.2683629
0.48375 0.2650455
0.4841 0.2650455
0.48445 0.2616265
0.4848 0.252894
0.48515 0.256787
0.4855 0.256787
0.48585 0.256787
0.4862 0.2607376
0.48655 0.2607376
0.4869 0.263864
0.48725 0.263864
0.4876 0.2543091
0.48795 0.2543091
0.4883 0.2555944
0.48865 0.261078
0.489 0.2651565999999999
0.48935 0.261078
0.4897 0.2646467999999999
0.49005 0.2621431
0.4904 0.2621431
0.49075 0.2581065
0.4911 0.2581065
0.49145 0.2581065
0.4918 0.2602598
0.49215 0.2571957
0.4925 0.2565046
0.49285 0.2504184
0.4932 0.2504184
0.49355 0.2504184
0.4939 0.2512448
0.49425 0.2512448
0.4946 0.2512448
0.49495 0.2532444
0.4953 0.2517426
0.49565 0.2529648
0.496 0.2517426
0.49635 0.251629
0.4967 0.2515837
0.49705 0.2509064
0.4974 0.2494014
0.49775 0.2481017
0.4981 0.2466697
0.49845 0.2454791999999999
0.4988 0.2454791999999999
0.49915 0.2452775999999999
0.4995 0.2452775999999999
0.49985 0.2446294
0.50055 0.2308714
0.5009 0.2308714
0.50125 0.2385513
0.5016 0.2385513
0.50195 0.2369251
0.5023 0.226023
0.50265 0.226023
0.503 0.1813476
0.50335 0.2000932
0.5037 0.2000932
0.50405 0.2000932
0.5044 0.2270816
0.50475 0.2270816
0.5051 0.2296991
0.50545 0.2296991
0.5058 0.2291793999999999
0.50615 0.2283942999999999
0.5065 0.2193042999999999
0.50685 0.212781
0.5072 0.212781
0.50755 0.2173212999999999
0.5079 0.2173212999999999
0.50825 0.2173212999999999
0.5086 0.2194118
0.50895 0.2194118
0.5093 0.2181623999999999
0.50965 0.2166998
0.51 0.2166998
0.51035 0.2187884
0.5107 0.2188292999999999
0.51105 0.2188292999999999
0.5114 0.2174813
0.51175 0.2174813
0.5121 0.2178368
0.51245 0.2229067
0.5128 0.2229067
0.51315 0.2173679
0.5135 0.2173679
0.51385 0.2168986
0.5142 0.2168986
0.51455 0.2168986
0.5149 0.2146399
0.51525 0.2186457
0.5156 0.2192959
0.51595 0.2192959
0.5163 0.2180761
0.51665 0.2175811
0.517 0.2175811
0.51735 0.2169997
0.5177 0.2167201
0.51805 0.2160949
0.5184 0.2160949
0.51875 0.2160949
0.5191 0.2158614999999999
0.51945 0.2141041
0.5198 0.2141041
0.52015 0.2141041
0.5205 0.2132891
0.52085 0.2131862
0.5212 0.2125163
0.52155 0.2125128999999999
0.5219 0.2121902999999999
0.52225 0.2109041
0.5226 0.2099362
0.52295 0.2095214
0.5233 0.1938493
0.52365 0.1938493
0.524 0.1921032999999999
0.52435 0.2060792999999999
0.5247 0.2055897
0.52505 0.2055897
0.5254 0.2054262999999999
0.52575 0.2037685
0.5261 0.2026091
0.52645 0.2025503
0.5268 0.2011562999999999
0.52715 0.1980016
0.5275 0.1980016
0.52785 0.1980016
0.5282 0.1987658
0.52855 0.1987658
0.5289 0.1962246
0.52925 0.1947856
0.5296 0.1921378
0.52995 0.1946698999999999
0.5303 0.1910108999999999
0.53065 0.1891214
0.531 0.1891214
0.53135 0.1910797
0.5317 0.1910797
0.53205 0.186933
0.5324 0.1835575
0.53275 0.1854627
0.5331 0.1854627
0.53345 0.1858608
0.5338 0.1858608
0.53415 0.1854993999999999
0.5345 0.1849333999999999
0.53485 0.1823245
0.5352 0.1817755
0.53555 0.1808496
0.5359 0.1786922
0.53625 0.1786922
0.5366 0.1779343
0.53695 0.1752261
0.5373 0.1752261
0.53765 0.1737878
0.538 0.1730109
0.53835 0.1713418
0.5387 0.1677164
0.53905 0.1664453
0.5394 0.1664453
0.53975 0.1626876
0.5401 0.1626876
0.54045 0.1626779
0.5408 0.1541197
0.54115 0.1541197
0.5415 0.1489739
0.54185 0.1485402
0.5422 0.1479608
0.54255 0.1474355
0.5429 0.1472064
0.54325 0.1472064
0.5436 0.1472064
0.54395 0.1450078
0.5443 0.1450078
0.54465 0.1480672999999999
0.545 0.1480672999999999
0.54535 0.1480672999999999
0.5457 0.1519057
0.54605 0.1519057
0.5464 0.1432969
0.54675 0.1432969
0.5471 0.1432969
0.54745 0.149753
0.5478 0.1489626
0.54815 0.149753
0.5485 0.1497056
0.54885 0.1499986
0.5492 0.1497056
0.54955 0.1475542
0.5499 0.1417838
0.55025 0.1454862999999999
0.5506 0.1454862999999999
0.55095 0.1454862999999999
0.5513 0.1446499
0.55165 0.1444354
0.552 0.1426935
0.55235 0.1418806
0.5527 0.1418806
0.55305 0.1418806
0.5534 0.1404684
0.55375 0.1404684
0.5541 0.1394687
0.55445 0.1367852
0.5548 0.1367852
0.55515 0.1367852
0.5555 0.1355128
0.55585 0.1373172999999999
0.5562 0.1356697999999999
0.55655 0.1356697999999999
0.5569 0.1316117
0.55725 0.1316117
0.5576 0.1325339999999999
0.55795 0.1331512
0.5583 0.1325339999999999
0.55865 0.1325111
0.559 0.1318157
0.55935 0.1318157
0.5597 0.1312855
0.56005 0.1306078
0.5604 0.1296535
0.56075 0.1293738
0.5611 0.1288037
0.56145 0.1283448999999999
0.5618 0.1274566
0.56215 0.1274514
0.5625 0.1266205
0.56285 0.1261986
0.5632 0.1261986
0.56355 0.1251285
0.5639 0.1246966
0.56425 0.1238525
0.5646 0.1230071
0.56495 0.1230071
0.5653 0.1219291
0.56565 0.1219291
0.566 0.1212894
0.56635 0.1172743999999999
0.5667 0.1171279
0.56705 0.1171279
0.5674 0.1179964999999999
0.56775 0.1179964999999999
0.5681 0.0989925
0.56845 0.0989925
0.5688 0.1013983999999999
0.56915 0.1097982
0.5695 0.1013983999999999
0.56985 0.0913776
0.5702 0.0913776
0.57055 0.1141645999999999
0.5709 0.1141645999999999
0.57125 0.1130718
0.5716 0.1112606999999999
0.57195 0.1122785
0.5723 0.1122206999999999
0.57265 0.1122206999999999
0.573 0.1108163
0.57335 0.0997913
0.5737 0.1092089
0.57405 0.1008098
0.5744 0.1008098
0.57475 0.1008098
0.5751 0.0893894
0.57545 0.1071708999999999
0.5758 0.107071
0.57615 0.107071
0.5765 0.1028278
0.57685 0.0910026
0.5772 0.1028278
0.57755 0.1046583999999999
0.5779 0.1046583999999999
0.57825 0.1046583999999999
0.5786 0.1010799
0.57895 0.1045118999999999
0.5793 0.1045118999999999
0.57965 0.1045118999999999
0.58 0.1009361999999999
0.58035 0.1009361999999999
0.5807 0.0992892
0.58105 0.0995681
0.5814 0.0995681
0.58175 0.0995681
0.5821 0.0988021999999999
0.58245 0.0948445
0.5828 0.0948445
0.58315 0.0949774999999999
0.5835 0.0949774999999999
0.58385 0.0939622
0.5842 0.0939622
0.58455 0.0939622
0.5849 0.0914236
0.58525 0.0911772
0.5856 0.091052
0.58595 0.0900666999999999
0.5863 0.088323
0.58665 0.0876657
0.587 0.0850386
0.58735 0.0839842
0.5877 0.0440524999999999
0.58805 0.0440524999999999
0.5884 0.0543374
0.58875 0.0640726
0.5891 0.0640726
0.58945 0.0640726
0.5898 0.0398176
0.59015 0.0398176
0.5905 0.0706683999999999
0.59085 0.0706683999999999
0.5912 0.0751432
0.59155 0.0751432
0.5919 0.0785733
0.59225 0.0785733
0.5926 0.0800987
0.59295 0.0847661999999999
0.5933 0.0847661999999999
0.59365 0.081066
0.594 0.0660493
0.59435 0.0498714
0.5947 0.0498714
0.59505 0.0774309
0.5954 0.0774309
0.59575 0.074784
0.5961 0.074784
0.59645 0.0736348
0.5968 0.0829703
0.59715 0.0829703
0.5975 0.0829703
0.59785 0.0741184
0.5982 0.0741184
0.59855 0.0764221
0.5989 0.0764221
0.59925 0.0711148
0.5996 0.0711148
0.59995 0.081408
0.6003 0.081408
0.60065 0.0511881999999999
0.601 0.0511881999999999
0.60135 0.0749573
0.6017 0.0862827
0.60205 0.0862827
0.6024 0.0908321
0.60275 0.0908321
0.6031 0.0862503999999999
0.60345 0.0862503999999999
0.6038 0.0877745
0.60415 0.0877745
0.6045 0.0877745
0.60485 0.0727251
0.6052 0.0914715
0.60555 0.0911589
0.6059 0.0911589
0.60625 0.0911589
0.6066 0.0906655
0.60695 0.0913085
0.6073 0.0906655
0.60765 0.0915612
0.608 0.0891505
0.60835 0.0912087
0.6087 0.0891505
0.60905 0.0903657
0.6094 0.0894203
0.60975 0.0903657
0.6101 0.0914336
0.61045 0.0914336
0.6108 0.0906903
0.61115 0.0902587
0.6115 0.0900818
0.61185 0.0893117
0.6122 0.0885317
0.61255 0.0881083
0.6129 0.0859563
0.61325 0.084763
0.6136 0.0838603999999999
0.61395 0.0825023999999999
0.6143 0.081827
0.61465 0.080814
0.615 0.0803136
0.61535 0.0802216
0.6157 0.0797679999999999
0.61605 0.078521
0.6164 0.0782122
0.61675 0.0769434
0.6171 0.0760552
0.61745 0.0736353
0.6178 0.0706756
0.61815 0.0695148999999999
0.6185 0.0682187
0.61885 0.0682187
0.6192 0.0682187
0.61955 0.0677594
0.6199 0.0677594
0.62025 0.0704591
0.6206 0.0706411
0.62095 0.0708104
0.6213 0.0709473
0.62165 0.0726264
0.622 0.0745678999999999
0.62235 0.0765806
0.6227 0.0781167
0.62305 0.0793462
0.6234 0.0801388999999999
0.62375 0.0805288
0.6241 0.0836261
0.62445 0.0836261
0.6248 0.084843
0.62515 0.0863771
0.6255 0.0863771
0.62585 0.0869298
0.6262 0.0878613999999999
0.62655 0.0878613999999999
0.6269 0.0879263
0.62725 0.0886045
0.6276 0.0886045
0.62795 0.0892335
0.6283 0.0878982
0.62865 0.0892335
0.629 0.0896566
0.62935 0.0896566
0.6297 0.0897776999999999
0.63005 0.0902289
0.6304 0.0902289
0.63075 0.0884008999999999
0.6311 0.0883518999999999
0.63145 0.083104
0.6318 0.0733626999999999
0.63215 0.0733626999999999
0.6325 0.0859085
0.63285 0.0862534
0.6332 0.0862534
0.63355 0.0856181
0.6339 0.0856181
0.63425 0.0880701
0.6346 0.0880701
0.63495 0.0870463
0.6353 0.0870463
0.63565 0.0877554
0.636 0.0877554
0.63635 0.0877554
0.6367 0.0835538
0.63705 0.0835538
0.6374 0.0835538
0.63775 0.0717357
0.6381 0.0756978
0.63845 0.0756978
0.6388 0.0756978
0.63915 0.0819233
0.6395 0.0819233
0.63985 0.0847941
0.6402 0.0879594
0.64055 0.0879594
0.6409 0.0855512
0.64125 0.0843303
0.6416 0.083316
0.64195 0.079134
0.6423 0.079134
0.64265 0.0852322
0.643 0.0852322
0.64335 0.0833975
0.6437 0.0769273999999999
0.64405 0.0573021999999999
0.6444 0.0573021999999999
0.64475 0.0750837
0.6451 0.0750837
0.64545 0.0750837
0.6458 0.0409139
0.64615 0.0232462
0.6465 0.0232462
0.64685 0.0581297
0.6472 0.061443
0.64755 0.061443
0.6479 0.0549754
0.64825 0.0549754
0.6486 0.0595105
0.64895 0.0687574
0.6493 0.0732503
0.64965 0.0800135
0.65 0.0800135
0.65035 0.0818841
0.6507 0.0733407
0.65105 0.0519534
0.6514 0.0519534
0.65175 0.0519534
0.6521 0.0572988
0.65245 0.0738986
0.6528 0.0738986
0.65315 0.0748253999999999
0.6535 0.0559813
0.65385 0.0787315
0.6542 0.0649489
0.65455 0.0736338
0.6549 0.0736338
0.65525 0.0736338
0.6556 0.0623096999999999
0.65595 0.0526836
0.6563 0.0526836
0.65665 0.0632337
0.657 0.0632337
0.65735 0.0480923
0.6577 0.0480923
0.65805 0.0527695
0.6584 0.0527695
0.65875 0.0527695
0.6591 0.075501
0.65945 0.075501
0.6598 0.0627485
0.66015 0.0627485
0.6605 0.0720334
0.66085 0.0720334
0.6612 0.0661862
0.66155 0.0661862
0.6619 0.0715201
0.66225 0.0715201
0.6626 0.0774319
0.66295 0.0735611
0.6633 0.0735611
0.66365 0.0724804999999999
0.664 0.0724804999999999
0.66435 0.0741232
0.6647 0.0772458999999999
0.66505 0.0788151
0.6654 0.0772458999999999
0.66575 0.074616
0.6661 0.0702835
0.66645 0.074616
0.6668 0.0749242
0.66715 0.0752284
0.6675 0.0752284
0.66785 0.0749397
0.6682 0.0745096
0.66855 0.0651776999999999
0.6689 0.0651776999999999
0.66925 0.0731211
0.6696 0.0743327
0.66995 0.0743327
0.6703 0.0746495
0.67065 0.0757007
0.671 0.0757007
0.67135 0.078972
0.6717 0.0741687
0.67205 0.0753378999999999
0.6724 0.0753378999999999
0.67275 0.0762663
0.6731 0.0766955
0.67345 0.0774637
0.6738 0.0791209
0.67415 0.077945
0.6745 0.077945
0.67485 0.0771136
0.6752 0.0744048
0.67555 0.0720345
0.6759 0.0720345
0.67625 0.0801157
0.6766 0.0801157
0.67695 0.0796748
0.6773 0.0796748
0.67765 0.0796858999999999
0.678 0.0796858999999999
0.67835 0.0769353
0.6787 0.0739305
0.67905 0.0739305
0.6794 0.075113
0.67975 0.077146
0.6801 0.0773942
0.68045 0.0773942
0.6808 0.0708089
0.68115 0.0708089
0.6815 0.0720227
0.68185 0.073497
0.6822 0.0728626
0.68255 0.0728626
0.6829 0.0725033
0.68325 0.0693192
0.6836 0.0693192
0.68395 0.067601
0.6843 0.0612531999999999
0.68465 0.0612531999999999
0.685 0.0695583999999999
0.68535 0.0741129
0.6857 0.0741769999999999
0.68605 0.0741129
0.6864 0.0703694
0.68675 0.0646236
0.6871 0.0646236
0.68745 0.0680029
0.6878 0.0721811
0.68815 0.0686107
0.6885 0.0686107
0.68885 0.0679294
0.6892 0.0618827
0.68955 0.0463963
0.6899 0.0618827
0.69025 0.0629723
0.6906 0.0645985
0.69095 0.0629723
0.6913 0.05465
0.69165 0.0498598
0.692 0.0285296
0.69235 0.0285296
0.6927 0.0295368
0.69305 0.0295368
0.6934 0.0345856
0.69375 0.0345856
0.6941 0.0345856
0.69445 0.0411846
0.6948 0.0488139
0.69515 0.0488139
0.6955 0.044903
0.69585 0.044903
0.6962 0.0480873
0.69655 0.050062
0.6969 0.052117
0.69725 0.0592117
0.6976 0.0592117
0.69795 0.0429794
0.6983 0.0429794
0.69865 0.0429794
0.699 0.052009
0.69935 0.0520088
0.6997 0.0520088
0.70005 0.0313190999999999
0.7004 0.0285533
0.70075 0.0313190999999999
0.7011 0.0376890999999999
0.70145 0.0376890999999999
0.7018 0.0375546999999999
0.70215 0.0301599
0.7025 0.0301599
0.70285 0.0265228
0.7032 0.0265228
0.70355 0.0305531
0.7039 0.0447989
0.70425 0.0318797
0.7046 0.039084
0.70495 0.0318797
0.7053 0.039084
0.70565 0.0520444
0.706 0.0520444
0.70635 0.0361944
0.7067 0.0361944
0.70705 0.0361944
0.7074 0.0405918
0.70775 0.0265117
0.7081 0.0405077
0.70845 0.0281401999999999
0.7088 0.032595
0.70915 0.0281401999999999
0.7095 0.032595
0.70985 0.0380501999999999
0.7102 0.0488811
0.71055 0.0488811
0.7109 0.0198245999999999
0.71125 0.0198245999999999
0.7116 0.026595
0.71195 0.0444543
0.7123 0.0444543
0.71265 0.0336854
0.713 0.0336854
0.71335 0.0351041
0.7137 0.0351041
0.71405 0.0340702
0.7144 0.0270903
0.71475 0.0270903
0.7151 0.0414436999999999
0.71545 0.0414436999999999
0.7158 0.0337156
0.71615 0.0236667
0.7165 0.0097324
0.71685 0.0097324
0.7172 0.0088959
0.71755 0.0088959
0.7179 0.0088959
0.71825 0.0179933
0.7186 0.0179933
0.71895 0.0066070999999999
0.7193 0.0066070999999999
0.71965 0.0067081
0.72 0.0067081
0.72035 0.0108421
0.7207 0.0135877999999999
0.72105 0.0135877999999999
0.7214 0.0135877999999999
0.72175 0.0084345
0.7221 0.0218959
0.72245 0.0173882
0.7228 0.0173882
0.72315 0.0096545
0.7235 0.0057477
0.72385 0.0057477
0.7242 0.0057477
0.72455 0.0089599
0.7249 0.0089599
0.72525 0.0089599
0.7256 0.0082142999999999
0.72595 0.006763
0.7263 0.004781
0.72665 0.006763
0.727 0.0034139
0.72735 0.0112213
0.7277 0.0100625
0.72805 0.0112213
0.7284 0.013215
0.72875 0.0155686
0.7291 0.0155686
0.72945 0.0112681
0.7298 0.0093625
0.73015 0.0101033999999999
0.7305 0.0101033999999999
0.73085 0.0109416
0.7312 0.0128818999999999
0.73155 0.0109416
0.7319 0.0128818999999999
0.73225 0.0079186
0.7326 0.0079186
0.73295 0.0073836
0.7333 0.0073836
0.73365 0.0241205
0.734 0.0241205
0.73435 0.0151597
0.7347 0.0151597
0.73505 0.0223069
0.7354 0.0274307999999999
0.73575 0.0274307999999999
0.7361 0.0198822
0.73645 0.0166475
0.7368 0.0166475
0.73715 0.0166475
0.7375 0.0123946
0.73785 0.0299942999999999
0.7382 0.0214688
0.73855 0.0214688
0.7389 0.0168462
0.73925 0.0168462
0.7396 0.0156282999999999
0.73995 0.0156282999999999
0.7403 0.0156282999999999
0.74065 0.0275297
0.741 0.0275297
0.74135 0.0275297
0.7417 0.0297733
0.74205 0.0385111
0.7424 0.0385111
0.74275 0.0385111
0.7431 0.0359996999999999
0.74345 0.0393704999999999
0.7438 0.0359996999999999
0.74415 0.0308187
0.7445 0.0308187
0.74485 0.0437663
0.7452 0.0437663
0.74555 0.0461716
0.7459 0.0268161
0.74625 0.0357645999999999
0.7466 0.0357645999999999
0.74695 0.0357645999999999
0.7473 0.0462863
0.74765 0.0457524999999999
0.748 0.0457524999999999
0.74835 0.0431424
0.7487 0.04126
0.74905 0.036028
0.7494 0.036028
0.74975 0.0422356999999999
0.7501 0.0436501
0.75045 0.0436501
0.7508 0.039581
0.75115 0.039581
0.7515 0.039581
0.75185 0.0445186999999999
0.7522 0.0362829999999999
0.75255 0.0384865
0.7529 0.0366505
0.75325 0.0384865
0.7536 0.0422918
0.75395 0.0422918
0.7543 0.0420267
0.75465 0.0420267
0.755 0.0420267
0.75535 0.0404777
0.7557 0.0404777
0.75605 0.0410034
0.7564 0.0415704
0.75675 0.0441595
0.7571 0.0441595
0.75745 0.0417504
0.7578 0.0417504
0.75815 0.0417504
0.7585 0.0421949
0.75885 0.0424101999999999
0.7592 0.0424101999999999
0.75955 0.04236
0.7599 0.0423221
0.76025 0.0401691
0.7606 0.0401691
0.76095 0.0397084
0.7613 0.0397084
0.76165 0.0397084
0.762 0.0401331
0.76235 0.0403875999999999
0.7627 0.0401331
0.76305 0.0387966
0.7634 0.0382032
0.76375 0.0372074
0.7641 0.037105
0.76445 0.0350596
0.7648 0.0347672
0.76515 0.0332354
0.7655 0.0314982
0.76585 0.0306792
0.7662 0.0295459
0.76655 0.0261663
0.7669 0.0295459
0.76725 0.0299216
0.7676 0.0321186
0.76795 0.0329147
0.7683 0.0330969
0.76865 0.0329147
0.769 0.0322832999999999
0.76935 0.0322832999999999
0.7697 0.0310692
0.77005 0.0310692
0.7704 0.0310692
0.77075 0.0321949
0.7711 0.0334888
0.77145 0.0347944
0.7718 0.0360385
0.77215 0.0366818
0.7725 0.0366818
0.77285 0.0325211
0.7732 0.0325211
0.77355 0.0287572
0.7739 0.0361016
0.77425 0.034976
0.7746 0.034976
0.77495 0.034976
0.7753 0.0357224
0.77565 0.0357224
0.776 0.0392356
0.77635 0.0320139
0.7767 0.0362694999999999
0.77705 0.03545
0.7774 0.03545
0.77775 0.0259814
0.7781 0.0259814
0.77845 0.0275424
0.7788 0.0275424
0.77915 0.0289392999999999
0.7795 0.0178842
0.77985 0.0289392999999999
0.7802 0.0178842
0.78055 0.0285825
0.7809 0.0285825
0.78125 0.0285825
0.7816 0.031681
0.78195 0.0275668
0.7823 0.0276105
0.78265 0.0276105
0.783 0.0296937
0.78335 0.0296937
0.7837 0.0275067999999999
0.78405 0.0252639
0.7844 0.0252639
0.78475 0.0252639
0.7851 0.0284304
0.78545 0.0284304
0.7858 0.0302115
0.78615 0.0269214999999999
0.7865 0.0269214999999999
0.78685 0.0185437
0.7872 0.0185437
0.78755 0.0204099
0.7879 0.027076
0.78825 0.027076
0.7886 0.027076
0.78895 0.0278187
0.7893 0.0278187
0.78965 0.0284065999999999
0.79 0.0284065999999999
0.79035 0.0293741
0.7907 0.0277101
0.79105 0.0277101
0.7914 0.0277101
0.79175 0.0301744
0.7921 0.0301744
0.79245 0.0280471
0.7928 0.0258699999999999
0.79315 0.026625
0.7935 0.0266175
0.79385 0.026625
0.7942 0.028105
0.79455 0.028105
0.7949 0.0212158
0.79525 0.0157139
0.7956 0.0177425999999999
0.79595 0.0099116
0.7963 0.0099116
0.79665 0.0099116
0.797 0.0162331
0.79735 0.0162331
0.7977 0.0217507
0.79805 0.0202929
0.7984 0.0222264
0.79875 0.0219206999999999
0.7991 0.0219206999999999
0.79945 0.0154539999999999
0.7998 0.0154539999999999
0.80015 0.0167576
0.8005 0.0247356
0.80085 0.0257822
0.8012 0.0247356
0.80155 0.0200284
0.8019 0.0152664
0.80225 0.0132871
0.8026 0.0132871
0.80295 0.0175738
0.8033 0.0175738
0.80365 0.0175738
0.804 0.020766
0.80435 0.0262372999999999
0.8047 0.0262372999999999
0.80505 0.026891
0.8054 0.0279454999999999
0.80575 0.026891
0.8061 0.0105047999999999
0.80645 0.0105047999999999
0.8068 0.0109399
0.80715 0.016273
0.8075 0.016273
0.80785 0.0135784
0.8082 0.0135784
0.80855 0.0233395
0.8089 0.0233395
0.80925 0.010373
0.8096 0.010373
0.80995 0.0115293
0.8103 0.0159858
0.81065 0.0159858
0.811 0.0145392
0.81135 0.0126714
0.8117 0.0126714
0.81205 0.0118783999999999
0.8124 0.0106305
0.81275 0.0118783999999999
0.8131 0.0078622
0.81345 0.011084
0.8138 0.011084
0.81415 0.011084
0.8145 0.0085925
0.81485 0.0030609
0.8152 0.0030609
0.81555 0.0121707
0.8159 0.0122811
0.81625 0.0121707
0.8166 0.0127464
0.81695 0.0127464
0.8173 0.0144646
0.81765 0.0144646
0.818 0.0137857
0.81835 0.0137857
0.8187 0.0137857
0.81905 0.0215489
0.8194 0.0186444
0.81975 0.0186444
0.8201 0.0185706
0.82045 0.0157477
0.8208 0.0157477
0.82115 0.0157477
0.8215 0.0200954
0.82185 0.0200954
0.8222 0.019022
0.82255 0.0173324999999999
0.8229 0.007756
0.82325 0.0029232
0.8236 0.0029232
0.82395 0.0029232
0.8243 0.0164812
0.82465 0.0164812
0.825 0.0196499
0.82535 0.0174824999999999
0.8257 0.0246678
0.82605 0.0174824999999999
0.8264 0.019601
0.82675 0.019601
0.8271 0.019601
0.82745 0.0143042
0.8278 0.0075044
0.82815 0.0143042
0.8285 0.0169157999999999
0.82885 0.0169157999999999
0.8292 0.0171178
0.82955 0.0171178
0.8299 0.0171178
0.83025 0.0089974
0.8306 0.0089974
0.83095 0.0106687
0.8313 0.0173927
0.83165 0.0106687
0.832 0.0085786
0.83235 0.0085786
0.8327 0.0090325
0.83305 0.0142662999999999
0.8334 0.0118466
0.83375 0.0118466
0.8341 0.0036835
0.83445 0.0036835
0.8348 0.0036835
0.83515 0.0153124
0.8355 0.0135712
0.83585 0.0135712
0.8362 0.0121467
0.83655 0.0107210999999999
0.8369 0.0107210999999999
0.83725 0.0085753
0.8376 0.0052818
0.83795 0.0052818
0.8383 0.010085
0.83865 0.0165059
0.839 0.0165059
0.83935 0.0165059
0.8397 0.0151475
0.84005 0.013712
0.8404 0.013712
0.84075 0.013712
0.8411 0.0146518
0.84145 0.0146518
0.8418 0.0120991
0.84215 0.0120991
0.8425 0.0189258
0.84285 0.02085
0.8432 0.02085
0.84355 0.0220819
0.8439 0.0186514999999999
0.84425 0.0165770999999999
0.8446 0.0165770999999999
0.84495 0.0221384
0.8453 0.0221384
0.84565 0.0221384
0.846 0.0239371
0.84635 0.0239371
0.8467 0.0239371
0.84705 0.0297862
0.8474 0.0297862
0.84775 0.0185461
0.8481 0.0185461
0.84845 0.0204155
0.8488 0.0259515
0.84915 0.0259515
0.8495 0.0259515
0.84985 0.0274017999999999
0.8502 0.0266267999999999
0.85055 0.0266267999999999
0.8509 0.025692
0.85125 0.025692
0.8516 0.0283747
0.85195 0.0283747
0.8523 0.0252704
0.85265 0.0185289
0.853 0.0185289
0.85335 0.0249684
0.8537 0.0257102
0.85405 0.0249684
0.8544 0.0250746
0.85475 0.0225785
0.8551 0.0225785
0.85545 0.0211119
0.8558 0.0211119
0.85615 0.0211119
0.8565 0.0206538
0.85685 0.0181065
0.8572 0.0165227
0.85755 0.0141495
0.8579 0.0144146
0.85825 0.0144146
0.8586 0.0144146
0.85895 0.0147953
0.8593 0.0140656
0.85965 0.0128633999999999
0.86 0.0104517999999999
0.86035 0.0099487
0.8607 0.008633
0.86105 0.0082032
0.8614 0.0080641999999999
0.86175 0.0078694
0.8621 0.0070598
0.86245 0.0070598
0.8628 0.0066938999999999
0.86315 0.0070097
0.8635 0.0070097
0.86385 0.0070097
0.8642 0.0064463
0.86455 0.0063516
0.8649 0.0064463
0.86525 0.0068869
0.8656 0.0074167
0.86595 0.0082395
0.8663 0.0087835
0.86665 0.0087835
0.867 0.0070351
0.86735 0.0070351
0.8677 0.0076483
0.86805 0.010867
0.8684 0.0126376
0.86875 0.0126376
0.8691 0.0137729999999999
0.86945 0.0128749
0.8698 0.0135717999999999
0.87015 0.0131674
0.8705 0.0131674
0.87085 0.0131296
0.8712 0.0131296
0.87155 0.0132507
0.8719 0.0154168
0.87225 0.017454
0.8726 0.0154168
0.87295 0.0139046999999999
0.8733 0.0139046999999999
0.87365 0.0154502999999999
0.874 0.0167105
0.87435 0.0165987
0.8747 0.0166374
0.87505 0.0165987
0.8754 0.0166374
0.87575 0.0119373
0.8761 0.0157681
0.87645 0.0134685
0.8768 0.0134685
0.87715 0.0114473999999999
0.8775 0.0089476
0.87785 0.0089476
0.8782 0.0086252
0.87855 0.0086252
0.8789 0.0117527999999999
0.87925 0.0117527999999999
0.8796 0.0047768
0.87995 0.0040487
0.8803 0.0041521
0.88065 0.004005
0.881 0.0032091
0.88135 0.003069
0.8817 0.002339
0.88205 0.0016973
0.8824 0.0010911
0.88275 0.0010911
0.8831 0.0010911
0.88345 0.0010856
0.8838 0.0010692
0.88415 0.0010856
0.8845 0.0013169
0.88485 0.0015234
0.8852 0.0017320999999999
0.88555 0.0017320999999999
0.8859 0.0015850999999999
0.88625 0.0012530999999999
0.8866 0.0007273
0.88695 0.0006407
0.8873 0.0006407
0.88765 0.0006407
0.888 0.0007042999999999
0.88835 0.0007683
0.8887 0.000972
0.88905 0.0007683
0.8894 0.0010331
0.88975 0.001065
0.8901 0.0012174
0.89045 0.0011436
0.8908 0.0011436
0.89115 0.0011375
0.8915 0.0011375
0.89185 0.0009935
0.8922 0.0011734999999999
0.89255 0.0011734999999999
0.8929 0.0012085999999999
0.89325 0.0012085999999999
0.8936 0.0011436
0.89395 0.0010719
0.8943 0.0010504
0.89465 0.0010504
0.895 0.0010504
0.89535 0.0009975
0.8957 0.0009975
0.89605 0.0010857999999999
0.8964 0.0011789
0.89675 0.0014177999999999
0.8971 0.0014177999999999
0.89745 0.0014615
0.8978 0.0014615
0.89815 0.0016524999999999
0.8985 0.0016524999999999
0.89885 0.0014070999999999
0.8992 0.0006437999999999
0.89955 0.0006437999999999
0.8999 0.0005202999999999
0.90025 0.0005202999999999
0.9006 0.0005202999999999
0.90095 0.0011774
0.9013 0.0022
0.90165 0.0027038
0.902 0.0027063
0.90235 0.0027038
0.9027 0.0027063
0.90305 0.002593
0.9034 0.0030837
0.90375 0.0030837
0.9041 0.0037138
0.90445 0.004155
0.9048 0.0063442
0.90515 0.0063442
0.9055 0.0043191
0.90585 0.0043191
0.9062 0.0043292
0.90655 0.0050678
0.9069 0.0043292
0.90725 0.0050678
0.9076 0.0051413999999999
0.90795 0.0051413999999999
0.9083 0.0051413999999999
0.90865 0.0031471
0.909 0.0054803
0.90935 0.0031471
0.9097 0.0032181999999999
0.91005 0.0029046
0.9104 0.0028924
0.91075 0.0028924
0.9111 0.0030903
0.91145 0.0032669
0.9118 0.0032669
0.91215 0.0032669
0.9125 0.0051681
0.91285 0.0051681
0.9132 0.0051681
0.91355 0.0035854999999999
0.9139 0.0059766
0.91425 0.001859
0.9146 0.0057583999999999
0.91495 0.0029987
0.9153 0.0033219
0.91565 0.0033219
0.916 0.0033219
0.91635 0.0043926
0.9167 0.0018530999999999
0.91705 0.0019262999999999
0.9174 0.0016491
0.91775 0.0016491
0.9181 0.0011818
0.91845 0.0011818
0.9188 0.0042668
0.91915 0.0042668
0.9195 0.0009882
0.91985 0.0009882
0.9202 0.0071688999999999
0.92055 0.0071688999999999
0.9209 0.0063476999999999
0.92125 0.004152
0.9216 0.0032608
0.92195 0.004152
0.9223 0.0044597
0.92265 0.0053468999999999
0.923 0.0053468999999999
0.92335 0.0033082999999999
0.9237 0.002602
0.92405 0.0033082999999999
0.9244 0.0020936
0.92475 0.0062301
0.9251 0.0056755
0.92545 0.0058357
0.9258 0.0056755
0.92615 0.0030702
0.9265 0.0030702
0.92685 0.0030702
0.9272 0.0026295999999999
0.92755 0.0026295999999999
0.9279 0.0014651
0.92825 0.0034695999999999
0.9286 0.0024638
0.92895 0.0040605
0.9293 0.002962
0.92965 0.002962
0.93 0.0007662
0.93035 0.0007662
0.9307 0.000571
0.93105 0.0015241
0.9314 0.0010586999999999
0.93175 0.001696
0.9321 0.0017928
0.93245 0.0017928
0.9328 0.0022251
0.93315 0.0022268
0.9335 0.0022268
0.93385 0.0008547
0.9342 0.0005951
0.93455 0.0005867
0.9349 0.0005951
0.93525 0.0005867
0.9356 0.0011512
0.93595 0.0015267
0.9363 0.0018038
0.93665 0.0018038
0.937 0.0013695
0.93735 0.0013695
0.9377 0.0006074
0.93805 0.0006074
0.9384 0.0006074
0.93875 0.0022879
0.9391 0.0022879
0.93945 0.0023833
0.9398 0.0013935
0.94015 0.0021149
0.9405 0.0008224
0.94085 0.0021149
0.9412 0.0025375999999999
0.94155 0.0025565
0.9419 0.002888
0.94225 0.0025565
0.9426 0.0025518
0.94295 0.0005011999999999
0.9433 0.0005011999999999
0.94365 0.0007577
0.944 0.0007577
0.94435 0.0002653
0.9447 0.0002653
0.94505 0.0018067999999999
0.9454 0.0018067999999999
0.94575 0.0018067999999999
0.9461 0.0011625
0.94645 0.0011625
0.9468 0.0011625
0.94715 0.0012961
0.9475 0.0012961
0.94785 0.0018698
0.9482 0.0021784
0.94855 0.0021958999999999
0.9489 0.0021784
0.94925 0.0004399
0.9496 0.0004399
0.94995 0.000592
0.9503 0.0009861
0.95065 0.0030456999999999
0.951 0.0030456999999999
0.95135 0.0013399
0.9517 0.0013399
0.95205 0.001499
0.9524 0.001499
0.95275 0.0009272999999999
0.9531 0.0006688
0.95345 0.0006688
0.9538 0.0015037
0.95415 0.0019489999999999
0.9545 0.0019489999999999
0.95485 0.0019489999999999
0.9552 0.0015915999999999
0.95555 0.0020402
0.9559 0.0020402
0.95625 0.0020402
0.9566 0.0019665
0.95695 0.000753
0.9573 0.000753
0.95765 0.0032009
0.958 0.0032009
0.95835 0.0027203
0.9587 0.0024432
0.95905 0.0024432
0.9594 0.0008093999999999
0.95975 0.0008093999999999
0.9601 0.0022410999999999
0.96045 0.0022410999999999
0.9608 0.0017036999999999
0.96115 0.0017036999999999
0.9615 0.002066
0.96185 0.0028795
0.9622 0.002066
0.96255 0.0006037
0.9629 0.0006037
0.96325 0.0011567
0.9636 0.0011567
0.96395 0.0011029
0.9643 0.0011029
0.96465 0.0026156999999999
0.965 0.0026156999999999
0.96535 0.0017567999999999
0.9657 0.0012604
0.96605 0.0017567999999999
0.9664 0.0012604
0.96675 0.0009107
0.9671 0.0007951
0.96745 0.0007951
0.9678 0.0021615
0.96815 0.0021615
0.9685 0.0018636
0.96885 0.0011924
0.9692 0.0011924
0.96955 0.002503
0.9699 0.0026791999999999
0.97025 0.0026791999999999
0.9706 0.0026791999999999
0.97095 0.0026411
0.9713 0.0026822
0.97165 0.0027559999999999
0.972 0.0027559999999999
0.97235 0.0023215999999999
0.9727 0.0018644
0.97305 0.001728
0.9734 0.0011282
0.97375 0.0011282
0.9741 0.0011282
0.97445 0.0011584
0.9748 0.001835
0.97515 0.0020041
0.9755 0.0023131999999999
0.97585 0.0023131999999999
0.9762 0.0016405
0.97655 0.0016405
0.9769 0.0022019
0.97725 0.0024308
0.9776 0.0024308
0.97795 0.00185
0.9783 0.0009559
0.97865 0.0009559
0.979 0.0009559
0.97935 0.0013894
0.9797 0.001407
0.98005 0.0015377
0.9804 0.0014095
0.98075 0.0014095
0.9811 0.0014095
0.98145 0.0016767
0.9818 0.0016767
0.98215 0.0014949
0.9825 0.0010276
0.98285 0.0007699
0.9832 0.0010276
0.98355 0.0014363
0.9839 0.0015105
0.98425 0.0015130999999999
0.9846 0.0015105
0.98495 0.0015834
0.9853 0.0011487
0.98565 0.0010729
0.986 0.0010469
0.98635 0.0010729
0.9867 0.0007846
0.98705 0.0008895
0.9874 0.0008895
0.98775 0.0008895
0.9881 0.000565
0.98845 0.000319
0.9888 0.000319
0.98915 0.0005227
0.9895 0.0011455999999999
0.98985 0.0007476
0.9902 0.0012022
0.99055 0.0007476
0.9909 0.0012022
0.99125 0.0010161
0.9916 0.0011847
0.99195 0.0010161
0.9923 0.0011847
0.99265 0.0012211
0.993 0.0012739
0.99335 0.0012388
0.9937 0.0012739
0.99405 0.0012388
0.9944 0.0012875999999999
0.99475 0.0011091
0.9951 0.0011091
0.99545 0.0011091
0.9958 0.0004838999999999
0.99615 0.0012195
0.9965 0.0004838999999999
0.99685 0.0012195
0.9972 0.0015586999999999
0.99755 0.0015586999999999
0.9979 0.001355
0.99825 0.0010589
0.9986 0.0011935
0.99895 0.0010198
0.9993 0.0010198
