0.3 2e-07
0.30035 2e-07
0.3007 2e-07
0.30105 2e-07
0.3014 2e-07
0.30175 2e-07
0.3021 2e-07
0.30245 2e-07
0.3028 2e-07
0.30315 2e-07
0.3035 2e-07
0.30385 2e-07
0.3042 2e-07
0.30455 2e-07
0.3049 2e-07
0.30525 2e-07
0.3056 2e-07
0.30595 2e-07
0.3063 2e-07
0.30665 2e-07
0.307 2e-07
0.30735 2e-07
0.3077 2e-07
0.30805 2e-07
0.3084 2e-07
0.30875 2e-07
0.3091 2e-07
0.30945 2e-07
0.3098 2e-07
0.31015 2e-07
0.3105 2e-07
0.31085 2e-07
0.3112 2e-07
0.31155 2e-07
0.3119 2e-07
0.31225 2e-07
0.3126 2e-07
0.31295 2e-07
0.3133 2e-07
0.31365 2e-07
0.314 2e-07
0.31435 2e-07
0.3147 2e-07
0.31505 2e-07
0.3154 2e-07
0.31575 2e-07
0.3161 2e-07
0.31645 2e-07
0.3168 2e-07
0.31715 2e-07
0.3175 2e-07
0.31785 2e-07
0.3182 2e-07
0.31855 2e-07
0.3189 2e-07
0.31925 2e-07
0.3196 2e-07
0.31995 2e-07
0.3203 2e-07
0.32065 2e-07
0.321 2e-07
0.32135 2e-07
0.3217 2e-07
0.32205 2e-07
0.3224 2e-07
0.32275 2e-07
0.3231 2e-07
0.32345 2e-07
0.3238 2e-07
0.32415 2e-07
0.3245 2e-07
0.32485 2e-07
0.3252 2e-07
0.32555 2e-07
0.3259 2e-07
0.32625 2e-07
0.3266 2e-07
0.32695 2e-07
0.3273 2e-07
0.32765 2e-07
0.328 2e-07
0.32835 2e-07
0.3287 2e-07
0.32905 2e-07
0.3294 2e-07
0.32975 2e-07
0.3301 2e-07
0.33045 2e-07
0.3308 2e-07
0.33115 2e-07
0.3315 2e-07
0.33185 2e-07
0.3322 2e-07
0.33255 2e-07
0.3329 2e-07
0.33325 2e-07
0.3336 2e-07
0.33395 2e-07
0.3343 2e-07
0.33465 2e-07
0.335 2e-07
0.33535 2e-07
0.3357 2e-07
0.33605 2e-07
0.3364 2e-07
0.33675 2e-07
0.3371 2e-07
0.33745 2e-07
0.3378 2e-07
0.33815 2e-07
0.3385 2e-07
0.33885 2e-07
0.3392 2e-07
0.33955 2e-07
0.3399 2e-07
0.34025 2e-07
0.3406 2e-07
0.34095 2e-07
0.3413 2e-07
0.34165 2e-07
0.342 2e-07
0.34235 2e-07
0.3427 2e-07
0.34305 2e-07
0.3434 2e-07
0.34375 2e-07
0.3441 2e-07
0.34445 2e-07
0.3448 2e-07
0.34515 2e-07
0.3455 2e-07
0.34585 2e-07
0.3462 2e-07
0.34655 2e-07
0.3469 2e-07
0.34725 2e-07
0.3476 2e-07
0.34795 2e-07
0.3483 2e-07
0.34865 2e-07
0.349 2e-07
0.34935 2e-07
0.3497 2e-07
0.35005 2e-07
0.3504 2e-07
0.35075 2e-07
0.3511 2e-07
0.35145 2e-07
0.3518 2e-07
0.35215 2e-07
0.3525 2e-07
0.35285 2e-07
0.3532 2e-07
0.35355 2e-07
0.3539 2e-07
0.35425 2e-07
0.3546 2e-07
0.35495 2e-07
0.3553 2e-07
0.35565 2e-07
0.356 2e-07
0.35635 2e-07
0.3567 2e-07
0.35705 2e-07
0.3574 2e-07
0.35775 2e-07
0.3581 2e-07
0.35845 2e-07
0.3588 2e-07
0.35915 2e-07
0.3595 2e-07
0.35985 2e-07
0.3602 2e-07
0.36055 2e-07
0.3609 2e-07
0.36125 2e-07
0.3616 2e-07
0.36195 2e-07
0.3623 2e-07
0.36265 2e-07
0.363 2e-07
0.36335 2e-07
0.3637 2e-07
0.36405 2e-07
0.3644 2e-07
0.36475 2e-07
0.3651 2e-07
0.36545 2e-07
0.3658 2e-07
0.36615 2e-07
0.3665 2e-07
0.36685 2e-07
0.3672 2e-07
0.36755 2e-07
0.3679 2e-07
0.36825 2e-07
0.3686 2e-07
0.36895 2e-07
0.3693 2e-07
0.36965 2e-07
0.37 2e-07
0.37035 2e-07
0.3707 2e-07
0.37105 2e-07
0.3714 2e-07
0.37175 2e-07
0.3721 2e-07
0.37245 2e-07
0.3728 2e-07
0.37315 2e-07
0.3735 2e-07
0.37385 2e-07
0.3742 2e-07
0.37455 2e-07
0.3749 2e-07
0.37525 2e-07
0.3756 2e-07
0.37595 2e-07
0.3763 2e-07
0.37665 2e-07
0.377 2e-07
0.37735 2e-07
0.3777 2e-07
0.37805 2e-07
0.3784 2e-07
0.37875 2e-07
0.3791 2e-07
0.37945 2e-07
0.3798 2e-07
0.38015 2e-07
0.3805 2e-07
0.38085 2e-07
0.3812 2e-07
0.38155 2e-07
0.3819 2e-07
0.38225 2e-07
0.3826 2e-07
0.38295 2e-07
0.3833 2e-07
0.38365 2e-07
0.384 2e-07
0.38435 2e-07
0.3847 2e-07
0.38505 2e-07
0.3854 2e-07
0.38575 2e-07
0.3861 2e-07
0.38645 2e-07
0.3868 2e-07
0.38715 2e-07
0.3875 2e-07
0.38785 2e-07
0.3882 2e-07
0.38855 2e-07
0.3889 2e-07
0.38925 2e-07
0.3896 2e-07
0.38995 2e-07
0.3903 2e-07
0.39065 2e-07
0.391 2e-07
0.39135 2e-07
0.3917 2e-07
0.39205 2e-07
0.3924 2e-07
0.39275 2e-07
0.3931 2e-07
0.39345 2e-07
0.3938 2e-07
0.39415 2e-07
0.3945 2e-07
0.39485 2e-07
0.3952 2e-07
0.39555 2e-07
0.3959 2e-07
0.39625 2e-07
0.3966 2e-07
0.39695 2e-07
0.3973 2e-07
0.39765 2e-07
0.398 2e-07
0.39835 2e-07
0.3987 2e-07
0.39905 2e-07
0.3994 2e-07
0.39975 2e-07
0.4001 2e-07
0.40045 2e-07
0.4008 2e-07
0.40115 2e-07
0.4015 2e-07
0.40185 2e-07
0.4022 2e-07
0.40255 2e-07
0.4029 2e-07
0.40325 2e-07
0.4036 2e-07
0.40395 2e-07
0.4043 2e-07
0.40465 2e-07
0.405 2e-07
0.40535 2e-07
0.4057 2e-07
0.40605 2e-07
0.4064 2e-07
0.40675 2e-07
0.4071 2e-07
0.40745 2e-07
0.4078 2e-07
0.40815 2e-07
0.4085 2e-07
0.40885 2e-07
0.4092 2e-07
0.40955 2e-07
0.4099 2e-07
0.41025 2e-07
0.4106 2e-07
0.41095 2e-07
0.4113 2e-07
0.41165 2e-07
0.412 2e-07
0.41235 2e-07
0.4127 2e-07
0.41305 2e-07
0.4134 2e-07
0.41375 2e-07
0.4141 2e-07
0.41445 2e-07
0.4148 2e-07
0.41515 2e-07
0.4155 2e-07
0.41585 2e-07
0.4162 2e-07
0.41655 2e-07
0.4169 2e-07
0.41725 2e-07
0.4176 2e-07
0.41795 2e-07
0.4183 2e-07
0.41865 2e-07
0.419 2e-07
0.41935 2e-07
0.4197 2e-07
0.42005 2e-07
0.4204 2e-07
0.42075 2e-07
0.4211 2e-07
0.42145 2e-07
0.4218 2e-07
0.42215 2e-07
0.4225 2e-07
0.42285 2e-07
0.4232 2e-07
0.42355 2e-07
0.4239 2e-07
0.42425 2e-07
0.4246 2e-07
0.42495 2e-07
0.4253 2e-07
0.42565 2e-07
0.426 2e-07
0.42635 2e-07
0.4267 2e-07
0.42705 2e-07
0.4274 2e-07
0.42775 2e-07
0.4281 2e-07
0.42845 2e-07
0.4288 2e-07
0.42915 2e-07
0.4295 2e-07
0.42985 2e-07
0.4302 2e-07
0.43055 2e-07
0.4309 2e-07
0.43125 2e-07
0.4316 2e-07
0.43195 2e-07
0.4323 2e-07
0.43265 2e-07
0.433 2e-07
0.43335 2e-07
0.4337 2e-07
0.43405 2e-07
0.4344 2e-07
0.43475 2e-07
0.4351 2e-07
0.43545 2e-07
0.4358 2e-07
0.43615 2e-07
0.4365 2e-07
0.43685 2e-07
0.4372 2e-07
0.43755 2e-07
0.4379 2e-07
0.43825 2e-07
0.4386 2e-07
0.43895 2e-07
0.4393 2e-07
0.43965 2e-07
0.44 2e-07
0.44035 2e-07
0.4407 2e-07
0.44105 2e-07
0.4414 2e-07
0.44175 2e-07
0.4421 2e-07
0.44245 2e-07
0.4428 2e-07
0.44315 2e-07
0.4435 2e-07
0.44385 2e-07
0.4442 2e-07
0.44455 2e-07
0.4449 2e-07
0.44525 2e-07
0.4456 2e-07
0.44595 2e-07
0.4463 2e-07
0.44665 2e-07
0.447 2e-07
0.44735 2e-07
0.4477 2e-07
0.44805 2e-07
0.4484 2e-07
0.44875 2e-07
0.4491 2e-07
0.44945 2e-07
0.4498 2e-07
0.45015 2e-07
0.4505 2e-07
0.45085 2e-07
0.4512 2e-07
0.45155 2e-07
0.4519 2e-07
0.45225 2e-07
0.4526 2e-07
0.45295 2e-07
0.4533 2e-07
0.45365 2e-07
0.454 2e-07
0.45435 2e-07
0.4547 2e-07
0.45505 2e-07
0.4554 2e-07
0.45575 2e-07
0.4561 2e-07
0.45645 2e-07
0.4568 2e-07
0.45715 2e-07
0.4575 2e-07
0.45785 2e-07
0.4582 2e-07
0.45855 2e-07
0.4589 2e-07
0.45925 2e-07
0.4596 2e-07
0.45995 2e-07
0.4603 2e-07
0.46065 2e-07
0.461 2e-07
0.46135 2e-07
0.4617 2e-07
0.46205 2e-07
0.4624 2e-07
0.46275 2e-07
0.4631 2e-07
0.46345 2e-07
0.4638 2e-07
0.46415 2e-07
0.4645 2e-07
0.46485 2e-07
0.4652 2e-07
0.46555 2e-07
0.4659 2e-07
0.46625 2e-07
0.4666 2e-07
0.46695 2e-07
0.4673 2e-07
0.46765 2e-07
0.468 2e-07
0.46835 2e-07
0.4687 2e-07
0.46905 2e-07
0.4694 2e-07
0.46975 2e-07
0.4701 2e-07
0.47045 2e-07
0.4708 2e-07
0.47115 2e-07
0.4715 2e-07
0.47185 2e-07
0.4722 2e-07
0.47255 2e-07
0.4729 2e-07
0.47325 2e-07
0.4736 2e-07
0.47395 2e-07
0.4743 2e-07
0.47465 2e-07
0.475 2e-07
0.47535 2e-07
0.4757 2e-07
0.47605 2e-07
0.4764 2e-07
0.47675 2e-07
0.4771 2e-07
0.47745 2e-07
0.4778 2e-07
0.47815 2e-07
0.4785 2e-07
0.47885 2e-07
0.4792 2e-07
0.47955 2e-07
0.4799 2e-07
0.48025 2e-07
0.4806 2e-07
0.48095 2e-07
0.4813 2e-07
0.48165 2e-07
0.482 2e-07
0.48235 2e-07
0.4827 2e-07
0.48305 2e-07
0.4834 2e-07
0.48375 2e-07
0.4841 2e-07
0.48445 2e-07
0.4848 2e-07
0.48515 2e-07
0.4855 2e-07
0.48585 2e-07
0.4862 2e-07
0.48655 2e-07
0.4869 2e-07
0.48725 2e-07
0.4876 2e-07
0.48795 2e-07
0.4883 2e-07
0.48865 2e-07
0.489 2e-07
0.48935 2e-07
0.4897 2e-07
0.49005 2e-07
0.4904 2e-07
0.49075 2e-07
0.4911 2e-07
0.49145 2e-07
0.4918 2e-07
0.49215 2e-07
0.4925 2e-07
0.49285 2e-07
0.4932 2e-07
0.49355 2e-07
0.4939 2e-07
0.49425 2e-07
0.4946 2e-07
0.49495 2e-07
0.4953 2e-07
0.49565 2e-07
0.496 2e-07
0.49635 2e-07
0.4967 2e-07
0.49705 2e-07
0.4974 2e-07
0.49775 2e-07
0.4981 2e-07
0.49845 2e-07
0.4988 2e-07
0.49915 2e-07
0.4995 2e-07
0.49985 2e-07
0.50055 2e-07
0.5009 2e-07
0.50125 2e-07
0.5016 2e-07
0.50195 2e-07
0.5023 2e-07
0.50265 2e-07
0.503 2e-07
0.50335 2e-07
0.5037 2e-07
0.50405 2e-07
0.5044 2e-07
0.50475 2e-07
0.5051 2e-07
0.50545 2e-07
0.5058 2e-07
0.50615 2e-07
0.5065 2e-07
0.50685 2e-07
0.5072 2e-07
0.50755 2e-07
0.5079 2e-07
0.50825 2e-07
0.5086 2e-07
0.50895 2e-07
0.5093 2e-07
0.50965 2e-07
0.51 2e-07
0.51035 2e-07
0.5107 2e-07
0.51105 2e-07
0.5114 2e-07
0.51175 2e-07
0.5121 2e-07
0.51245 2e-07
0.5128 2e-07
0.51315 2e-07
0.5135 2e-07
0.51385 2e-07
0.5142 2e-07
0.51455 2e-07
0.5149 2e-07
0.51525 2e-07
0.5156 2e-07
0.51595 2e-07
0.5163 2e-07
0.51665 2e-07
0.517 2e-07
0.51735 2e-07
0.5177 2e-07
0.51805 2e-07
0.5184 2e-07
0.51875 2e-07
0.5191 2e-07
0.51945 2e-07
0.5198 2e-07
0.52015 2e-07
0.5205 2e-07
0.52085 2e-07
0.5212 2e-07
0.52155 2e-07
0.5219 2e-07
0.52225 2e-07
0.5226 2e-07
0.52295 2e-07
0.5233 2e-07
0.52365 2e-07
0.524 2e-07
0.52435 2e-07
0.5247 2e-07
0.52505 2e-07
0.5254 2e-07
0.52575 2e-07
0.5261 2e-07
0.52645 2e-07
0.5268 2e-07
0.52715 2e-07
0.5275 2e-07
0.52785 2e-07
0.5282 2e-07
0.52855 2e-07
0.5289 3e-07
0.52925 3e-07
0.5296 3e-07
0.52995 3e-07
0.5303 3e-07
0.53065 3e-07
0.531 3e-07
0.53135 3e-07
0.5317 3e-07
0.53205 3e-07
0.5324 3e-07
0.53275 3e-07
0.5331 3e-07
0.53345 3e-07
0.5338 3e-07
0.53415 3e-07
0.5345 3e-07
0.53485 3e-07
0.5352 3e-07
0.53555 3e-07
0.5359 3e-07
0.53625 3e-07
0.5366 3e-07
0.53695 3e-07
0.5373 3e-07
0.53765 3e-07
0.538 3e-07
0.53835 3e-07
0.5387 3e-07
0.53905 3e-07
0.5394 3e-07
0.53975 3e-07
0.5401 3e-07
0.54045 3e-07
0.5408 2e-07
0.54115 2e-07
0.5415 2e-07
0.54185 2e-07
0.5422 2e-07
0.54255 2e-07
0.5429 2e-07
0.54325 2e-07
0.5436 2e-07
0.54395 2e-07
0.5443 2e-07
0.54465 3e-07
0.545 3e-07
0.54535 3e-07
0.5457 3e-07
0.54605 3e-07
0.5464 3e-07
0.54675 3e-07
0.5471 3e-07
0.54745 3e-07
0.5478 3e-07
0.54815 3e-07
0.5485 3e-07
0.54885 3e-07
0.5492 3e-07
0.54955 3e-07
0.5499 3e-07
0.55025 3e-07
0.5506 3e-07
0.55095 3e-07
0.5513 3e-07
0.55165 3e-07
0.552 3e-07
0.55235 3e-07
0.5527 3e-07
0.55305 3e-07
0.5534 3e-07
0.55375 3e-07
0.5541 3e-07
0.55445 3e-07
0.5548 3e-07
0.55515 3e-07
0.5555 3e-07
0.55585 3e-07
0.5562 3e-07
0.55655 3e-07
0.5569 3e-07
0.55725 3e-07
0.5576 3e-07
0.55795 3e-07
0.5583 3e-07
0.55865 3e-07
0.559 3e-07
0.55935 3e-07
0.5597 3e-07
0.56005 3e-07
0.5604 3e-07
0.56075 3e-07
0.5611 3e-07
0.56145 3e-07
0.5618 3e-07
0.56215 3e-07
0.5625 3e-07
0.56285 3e-07
0.5632 3e-07
0.56355 3e-07
0.5639 3e-07
0.56425 3e-07
0.5646 3e-07
0.56495 3e-07
0.5653 3e-07
0.56565 3e-07
0.566 3e-07
0.56635 3e-07
0.5667 3e-07
0.56705 3e-07
0.5674 3e-07
0.56775 3e-07
0.5681 3e-07
0.56845 3e-07
0.5688 3e-07
0.56915 3e-07
0.5695 3e-07
0.56985 3e-07
0.5702 3e-07
0.57055 3e-07
0.5709 3e-07
0.57125 3e-07
0.5716 3e-07
0.57195 3e-07
0.5723 3e-07
0.57265 3e-07
0.573 3e-07
0.57335 3e-07
0.5737 3e-07
0.57405 3e-07
0.5744 3e-07
0.57475 3e-07
0.5751 3e-07
0.57545 3e-07
0.5758 3e-07
0.57615 3e-07
0.5765 3e-07
0.57685 3e-07
0.5772 3e-07
0.57755 4e-07
0.5779 4e-07
0.57825 4e-07
0.5786 4e-07
0.57895 4e-07
0.5793 4e-07
0.57965 4e-07
0.58 4e-07
0.58035 4e-07
0.5807 4e-07
0.58105 4e-07
0.5814 4e-07
0.58175 4e-07
0.5821 4e-07
0.58245 4e-07
0.5828 4e-07
0.58315 4e-07
0.5835 4e-07
0.58385 4e-07
0.5842 4e-07
0.58455 4e-07
0.5849 4e-07
0.58525 4e-07
0.5856 4e-07
0.58595 4e-07
0.5863 4e-07
0.58665 4e-07
0.587 4e-07
0.58735 4e-07
0.5877 4e-07
0.58805 4e-07
0.5884 4e-07
0.58875 4e-07
0.5891 4e-07
0.58945 4e-07
0.5898 4e-07
0.59015 4e-07
0.5905 4e-07
0.59085 4e-07
0.5912 4e-07
0.59155 4e-07
0.5919 4e-07
0.59225 4e-07
0.5926 4e-07
0.59295 4e-07
0.5933 4e-07
0.59365 4e-07
0.594 4e-07
0.59435 4e-07
0.5947 4e-07
0.59505 4e-07
0.5954 4e-07
0.59575 4e-07
0.5961 4e-07
0.59645 4e-07
0.5968 4e-07
0.59715 4e-07
0.5975 4e-07
0.59785 4e-07
0.5982 4e-07
0.59855 4e-07
0.5989 4e-07
0.59925 4e-07
0.5996 4e-07
0.59995 5e-07
0.6003 5e-07
0.60065 4e-07
0.601 4e-07
0.60135 5e-07
0.6017 5e-07
0.60205 5e-07
0.6024 5e-07
0.60275 5e-07
0.6031 5e-07
0.60345 5e-07
0.6038 5e-07
0.60415 5e-07
0.6045 5e-07
0.60485 5e-07
0.6052 5e-07
0.60555 5e-07
0.6059 5e-07
0.60625 5e-07
0.6066 5e-07
0.60695 5e-07
0.6073 5e-07
0.60765 5e-07
0.608 5e-07
0.60835 5e-07
0.6087 5e-07
0.60905 5e-07
0.6094 5e-07
0.60975 5e-07
0.6101 5e-07
0.61045 5e-07
0.6108 5e-07
0.61115 5e-07
0.6115 5e-07
0.61185 5e-07
0.6122 5e-07
0.61255 4e-07
0.6129 4e-07
0.61325 4e-07
0.6136 4e-07
0.61395 4e-07
0.6143 4e-07
0.61465 3e-07
0.615 3e-07
0.61535 3e-07
0.6157 3e-07
0.61605 3e-07
0.6164 3e-07
0.61675 3e-07
0.6171 3e-07
0.61745 3e-07
0.6178 2e-07
0.61815 2e-07
0.6185 2e-07
0.61885 2e-07
0.6192 2e-07
0.61955 2e-07
0.6199 2e-07
0.62025 2e-07
0.6206 2e-07
0.62095 2e-07
0.6213 2e-07
0.62165 3e-07
0.622 3e-07
0.62235 3e-07
0.6227 3e-07
0.62305 4e-07
0.6234 4e-07
0.62375 4e-07
0.6241 4e-07
0.62445 5e-07
0.6248 5e-07
0.62515 5e-07
0.6255 5e-07
0.62585 6e-07
0.6262 6e-07
0.62655 6e-07
0.6269 6e-07
0.62725 6e-07
0.6276 6e-07
0.62795 6e-07
0.6283 6e-07
0.62865 6e-07
0.629 6e-07
0.62935 6e-07
0.6297 6e-07
0.63005 6e-07
0.6304 6e-07
0.63075 7e-07
0.6311 7e-07
0.63145 7e-07
0.6318 7e-07
0.63215 7e-07
0.6325 7e-07
0.63285 7e-07
0.6332 7e-07
0.63355 7e-07
0.6339 7e-07
0.63425 7e-07
0.6346 7e-07
0.63495 7e-07
0.6353 7e-07
0.63565 7e-07
0.636 7e-07
0.63635 7e-07
0.6367 7e-07
0.63705 7e-07
0.6374 7e-07
0.63775 7e-07
0.6381 7e-07
0.63845 7e-07
0.6388 7e-07
0.63915 7e-07
0.6395 7e-07
0.63985 7e-07
0.6402 7e-07
0.64055 7e-07
0.6409 7e-07
0.64125 7e-07
0.6416 7e-07
0.64195 7e-07
0.6423 7e-07
0.64265 7e-07
0.643 7e-07
0.64335 7e-07
0.6437 7e-07
0.64405 7e-07
0.6444 7e-07
0.64475 7e-07
0.6451 7e-07
0.64545 7e-07
0.6458 7e-07
0.64615 7e-07
0.6465 7e-07
0.64685 7e-07
0.6472 8e-07
0.64755 8e-07
0.6479 8e-07
0.64825 6e-07
0.6486 6e-07
0.64895 7e-07
0.6493 8e-07
0.64965 8e-07
0.65 8e-07
0.65035 8e-07
0.6507 8e-07
0.65105 8e-07
0.6514 7e-07
0.65175 7e-07
0.6521 7e-07
0.65245 8e-07
0.6528 8e-07
0.65315 8e-07
0.6535 7e-07
0.65385 8e-07
0.6542 8e-07
0.65455 8e-07
0.6549 8e-07
0.65525 8e-07
0.6556 7e-07
0.65595 7e-07
0.6563 7e-07
0.65665 7e-07
0.657 7e-07
0.65735 8e-07
0.6577 8e-07
0.65805 8e-07
0.6584 8e-07
0.65875 7e-07
0.6591 7e-07
0.65945 7e-07
0.6598 7e-07
0.66015 8e-07
0.6605 8e-07
0.66085 8e-07
0.6612 7e-07
0.66155 7e-07
0.6619 7e-07
0.66225 7e-07
0.6626 7e-07
0.66295 7e-07
0.6633 7e-07
0.66365 7e-07
0.664 7e-07
0.66435 7e-07
0.6647 7e-07
0.66505 7e-07
0.6654 7e-07
0.66575 7e-07
0.6661 7e-07
0.66645 7e-07
0.6668 7e-07
0.66715 7e-07
0.6675 7e-07
0.66785 7e-07
0.6682 7e-07
0.66855 7e-07
0.6689 7e-07
0.66925 7e-07
0.6696 7e-07
0.66995 8e-07
0.6703 8e-07
0.67065 8e-07
0.671 8e-07
0.67135 8e-07
0.6717 9.000000000000001e-07
0.67205 9.000000000000001e-07
0.6724 9.000000000000001e-07
0.67275 9.000000000000001e-07
0.6731 9.000000000000001e-07
0.67345 1e-06
0.6738 1e-06
0.67415 1e-06
0.6745 1e-06
0.67485 1e-06
0.6752 1e-06
0.67555 1e-06
0.6759 1e-06
0.67625 1e-06
0.6766 1e-06
0.67695 1e-06
0.6773 1e-06
0.67765 1e-06
0.678 1e-06
0.67835 1.1e-06
0.6787 1.1e-06
0.67905 1.1e-06
0.6794 1e-06
0.67975 1e-06
0.6801 1e-06
0.68045 1e-06
0.6808 1e-06
0.68115 1e-06
0.6815 1e-06
0.68185 1e-06
0.6822 1e-06
0.68255 1e-06
0.6829 1e-06
0.68325 1e-06
0.6836 1e-06
0.68395 1e-06
0.6843 1e-06
0.68465 1e-06
0.685 1e-06
0.68535 1e-06
0.6857 1e-06
0.68605 1.1e-06
0.6864 1.1e-06
0.68675 1.1e-06
0.6871 1.1e-06
0.68745 1.1e-06
0.6878 1.1e-06
0.68815 1.1e-06
0.6885 1.1e-06
0.68885 1.1e-06
0.6892 1.1e-06
0.68955 1.1e-06
0.6899 1.1e-06
0.69025 1.1e-06
0.6906 1.1e-06
0.69095 1.1e-06
0.6913 1.2e-06
0.69165 1.2e-06
0.692 1.2e-06
0.69235 1.2e-06
0.6927 1.2e-06
0.69305 1.2e-06
0.6934 1e-06
0.69375 1e-06
0.6941 1.1e-06
0.69445 1.2e-06
0.6948 1.1e-06
0.69515 1.1e-06
0.6955 1.1e-06
0.69585 1.1e-06
0.6962 1.1e-06
0.69655 1.1e-06
0.6969 1e-06
0.69725 1e-06
0.6976 1e-06
0.69795 1e-06
0.6983 9.000000000000001e-07
0.69865 9.000000000000001e-07
0.699 9.000000000000001e-07
0.69935 9.000000000000001e-07
0.6997 8e-07
0.70005 8e-07
0.7004 7e-07
0.70075 7e-07
0.7011 7e-07
0.70145 6e-07
0.7018 6e-07
0.70215 6e-07
0.7025 6e-07
0.70285 6e-07
0.7032 6e-07
0.70355 7e-07
0.7039 7e-07
0.70425 7e-07
0.7046 7e-07
0.70495 7e-07
0.7053 8e-07
0.70565 8e-07
0.706 8e-07
0.70635 9.000000000000001e-07
0.7067 9.000000000000001e-07
0.70705 9.000000000000001e-07
0.7074 9.000000000000001e-07
0.70775 9.000000000000001e-07
0.7081 1e-06
0.70845 1e-06
0.7088 1e-06
0.70915 1e-06
0.7095 1e-06
0.70985 1.1e-06
0.7102 1.1e-06
0.71055 1.1e-06
0.7109 1.1e-06
0.71125 1.2e-06
0.7116 1.2e-06
0.71195 1.2e-06
0.7123 1.2e-06
0.71265 1.2e-06
0.713 1.2e-06
0.71335 1.2e-06
0.7137 1.2e-06
0.71405 1.2e-06
0.7144 1.2e-06
0.71475 1.2e-06
0.7151 1.1e-06
0.71545 1e-06
0.7158 9.000000000000001e-07
0.71615 9.000000000000001e-07
0.7165 6e-07
0.71685 5e-07
0.7172 4e-07
0.71755 4e-07
0.7179 3e-07
0.71825 3e-07
0.7186 3e-07
0.71895 2e-07
0.7193 0.0
0.71965 0.0
0.72 1e-07
0.72035 1e-07
0.7207 1e-07
0.72105 1e-07
0.7214 1e-07
0.72175 1e-07
0.7221 1e-07
0.72245 1e-07
0.7228 1e-07
0.72315 0.0
0.7235 0.0
0.72385 0.0
0.7242 0.0
0.72455 0.0
0.7249 0.0
0.72525 0.0
0.7256 0.0
0.72595 0.0
0.7263 0.0
0.72665 0.0
0.727 0.0
0.72735 0.0
0.7277 0.0
0.72805 0.0
0.7284 0.0
0.72875 0.0
0.7291 0.0
0.72945 0.0
0.7298 0.0
0.73015 0.0
0.7305 0.0
0.73085 1e-07
0.7312 1e-07
0.73155 1e-07
0.7319 1e-07
0.73225 1e-07
0.7326 1e-07
0.73295 1e-07
0.7333 1e-07
0.73365 2e-07
0.734 2e-07
0.73435 2e-07
0.7347 3e-07
0.73505 4e-07
0.7354 4e-07
0.73575 4e-07
0.7361 4e-07
0.73645 6e-07
0.7368 6e-07
0.73715 6e-07
0.7375 7e-07
0.73785 7e-07
0.7382 9.000000000000001e-07
0.73855 9.000000000000001e-07
0.7389 9.000000000000001e-07
0.73925 1.1e-06
0.7396 1.1e-06
0.73995 1e-06
0.7403 1e-06
0.74065 1.4e-06
0.741 1.5e-06
0.74135 1.5e-06
0.7417 1.6e-06
0.74205 1.6e-06
0.7424 1.6e-06
0.74275 1.6e-06
0.7431 1.7e-06
0.74345 1.7e-06
0.7438 1.7e-06
0.74415 1.8e-06
0.7445 1.8e-06
0.74485 1.8e-06
0.7452 1.7e-06
0.74555 1.7e-06
0.7459 1.8e-06
0.74625 1.8e-06
0.7466 1.8e-06
0.74695 1.8e-06
0.7473 1.8e-06
0.74765 1.8e-06
0.748 1.8e-06
0.74835 1.8e-06
0.7487 1.8e-06
0.74905 1.8e-06
0.7494 1.8e-06
0.74975 1.8e-06
0.7501 1.9e-06
0.75045 1.9e-06
0.7508 1.9e-06
0.75115 1.9e-06
0.7515 1.9e-06
0.75185 1.9e-06
0.7522 1.9e-06
0.75255 1.9e-06
0.7529 1.9e-06
0.75325 1.9e-06
0.7536 1.9e-06
0.75395 1.9e-06
0.7543 1.9e-06
0.75465 1.9e-06
0.755 1.9e-06
0.75535 1.9e-06
0.7557 1.9e-06
0.75605 1.9e-06
0.7564 1.9e-06
0.75675 1.9e-06
0.7571 1.9e-06
0.75745 1.6e-06
0.7578 1.6e-06
0.75815 1.8e-06
0.7585 1.9e-06
0.75885 1.9e-06
0.7592 1.8e-06
0.75955 1.7e-06
0.7599 1.7e-06
0.76025 1.7e-06
0.7606 1.7e-06
0.76095 1.7e-06
0.7613 1.7e-06
0.76165 1.7e-06
0.762 1.6e-06
0.76235 1.6e-06
0.7627 1.5e-06
0.76305 1.5e-06
0.7634 1.5e-06
0.76375 1.5e-06
0.7641 1.5e-06
0.76445 1.5e-06
0.7648 1.5e-06
0.76515 1.5e-06
0.7655 1.5e-06
0.76585 1.5e-06
0.7662 1.5e-06
0.76655 1.5e-06
0.7669 1.4e-06
0.76725 1.4e-06
0.7676 1.5e-06
0.76795 1.5e-06
0.7683 1.5e-06
0.76865 1.5e-06
0.769 1.5e-06
0.76935 1.5e-06
0.7697 1.5e-06
0.77005 1.5e-06
0.7704 1.5e-06
0.77075 1.5e-06
0.7711 1.5e-06
0.77145 1.5e-06
0.7718 1.5e-06
0.77215 1.5e-06
0.7725 1.4e-06
0.77285 1.3e-06
0.7732 1.2e-06
0.77355 1.2e-06
0.7739 1.2e-06
0.77425 1.3e-06
0.7746 1.3e-06
0.77495 1.3e-06
0.7753 1.3e-06
0.77565 1.2e-06
0.776 1.1e-06
0.77635 1.1e-06
0.7767 1.1e-06
0.77705 1.1e-06
0.7774 1e-06
0.77775 1e-06
0.7781 1e-06
0.77845 9.000000000000001e-07
0.7788 9.000000000000001e-07
0.77915 9.000000000000001e-07
0.7795 7e-07
0.77985 7e-07
0.7802 6e-07
0.78055 6e-07
0.7809 5e-07
0.78125 5e-07
0.7816 4e-07
0.78195 4e-07
0.7823 4e-07
0.78265 4e-07
0.783 4e-07
0.78335 4e-07
0.7837 3e-07
0.78405 3e-07
0.7844 4e-07
0.78475 5e-07
0.7851 5e-07
0.78545 5e-07
0.7858 5e-07
0.78615 5e-07
0.7865 5e-07
0.78685 5e-07
0.7872 6e-07
0.78755 6e-07
0.7879 6e-07
0.78825 7e-07
0.7886 7e-07
0.78895 7e-07
0.7893 7e-07
0.78965 7e-07
0.79 7e-07
0.79035 7e-07
0.7907 7e-07
0.79105 7e-07
0.7914 6e-07
0.79175 6e-07
0.7921 5e-07
0.79245 5e-07
0.7928 4e-07
0.79315 4e-07
0.7935 4e-07
0.79385 4e-07
0.7942 4e-07
0.79455 4e-07
0.7949 3e-07
0.79525 3e-07
0.7956 3e-07
0.79595 3e-07
0.7963 3e-07
0.79665 3e-07
0.797 3e-07
0.79735 3e-07
0.7977 3e-07
0.79805 3e-07
0.7984 3e-07
0.79875 3e-07
0.7991 3e-07
0.79945 3e-07
0.7998 4e-07
0.80015 4e-07
0.8005 4e-07
0.80085 4e-07
0.8012 4e-07
0.80155 4e-07
0.8019 4e-07
0.80225 5e-07
0.8026 5e-07
0.80295 5e-07
0.8033 5e-07
0.80365 6e-07
0.804 6e-07
0.80435 6e-07
0.8047 7e-07
0.80505 8e-07
0.8054 8e-07
0.80575 8e-07
0.8061 8e-07
0.80645 8e-07
0.8068 1e-06
0.80715 1.1e-06
0.8075 1.1e-06
0.80785 1.1e-06
0.8082 1.2e-06
0.80855 1.2e-06
0.8089 1.2e-06
0.80925 1.1e-06
0.8096 1.1e-06
0.80995 1.2e-06
0.8103 1.3e-06
0.81065 1.3e-06
0.811 1.3e-06
0.81135 1.4e-06
0.8117 1.5e-06
0.81205 1.5e-06
0.8124 1.6e-06
0.81275 1.7e-06
0.8131 1.7e-06
0.81345 1.7e-06
0.8138 1.9e-06
0.81415 1.9e-06
0.8145 1.7e-06
0.81485 1.5e-06
0.8152 1.5e-06
0.81555 2e-06
0.8159 2.1e-06
0.81625 2.1e-06
0.8166 2.2e-06
0.81695 2.2e-06
0.8173 2.2e-06
0.81765 1.8e-06
0.818 1.8e-06
0.81835 2.3e-06
0.8187 2.3e-06
0.81905 2.4e-06
0.8194 2.4e-06
0.81975 2.4e-06
0.8201 2.4e-06
0.82045 2.5e-06
0.8208 2.6e-06
0.82115 2.6e-06
0.8215 2.6e-06
0.82185 2.6e-06
0.8222 2.6e-06
0.82255 2.5e-06
0.8229 2.5e-06
0.82325 1.4e-06
0.8236 1.9e-06
0.82395 1.9e-06
0.8243 2.7000000000000004e-06
0.82465 2.7000000000000004e-06
0.825 2.7000000000000004e-06
0.82535 2.7000000000000004e-06
0.8257 2.7000000000000004e-06
0.82605 2.7000000000000004e-06
0.8264 2.8e-06
0.82675 2.8e-06
0.8271 2.8e-06
0.82745 2.8e-06
0.8278 2.5e-06
0.82815 2.8e-06
0.8285 2.8e-06
0.82885 2.8e-06
0.8292 2.8e-06
0.82955 2.9e-06
0.8299 2.9e-06
0.83025 2.9e-06
0.8306 2.9e-06
0.83095 3e-06
0.8313 3e-06
0.83165 3e-06
0.832 2.9e-06
0.83235 2.9e-06
0.8327 2.1e-06
0.83305 2.8e-06
0.8334 2.8e-06
0.83375 2.8e-06
0.8341 2.3e-06
0.83445 2.3e-06
0.8348 2.3e-06
0.83515 1.9e-06
0.8355 1.8e-06
0.83585 1.6e-06
0.8362 1.5e-06
0.83655 1.4e-06
0.8369 1.2e-06
0.83725 1.2e-06
0.8376 9.000000000000001e-07
0.83795 5e-07
0.8383 6e-07
0.83865 6e-07
0.839 6e-07
0.83935 6e-07
0.8397 7e-07
0.84005 7e-07
0.8404 7e-07
0.84075 6e-07
0.8411 4e-07
0.84145 4e-07
0.8418 5e-07
0.84215 5e-07
0.8425 7e-07
0.84285 1e-06
0.8432 1e-06
0.84355 1e-06
0.8439 9.000000000000001e-07
0.84425 9.000000000000001e-07
0.8446 1e-06
0.84495 1e-06
0.8453 1.2e-06
0.84565 1.2e-06
0.846 1.4e-06
0.84635 1.6e-06
0.8467 1.6e-06
0.84705 1.6e-06
0.8474 1.6e-06
0.84775 1.6e-06
0.8481 1.6e-06
0.84845 1.7e-06
0.8488 1.7e-06
0.84915 1.9e-06
0.8495 1.9e-06
0.84985 1.8e-06
0.8502 1.7e-06
0.85055 1.2e-06
0.8509 1.2e-06
0.85125 1.2e-06
0.8516 1.4e-06
0.85195 1.3e-06
0.8523 1.3e-06
0.85265 1.2e-06
0.853 1e-06
0.85335 1e-06
0.8537 8e-07
0.85405 7e-07
0.8544 6e-07
0.85475 5e-07
0.8551 5e-07
0.85545 5e-07
0.8558 4e-07
0.85615 3e-07
0.8565 3e-07
0.85685 2e-07
0.8572 2e-07
0.85755 1e-07
0.8579 1e-07
0.85825 1e-07
0.8586 1e-07
0.85895 1e-07
0.8593 0.0
0.85965 0.0
0.86 0.0
0.86035 0.0
0.8607 0.0
0.86105 0.0
0.8614 0.0
0.86175 0.0
0.8621 0.0
0.86245 0.0
0.8628 0.0
0.86315 0.0
0.8635 0.0
0.86385 0.0
0.8642 0.0
0.86455 0.0
0.8649 0.0
0.86525 0.0
0.8656 0.0
0.86595 0.0
0.8663 0.0
0.86665 0.0
0.867 0.0
0.86735 0.0
0.8677 0.0
0.86805 0.0
0.8684 0.0
0.86875 0.0
0.8691 0.0
0.86945 0.0
0.8698 1e-07
0.87015 1e-07
0.8705 1e-07
0.87085 1e-07
0.8712 0.0
0.87155 1e-07
0.8719 2e-07
0.87225 2e-07
0.8726 1e-07
0.87295 1e-07
0.8733 1e-07
0.87365 3e-07
0.874 3e-07
0.87435 2e-07
0.8747 2e-07
0.87505 2e-07
0.8754 4e-07
0.87575 0.0
0.8761 1e-07
0.87645 1e-07
0.8768 1e-07
0.87715 1e-07
0.8775 1e-07
0.87785 1e-07
0.8782 1e-07
0.87855 1e-07
0.8789 1e-07
0.87925 1e-07
0.8796 0.0
0.87995 0.0
0.8803 0.0
0.88065 0.0
0.881 0.0
0.88135 0.0
0.8817 0.0
0.88205 0.0
0.8824 0.0
0.88275 0.0
0.8831 0.0
0.88345 0.0
0.8838 0.0
0.88415 0.0
0.8845 0.0
0.88485 0.0
0.8852 0.0
0.88555 0.0
0.8859 0.0
0.88625 0.0
0.8866 0.0
0.88695 0.0
0.8873 0.0
0.88765 0.0
0.888 0.0
0.88835 0.0
0.8887 0.0
0.88905 0.0
0.8894 0.0
0.88975 0.0
0.8901 0.0
0.89045 0.0
0.8908 0.0
0.89115 0.0
0.8915 0.0
0.89185 0.0
0.8922 0.0
0.89255 0.0
0.8929 0.0
0.89325 0.0
0.8936 0.0
0.89395 0.0
0.8943 0.0
0.89465 0.0
0.895 0.0
0.89535 0.0
0.8957 0.0
0.89605 0.0
0.8964 0.0
0.89675 0.0
0.8971 0.0
0.89745 0.0
0.8978 0.0
0.89815 0.0
0.8985 0.0
0.89885 0.0
0.8992 0.0
0.89955 0.0
0.8999 0.0
0.90025 0.0
0.9006 0.0
0.90095 0.0
0.9013 0.0
0.90165 0.0
0.902 0.0
0.90235 0.0
0.9027 0.0
0.90305 0.0
0.9034 0.0
0.90375 0.0
0.9041 0.0
0.90445 0.0
0.9048 0.0
0.90515 0.0
0.9055 0.0
0.90585 1e-07
0.9062 1e-07
0.90655 0.0
0.9069 0.0
0.90725 0.0
0.9076 0.0
0.90795 0.0
0.9083 0.0
0.90865 0.0
0.909 3e-07
0.90935 3e-07
0.9097 0.0
0.91005 0.0
0.9104 0.0
0.91075 2e-07
0.9111 4e-07
0.91145 4e-07
0.9118 4e-07
0.91215 1e-07
0.9125 1e-07
0.91285 1e-07
0.9132 1e-07
0.91355 1e-07
0.9139 3e-07
0.91425 6e-07
0.9146 6e-07
0.91495 6e-07
0.9153 6e-07
0.91565 0.0
0.916 0.0
0.91635 1e-07
0.9167 3e-07
0.91705 3e-07
0.9174 7e-07
0.91775 7e-07
0.9181 1e-07
0.91845 1e-07
0.9188 1e-07
0.91915 6e-07
0.9195 1e-07
0.91985 6e-07
0.9202 6e-07
0.92055 7e-07
0.9209 7e-07
0.92125 7e-07
0.9216 3e-07
0.92195 1e-07
0.9223 0.0
0.92265 1e-07
0.923 1.1e-06
0.92335 1.1e-06
0.9237 1e-06
0.92405 1e-06
0.9244 1e-06
0.92475 1.4e-06
0.9251 1.4e-06
0.92545 1.4e-06
0.9258 8e-07
0.92615 1.2e-06
0.9265 1.1e-06
0.92685 1.1e-06
0.9272 3e-07
0.92755 3e-07
0.9279 3e-07
0.92825 3e-07
0.9286 3e-07
0.92895 2.3e-06
0.9293 2.3e-06
0.92965 1.1e-06
0.93 2e-07
0.93035 2e-07
0.9307 0.0
0.93105 1e-07
0.9314 1e-07
0.93175 1e-07
0.9321 0.0
0.93245 0.0
0.9328 1e-07
0.93315 2e-07
0.9335 1.4e-06
0.93385 2e-07
0.9342 1e-07
0.93455 0.0
0.9349 0.0
0.93525 0.0
0.9356 0.0
0.93595 1.8e-06
0.9363 2e-06
0.93665 2e-06
0.937 7e-07
0.93735 7e-07
0.9377 1e-07
0.93805 1e-07
0.9384 0.0
0.93875 0.0
0.9391 1e-06
0.93945 1e-06
0.9398 5e-07
0.94015 5e-07
0.9405 0.0
0.94085 8e-07
0.9412 1.3e-06
0.94155 2.7000000000000004e-06
0.9419 2.7000000000000004e-06
0.94225 2.7000000000000004e-06
0.9426 2.7000000000000004e-06
0.94295 1e-07
0.9433 1e-07
0.94365 2e-07
0.944 2e-07
0.94435 0.0
0.9447 0.0
0.94505 0.0
0.9454 9.000000000000001e-07
0.94575 9.000000000000001e-07
0.9461 9.000000000000001e-07
0.94645 1e-07
0.9468 1e-07
0.94715 4e-07
0.9475 4e-07
0.94785 1e-06
0.9482 1.7e-06
0.94855 1.7e-06
0.9489 1.5e-06
0.94925 0.0
0.9496 0.0
0.94995 6e-07
0.9503 1.4e-06
0.95065 2e-06
0.951 2e-06
0.95135 1.5e-06
0.9517 1.3e-06
0.95205 1.2e-06
0.9524 1e-06
0.95275 1e-06
0.9531 1e-06
0.95345 1e-06
0.9538 1.3e-06
0.95415 2.1e-06
0.9545 2.1e-06
0.95485 2.1e-06
0.9552 5e-07
0.95555 1.9e-06
0.9559 1.8e-06
0.95625 1.8e-06
0.9566 1.6e-06
0.95695 6e-07
0.9573 6e-07
0.95765 1.6e-06
0.958 1.6e-06
0.95835 1.4e-06
0.9587 1e-06
0.95905 1e-06
0.9594 8e-07
0.95975 8e-07
0.9601 1e-06
0.96045 1e-06
0.9608 4e-07
0.96115 4e-07
0.9615 4e-07
0.96185 4e-07
0.9622 2e-07
0.96255 1e-07
0.9629 0.0
0.96325 0.0
0.9636 0.0
0.96395 0.0
0.9643 0.0
0.96465 0.0
0.965 0.0
0.96535 0.0
0.9657 0.0
0.96605 0.0
0.9664 0.0
0.96675 0.0
0.9671 0.0
0.96745 0.0
0.9678 0.0
0.96815 0.0
0.9685 0.0
0.96885 0.0
0.9692 0.0
0.96955 0.0
0.9699 0.0
0.97025 0.0
0.9706 0.0
0.97095 0.0
0.9713 0.0
0.97165 0.0
0.972 0.0
0.97235 0.0
0.9727 0.0
0.97305 0.0
0.9734 0.0
0.97375 0.0
0.9741 0.0
0.97445 0.0
0.9748 0.0
0.97515 0.0
0.9755 0.0
0.97585 0.0
0.9762 0.0
0.97655 0.0
0.9769 0.0
0.97725 0.0
0.9776 0.0
0.97795 0.0
0.9783 0.0
0.97865 0.0
0.979 0.0
0.97935 0.0
0.9797 0.0
0.98005 0.0
0.9804 0.0
0.98075 0.0
0.9811 0.0
0.98145 0.0
0.9818 0.0
0.98215 0.0
0.9825 0.0
0.98285 0.0
0.9832 0.0
0.98355 0.0
0.9839 0.0
0.98425 0.0
0.9846 0.0
0.98495 0.0
0.9853 0.0
0.98565 0.0
0.986 0.0
0.98635 0.0
0.9867 0.0
0.98705 0.0
0.9874 0.0
0.98775 0.0
0.9881 0.0
0.98845 0.0
0.9888 0.0
0.98915 0.0
0.9895 0.0
0.98985 0.0
0.9902 0.0
0.99055 0.0
0.9909 0.0
0.99125 0.0
0.9916 0.0
0.99195 0.0
0.9923 0.0
0.99265 0.0
0.993 0.0
0.99335 0.0
0.9937 0.0
0.99405 0.0
0.9944 0.0
0.99475 0.0
0.9951 0.0
0.99545 0.0
0.9958 0.0
0.99615 0.0
0.9965 0.0
0.99685 0.0
0.9972 0.0
0.99755 0.0
0.9979 0.0
0.99825 0.0
0.9986 0.0
0.99895 0.0
0.9993 0.0
