0.3 0.0066075
0.30035 0.0066176999999999
0.3007 0.006628
0.30105 0.0066384
0.3014 0.0066488
0.30175 0.0066592
0.3021 0.0066697
0.30245 0.0066803
0.3028 0.006691
0.30315 0.0067017
0.3035 0.0067123999999999
0.30385 0.0067233
0.3042 0.0067341
0.30455 0.0067451
0.3049 0.0067561
0.30525 0.0067671
0.3056 0.0067782
0.30595 0.0067893999999999
0.3063 0.0068006
0.30665 0.0068119
0.307 0.0068233
0.30735 0.0068346999999999
0.3077 0.0068462
0.30805 0.0068576999999999
0.3084 0.0068693
0.30875 0.006881
0.3091 0.0068926999999999
0.30945 0.0069045
0.3098 0.0069162999999999
0.31015 0.0069282
0.3105 0.0069402
0.31085 0.0069521999999999
0.3112 0.0069641999999999
0.31155 0.0069764
0.3119 0.0069886
0.31225 0.0070008
0.3126 0.0070131
0.31295 0.0070255
0.3133 0.0070379999999999
0.31365 0.0070504999999999
0.314 0.007063
0.31435 0.0070757
0.3147 0.0070883
0.31505 0.0071011
0.3154 0.0071138999999999
0.31575 0.0071267
0.3161 0.0071396
0.31645 0.0071525
0.3168 0.0071655
0.31715 0.0071786
0.3175 0.0071917
0.31785 0.0072048999999999
0.3182 0.0072181
0.31855 0.0072313999999999
0.3189 0.0072447
0.31925 0.0072581
0.3196 0.0072715
0.31995 0.007285
0.3203 0.0072985
0.32065 0.0073121
0.321 0.0073257
0.32135 0.0073393999999999
0.3217 0.0073532
0.32205 0.007367
0.3224 0.0073808
0.32275 0.0073947
0.3231 0.0074085999999999
0.32345 0.0074226
0.3238 0.0074366
0.32415 0.0074507
0.3245 0.0074648
0.32485 0.007479
0.3252 0.0074932
0.32555 0.0075074
0.3259 0.0075217
0.32625 0.0075361
0.3266 0.0075505
0.32695 0.0075649
0.3273 0.0075794
0.32765 0.0075938999999999
0.328 0.0076084999999999
0.32835 0.0076231
0.3287 0.0076377
0.32905 0.0076524
0.3294 0.0076672
0.32975 0.0076819
0.3301 0.0076967
0.33045 0.0077116
0.3308 0.0077265
0.33115 0.0077414
0.3315 0.0077563999999999
0.33185 0.0077713999999999
0.3322 0.0077863999999999
0.33255 0.0078015
0.3329 0.0078166
0.33325 0.0078318
0.3336 0.007847
0.33395 0.0078622
0.3343 0.0078774
0.33465 0.0078926999999999
0.335 0.0079081
0.33535 0.0079233999999999
0.3357 0.0079388
0.33605 0.0079542
0.3364 0.0079697
0.33675 0.0079851
0.3371 0.0080006
0.33745 0.0080159999999999
0.3378 0.0080315
0.33815 0.0080469
0.3385 0.0080623999999999
0.33885 0.0080778999999999
0.3392 0.0080935
0.33955 0.008109
0.3399 0.0081246
0.34025 0.0081402
0.3406 0.0081558999999999
0.34095 0.0081716
0.3413 0.0081872
0.34165 0.008203
0.342 0.0082187
0.34235 0.0082345
0.3427 0.0082502999999999
0.34305 0.0082661
0.3434 0.0082819
0.34375 0.0082978
0.3441 0.0083137
0.34445 0.0083296
0.3448 0.0083455
0.34515 0.0083614
0.3455 0.0083774
0.34585 0.0083934
0.3462 0.0084094
0.34655 0.0084254
0.3469 0.0084414
0.34725 0.0084575
0.3476 0.0084735
0.34795 0.0084896
0.3483 0.0085057
0.34865 0.0085218
0.349 0.0085379
0.34935 0.0085541
0.3497 0.0085702
0.35005 0.0085864
0.3504 0.0086026
0.35075 0.0086188
0.3511 0.0086349999999999
0.35145 0.0086512
0.3518 0.0086675
0.35215 0.0086837
0.3525 0.0086999
0.35285 0.0087162
0.3532 0.0087325
0.35355 0.0087488
0.3539 0.0087651
0.35425 0.0087814
0.3546 0.0087977
0.35495 0.008814
0.3553 0.0088303
0.35565 0.0088466
0.356 0.0088627999999999
0.35635 0.0088793
0.3567 0.0088956
0.35705 0.0089119
0.3574 0.0089282999999999
0.35775 0.0089446
0.3581 0.0089608999999999
0.35845 0.0089772999999999
0.3588 0.0089937
0.35915 0.0090101
0.3595 0.0090264
0.35985 0.0090426
0.3602 0.0090591
0.36055 0.0090753999999999
0.3609 0.0090919
0.36125 0.0091084
0.3616 0.0091247999999999
0.36195 0.0091412
0.3623 0.0091576
0.36265 0.0091742
0.363 0.0091907
0.36335 0.0092072
0.3637 0.0092237
0.36405 0.0092402
0.3644 0.0092567
0.36475 0.0092732
0.3651 0.0092897
0.36545 0.0093062
0.3658 0.0093226
0.36615 0.0093391
0.3665 0.0093556
0.36685 0.009372
0.3672 0.0093885
0.36755 0.0094048999999999
0.3679 0.0094214
0.36825 0.0094377999999999
0.3686 0.0094541
0.36895 0.0094706
0.3693 0.009487
0.36965 0.0095033999999999
0.37 0.0095197
0.37035 0.0095361
0.3707 0.0095523
0.37105 0.0095687
0.3714 0.0095852
0.37175 0.0096014
0.3721 0.0096177
0.37245 0.009634
0.3728 0.0096501
0.37315 0.0096666
0.3735 0.0096829
0.37385 0.009699
0.3742 0.0097153999999999
0.37455 0.0097315
0.3749 0.0097474
0.37525 0.0097638999999999
0.3756 0.0097793999999999
0.37595 0.0097962999999999
0.3763 0.0098121
0.37665 0.0098285
0.377 0.0098444999999999
0.37735 0.0098607
0.3777 0.0098765
0.37805 0.0098926
0.3784 0.0099089
0.37875 0.0099246
0.3791 0.0099407999999999
0.37945 0.0099555
0.3798 0.0099726
0.38015 0.0099884
0.3805 0.0100047
0.38085 0.0100206
0.3812 0.0100366
0.38155 0.0100525
0.3819 0.010068
0.38225 0.0100834
0.3826 0.0100997
0.38295 0.0101158999999999
0.3833 0.0101316
0.38365 0.0101473999999999
0.384 0.0101631
0.38435 0.0101789
0.3847 0.0101946
0.38505 0.0102103
0.3854 0.0102259
0.38575 0.0102416
0.3861 0.0102572
0.38645 0.0102727
0.3868 0.0102883
0.38715 0.0103037
0.3875 0.0103191
0.38785 0.0103343
0.3882 0.0103496
0.38855 0.0103647
0.3889 0.0103797999999999
0.38925 0.010395
0.3896 0.0104102999999999
0.38995 0.0104252999999999
0.3903 0.0104403
0.39065 0.0104555999999999
0.391 0.0104706
0.39135 0.0104856
0.3917 0.0105003999999999
0.39205 0.0105156
0.3924 0.0105305
0.39275 0.010545
0.3931 0.0105604
0.39345 0.0105753
0.3938 0.0105902
0.39415 0.0106045
0.3945 0.0106197999999999
0.39485 0.0106343
0.3952 0.0106489
0.39555 0.010664
0.3959 0.0106784
0.39625 0.0106929
0.3966 0.0107077999999999
0.39695 0.0107228
0.3973 0.0107367
0.39765 0.0107518999999999
0.398 0.0107663
0.39835 0.0107812999999999
0.3987 0.0107956
0.39905 0.0108101
0.3994 0.0108245
0.39975 0.0108392
0.4001 0.0108535
0.40045 0.010868
0.4008 0.0108821
0.40115 0.0108957
0.4015 0.010911
0.40185 0.0109252999999999
0.4022 0.0109386
0.40255 0.0109536
0.4029 0.0109678
0.40325 0.0109822
0.4036 0.0109959999999999
0.40395 0.0110102999999999
0.4043 0.0110245
0.40465 0.0110385
0.405 0.0110525
0.40535 0.0110666
0.4057 0.0110801
0.40605 0.0110932999999999
0.4064 0.0111069
0.40675 0.0111211
0.4071 0.0111354
0.40745 0.0111497
0.4078 0.0111637
0.40815 0.0111775
0.4085 0.0111914
0.40885 0.0112042999999999
0.4092 0.0112188999999999
0.40955 0.0112325
0.4099 0.0112459999999999
0.41025 0.0112594
0.4106 0.0112732
0.41095 0.0112868
0.4113 0.0113003
0.41165 0.0113139
0.412 0.0113268999999999
0.41235 0.0113407
0.4127 0.011354
0.41305 0.0113672
0.4134 0.0113799
0.41375 0.0113935
0.4141 0.0114072
0.41445 0.0114203
0.4148 0.011433
0.41515 0.0114454999999999
0.4155 0.0114587
0.41585 0.0114708
0.4162 0.0114825
0.41655 0.011498
0.4169 0.0115117999999999
0.41725 0.011522
0.4176 0.0115363
0.41795 0.0115477
0.4183 0.0115635
0.41865 0.0115757999999999
0.419 0.0115877999999999
0.41935 0.0115985
0.4197 0.0116128999999999
0.42005 0.0116241
0.4204 0.0116376
0.42075 0.0116517
0.4211 0.0116647
0.42145 0.0116775
0.4218 0.0116899
0.42215 0.0117012
0.4225 0.0117147
0.42285 0.0117274
0.4232 0.011739
0.42355 0.0117495
0.4239 0.0117592999999999
0.42425 0.0117746
0.4246 0.0117878
0.42495 0.0117988
0.4253 0.0118132
0.42565 0.0118249
0.426 0.0118341
0.42635 0.0118465
0.4267 0.0118612
0.42705 0.0118722
0.4274 0.0118859
0.42775 0.0118973999999999
0.4281 0.0119098
0.42845 0.0119215
0.4288 0.0119317
0.42915 0.0119451
0.4295 0.0119562
0.42985 0.0119682
0.4302 0.0119802
0.43055 0.0119912
0.4309 0.0120047
0.43125 0.0120157
0.4316 0.0120271
0.43195 0.0120392
0.4323 0.0120508
0.43265 0.0120622
0.433 0.0120734
0.43335 0.0120848999999999
0.4337 0.0120956
0.43405 0.0121070999999999
0.4344 0.0121179
0.43475 0.0121295
0.4351 0.0121409
0.43545 0.0121517
0.4358 0.0121627999999999
0.43615 0.0121738
0.4365 0.0121831
0.43685 0.0121944999999999
0.4372 0.0122057
0.43755 0.0122174
0.4379 0.0122287
0.43825 0.0122402
0.4386 0.0122516
0.43895 0.0122616
0.4393 0.0122724
0.43965 0.0122808999999999
0.44 0.0122882
0.44035 0.0122917999999999
0.4407 0.012302
0.44105 0.012311
0.4414 0.0123229
0.44175 0.0123322
0.4421 0.0123457
0.44245 0.0123607
0.4428 0.0123707
0.44315 0.0123874
0.4435 0.0123987
0.44385 0.012407
0.4442 0.0124178
0.44455 0.0124307999999999
0.4449 0.0124417
0.44525 0.0124509
0.4456 0.0124591
0.44595 0.0124715
0.4463 0.0124833
0.44665 0.0124925
0.447 0.0125042
0.44735 0.0125137999999999
0.4477 0.0125244
0.44805 0.0125338
0.4484 0.0125448
0.44875 0.0125543
0.4491 0.0125649
0.44945 0.0125747999999999
0.4498 0.0125841
0.45015 0.0125941
0.4505 0.0126041
0.45085 0.012613
0.4512 0.0126217999999999
0.45155 0.0126312
0.4519 0.0126407999999999
0.45225 0.0126491
0.4526 0.0126607
0.45295 0.0126705
0.4533 0.0126769
0.45365 0.0126892999999999
0.454 0.0126983
0.45435 0.0127042
0.4547 0.0127162
0.45505 0.0127248999999999
0.4554 0.0127348
0.45575 0.0127438
0.4561 0.0127522
0.45645 0.0127606
0.4568 0.0127713
0.45715 0.0127767
0.4575 0.0127882999999999
0.45785 0.0127967
0.4582 0.0128042
0.45855 0.0128133999999999
0.4589 0.0128208
0.45925 0.0128276
0.4596 0.012836
0.45995 0.0128453
0.4603 0.0128572
0.46065 0.0128684
0.461 0.0128787
0.46135 0.0128875
0.4617 0.0128972999999999
0.46205 0.0129067
0.4624 0.0129157
0.46275 0.0129246
0.4631 0.0129329
0.46345 0.0129413999999999
0.4638 0.0129499
0.46415 0.0129581
0.4645 0.0129662999999999
0.46485 0.0129746
0.4652 0.0129816
0.46555 0.0129892
0.4659 0.0129985
0.46625 0.0130049
0.4666 0.0130140999999999
0.46695 0.0130219
0.4673 0.0130304
0.46765 0.0130382999999999
0.468 0.0130455
0.46835 0.0130526
0.4687 0.013058
0.46905 0.0130657999999999
0.4694 0.0130733
0.46975 0.0130826
0.4701 0.0130905
0.47045 0.0131008999999999
0.4708 0.0131107
0.47115 0.0131139
0.4715 0.0131249
0.47185 0.0131311
0.4722 0.0131363
0.47255 0.0131414999999999
0.4729 0.0131537999999999
0.47325 0.0131606
0.4736 0.0131698999999999
0.47395 0.0131792
0.4743 0.0131837
0.47465 0.0131923
0.475 0.0131936
0.47535 0.0132084
0.4757 0.013211
0.47605 0.0132233
0.4764 0.0132284
0.47675 0.0132341
0.4771 0.0132436
0.47745 0.0132488
0.4778 0.0132567
0.47815 0.0132627
0.4785 0.0132704
0.47885 0.0132762
0.4792 0.0132817999999999
0.47955 0.0132871
0.4799 0.0132923
0.48025 0.0132976
0.4806 0.0133026
0.48095 0.0133097999999999
0.4813 0.013314
0.48165 0.0133195
0.482 0.0133227999999999
0.48235 0.0133289
0.4827 0.013335
0.48305 0.0133403
0.4834 0.0133412999999999
0.48375 0.0133477999999999
0.4841 0.0133477999999999
0.48445 0.0133352
0.4848 0.0133264999999999
0.48515 0.013321
0.4855 0.013321
0.48585 0.0133277
0.4862 0.0133495
0.48655 0.0133591
0.4869 0.0133882999999999
0.48725 0.0134087
0.4876 0.0134092
0.48795 0.0134342
0.4883 0.0134495
0.48865 0.0134621
0.489 0.0134641999999999
0.48935 0.0134744
0.4897 0.013475
0.49005 0.0134895
0.4904 0.0134934
0.49075 0.013496
0.4911 0.0135056
0.49145 0.0135127
0.4918 0.0135187
0.49215 0.0135262
0.4925 0.0135293
0.49285 0.0135329
0.4932 0.0135412
0.49355 0.0135497999999999
0.4939 0.0135526
0.49425 0.0135601
0.4946 0.0135662
0.49495 0.0135711
0.4953 0.013578
0.49565 0.0135825999999999
0.496 0.0135887
0.49635 0.0135936
0.4967 0.0135991
0.49705 0.0136041
0.4974 0.0136093
0.49775 0.0136145
0.4981 0.0136197
0.49845 0.0136238
0.4988 0.013628
0.49915 0.0136338
0.4995 0.0136377
0.49985 0.0136438
0.50055 0.0136497
0.5009 0.0136518
0.50125 0.0136603999999999
0.5016 0.0136644
0.50195 0.0136679
0.5023 0.0136679
0.50265 0.0136716
0.503 0.0136692
0.50335 0.0136757
0.5037 0.0136808
0.50405 0.0136818
0.5044 0.0136882999999999
0.50475 0.013699
0.5051 0.0137027
0.50545 0.0137063
0.5058 0.0137072
0.50615 0.0137072999999999
0.5065 0.0137104999999999
0.50685 0.0137185
0.5072 0.0137186
0.50755 0.0137231
0.5079 0.0137245
0.50825 0.0137247
0.5086 0.0137287
0.50895 0.013736
0.5093 0.0137363
0.50965 0.0137387
0.51 0.0137425
0.51035 0.0137477
0.5107 0.0137561
0.51105 0.0137652
0.5114 0.0137743
0.51175 0.0137755
0.5121 0.0137893
0.51245 0.0138002
0.5128 0.0138087
0.51315 0.0138154
0.5135 0.0138212
0.51385 0.0138286
0.5142 0.0138333
0.51455 0.0138369
0.5149 0.0138442999999999
0.51525 0.0138477
0.5156 0.0138537
0.51595 0.0138576
0.5163 0.013861
0.51665 0.013866
0.517 0.013869
0.51735 0.0138739
0.5177 0.0138768
0.51805 0.01388
0.5184 0.0138836
0.51875 0.0138865
0.5191 0.0138893
0.51945 0.0138909
0.5198 0.0138937
0.52015 0.0138976
0.5205 0.0139006
0.52085 0.0139029
0.5212 0.0139051
0.52155 0.0139081999999999
0.5219 0.0139105999999999
0.52225 0.0139140999999999
0.5226 0.0139174
0.52295 0.0139206
0.5233 0.0139214
0.52365 0.0139238
0.524 0.0139321
0.52435 0.0139321
0.5247 0.0139407
0.52505 0.0139456
0.5254 0.0139497
0.52575 0.0139546
0.5261 0.0139575999999999
0.52645 0.0139587999999999
0.5268 0.0139618
0.52715 0.0139656
0.5275 0.0139669999999999
0.52785 0.0139681
0.5282 0.0139759
0.52855 0.013978
0.5289 0.0139788999999999
0.52925 0.0139811
0.5296 0.0139826
0.52995 0.0139859
0.5303 0.0139876
0.53065 0.0139876
0.531 0.0139876
0.53135 0.0139937999999999
0.5317 0.0139937999999999
0.53205 0.0139941
0.5324 0.0139936
0.53275 0.0139936
0.5331 0.0139936
0.53345 0.0139948999999999
0.5338 0.0139948999999999
0.53415 0.0139972
0.5345 0.0139972
0.53485 0.0139953
0.5352 0.0139920999999999
0.53555 0.0139873999999999
0.5359 0.013984
0.53625 0.0139757
0.5366 0.0139716
0.53695 0.0139665
0.5373 0.0139651
0.53765 0.0139527
0.538 0.0139418999999999
0.53835 0.0139341
0.5387 0.0139282
0.53905 0.0139197
0.5394 0.0139055
0.53975 0.0139006
0.5401 0.0138874
0.54045 0.0138609
0.5408 0.0138342999999999
0.54115 0.0137995
0.5415 0.0137668999999999
0.54185 0.013728
0.5422 0.0137069
0.54255 0.013704
0.5429 0.0137066
0.54325 0.0137066
0.5436 0.0137261
0.54395 0.0137677
0.5443 0.0138155
0.54465 0.0138747
0.545 0.0139230999999999
0.54535 0.0139236999999999
0.5457 0.0139711
0.54605 0.0140041
0.5464 0.0140247999999999
0.54675 0.0140516
0.5471 0.0140704
0.54745 0.0140811
0.5478 0.0140912
0.54815 0.0140941
0.5485 0.0141014
0.54885 0.0141058
0.5492 0.0141101
0.54955 0.0141107
0.5499 0.0141175
0.55025 0.0141182999999999
0.5506 0.0141222999999999
0.55095 0.0141244
0.5513 0.0141245
0.55165 0.0141281
0.552 0.0141287
0.55235 0.014131
0.5527 0.014131
0.55305 0.0141315
0.5534 0.0141338
0.55375 0.0141347
0.5541 0.0141351
0.55445 0.0141351
0.5548 0.0141351
0.55515 0.0141362
0.5555 0.0141362
0.55585 0.0141374
0.5562 0.0141396
0.55655 0.0141405
0.5569 0.0141407
0.55725 0.0141421999999999
0.5576 0.0141446
0.55795 0.0141461
0.5583 0.0141466
0.55865 0.0141474
0.559 0.0141503
0.55935 0.0141505
0.5597 0.0141531
0.56005 0.0141537999999999
0.5604 0.0141543999999999
0.56075 0.0141567999999999
0.5611 0.0141572999999999
0.56145 0.0141582
0.5618 0.0141586
0.56215 0.0141587
0.5625 0.0141599
0.56285 0.0141611
0.5632 0.0141611
0.56355 0.0141603999999999
0.5639 0.0141599999999999
0.56425 0.0141602999999999
0.5646 0.0141602999999999
0.56495 0.0141602999999999
0.5653 0.0141596
0.56565 0.0141577
0.566 0.0141562999999999
0.56635 0.0141532999999999
0.5667 0.0141526
0.56705 0.0141523
0.5674 0.0141513
0.56775 0.0141511
0.5681 0.0141461
0.56845 0.0141456
0.5688 0.0141442
0.56915 0.0141437999999999
0.5695 0.0141394
0.56985 0.0141375
0.5702 0.0141375
0.57055 0.014143
0.5709 0.014143
0.57125 0.0141377999999999
0.5716 0.0141377
0.57195 0.0141346
0.5723 0.0141335
0.57265 0.0141315
0.573 0.0141268
0.57335 0.0141193999999999
0.5737 0.0141143
0.57405 0.0141098999999999
0.5744 0.0140974999999999
0.57475 0.0140895
0.5751 0.0140787999999999
0.57545 0.0140872999999999
0.5758 0.0140872999999999
0.57615 0.0140872999999999
0.5765 0.0140887
0.57685 0.0141013
0.5772 0.0141058
0.57755 0.0141132
0.5779 0.0141193999999999
0.57825 0.0141272999999999
0.5786 0.0141412999999999
0.57895 0.0141423
0.5793 0.0141538999999999
0.57965 0.0141631
0.58 0.014173
0.58035 0.0141821
0.5807 0.0141882
0.58105 0.014196
0.5814 0.0141996
0.58175 0.0142008999999999
0.5821 0.0142064
0.58245 0.0142079
0.5828 0.0142099
0.58315 0.0142128999999999
0.5835 0.0142161
0.58385 0.0142168
0.5842 0.0142174
0.58455 0.0142183
0.5849 0.0142183
0.58525 0.0142198999999999
0.5856 0.0142198999999999
0.58595 0.0142198999999999
0.5863 0.0142196
0.58665 0.0142196
0.587 0.0142187999999999
0.58735 0.0142183999999999
0.5877 0.0142167
0.58805 0.0142110999999999
0.5884 0.0142110999999999
0.58875 0.0142106
0.5891 0.0142092
0.58945 0.0142092
0.5898 0.0142002999999999
0.59015 0.0142002999999999
0.5905 0.0142007999999999
0.59085 0.0142007999999999
0.5912 0.0141934
0.59155 0.0141885
0.5919 0.0141885
0.59225 0.0141854999999999
0.5926 0.0141829
0.59295 0.0141786
0.5933 0.0141786
0.59365 0.0141701
0.594 0.0141611
0.59435 0.0141282
0.5947 0.0141282
0.59505 0.0141397
0.5954 0.0141397
0.59575 0.0141365
0.5961 0.0141333
0.59645 0.0141333
0.5968 0.0141347999999999
0.59715 0.0141399
0.5975 0.0141399
0.59785 0.0141377
0.5982 0.0141377
0.59855 0.0141465
0.5989 0.0141479999999999
0.59925 0.0141494
0.5996 0.0141549
0.59995 0.014162
0.6003 0.0141642
0.60065 0.0141669999999999
0.601 0.0141685
0.60135 0.014176
0.6017 0.0141789999999999
0.60205 0.0141853999999999
0.6024 0.0141906
0.60275 0.014194
0.6031 0.0141952
0.60345 0.0141987
0.6038 0.0141991
0.60415 0.0141991
0.6045 0.0141985
0.60485 0.0141963
0.6052 0.0141944
0.60555 0.0141919999999999
0.6059 0.0141872
0.60625 0.0141795999999999
0.6066 0.014173
0.60695 0.0141723999999999
0.6073 0.0141662
0.60765 0.014156
0.608 0.0141448999999999
0.60835 0.0141305
0.6087 0.0141229999999999
0.60905 0.0141203
0.6094 0.0141192999999999
0.60975 0.0141188999999999
0.6101 0.0141141
0.61045 0.0141038999999999
0.6108 0.0140871
0.61115 0.0140668
0.6115 0.0140353999999999
0.61185 0.0139912999999999
0.6122 0.0139395
0.61255 0.0139393
0.6129 0.0138733
0.61325 0.0137833
0.6136 0.0136765
0.61395 0.0135967
0.6143 0.0135221
0.61465 0.0134612
0.615 0.0134323999999999
0.61535 0.013432
0.6157 0.0134008999999999
0.61605 0.013334
0.6164 0.0132909999999999
0.61675 0.0132568
0.6171 0.0131571
0.61745 0.0129755
0.6178 0.0127905
0.61815 0.0127896
0.6185 0.012645
0.61885 0.0125675
0.6192 0.0125277
0.61955 0.0125277
0.6199 0.0125849999999999
0.62025 0.012688
0.6206 0.012801
0.62095 0.012802
0.6213 0.0128635
0.62165 0.0129416
0.622 0.0130807
0.62235 0.0132321
0.6227 0.0133501
0.62305 0.0134669999999999
0.6234 0.0135863
0.62375 0.0135868
0.6241 0.0137016999999999
0.62445 0.0137941
0.6248 0.0138652
0.62515 0.0139198999999999
0.6255 0.0139702
0.62585 0.0140156
0.6262 0.0140477
0.62655 0.0140486999999999
0.6269 0.0140692999999999
0.62725 0.0140865
0.6276 0.0140999
0.62795 0.0141121
0.6283 0.0141323999999999
0.62865 0.0141421
0.629 0.0141492
0.62935 0.0141497999999999
0.6297 0.0141566
0.63005 0.014163
0.6304 0.0141699
0.63075 0.0141723999999999
0.6311 0.0141725
0.63145 0.0141723999999999
0.6318 0.0141670999999999
0.63215 0.0141670999999999
0.6325 0.0141774
0.63285 0.0141785
0.6332 0.0141792
0.63355 0.0141798
0.6339 0.0141793999999999
0.63425 0.0141798
0.6346 0.0141793999999999
0.63495 0.0141785
0.6353 0.0141777
0.63565 0.0141764999999999
0.636 0.0141739
0.63635 0.0141725
0.6367 0.0141682
0.63705 0.0141682
0.6374 0.0141682
0.63775 0.0141654
0.6381 0.0141654
0.63845 0.014163
0.6388 0.0141586
0.63915 0.0141537999999999
0.6395 0.0141536
0.63985 0.0141519
0.6402 0.0141485
0.64055 0.0141479999999999
0.6409 0.0141424
0.64125 0.0141334
0.6416 0.0141278
0.64195 0.0141215
0.6423 0.0141185
0.64265 0.0141162
0.643 0.0141151
0.64335 0.0141133999999999
0.6437 0.0141133999999999
0.64405 0.0141157
0.6444 0.0141179
0.64475 0.0141179
0.6451 0.0141142
0.64545 0.0141068999999999
0.6458 0.0141068
0.64615 0.0140895
0.6465 0.0140895
0.64685 0.0140912
0.6472 0.0141006
0.64755 0.0141006
0.6479 0.0140834
0.64825 0.0140742
0.6486 0.0140607
0.64895 0.0140602999999999
0.6493 0.0140501
0.64965 0.0140458
0.65 0.0140399
0.65035 0.0140339
0.6507 0.0140308
0.65105 0.0140146
0.6514 0.0140146
0.65175 0.0140146
0.6521 0.014018
0.65245 0.0140128999999999
0.6528 0.0140128999999999
0.65315 0.0139982
0.6535 0.0139872
0.65385 0.01396
0.6542 0.0139572999999999
0.65455 0.0139477
0.6549 0.0139471
0.65525 0.0139399
0.6556 0.0139162999999999
0.65595 0.0138801
0.6563 0.0138801
0.65665 0.0138827
0.657 0.013888
0.65735 0.013888
0.6577 0.0138802
0.65805 0.0138746
0.6584 0.0138661
0.65875 0.0138513
0.6591 0.0138441
0.65945 0.0138424
0.6598 0.0138421999999999
0.66015 0.0138424
0.6605 0.0138421999999999
0.66085 0.0138382999999999
0.6612 0.0138275
0.66155 0.0138144
0.6619 0.0137965
0.66225 0.0137741
0.6626 0.0137553
0.66295 0.0137547
0.6633 0.0137443999999999
0.66365 0.0137413999999999
0.664 0.013739
0.66435 0.0137346
0.6647 0.0137326
0.66505 0.0137187
0.6654 0.013681
0.66575 0.0136801
0.6661 0.013636
0.66645 0.0136161
0.6668 0.0136161
0.66715 0.0136295999999999
0.6675 0.0136304
0.66785 0.01364
0.6682 0.0136579
0.66855 0.01366
0.6689 0.0136727
0.66925 0.013693
0.6696 0.0137222999999999
0.66995 0.0137552
0.6703 0.0137877
0.67065 0.0138157
0.671 0.0138344
0.67135 0.0138372
0.6717 0.0138657
0.67205 0.0138999
0.6724 0.0139252999999999
0.67275 0.0139499
0.6731 0.0139668999999999
0.67345 0.0139812999999999
0.6738 0.0139918
0.67415 0.0139926
0.6745 0.0140014999999999
0.67485 0.0140142
0.6752 0.0140291
0.67555 0.0140384999999999
0.6759 0.0140424
0.67625 0.0140463
0.6766 0.0140491
0.67695 0.0140501
0.6773 0.0140523
0.67765 0.0140535
0.678 0.0140535
0.67835 0.0140501
0.6787 0.0140455
0.67905 0.0140347
0.6794 0.014021
0.67975 0.0140206
0.6801 0.0140057999999999
0.68045 0.0139947
0.6808 0.0139847999999999
0.68115 0.0139791
0.6815 0.0139602999999999
0.68185 0.0139273
0.6822 0.013897
0.68255 0.0138952
0.6829 0.0138952
0.68325 0.0138972999999999
0.6836 0.0139038999999999
0.68395 0.013906
0.6843 0.0139189999999999
0.68465 0.0139295999999999
0.685 0.0139297
0.68535 0.01393
0.6857 0.013936
0.68605 0.0139422
0.6864 0.0139422
0.68675 0.0139377999999999
0.6871 0.0139377999999999
0.68745 0.0139736999999999
0.6878 0.0139761
0.68815 0.0139761
0.6885 0.013965
0.68885 0.0139624
0.6892 0.0139624
0.68955 0.0139817
0.6899 0.0139876
0.69025 0.0139844
0.6906 0.0139844
0.69095 0.0139838
0.6913 0.0139827
0.69165 0.0139808
0.692 0.0139794999999999
0.69235 0.0139755
0.6927 0.0139691
0.69305 0.0139657999999999
0.6934 0.0139554
0.69375 0.0139467
0.6941 0.0139467
0.69445 0.0139322
0.6948 0.0139248999999999
0.69515 0.0139046999999999
0.6955 0.0138778
0.69585 0.0138082999999999
0.6962 0.0138082999999999
0.69655 0.0138082999999999
0.6969 0.0137672
0.69725 0.0137184
0.6976 0.0137157
0.69795 0.0136655
0.6983 0.0136479999999999
0.69865 0.0136208
0.699 0.0135477999999999
0.69935 0.0135419999999999
0.6997 0.0134549
0.70005 0.0133689999999999
0.7004 0.0133176
0.70075 0.0132731
0.7011 0.0132229
0.70145 0.0131583
0.7018 0.0131034999999999
0.70215 0.0130798
0.7025 0.0131034999999999
0.70285 0.0131092
0.7032 0.0131722
0.70355 0.0131722
0.7039 0.013151
0.70425 0.013151
0.7046 0.013174
0.70495 0.0131759999999999
0.7053 0.0132992
0.70565 0.0134204
0.706 0.0134279
0.70635 0.0134524
0.7067 0.0134543
0.70705 0.0134927
0.7074 0.013518
0.70775 0.0135390999999999
0.7081 0.0135867
0.70845 0.0136265999999999
0.7088 0.0136461
0.70915 0.0136472999999999
0.7095 0.0136519
0.70985 0.013668
0.7102 0.0137086
0.71055 0.0137095
0.7109 0.0137442
0.71125 0.0137700999999999
0.7116 0.0137700999999999
0.71195 0.0137598999999999
0.7123 0.013744
0.71265 0.013744
0.713 0.0137594
0.71335 0.0137602
0.7137 0.0137753999999999
0.71405 0.0137753999999999
0.7144 0.01375
0.71475 0.0136994
0.7151 0.0136336
0.71545 0.0135251
0.7158 0.0133777999999999
0.71615 0.0133744
0.7165 0.0131757
0.71685 0.012966
0.7172 0.0127122
0.71755 0.0124693
0.7179 0.0122507
0.71825 0.012053
0.7186 0.0119074
0.71895 0.0118524
0.7193 0.0116965
0.71965 0.0114203999999999
0.72 0.0111229
0.72035 0.0109693
0.7207 0.0109334
0.72105 0.0108227
0.7214 0.0106577
0.72175 0.0106572
0.7221 0.0105696
0.72245 0.0105542
0.7228 0.0104369
0.72315 0.0101942
0.7235 0.0098995
0.72385 0.0095922999999999
0.7242 0.0091925
0.72455 0.0091749
0.7249 0.0085171
0.72525 0.00782
0.7256 0.0074117
0.72595 0.0074117
0.7263 0.0073861
0.72665 0.0072447
0.727 0.0067439
0.72735 0.0067417
0.7277 0.0067417
0.72805 0.0071625
0.7284 0.0078179
0.72875 0.0082536
0.7291 0.0084402
0.72945 0.0085836
0.7298 0.0087619
0.73015 0.0087645
0.7305 0.0091277999999999
0.73085 0.0096137
0.7312 0.0100694999999999
0.73155 0.0103747
0.7319 0.0105481
0.73225 0.0106629
0.7326 0.0107547
0.73295 0.0107719
0.7333 0.0109932
0.73365 0.0113285
0.734 0.0115671
0.73435 0.0117572
0.7347 0.0119814
0.73505 0.0120869
0.7354 0.0122516
0.73575 0.0122519
0.7361 0.0124525
0.73645 0.0126107999999999
0.7368 0.0126334999999999
0.73715 0.0127438
0.7375 0.0129371
0.73785 0.0130456
0.7382 0.0131633999999999
0.73855 0.0131682999999999
0.7389 0.0132847999999999
0.73925 0.0133657
0.7396 0.0134786
0.73995 0.0135447
0.7403 0.0136048
0.74065 0.0136649
0.741 0.0137157999999999
0.74135 0.0137218
0.7417 0.0137491
0.74205 0.0137768
0.7424 0.0138041
0.74275 0.0138168999999999
0.7431 0.0138357
0.74345 0.0138522
0.7438 0.0138595
0.74415 0.0138613
0.7445 0.0138627999999999
0.74485 0.0138627999999999
0.7452 0.0138623999999999
0.74555 0.0138623999999999
0.7459 0.0138627
0.74625 0.0138627
0.7466 0.0138583
0.74695 0.0138564
0.7473 0.0138554
0.74765 0.0138515999999999
0.748 0.0138515999999999
0.74835 0.0138515999999999
0.7487 0.0138503999999999
0.74905 0.0138503999999999
0.7494 0.0138456999999999
0.74975 0.0138437
0.7501 0.013837
0.75045 0.013837
0.7508 0.0138423
0.75115 0.0138439
0.7515 0.0138439
0.75185 0.0138372
0.7522 0.0138285
0.75255 0.0138285
0.7529 0.0138293999999999
0.75325 0.0138383999999999
0.7536 0.0138383999999999
0.75395 0.0138382
0.7543 0.0138317
0.75465 0.0138256
0.755 0.0138219
0.75535 0.0138206
0.7557 0.0138164
0.75605 0.0138097999999999
0.7564 0.0138006
0.75675 0.0137894
0.7571 0.0137788999999999
0.75745 0.0137670999999999
0.7578 0.0137536
0.75815 0.0137525
0.7585 0.0137437999999999
0.75885 0.013734
0.7592 0.013712
0.75955 0.0136524
0.7599 0.0136275
0.76025 0.0136022
0.7606 0.013585
0.76095 0.013585
0.7613 0.0135984
0.76165 0.0135984
0.762 0.0135291
0.76235 0.0134954
0.7627 0.0134787
0.76305 0.0134666
0.7634 0.0134665
0.76375 0.0134655
0.7641 0.0134510999999999
0.76445 0.0134193999999999
0.7648 0.0134147
0.76515 0.0134147
0.7655 0.0134307
0.76585 0.0134307
0.7662 0.0134159999999999
0.76655 0.0134159
0.7669 0.0133669999999999
0.76725 0.0133669999999999
0.7676 0.0134016
0.76795 0.0134457999999999
0.7683 0.0134457999999999
0.76865 0.0134272
0.769 0.0134216
0.76935 0.0134216
0.7697 0.0134311
0.77005 0.0134311
0.7704 0.0134249
0.77075 0.0134012
0.7711 0.0133975
0.77145 0.0133917
0.7718 0.0133863
0.77215 0.0133862
0.7725 0.013333
0.77285 0.0132316
0.7732 0.0131369
0.77355 0.0131369
0.7739 0.013149
0.77425 0.0131932
0.7746 0.0131935
0.77495 0.0131935
0.7753 0.0131586
0.77565 0.0130989
0.776 0.0130507999999999
0.77635 0.0130222999999999
0.7767 0.0130078
0.77705 0.0129781
0.7774 0.0129366
0.77775 0.0129346
0.7781 0.0128743
0.77845 0.0128166
0.7788 0.0127643999999999
0.77915 0.0127012
0.7795 0.0125753
0.77985 0.012435
0.7802 0.0122595
0.78055 0.0122574
0.7809 0.0120651
0.78125 0.0119794
0.7816 0.0119442
0.78195 0.0119229
0.7823 0.0119111
0.78265 0.0118803
0.783 0.0117717
0.78335 0.0117701
0.7837 0.011584
0.78405 0.011584
0.7844 0.0117959
0.78475 0.0120915
0.7851 0.0121198
0.78545 0.0121198
0.7858 0.0120442999999999
0.78615 0.012044
0.7865 0.012044
0.78685 0.0120875
0.7872 0.0121525
0.78755 0.0122098
0.7879 0.0122656
0.78825 0.0123177
0.7886 0.0123462
0.78895 0.0123498
0.7893 0.0123688
0.78965 0.0123769
0.79 0.0123845
0.79035 0.0123845
0.7907 0.0123383
0.79105 0.0122869
0.7914 0.0121854
0.79175 0.0121835
0.7921 0.0120545
0.79245 0.0119118
0.7928 0.0117853
0.79315 0.0117853
0.7935 0.0117862
0.79385 0.0117862
0.7942 0.0116449
0.79455 0.0116432999999999
0.7949 0.0115154
0.79525 0.0114486
0.7956 0.0114486
0.79595 0.0114575
0.7963 0.0114575
0.79665 0.0113745
0.797 0.0112968999999999
0.79735 0.0112932
0.7977 0.0112932
0.79805 0.0112997999999999
0.7984 0.0113381
0.79875 0.0113559
0.7991 0.0113717
0.79945 0.0114944
0.7998 0.0116039
0.80015 0.0116055
0.8005 0.0116316
0.80085 0.0117402999999999
0.8012 0.0117492
0.80155 0.0117511
0.8019 0.0117511
0.80225 0.0118754999999999
0.8026 0.0119756
0.80295 0.0119803
0.8033 0.0120527999999999
0.80365 0.0120797
0.804 0.0121129
0.80435 0.0121313999999999
0.8047 0.0122285
0.80505 0.012293
0.8054 0.0123276
0.80575 0.0123295
0.8061 0.0123828999999999
0.80645 0.0124672999999999
0.8068 0.0125617
0.80715 0.0126389
0.8075 0.0126685
0.80785 0.0126782999999999
0.8082 0.0127213
0.80855 0.0127213
0.8089 0.0127102
0.80925 0.0126966
0.8096 0.0126966
0.80995 0.0127657
0.8103 0.0127919
0.81065 0.0128022
0.811 0.0128324999999999
0.81135 0.0128535
0.8117 0.012941
0.81205 0.0130052
0.8124 0.0130597999999999
0.81275 0.0130764999999999
0.8131 0.0131098999999999
0.81345 0.013147
0.8138 0.013208
0.81415 0.0132112
0.8145 0.0132112
0.81485 0.013202
0.8152 0.013202
0.81555 0.013297
0.8159 0.0133151
0.81625 0.0133524
0.8166 0.0133602999999999
0.81695 0.0133879
0.8173 0.0134052
0.81765 0.0134052
0.818 0.0134052
0.81835 0.0134486
0.8187 0.0134666
0.81905 0.0134812999999999
0.8194 0.0134857
0.81975 0.0134904
0.8201 0.0135
0.82045 0.0135394
0.8208 0.0135514
0.82115 0.0135532999999999
0.8215 0.0135614
0.82185 0.0135614
0.8222 0.0135518
0.82255 0.0135509
0.8229 0.0135509
0.82325 0.0135225
0.8236 0.0135382999999999
0.82395 0.0135382999999999
0.8243 0.0135815
0.82465 0.0135854999999999
0.825 0.0135833
0.82535 0.0135833
0.8257 0.0135733
0.82605 0.0135733
0.8264 0.0135889999999999
0.82675 0.0135889999999999
0.8271 0.0135854999999999
0.82745 0.0135854999999999
0.8278 0.013563
0.82815 0.0135819
0.8285 0.0135819
0.82885 0.0135819
0.8292 0.0135864
0.82955 0.0135935
0.8299 0.0135935
0.83025 0.0136029
0.8306 0.0136029
0.83095 0.0136029
0.8313 0.0136026
0.83165 0.0135991
0.832 0.0135754
0.83235 0.013572
0.8327 0.0135365
0.83305 0.0135365
0.8334 0.013516
0.83375 0.0134965
0.8341 0.0134335
0.83445 0.0133879
0.8348 0.0133161
0.83515 0.0131589
0.8355 0.0130721
0.83585 0.0129448999999999
0.8362 0.0128328
0.83655 0.0128326
0.8369 0.0127165
0.83725 0.0126002
0.8376 0.0124616
0.83795 0.0122816
0.8383 0.0119905
0.83865 0.01196
0.839 0.0119595
0.83935 0.01196
0.8397 0.012118
0.84005 0.012118
0.8404 0.012058
0.84075 0.0118215
0.8411 0.011534
0.84145 0.011534
0.8418 0.0115584
0.84215 0.0115591
0.8425 0.0119718999999999
0.84285 0.0123807
0.8432 0.0123807
0.84355 0.0123556
0.8439 0.0121823
0.84425 0.0121823
0.8446 0.0122931
0.84495 0.012304
0.8453 0.0125154
0.84565 0.0126322999999999
0.846 0.0126915999999999
0.84635 0.0128208
0.8467 0.0128208
0.84705 0.0128065
0.8474 0.0127899
0.84775 0.0127891
0.8481 0.0127891
0.84845 0.0128286
0.8488 0.0128493
0.84915 0.012958
0.8495 0.012958
0.84985 0.0129191
0.8502 0.0128297
0.85055 0.0126723
0.8509 0.0126723
0.85125 0.0126723
0.8516 0.0126399
0.85195 0.012541
0.8523 0.012541
0.85265 0.0124186
0.853 0.0122296
0.85335 0.0122113999999999
0.8537 0.0120561
0.85405 0.0119
0.8544 0.0117218999999999
0.85475 0.0115398
0.8551 0.0115334
0.85545 0.0113859
0.8558 0.0112645
0.85615 0.011137
0.8565 0.0109726
0.85685 0.0107341
0.8572 0.0103622
0.85755 0.0100253
0.8579 0.0093786
0.85825 0.0093786
0.8586 0.0093786
0.85895 0.0093578
0.8593 0.0092671
0.85965 0.0091362
0.86 0.0086877
0.86035 0.0081521999999999
0.8607 0.0077899
0.86105 0.0073432
0.8614 0.006981
0.86175 0.0069138
0.8621 0.0065046999999999
0.86245 0.0065046999999999
0.8628 0.0063648
0.86315 0.0064352
0.8635 0.0063809
0.86385 0.0063809
0.8642 0.0061623
0.86455 0.0060938999999999
0.8649 0.0061623
0.86525 0.0067182
0.8656 0.0068018999999999
0.86595 0.0071820999999999
0.8663 0.0073703
0.86665 0.0073703
0.867 0.0070815
0.86735 0.0070815
0.8677 0.0072669
0.86805 0.0081776
0.8684 0.0085607999999999
0.86875 0.0091144
0.8691 0.0092215
0.86945 0.0095723
0.8698 0.0095727
0.87015 0.0096164
0.8705 0.0096164
0.87085 0.0095977
0.8712 0.009257
0.87155 0.0095977
0.8719 0.0098911
0.87225 0.0105832
0.8726 0.0102017
0.87295 0.0102017
0.8733 0.0102017
0.87365 0.0106419
0.874 0.0107199
0.87435 0.0108922
0.8747 0.0108922
0.87505 0.0108922
0.8754 0.011073
0.87575 0.0106759
0.8761 0.0105221
0.87645 0.0105221
0.8768 0.0105221
0.87715 0.0104781
0.8775 0.0096543
0.87785 0.0096543
0.8782 0.009478
0.87855 0.009478
0.8789 0.0098953
0.87925 0.0098953
0.8796 0.0066863
0.87995 0.0053398
0.8803 0.0053398
0.88065 0.0052099
0.881 0.0041438999999999
0.88135 0.0040707
0.8817 0.0029168
0.88205 0.0020534
0.8824 0.0015496
0.88275 0.001548
0.8831 0.0014880999999999
0.88345 0.0014869999999999
0.8838 0.0014800999999999
0.88415 0.0014869999999999
0.8845 0.0016684999999999
0.88485 0.001971
0.8852 0.0020869
0.88555 0.0020869
0.8859 0.0019192999999999
0.88625 0.0016309999999999
0.8866 0.0013309
0.88695 0.0012329
0.8873 0.0012154
0.88765 0.0012154
0.888 0.0012875999999999
0.88835 0.0013474
0.8887 0.0014001
0.88905 0.0013474
0.8894 0.0015142999999999
0.88975 0.0015651
0.8901 0.0016058
0.89045 0.0015743
0.8908 0.0015743
0.89115 0.0015688
0.8915 0.0015688
0.89185 0.001697
0.8922 0.001697
0.89255 0.0016864
0.8929 0.0016843
0.89325 0.0016678
0.8936 0.0015586999999999
0.89395 0.0014847999999999
0.8943 0.0014847999999999
0.89465 0.0015344
0.895 0.0015344
0.89535 0.0014939999999999
0.8957 0.0014939999999999
0.89605 0.0015467
0.8964 0.00173
0.89675 0.002088
0.8971 0.0021685
0.89745 0.0024606
0.8978 0.0023815999999999
0.89815 0.0025180999999999
0.8985 0.0023815999999999
0.89885 0.0024221
0.8992 0.0023509
0.89955 0.0024221
0.8999 0.0025338
0.90025 0.0032174
0.9006 0.0036499
0.90095 0.0036608
0.9013 0.0040608
0.90165 0.0045447
0.902 0.0048429
0.90235 0.0050163
0.9027 0.0053431999999999
0.90305 0.0062229999999999
0.9034 0.0063018
0.90375 0.0062229999999999
0.9041 0.0068444999999999
0.90445 0.0079143999999999
0.9048 0.0080147999999999
0.90515 0.0084416
0.9055 0.0087269
0.90585 0.0096639
0.9062 0.0096639
0.90655 0.009031
0.9069 0.009031
0.90725 0.0100535
0.9076 0.0100535
0.90795 0.0106769999999999
0.9083 0.0094473999999999
0.90865 0.0109247
0.909 0.0107072
0.90935 0.0107072
0.9097 0.009802
0.91005 0.009802
0.9104 0.0112944999999999
0.91075 0.0112944999999999
0.9111 0.0112944999999999
0.91145 0.0112552
0.9118 0.0112552
0.91215 0.0110745
0.9125 0.0110051
0.91285 0.0108732
0.9132 0.0108732
0.91355 0.0109435
0.9139 0.0111404
0.91425 0.0114581
0.9146 0.0114721
0.91495 0.0115436
0.9153 0.0115436
0.91565 0.0113327
0.916 0.0113327
0.91635 0.0110607
0.9167 0.0115047999999999
0.91705 0.0117559
0.9174 0.012026
0.91775 0.012026
0.9181 0.0120591
0.91845 0.0121792
0.9188 0.0121792
0.91915 0.0122039
0.9195 0.0122402999999999
0.91985 0.0122402999999999
0.9202 0.0121719
0.92055 0.0120299
0.9209 0.0121719
0.92125 0.0120576
0.9216 0.0120576
0.92195 0.0111285
0.9223 0.0090776
0.92265 0.0111285
0.923 0.0124892999999999
0.92335 0.0124892999999999
0.9237 0.0124892999999999
0.92405 0.0124687
0.9244 0.0124687
0.92475 0.0121857999999999
0.9251 0.0120626
0.92545 0.0121857999999999
0.9258 0.0121761
0.92615 0.0121761
0.9265 0.0121761
0.92685 0.0096554
0.9272 0.0125979
0.92755 0.0125979
0.9279 0.0125979
0.92825 0.0124521
0.9286 0.0123652
0.92895 0.0124521
0.9293 0.0126161
0.92965 0.0126626
0.93 0.0126161
0.93035 0.0108929
0.9307 0.010694
0.93105 0.0104622
0.9314 0.0104622
0.93175 0.0104622
0.9321 0.0109604
0.93245 0.0109604
0.9328 0.0127263
0.93315 0.0127263
0.9335 0.0122047999999999
0.93385 0.0121232999999999
0.9342 0.0121184
0.93455 0.0121184
0.9349 0.0121184
0.93525 0.0115453999999999
0.9356 0.0130254999999999
0.93595 0.012272
0.9363 0.0128734
0.93665 0.0125576
0.937 0.0128545
0.93735 0.0126223999999999
0.9377 0.0126223999999999
0.93805 0.0122251
0.9384 0.0102218999999999
0.93875 0.0102218999999999
0.9391 0.0124879
0.93945 0.0124879
0.9398 0.0122297999999999
0.94015 0.0122297999999999
0.9405 0.0118604
0.94085 0.0129836
0.9412 0.0127941
0.94155 0.013137
0.9419 0.0130973999999999
0.94225 0.0130973999999999
0.9426 0.0130877
0.94295 0.0128727
0.9433 0.0128727
0.94365 0.0128727
0.944 0.0128322
0.94435 0.0128322
0.9447 0.0129584
0.94505 0.0129584
0.9454 0.0129133999999999
0.94575 0.0127435
0.9461 0.0128691
0.94645 0.0127435
0.9468 0.0126492999999999
0.94715 0.0117422
0.9475 0.0117422
0.94785 0.0124795
0.9482 0.0126274
0.94855 0.0126567
0.9489 0.0126274
0.94925 0.0125818
0.9496 0.0125818
0.94995 0.0127179
0.9503 0.0127179
0.95065 0.0126714
0.951 0.0124993
0.95135 0.012361
0.9517 0.012361
0.95205 0.0124119
0.9524 0.012529
0.95275 0.012529
0.9531 0.0126915
0.95345 0.0127899
0.9538 0.0128329
0.95415 0.0128329
0.9545 0.0128247999999999
0.95485 0.0127377999999999
0.9552 0.0126834999999999
0.95555 0.0126127
0.9559 0.0125611
0.95625 0.0125565
0.9566 0.0124539
0.95695 0.0124127
0.9573 0.0123417
0.95765 0.0123417
0.958 0.0123417
0.95835 0.0123214
0.9587 0.0123134
0.95905 0.01222
0.9594 0.0120531
0.95975 0.0120384
0.9601 0.0119715
0.96045 0.0118593
0.9608 0.0115719
0.96115 0.0114266
0.9615 0.0112929
0.96185 0.011037
0.9622 0.0107151
0.96255 0.0106607
0.9629 0.01022
0.96325 0.0098716
0.9636 0.0094071
0.96395 0.009359
0.9643 0.0092955
0.96465 0.0091037
0.965 0.0087058
0.96535 0.0086834
0.9657 0.0083767
0.96605 0.0081297
0.9664 0.008013
0.96675 0.008013
0.9671 0.0079561
0.96745 0.0079766
0.9678 0.0079766
0.96815 0.0082687999999999
0.9685 0.0082687999999999
0.96885 0.0080082
0.9692 0.0076793999999999
0.96955 0.0075531999999999
0.9699 0.007265
0.97025 0.0064858
0.9706 0.0055114
0.97095 0.0053434
0.9713 0.0055114
0.97165 0.0061186
0.972 0.0068184
0.97235 0.0074003999999999
0.9727 0.0076408999999999
0.97305 0.0076408999999999
0.9734 0.007347
0.97375 0.0072391
0.9741 0.007169
0.97445 0.007169
0.9748 0.0073244
0.97515 0.0076176
0.9755 0.0077183999999999
0.97585 0.0082107
0.9762 0.0082107
0.97655 0.0080734
0.9769 0.0079929
0.97725 0.0076713
0.9776 0.0075683
0.97795 0.0075683
0.9783 0.0075126
0.97865 0.0072848999999999
0.979 0.0072848999999999
0.97935 0.0074994
0.9797 0.0074994
0.98005 0.0065517
0.9804 0.0060601
0.98075 0.0060601
0.9811 0.0060093
0.98145 0.0055077
0.9818 0.0052971
0.98215 0.0052651
0.9825 0.0047142
0.98285 0.0025693
0.9832 0.0036725
0.98355 0.0036725
0.9839 0.0037237999999999
0.98425 0.0037586
0.9846 0.0037237999999999
0.98495 0.0039251
0.9853 0.0024587
0.98565 0.0034259
0.986 0.0026881
0.98635 0.0031585999999999
0.9867 0.0031138
0.98705 0.0031138
0.9874 0.0026877
0.98775 0.0026605
0.9881 0.0023965999999999
0.98845 0.0014572
0.9888 0.0014572
0.98915 0.0017654
0.9895 0.0022524999999999
0.98985 0.0022221
0.9902 0.0026636999999999
0.99055 0.0022221
0.9909 0.0026636999999999
0.99125 0.0027981
0.9916 0.002924
0.99195 0.002924
0.9923 0.0030173
0.99265 0.0034475
0.993 0.0034475
0.99335 0.0034188
0.9937 0.0032295
0.99405 0.0032295
0.9944 0.0033253999999999
0.99475 0.0033253999999999
0.9951 0.0026833
0.99545 0.0026833
0.9958 0.001597
0.99615 0.0026605
0.9965 0.0012224
0.99685 0.0026605
0.9972 0.0034260999999999
0.99755 0.0035351
0.9979 0.0038207
0.99825 0.0035351
0.9986 0.0030679
0.99895 0.0029906
0.9993 0.0029831999999999
