0.3 0.7010426
0.30035 0.7012454
0.3007 0.7014477
0.30105 0.7016494000000001
0.3014 0.7018506999999999
0.30175 0.7020514
0.3021 0.7022517
0.30245 0.7024515
0.3028 0.7026507
0.30315 0.7028495
0.3035 0.7030476999999999
0.30385 0.7032455
0.3042 0.7034364000000001
0.30455 0.7036265
0.3049 0.7038161999999999
0.30525 0.7040056
0.3056 0.7041944
0.30595 0.7043829
0.3063 0.7045709
0.30665 0.7047585
0.307 0.7049456999999999
0.30735 0.7051324000000001
0.3077 0.7053188
0.30805 0.7055047
0.3084 0.7056901
0.30875 0.7058751999999999
0.3091 0.7060598000000001
0.30945 0.706244
0.3098 0.7064278
0.31015 0.7066111999999999
0.3105 0.7067941
0.31085 0.7069766
0.3112 0.7071586999999999
0.31155 0.7073404000000001
0.3119 0.7075216999999999
0.31225 0.7077038
0.3126 0.707886
0.31295 0.7080678
0.3133 0.7082491999999999
0.31365 0.7084302
0.314 0.7086108
0.31435 0.708791
0.3147 0.7089707
0.31505 0.7091501
0.3154 0.709329
0.31575 0.7095075
0.3161 0.7096857
0.31645 0.7098634
0.3168 0.7100407
0.31715 0.7102175999999999
0.3175 0.710394
0.31785 0.7105701
0.3182 0.7107458000000001
0.31855 0.710921
0.3189 0.7110958000000001
0.31925 0.7112703
0.3196 0.7114443
0.31995 0.7116179
0.3203 0.7117911
0.32065 0.7119638
0.321 0.7121361999999999
0.32135 0.7123082
0.3217 0.7124796999999999
0.32205 0.7126508
0.3224 0.7128215
0.32275 0.7129918000000001
0.3231 0.7131616999999999
0.32345 0.7133311999999999
0.3238 0.7135003000000001
0.32415 0.7136689
0.3245 0.7138372
0.32485 0.714005
0.3252 0.7141724
0.32555 0.7143394000000001
0.3259 0.7145060000000001
0.32625 0.7146720999999999
0.3266 0.7148379
0.32695 0.7150032
0.3273 0.7151681
0.32765 0.7153326
0.328 0.7154967
0.32835 0.7156603
0.3287 0.7158234
0.32905 0.7159861
0.3294 0.716148
0.32975 0.7163084
0.3301 0.7164594
0.33045 0.7166225
0.3308 0.716792
0.33115 0.7169536999999999
0.3315 0.7171141
0.33185 0.7172738000000001
0.3322 0.717433
0.33255 0.7175918000000001
0.3329 0.71775
0.33325 0.7179079
0.3336 0.7180653
0.33395 0.7182223000000001
0.3343 0.7183788000000001
0.33465 0.718535
0.335 0.7186906999999999
0.33535 0.718846
0.3357 0.7190008000000001
0.33605 0.7191553
0.3364 0.7193093
0.33675 0.7194629
0.3371 0.7196155
0.33745 0.7197651999999999
0.3378 0.7199145
0.33815 0.7200633000000001
0.3385 0.7202116
0.33885 0.7203595
0.3392 0.7205069000000001
0.33955 0.7206539000000001
0.3399 0.7208004
0.34025 0.7209464
0.3406 0.721092
0.34095 0.7212371
0.3413 0.7213818000000001
0.34165 0.721526
0.342 0.7216697
0.34235 0.721813
0.3427 0.7219558
0.34305 0.7220981
0.3434 0.72224
0.34375 0.7223815
0.3441 0.7225224
0.34445 0.7226629
0.3448 0.722803
0.34515 0.7229426
0.3455 0.7230816999999999
0.34585 0.7232204000000001
0.3462 0.7233586
0.34655 0.7234963000000001
0.3469 0.7236336
0.34725 0.7237704
0.3476 0.7239068000000001
0.34795 0.7240426999999999
0.3483 0.7241781
0.34865 0.7243130999999999
0.349 0.7244476
0.34935 0.7245816999999999
0.3497 0.7247153000000001
0.35005 0.7248484000000001
0.3504 0.7249810999999999
0.35075 0.7251133000000001
0.3511 0.7252451
0.35145 0.7253764
0.3518 0.7255071999999999
0.35215 0.7256376
0.3525 0.7257675
0.35285 0.7258969
0.3532 0.7260259
0.35355 0.7261545
0.3539 0.7262824999999999
0.35425 0.72641
0.3546 0.7265328000000001
0.35495 0.7266595
0.3553 0.7267853
0.35565 0.7269103
0.356 0.7269265
0.35635 0.7271375
0.3567 0.7272858
0.35705 0.7273274000000001
0.3574 0.7275146
0.35775 0.7276028
0.3581 0.7276656
0.35845 0.7278246
0.3588 0.7278962
0.35915 0.7280898
0.3595 0.7280923
0.35985 0.7280923
0.3602 0.7283153
0.36055 0.7283516
0.3609 0.7286011
0.36125 0.7287784
0.3616 0.7289329000000001
0.36195 0.7290828
0.3623 0.7291505
0.36265 0.729304
0.363 0.7294293000000001
0.36335 0.72955
0.3637 0.7296590999999999
0.36405 0.7297583000000001
0.3644 0.7298991
0.36475 0.7300175999999999
0.3651 0.7301307
0.36545 0.7302390999999999
0.3658 0.7303095000000001
0.36615 0.7304538
0.3665 0.7305765999999999
0.36685 0.7306753
0.3672 0.7307792
0.36755 0.7309029
0.3679 0.7309941999999999
0.36825 0.7311085
0.3686 0.7311496
0.36895 0.7313356
0.3693 0.7314202
0.36965 0.7315324000000001
0.37 0.7316102
0.37035 0.7316676999999999
0.3707 0.7316829
0.37105 0.7318293
0.3714 0.7320542
0.37175 0.7320973000000001
0.3721 0.7321977
0.37245 0.7322003
0.3728 0.7323111999999999
0.37315 0.7325324000000001
0.3735 0.7326199000000001
0.37385 0.7326481
0.3742 0.7328486
0.37455 0.7328486
0.3749 0.7328701999999999
0.37525 0.7326811
0.3756 0.7330859000000001
0.37595 0.7331238
0.3763 0.7332930999999999
0.37665 0.733477
0.377 0.7334906999999999
0.37735 0.7335311
0.3777 0.7336031
0.37805 0.7336031
0.3784 0.7337695
0.37875 0.7339494000000001
0.3791 0.7337695
0.37945 0.7339953
0.3798 0.7340659
0.38015 0.7340879
0.3805 0.7344098000000001
0.38085 0.7345495
0.3812 0.7346957
0.38155 0.7346957
0.3819 0.7346239999999999
0.38225 0.7346239999999999
0.3826 0.7348071999999999
0.38295 0.7352268
0.3833 0.7353006
0.38365 0.7354403
0.384 0.7354679000000001
0.38435 0.7356783
0.3847 0.7357646999999999
0.38505 0.7358642
0.3854 0.7359471
0.38575 0.7360455
0.3861 0.7361253000000001
0.38645 0.7361963
0.3868 0.7362924
0.38715 0.7363423000000001
0.3875 0.7364396
0.38785 0.7365022
0.3882 0.7365978
0.38855 0.7366279
0.3889 0.7366279
0.38925 0.7367302
0.3896 0.7368968000000001
0.38995 0.7368968000000001
0.3903 0.7369331
0.39065 0.7371174
0.391 0.7371746
0.39135 0.7371746
0.3917 0.7372379
0.39205 0.7373371
0.3924 0.7373371
0.39275 0.737408
0.3931 0.737536
0.39345 0.7376734
0.3938 0.7376734
0.39415 0.7376936
0.3945 0.7376684
0.39485 0.7376684
0.3952 0.7376684
0.39555 0.7377260999999999
0.3959 0.7377260999999999
0.39625 0.7377260999999999
0.3966 0.7379215
0.39695 0.7379215
0.3973 0.7382721
0.39765 0.738222
0.398 0.7382721
0.39835 0.7385294
0.3987 0.738662
0.39905 0.7386761
0.3994 0.7386795
0.39975 0.7389213000000001
0.4001 0.7389505999999999
0.40045 0.7389505999999999
0.4008 0.7389274
0.40115 0.7389274
0.4015 0.7392655
0.40185 0.7392655
0.4022 0.7393948
0.40255 0.7393967
0.4029 0.7394683000000001
0.40325 0.739474
0.4036 0.7396491
0.40395 0.7397176999999999
0.4043 0.7398328000000001
0.40465 0.7398680999999999
0.405 0.7399581000000001
0.40535 0.7400813
0.4057 0.7400813
0.40605 0.7400409
0.4064 0.7400409
0.40675 0.7401575
0.4071 0.7403121
0.40745 0.7404769
0.4078 0.7405583
0.40815 0.7406345999999999
0.4085 0.7406345999999999
0.40885 0.7407182
0.4092 0.7408618
0.40955 0.7409308000000001
0.4099 0.7409549
0.41025 0.7409824
0.4106 0.7410653
0.41095 0.7411345
0.4113 0.7411439999999999
0.41165 0.7411345
0.412 0.7412791
0.41235 0.7413223000000001
0.4127 0.7413223000000001
0.41305 0.7412935
0.4134 0.741152
0.41375 0.741152
0.4141 0.7414930000000001
0.41445 0.7414930000000001
0.4148 0.7411308000000001
0.41515 0.7407762
0.4155 0.7406767
0.41585 0.7399695
0.4162 0.7399695
0.41655 0.7411091
0.4169 0.7411091
0.41725 0.7407587
0.4176 0.739635
0.41795 0.7407587
0.4183 0.7419298000000001
0.41865 0.7419298000000001
0.419 0.741703
0.41935 0.741703
0.4197 0.7407623999999999
0.42005 0.74141
0.4204 0.74141
0.42075 0.7424286
0.4211 0.7425429
0.42145 0.7425429
0.4218 0.7423142
0.42215 0.742294
0.4225 0.742294
0.42285 0.742294
0.4232 0.7420139
0.42355 0.7405739
0.4239 0.7405739
0.42425 0.7410171
0.4246 0.7410171
0.42495 0.7419051
0.4253 0.7425214
0.42565 0.7425214
0.426 0.7404139
0.42635 0.7404139
0.4267 0.7417252
0.42705 0.7425957
0.4274 0.742835
0.42775 0.743197
0.4281 0.7431119
0.42845 0.7431119
0.4288 0.7431119
0.42915 0.7426710999999999
0.4295 0.7429265
0.42985 0.7429265
0.4302 0.7429265
0.43055 0.7431251
0.4309 0.7436275
0.43125 0.7436538
0.4316 0.7436538
0.43195 0.7441466
0.4323 0.7443491999999999
0.43265 0.7444153
0.433 0.7444568
0.43335 0.7444153
0.4337 0.7445044
0.43405 0.7443076999999999
0.4344 0.7444502
0.43475 0.7444502
0.4351 0.7444970999999999
0.43545 0.7445838
0.4358 0.7445027
0.43615 0.7445027
0.4365 0.7439482
0.43685 0.7439482
0.4372 0.7441053000000001
0.43755 0.744384
0.4379 0.7444468000000001
0.43825 0.7445748999999999
0.4386 0.7445748999999999
0.43895 0.7448585999999999
0.4393 0.7442960999999999
0.43965 0.7442607
0.44 0.7438208000000001
0.44035 0.7421755999999999
0.4407 0.7413448
0.44105 0.7416465999999999
0.4414 0.7413448
0.44175 0.7414270000000001
0.4421 0.7414270000000001
0.44245 0.7414270000000001
0.4428 0.7431954000000001
0.44315 0.7447005
0.4435 0.7447005
0.44385 0.7425281
0.4442 0.7425281
0.44455 0.7447798000000001
0.4449 0.7447798000000001
0.44525 0.7439967
0.4456 0.7439967
0.44595 0.744116
0.4463 0.7446579000000001
0.44665 0.7453960000000001
0.447 0.7454597
0.44735 0.7458060999999999
0.4477 0.7454597
0.44805 0.7458693000000001
0.4484 0.7460005000000001
0.44875 0.7462103
0.4491 0.746382
0.44945 0.746382
0.4498 0.7463141999999999
0.45015 0.7463141999999999
0.4505 0.7463141999999999
0.45085 0.7459935999999999
0.4512 0.7452949999999999
0.45155 0.7452557
0.4519 0.7451469000000001
0.45225 0.7452557
0.4526 0.7458791
0.45295 0.7458791
0.4533 0.7460858
0.45365 0.7462669
0.454 0.7462669
0.45435 0.7458897
0.4547 0.7455984
0.45505 0.7458897
0.4554 0.7458695
0.45575 0.7458695
0.4561 0.7454069999999999
0.45645 0.7454069999999999
0.4568 0.7451289000000001
0.45715 0.7463601
0.4575 0.7462791
0.45785 0.7462791
0.4582 0.7462791
0.45855 0.7461576999999999
0.4589 0.7461576999999999
0.45925 0.7458366
0.4596 0.7456510000000001
0.45995 0.7458366
0.4603 0.7463319
0.46065 0.7468734
0.461 0.747077
0.46135 0.7471646
0.4617 0.7473781999999999
0.46205 0.7474088000000001
0.4624 0.7474925
0.46275 0.7476503999999999
0.4631 0.7476507
0.46345 0.7476593
0.4638 0.7476507
0.46415 0.747648
0.4645 0.7476126999999999
0.46485 0.7475229999999999
0.4652 0.7468973000000001
0.46555 0.7468973000000001
0.4659 0.7465149999999999
0.46625 0.7465609999999999
0.4666 0.7463183000000001
0.46695 0.7464987
0.4673 0.7463183000000001
0.46765 0.7461928000000001
0.468 0.7455085
0.46835 0.7446381999999999
0.4687 0.7422243000000001
0.46905 0.7422081
0.4694 0.7422081
0.46975 0.7430855
0.4701 0.7432784
0.47045 0.7453050999999999
0.4708 0.7453050999999999
0.47115 0.7458283
0.4715 0.7447092
0.47185 0.7447092
0.4722 0.7428392
0.47255 0.7428392
0.4729 0.7442293000000001
0.47325 0.7446345999999999
0.4736 0.7454426
0.47395 0.7454426
0.4743 0.7468315
0.47465 0.7446191999999999
0.475 0.7468623999999999
0.47535 0.7434291999999999
0.4757 0.7469821999999999
0.47605 0.7460366
0.4764 0.7460366
0.47675 0.7460366
0.4771 0.7464615
0.47745 0.7474078000000001
0.4778 0.7466451
0.47815 0.7475059000000001
0.4785 0.7472833000000001
0.47885 0.7472833000000001
0.4792 0.7470968000000001
0.47955 0.7469941999999999
0.4799 0.7467371
0.48025 0.7466861
0.4806 0.7465629
0.48095 0.7462736999999999
0.4813 0.7461167
0.48165 0.7457343000000001
0.482 0.7449305
0.48235 0.7449305
0.4827 0.7450589
0.48305 0.7450589
0.4834 0.7435748999999999
0.48375 0.7423635000000001
0.4841 0.7410845
0.48445 0.7378851
0.4848 0.7360559
0.48515 0.7360559
0.4855 0.7360559
0.48585 0.7371420999999999
0.4862 0.7381209
0.48655 0.7399588
0.4869 0.7421239000000001
0.48725 0.7421239000000001
0.4876 0.7411658
0.48795 0.7411658
0.4883 0.7445341999999999
0.48865 0.7445341999999999
0.489 0.7460946999999999
0.48935 0.7426666000000001
0.4897 0.7460946999999999
0.49005 0.7456526
0.4904 0.7456526
0.49075 0.7456526
0.4911 0.745957
0.49145 0.7467999
0.4918 0.7468724
0.49215 0.7467999
0.4925 0.7462541
0.49285 0.7462541
0.4932 0.7464528
0.49355 0.7464528
0.4939 0.7479561
0.49425 0.7479561
0.4946 0.7479561
0.49495 0.7483885
0.4953 0.748315
0.49565 0.7489706
0.496 0.7486361
0.49635 0.7489087
0.4967 0.7488163000000001
0.49705 0.7488163000000001
0.4974 0.7487185000000001
0.49775 0.7487185000000001
0.4981 0.7486433000000001
0.49845 0.7482759
0.4988 0.7482759
0.49915 0.7478125
0.4995 0.7484878
0.49985 0.7477861
0.5002 0.7477861
0.50055 0.7456369
0.5009 0.7456369
0.50125 0.7464236
0.5016 0.7464236
0.50195 0.7459734
0.5023 0.7456016
0.50265 0.7423418
0.503 0.7376566999999999
0.50335 0.7392648
0.5037 0.7392648
0.50405 0.7392648
0.5044 0.7424798
0.50475 0.7447326999999999
0.5051 0.7448591
0.50545 0.7448591
0.5058 0.7432266
0.50615 0.7432266
0.5065 0.7393675000000001
0.50685 0.7413074000000001
0.5072 0.7413074000000001
0.50755 0.7429178000000001
0.5079 0.7429178000000001
0.50825 0.7426703
0.5086 0.7426703
0.50895 0.7426703
0.5093 0.7425520999999999
0.50965 0.7419636
0.51 0.7419636
0.51035 0.7433435
0.5107 0.7441175
0.51105 0.7446765999999999
0.5114 0.7446765999999999
0.51175 0.7446765999999999
0.5121 0.7456659000000001
0.51245 0.7476130999999999
0.5128 0.7476508000000001
0.51315 0.7476508000000001
0.5135 0.7476508000000001
0.51385 0.747922
0.5142 0.747922
0.51455 0.747922
0.5149 0.7485792
0.51525 0.7495877
0.5156 0.7498524999999999
0.51595 0.7498524999999999
0.5163 0.7498524999999999
0.51665 0.7495925
0.517 0.7500397
0.51735 0.7500522
0.5177 0.7500522
0.51805 0.7500522
0.5184 0.7501445
0.51875 0.7501612
0.5191 0.7501612
0.51945 0.7497835999999999
0.5198 0.7497835999999999
0.52015 0.7497835999999999
0.5205 0.7496944000000001
0.52085 0.7496238000000001
0.5212 0.7494241
0.52155 0.7493842
0.5219 0.7489749
0.52225 0.7489666
0.5226 0.7486546
0.52295 0.7483324
0.5233 0.7446726
0.52365 0.7446726
0.524 0.7436819
0.52435 0.7474010999999999
0.5247 0.7474050999999999
0.52505 0.7481763000000001
0.5254 0.7485054
0.52575 0.749322
0.5261 0.7493721999999999
0.52645 0.749322
0.5268 0.747533
0.52715 0.7473962
0.5275 0.7473962
0.52785 0.7473962
0.5282 0.7486024
0.52855 0.7486024
0.5289 0.7474357
0.52925 0.7474024
0.5296 0.7473928000000001
0.52995 0.7473928000000001
0.5303 0.7473928000000001
0.53065 0.7459852
0.531 0.7459852
0.53135 0.7481545000000001
0.5317 0.7481545000000001
0.53205 0.7481484
0.5324 0.7468555
0.53275 0.7468555
0.5331 0.7468555
0.53345 0.7476111
0.5338 0.7476111
0.53415 0.7476111
0.5345 0.7475708000000001
0.53485 0.7471336999999999
0.5352 0.7460983
0.53555 0.7457173
0.5359 0.7446483
0.53625 0.7446483
0.5366 0.7443149
0.53695 0.7430453
0.5373 0.7430453
0.53765 0.7416446
0.538 0.7411858
0.53835 0.740371
0.5387 0.7392958000000001
0.53905 0.738606
0.5394 0.7370361999999999
0.53975 0.7355035
0.5401 0.7355035
0.54045 0.7327977
0.5408 0.7306766
0.54115 0.7273133
0.5415 0.7270675
0.54185 0.7233151999999999
0.5422 0.7226235
0.54255 0.7226235
0.5429 0.7229251999999999
0.54325 0.7231586
0.5436 0.7235626000000001
0.54395 0.7252159
0.5443 0.7284206999999999
0.54465 0.7330734
0.545 0.7330734
0.54535 0.7349359999999999
0.5457 0.7374706999999999
0.54605 0.7374706999999999
0.5464 0.7391472
0.54675 0.7405166999999999
0.5471 0.7435411
0.54745 0.7438208000000001
0.5478 0.7450523
0.54815 0.7458688
0.5485 0.7463211999999999
0.54885 0.7466325
0.5492 0.7463211999999999
0.54955 0.746865
0.5499 0.7459058000000001
0.55025 0.7480515
0.5506 0.7480515
0.55095 0.7480515
0.5513 0.7485179
0.55165 0.747005
0.552 0.7485534
0.55235 0.7482293999999999
0.5527 0.7482293999999999
0.55305 0.7482293999999999
0.5534 0.7485959
0.55375 0.7485959
0.5541 0.7485696999999999
0.55445 0.7483221999999999
0.5548 0.7483221999999999
0.55515 0.7485345999999999
0.5555 0.7485345999999999
0.55585 0.7492426999999999
0.5562 0.7495227
0.55655 0.7495227
0.5569 0.7489708
0.55725 0.7489708
0.5576 0.7497094
0.55795 0.7497417
0.5583 0.7497094
0.55865 0.7497417
0.559 0.7494460999999999
0.55935 0.7499245
0.5597 0.7495101
0.56005 0.7495101
0.5604 0.7495101
0.56075 0.7494115
0.5611 0.7497315
0.56145 0.7498887
0.5618 0.7498887
0.56215 0.7495848
0.5625 0.7495848
0.56285 0.7499666
0.5632 0.7499666
0.56355 0.7491299
0.5639 0.7487132
0.56425 0.7491299
0.5646 0.7487666000000001
0.56495 0.7487666000000001
0.5653 0.7487302
0.56565 0.7486510000000001
0.566 0.7469744
0.56635 0.7455387
0.5667 0.7455387
0.56705 0.7456546
0.5674 0.7456546
0.56775 0.7446311
0.5681 0.7415313
0.56845 0.7415313
0.5688 0.7407295
0.56915 0.7408576
0.5695 0.7366709
0.56985 0.7386159000000001
0.5702 0.7386159000000001
0.57055 0.7437334
0.5709 0.7437334
0.57125 0.7417147
0.5716 0.7409505
0.57195 0.7417147
0.5723 0.7417644
0.57265 0.7417644
0.573 0.7428637
0.57335 0.7381401
0.5737 0.7400906
0.57405 0.7381401
0.5744 0.7356503000000001
0.57475 0.7356503000000001
0.5751 0.732486
0.57545 0.7394706999999999
0.5758 0.7394706999999999
0.57615 0.7394706999999999
0.5765 0.7387382
0.57685 0.7371068000000001
0.5772 0.7387382
0.57755 0.7401818
0.5779 0.741118
0.57825 0.7416708000000001
0.5786 0.7423727
0.57895 0.7433172
0.5793 0.7433225999999999
0.57965 0.7436991
0.58 0.743989
0.58035 0.7444314999999999
0.5807 0.7451994000000001
0.58105 0.7463725
0.5814 0.7463725
0.58175 0.7468938
0.5821 0.746808
0.58245 0.746808
0.5828 0.746808
0.58315 0.7470451
0.5835 0.7478074
0.58385 0.7478074
0.5842 0.7478074
0.58455 0.7482745
0.5849 0.7482745
0.58525 0.7473548000000001
0.5856 0.7473548000000001
0.58595 0.7473548000000001
0.5863 0.7469524999999999
0.58665 0.7469212
0.587 0.7462757
0.58735 0.7461228
0.5877 0.7450348000000001
0.58805 0.740898
0.5884 0.740898
0.58875 0.740898
0.5891 0.7426600999999999
0.58945 0.7426600999999999
0.5898 0.7375809
0.59015 0.7375809
0.5905 0.7422281
0.59085 0.7422281
0.5912 0.7421928000000001
0.59155 0.74063
0.5919 0.7410099
0.59225 0.74063
0.5926 0.7410099
0.59295 0.7427165
0.5933 0.7427165
0.59365 0.7399456999999999
0.594 0.7373115
0.59435 0.7211821999999999
0.5947 0.7211821999999999
0.59505 0.7371814
0.5954 0.7379054
0.59575 0.7379054
0.5961 0.7379054
0.59645 0.7372914
0.5968 0.7400366999999999
0.59715 0.7400366999999999
0.5975 0.7400366999999999
0.59785 0.7370725
0.5982 0.7370725
0.59855 0.7401484
0.5989 0.7401484
0.59925 0.7401484
0.5996 0.7404677
0.59995 0.7419473000000001
0.6003 0.7419473000000001
0.60065 0.7373889
0.601 0.7373889
0.60135 0.7422821999999999
0.6017 0.743887
0.60205 0.743887
0.6024 0.7452361
0.60275 0.7452361
0.6031 0.7457062
0.60345 0.7467743
0.6038 0.7467743
0.60415 0.7464925
0.6045 0.7464925
0.60485 0.7459864
0.6052 0.7469094000000001
0.60555 0.7464147
0.6059 0.7464147
0.60625 0.746221
0.6066 0.7458342
0.60695 0.7459949
0.6073 0.7458342
0.60765 0.7451565
0.608 0.7442221
0.60835 0.7437345999999999
0.6087 0.743512
0.60905 0.7432551
0.6094 0.7431769
0.60975 0.7432551
0.6101 0.743085
0.61045 0.7429184
0.6108 0.7415479
0.61115 0.7406599
0.6115 0.7387933000000001
0.61185 0.7361794
0.6122 0.7332226
0.61255 0.7331644
0.6129 0.7293269
0.61325 0.7244136999999999
0.6136 0.7186153000000001
0.61395 0.7142804
0.6143 0.7103524
0.61465 0.7071228
0.615 0.7056621999999999
0.61535 0.7056333
0.6157 0.7040525
0.61605 0.7005408000000001
0.6164 0.6983634
0.61675 0.6966209
0.6171 0.6915121999999999
0.61745 0.6822338000000001
0.6178 0.6728629
0.61815 0.6728607
0.6185 0.6656052
0.61885 0.6617637
0.6192 0.6597172
0.61955 0.6597172
0.6199 0.6628145000000001
0.62025 0.6680758000000001
0.6206 0.6739076999999999
0.62095 0.6739173
0.6213 0.6771399
0.62165 0.6811931
0.622 0.6883878999999999
0.62235 0.6962670999999999
0.6227 0.7024874
0.62305 0.7087131999999999
0.6234 0.7146831
0.62375 0.7150748
0.6241 0.7214645000000001
0.62445 0.7265573000000001
0.6248 0.7297458
0.62515 0.7333896
0.6255 0.736352
0.62585 0.7388958000000001
0.6262 0.7404512
0.62655 0.7404512
0.6269 0.7404821999999999
0.62725 0.742444
0.6276 0.742444
0.62795 0.7433378
0.6283 0.7446065
0.62865 0.7450029
0.629 0.746026
0.62935 0.7463036999999999
0.6297 0.7466903
0.63005 0.747486
0.6304 0.7480431
0.63075 0.7480431
0.6311 0.7464043
0.63145 0.7460071999999999
0.6318 0.7393852
0.63215 0.7393852
0.6325 0.7462768
0.63285 0.7463834
0.6332 0.7469869
0.63355 0.7472618000000001
0.6339 0.7476361
0.63425 0.7477416
0.6346 0.7476361
0.63495 0.7468332
0.6353 0.7468332
0.63565 0.7459931
0.636 0.7459931
0.63635 0.7459931
0.6367 0.7447362
0.63705 0.7447362
0.6374 0.7447362
0.63775 0.7438020000000001
0.6381 0.7447402
0.63845 0.7443793000000001
0.6388 0.7443793000000001
0.63915 0.7441663000000001
0.6395 0.7441663000000001
0.63985 0.7448227
0.6402 0.7451434
0.64055 0.7448227
0.6409 0.7447963000000001
0.64125 0.7442255
0.6416 0.7435067
0.64195 0.7435067
0.6423 0.7430133000000001
0.64265 0.7437209
0.643 0.7431043
0.64335 0.74317
0.6437 0.7431043
0.64405 0.7427481
0.6444 0.7427481
0.64475 0.7427883000000001
0.6451 0.7427883000000001
0.64545 0.7427883000000001
0.6458 0.7396325
0.64615 0.7320760000000001
0.6465 0.7320760000000001
0.64685 0.7335552
0.6472 0.7391669
0.64755 0.7391669
0.6479 0.7382293000000001
0.64825 0.7357964
0.6486 0.7379589
0.64895 0.7370549
0.6493 0.7379589
0.64965 0.7399945
0.65 0.7400826
0.65035 0.7405130999999999
0.6507 0.7400826
0.65105 0.7296781999999999
0.6514 0.7296781999999999
0.65175 0.7296781999999999
0.6521 0.7342484
0.65245 0.7400929
0.6528 0.7400929
0.65315 0.7389256
0.6535 0.7375961999999999
0.65385 0.7387765000000001
0.6542 0.7307839
0.65455 0.7370151
0.6549 0.7370151
0.65525 0.7370151
0.6556 0.7330732
0.65595 0.7329687
0.6563 0.7330732
0.65665 0.7340482
0.657 0.7343075
0.65735 0.7343075
0.6577 0.7343075
0.65805 0.7347391
0.6584 0.7347391
0.65875 0.7340496999999999
0.6591 0.7339216
0.65945 0.7339216
0.6598 0.7326313
0.66015 0.7326313
0.6605 0.7341019
0.66085 0.7341019
0.6612 0.7326242
0.66155 0.7322663
0.6619 0.7318811
0.66225 0.7311966999999999
0.6626 0.7300840000000001
0.66295 0.7299597
0.6633 0.7293556999999999
0.66365 0.7292996999999999
0.664 0.7292973
0.66435 0.7292973
0.6647 0.7288869
0.66505 0.7284399
0.6654 0.7265762
0.66575 0.7261739
0.6661 0.7243677
0.66645 0.7233852
0.6668 0.7233852
0.66715 0.7240044
0.6675 0.7241305
0.66785 0.7247043000000001
0.6682 0.7247043000000001
0.66855 0.7258254
0.6689 0.7264149000000001
0.66925 0.727557
0.6696 0.729353
0.66995 0.7312246
0.6703 0.7326995
0.67065 0.7343791000000001
0.671 0.7343791000000001
0.67135 0.7357803
0.6717 0.7374966
0.67205 0.7391805
0.6724 0.7396295999999999
0.67275 0.7414900999999999
0.6731 0.7425444
0.67345 0.7437396
0.6738 0.7440579
0.67415 0.7447473000000001
0.6745 0.7452171999999999
0.67485 0.7459963000000001
0.6752 0.7472214
0.67555 0.7472214
0.6759 0.7476209
0.67625 0.7478996
0.6766 0.747972
0.67695 0.7482099
0.6773 0.7482099
0.67765 0.7486224
0.678 0.7486224
0.67835 0.7477655
0.6787 0.7473582
0.67905 0.7468725
0.6794 0.746791
0.67975 0.7464466
0.6801 0.7458912
0.68045 0.7454006999999999
0.6808 0.7442269
0.68115 0.7428776
0.6815 0.7428776
0.68185 0.7406941
0.6822 0.7398824
0.68255 0.7390857
0.6829 0.7390857
0.68325 0.7397436
0.6836 0.7397436
0.68395 0.7391587
0.6843 0.7391587
0.68465 0.7399049
0.685 0.7409036
0.68535 0.741941
0.6857 0.7422201
0.68605 0.7425083
0.6864 0.7425083
0.68675 0.739206
0.6871 0.739206
0.68745 0.7436331
0.6878 0.743838
0.68815 0.743838
0.6885 0.7437868000000001
0.68885 0.7431191
0.6892 0.7431191
0.68955 0.7360674
0.6899 0.7443430999999999
0.69025 0.7437764
0.6906 0.7439680999999999
0.69095 0.7437764
0.6913 0.7431043
0.69165 0.7425193
0.692 0.7401125
0.69235 0.7398666
0.6927 0.7399669
0.69305 0.7386121
0.6934 0.7370688
0.69375 0.7363979
0.6941 0.7363979
0.69445 0.7363979
0.6948 0.7336595
0.69515 0.7340729
0.6955 0.7336595
0.69585 0.7292930999999999
0.6962 0.7292930999999999
0.69655 0.7317133000000001
0.6969 0.7317133000000001
0.69725 0.7303142
0.6976 0.7203031999999999
0.69795 0.7249507
0.6983 0.7233873000000001
0.69865 0.7233873000000001
0.699 0.7194609000000001
0.69935 0.7155060000000001
0.6997 0.7155060000000001
0.70005 0.7006813000000001
0.7004 0.6954397
0.70075 0.6954397
0.7011 0.6994421
0.70145 0.6994421
0.7018 0.6955696
0.70215 0.6932716
0.7025 0.6932716
0.70285 0.6932716
0.7032 0.7007899999999999
0.70355 0.7007899999999999
0.7039 0.6981675
0.70425 0.6981675
0.7046 0.7004113000000001
0.70495 0.7004113000000001
0.7053 0.7004113000000001
0.70565 0.7135853
0.706 0.7135853
0.70635 0.7135853
0.7067 0.7156501000000001
0.70705 0.7156501000000001
0.7074 0.718903
0.70775 0.7189061999999999
0.7081 0.7204877
0.70845 0.7226155
0.7088 0.7247206
0.70915 0.7226155
0.7095 0.7263544
0.70985 0.7266228
0.7102 0.7292556
0.71055 0.7292556
0.7109 0.7306576
0.71125 0.7294729999999999
0.7116 0.7316276999999999
0.71195 0.7329514
0.7123 0.7329514
0.71265 0.7323888000000001
0.713 0.7320278
0.71335 0.7320278
0.7137 0.7323283
0.71405 0.7323283
0.7144 0.7321161999999999
0.71475 0.7266239999999999
0.7151 0.7264970000000001
0.71545 0.7209939000000001
0.7158 0.71354
0.71615 0.7124517
0.7165 0.7015126
0.71685 0.6865896
0.7172 0.6705786
0.71755 0.6489174
0.7179 0.6473453
0.71825 0.6321937
0.7186 0.6321937
0.71895 0.6246581999999999
0.7193 0.6122901999999999
0.71965 0.6122901999999999
0.72 0.5833218000000001
0.72035 0.5833218000000001
0.7207 0.5881546999999999
0.72105 0.5881546999999999
0.7214 0.5804241
0.72175 0.5771046
0.7221 0.5760430999999999
0.72245 0.5707401999999999
0.7228 0.5686591
0.72315 0.5576339
0.7235 0.5178496
0.72385 0.503954
0.7242 0.503954
0.72455 0.4802715
0.7249 0.4749345999999999
0.72525 0.4427492
0.7256 0.4214896999999999
0.72595 0.4214896999999999
0.7263 0.4171082
0.72665 0.4026717
0.727 0.3916595
0.72735 0.3892464
0.7277 0.3892464
0.72805 0.4118347
0.7284 0.4437874
0.72875 0.4664872
0.7291 0.4790775
0.72945 0.4898979
0.7298 0.4849666
0.73015 0.4898979
0.7305 0.5024116
0.73085 0.5317838
0.7312 0.5494455
0.73155 0.5494455
0.7319 0.5614842
0.73225 0.561388
0.7326 0.577537
0.73295 0.577537
0.7333 0.581778
0.73365 0.6155418
0.734 0.6189467
0.73435 0.6266136
0.7347 0.6438751
0.73505 0.6501918000000001
0.7354 0.6588074
0.73575 0.6588074
0.7361 0.6588074
0.73645 0.6753017
0.7368 0.6753017
0.73715 0.6762213
0.7375 0.6908314999999999
0.73785 0.6933986999999999
0.7382 0.6992911
0.73855 0.7046824
0.7389 0.6992911
0.73925 0.7099283000000001
0.7396 0.7184337
0.73995 0.7209485999999999
0.7403 0.7254556
0.74065 0.7304893
0.741 0.7304893
0.74135 0.7327391
0.7417 0.7338224
0.74205 0.7368933000000001
0.7424 0.7368933000000001
0.74275 0.7379475000000001
0.7431 0.7402797
0.74345 0.7410984
0.7438 0.7414397
0.74415 0.7414458
0.7445 0.7417069000000001
0.74485 0.7417069000000001
0.7452 0.7416678000000001
0.74555 0.7416678000000001
0.7459 0.7416678000000001
0.74625 0.7423486
0.7466 0.7422488
0.74695 0.7422488
0.7473 0.7422488
0.74765 0.7416670999999999
0.748 0.742232
0.74835 0.742232
0.7487 0.742232
0.74905 0.7423286
0.7494 0.7421685
0.74975 0.7421685
0.7501 0.7419074999999999
0.75045 0.7419074999999999
0.7508 0.7421043
0.75115 0.7426858000000001
0.7515 0.7426858000000001
0.75185 0.7423999
0.7522 0.7421045000000001
0.75255 0.742051
0.7529 0.742051
0.75325 0.7428154
0.7536 0.7428154
0.75395 0.7426429
0.7543 0.7426136999999999
0.75465 0.7421314999999999
0.755 0.7420069
0.75535 0.7419528000000001
0.7557 0.7417695
0.75605 0.7414907
0.7564 0.7411066999999999
0.75675 0.7404921999999999
0.7571 0.7400558
0.75745 0.7383898
0.7578 0.7383898
0.75815 0.7383310000000001
0.7585 0.7382489000000001
0.75885 0.7373648
0.7592 0.7365995
0.75955 0.7330545
0.7599 0.7323109999999999
0.76025 0.7310539
0.7606 0.7296354
0.76095 0.7296354
0.7613 0.7308024999999999
0.76165 0.7308024999999999
0.762 0.7273111999999999
0.76235 0.725626
0.7627 0.7248671999999999
0.76305 0.7241868
0.7634 0.7241868
0.76375 0.7240522
0.7641 0.7234938
0.76445 0.7218483
0.7648 0.7216062
0.76515 0.7216062
0.7655 0.7222601
0.76585 0.7222601
0.7662 0.7214364000000001
0.76655 0.7213423000000001
0.7669 0.7188045999999999
0.76725 0.7188045999999999
0.7676 0.7203691999999999
0.76795 0.7223729
0.7683 0.7223729
0.76865 0.7213761
0.769 0.7210251
0.76935 0.7210251
0.7697 0.7213146
0.77005 0.7213146
0.7704 0.7207604999999999
0.77075 0.7195429
0.7711 0.7191287
0.77145 0.7189471
0.7718 0.7184089
0.77215 0.7183906
0.7725 0.7156522
0.77285 0.7105267
0.7732 0.7056952
0.77355 0.7056952
0.7739 0.7061321
0.77425 0.7081559000000001
0.7746 0.7081559000000001
0.77495 0.7079270000000001
0.7753 0.7062246999999999
0.77565 0.7031785
0.776 0.7007003
0.77635 0.6991611
0.7767 0.6983984999999999
0.77705 0.6968254
0.7774 0.6946732
0.77775 0.694527
0.7781 0.6916445999999999
0.77845 0.6888155
0.7788 0.6862997
0.77915 0.6832264
0.7795 0.6768318
0.77985 0.6703569
0.7802 0.6619282
0.78055 0.6618695
0.7809 0.6528324999999999
0.78125 0.6487244000000001
0.7816 0.6471805
0.78195 0.6457195
0.7823 0.645063
0.78265 0.6444019
0.783 0.6428719
0.78335 0.6426447
0.7837 0.6299916
0.78405 0.6299916
0.7844 0.6413277
0.78475 0.6535789000000001
0.7851 0.6555613
0.78545 0.6555613
0.7858 0.6520541
0.78615 0.65205
0.7865 0.6520541
0.78685 0.6525365
0.7872 0.6544047
0.78755 0.6601836999999999
0.7879 0.660271
0.78825 0.6647057
0.7886 0.6647478
0.78895 0.6667209
0.7893 0.6668384
0.78965 0.667782
0.79 0.667782
0.79035 0.6665619
0.7907 0.6665514
0.79105 0.6624359999999999
0.7914 0.6579364999999999
0.79175 0.6575107
0.7921 0.6528695
0.79245 0.6460974
0.7928 0.6410857
0.79315 0.6410857
0.7935 0.6412955
0.79385 0.6412955
0.7942 0.6325323
0.79455 0.6325283
0.7949 0.6236001
0.79525 0.6230353
0.7956 0.6230353
0.79595 0.6133188
0.7963 0.6085973000000001
0.79665 0.6085973000000001
0.797 0.6143270000000001
0.79735 0.6164771
0.7977 0.6176244000000001
0.79805 0.618007
0.7984 0.6182743
0.79875 0.6208741
0.7991 0.6225006
0.79945 0.6210962
0.7998 0.6239180000000001
0.80015 0.6239180000000001
0.8005 0.6311213000000001
0.80085 0.6395109999999999
0.8012 0.6395109999999999
0.80155 0.6393105
0.8019 0.6393105
0.80225 0.6425893
0.8026 0.6425949000000001
0.80295 0.6493036999999999
0.8033 0.6493036999999999
0.80365 0.6532041000000001
0.804 0.6547263000000001
0.80435 0.656828
0.8047 0.6608911999999999
0.80505 0.6653842
0.8054 0.666585
0.80575 0.666585
0.8061 0.666585
0.80645 0.669353
0.8068 0.6746241999999999
0.80715 0.6799681
0.8075 0.6799681
0.80785 0.6830182
0.8082 0.6846257
0.80855 0.684819
0.8089 0.684819
0.80925 0.6808558000000001
0.8096 0.6808558000000001
0.80995 0.6862103
0.8103 0.688246
0.81065 0.688246
0.811 0.6886751999999999
0.81135 0.6901510999999999
0.8117 0.6905138000000001
0.81205 0.6911689000000001
0.8124 0.6926365
0.81275 0.697891
0.8131 0.6926365
0.81345 0.7021477
0.8138 0.7021477
0.81415 0.7033768
0.8145 0.7033768
0.81485 0.6578265
0.8152 0.6578265
0.81555 0.6989082
0.8159 0.7025312
0.81625 0.7025312
0.8166 0.7072524
0.81695 0.703477
0.8173 0.7076852
0.81765 0.703477
0.818 0.7019633000000001
0.81835 0.7019633000000001
0.8187 0.7039654000000001
0.81905 0.7121347
0.8194 0.7121347
0.81975 0.7121347
0.8201 0.7150644
0.82045 0.7178285
0.8208 0.7178285
0.82115 0.7157795
0.8215 0.7157795
0.82185 0.7157795
0.8222 0.7123545
0.82255 0.7121341999999999
0.8229 0.6997395000000001
0.82325 0.6553154
0.8236 0.6755545000000001
0.82395 0.6755545000000001
0.8243 0.7121856
0.82465 0.7201984
0.825 0.7222278
0.82535 0.7222278
0.8257 0.7176729000000001
0.82605 0.7176729000000001
0.8264 0.7209628
0.82675 0.7216951
0.8271 0.7209628
0.82745 0.7141908
0.8278 0.6970608
0.82815 0.7112514
0.8285 0.7112514
0.82885 0.7112514
0.8292 0.7173154
0.82955 0.7186691999999999
0.8299 0.7186691999999999
0.83025 0.7170276
0.8306 0.7170276
0.83095 0.7191506999999999
0.8313 0.7214630999999999
0.83165 0.7191506999999999
0.832 0.70727
0.83235 0.70727
0.8327 0.7113041999999999
0.83305 0.7204486999999999
0.8334 0.7135191
0.83375 0.7135191
0.8341 0.6898781999999999
0.83445 0.6898781999999999
0.8348 0.6898781999999999
0.83515 0.7008601
0.8355 0.6950295
0.83585 0.6950295
0.8362 0.6903443
0.83655 0.6898764000000001
0.8369 0.6838695
0.83725 0.6800715
0.8376 0.659076
0.83795 0.6574279000000001
0.8383 0.6521701
0.83865 0.6506398
0.839 0.6506398
0.83935 0.6513471
0.8397 0.656245
0.84005 0.6565599
0.8404 0.6565599
0.84075 0.6410577
0.8411 0.6308514000000001
0.84145 0.6308514000000001
0.8418 0.6327361
0.84215 0.6327457
0.8425 0.6528009
0.84285 0.6722578
0.8432 0.6722578
0.84355 0.6710444999999999
0.8439 0.6624245
0.84425 0.6624245
0.8446 0.6673385000000001
0.84495 0.6691756
0.8453 0.6772381
0.84565 0.6831099
0.846 0.6879518
0.84635 0.6942560000000001
0.8467 0.6942560000000001
0.84705 0.6940352
0.8474 0.6931443
0.84775 0.6930546999999999
0.8481 0.6931443
0.84845 0.6892874
0.8488 0.6962927
0.84915 0.6994353
0.8495 0.6994353
0.84985 0.6988295
0.8502 0.6921170999999999
0.85055 0.67998
0.8509 0.67998
0.85125 0.67998
0.8516 0.6837119
0.85195 0.6813085
0.8523 0.6813085
0.85265 0.6723024000000001
0.853 0.6622665
0.85335 0.6603889000000001
0.8537 0.6568111
0.85405 0.6506854000000001
0.8544 0.6393254
0.85475 0.6331197
0.8551 0.6311926999999999
0.85545 0.6113651999999999
0.8558 0.6113651999999999
0.85615 0.6052169
0.8565 0.5976568
0.85685 0.5882415
0.8572 0.5703293
0.85755 0.552999
0.8579 0.4991928
0.85825 0.4991928
0.8586 0.4991928
0.85895 0.5005589
0.8593 0.5000487
0.85965 0.5000487
0.86 0.4822253999999999
0.86035 0.4592443
0.8607 0.4439324
0.86105 0.4215615
0.8614 0.4073362
0.86175 0.3977207
0.8621 0.3847719
0.86245 0.3847719
0.8628 0.3790257
0.86315 0.3776786
0.8635 0.3737501
0.86385 0.3737501
0.8642 0.3519267
0.86455 0.3190401
0.8649 0.3519267
0.86525 0.3813095999999999
0.8656 0.38556
0.86595 0.4023423
0.8663 0.4182357
0.86665 0.4182357
0.867 0.3676205
0.86735 0.3676205
0.8677 0.3716449
0.86805 0.4517352
0.8684 0.4616048
0.86875 0.4772575
0.8691 0.4977291
0.86945 0.507206
0.8698 0.507206
0.87015 0.503985
0.8705 0.5034821
0.87085 0.4712598
0.8712 0.4679189
0.87155 0.4712598
0.8719 0.4619162
0.87225 0.5468626999999999
0.8726 0.4842653
0.87295 0.4842653
0.8733 0.4842653
0.87365 0.5164923
0.874 0.5539429
0.87435 0.5539429
0.8747 0.5539429
0.87505 0.5528214
0.8754 0.5693908000000001
0.87575 0.5379316999999999
0.8761 0.5443194
0.87645 0.5400761
0.8768 0.5400761
0.87715 0.524804
0.8775 0.3680753
0.87785 0.395868
0.8782 0.2980116
0.87855 0.395868
0.8789 0.5121521
0.87925 0.5121521
0.8796 0.3385244
0.87995 0.2122625
0.8803 0.2886783
0.88065 0.2334996
0.881 0.2334996
0.88135 0.2177927
0.8817 0.1799064
0.88205 0.111452
0.8824 0.059791
0.88275 0.0593324
0.8831 0.0593324
0.88345 0.0589641999999999
0.8838 0.0563322999999999
0.88415 0.0589641999999999
0.8845 0.0788425
0.88485 0.1049138999999999
0.8852 0.1142978
0.88555 0.1142978
0.8859 0.1030454
0.88625 0.0727496
0.8866 0.0312694
0.88695 0.0245866
0.8873 0.0245866
0.88765 0.0269690999999999
0.888 0.033929
0.88835 0.033929
0.8887 0.0481586
0.88905 0.0336444
0.8894 0.057923
0.88975 0.0533103
0.8901 0.0718495
0.89045 0.0678785
0.8908 0.0678785
0.89115 0.0649471
0.8915 0.0649471
0.89185 0.0762433
0.8922 0.0775096
0.89255 0.0775096
0.8929 0.0779752
0.89325 0.0779752
0.8936 0.0609701
0.89395 0.0597561
0.8943 0.0597561
0.89465 0.0628256
0.895 0.0628256
0.89535 0.0580768
0.8957 0.0580768
0.89605 0.0670041999999999
0.8964 0.0848824
0.89675 0.1214176999999999
0.8971 0.1214176999999999
0.89745 0.1398365
0.8978 0.1205806
0.89815 0.1398365
0.8985 0.1252266
0.89885 0.1331705
0.8992 0.1252266
0.89955 0.1178019
0.8999 0.1178019
0.90025 0.1920869999999999
0.9006 0.2168549
0.90095 0.2276384
0.9013 0.2417668999999999
0.90165 0.2761701
0.902 0.2761701
0.90235 0.266653
0.9027 0.266653
0.90305 0.3295533
0.9034 0.3537457
0.90375 0.3295533
0.9041 0.3817014
0.90445 0.4153709
0.9048 0.4313745
0.90515 0.4313745
0.9055 0.4628488
0.90585 0.5140342000000001
0.9062 0.5140342000000001
0.90655 0.4779352
0.9069 0.4779352
0.90725 0.4858059
0.9076 0.4858059
0.90795 0.532816
0.9083 0.4658577999999999
0.90865 0.532816
0.909 0.4866221999999999
0.90935 0.4866221999999999
0.9097 0.4577039
0.91005 0.4577039
0.9104 0.5590246999999999
0.91075 0.5590246999999999
0.9111 0.5590246999999999
0.91145 0.5837989
0.9118 0.5837989
0.91215 0.569667
0.9125 0.5533733000000001
0.91285 0.5533733000000001
0.9132 0.5533733000000001
0.91355 0.4753141999999999
0.9139 0.5815675
0.91425 0.5865673
0.9146 0.598317
0.91495 0.6012595000000001
0.9153 0.6012595000000001
0.91565 0.5738373000000001
0.916 0.5715811
0.91635 0.5579900999999999
0.9167 0.5715811
0.91705 0.582587
0.9174 0.611923
0.91775 0.611923
0.9181 0.611923
0.91845 0.6181444
0.9188 0.6181444
0.91915 0.6003734000000001
0.9195 0.5804275
0.91985 0.5804275
0.9202 0.5804275
0.92055 0.5877368000000001
0.9209 0.6171052
0.92125 0.5877368000000001
0.9216 0.5591503000000001
0.92195 0.5591503000000001
0.9223 0.4490109
0.92265 0.5630727
0.923 0.6160449
0.92335 0.6160449
0.9237 0.5904047
0.92405 0.5904047
0.9244 0.5904047
0.92475 0.5713739999999999
0.9251 0.5562638000000001
0.92545 0.5713739999999999
0.9258 0.5837591
0.92615 0.5837591
0.9265 0.5837591
0.92685 0.3176456
0.9272 0.5837983
0.92755 0.5837983
0.9279 0.5837983
0.92825 0.5855288000000001
0.9286 0.5642887
0.92895 0.5855288000000001
0.9293 0.612189
0.92965 0.612189
0.93 0.585962
0.93035 0.4856672
0.9307 0.4185238
0.93105 0.3985749
0.9314 0.3985749
0.93175 0.3985749
0.9321 0.5233869999999999
0.93245 0.5215483
0.9328 0.5233869999999999
0.93315 0.6083764
0.9335 0.6083764
0.93385 0.4562604999999999
0.9342 0.4562604999999999
0.93455 0.4444568
0.9349 0.4811179
0.93525 0.4444568
0.9356 0.6032548000000001
0.93595 0.530121
0.9363 0.6026895999999999
0.93665 0.5734266
0.937 0.5734266
0.93735 0.5734266
0.9377 0.5316548000000001
0.93805 0.469755
0.9384 0.469755
0.93875 0.5085770000000001
0.9391 0.5720221
0.93945 0.5906056
0.9398 0.5906056
0.94015 0.6063844
0.9405 0.486818
0.94085 0.6188825
0.9412 0.6039154
0.94155 0.6386304
0.9419 0.6444293000000001
0.94225 0.6485926
0.9426 0.6485926
0.94295 0.5396729
0.9433 0.5396729
0.94365 0.5685724
0.944 0.5685724
0.94435 0.5685724
0.9447 0.5801606
0.94505 0.5951880999999999
0.9454 0.5951880999999999
0.94575 0.5951880999999999
0.9461 0.6160798000000001
0.94645 0.6160798000000001
0.9468 0.5879734000000001
0.94715 0.5365736
0.9475 0.5365736
0.94785 0.5654826999999999
0.9482 0.6189846
0.94855 0.6288438000000001
0.9489 0.6189846
0.94925 0.5993301
0.9496 0.5935285
0.94995 0.587697
0.9503 0.5935285
0.95065 0.6426637
0.951 0.6426637
0.95135 0.6085983
0.9517 0.6085983
0.95205 0.6145633
0.9524 0.6145633
0.95275 0.5995258000000001
0.9531 0.5995258000000001
0.95345 0.608742
0.9538 0.6453268
0.95415 0.6478262
0.9545 0.6478262
0.95485 0.6478262
0.9552 0.6167238
0.95555 0.6310316
0.9559 0.6310316
0.95625 0.6310316
0.9566 0.6261211999999999
0.95695 0.601298
0.9573 0.601298
0.95765 0.6357321
0.958 0.6357321
0.95835 0.6357321
0.9587 0.6303721999999999
0.95905 0.6303721999999999
0.9594 0.5866205
0.95975 0.5866205
0.9601 0.6062814000000001
0.96045 0.6062814000000001
0.9608 0.5965658
0.96115 0.5965658
0.9615 0.5965658
0.96185 0.578609
0.9622 0.5651023000000001
0.96255 0.5132023
0.9629 0.5132023
0.96325 0.4865523
0.9636 0.4912982
0.96395 0.4912982
0.9643 0.4981686999999999
0.96465 0.4981686999999999
0.965 0.4770213
0.96535 0.4744551999999999
0.9657 0.4644992
0.96605 0.4500517
0.9664 0.4403501
0.96675 0.4403501
0.9671 0.4247644
0.96745 0.4345801999999999
0.9678 0.4345801999999999
0.96815 0.4591632
0.9685 0.4591632
0.96885 0.4476797
0.9692 0.4302666
0.96955 0.4293785
0.9699 0.4133968
0.97025 0.3720334
0.9706 0.3327692
0.97095 0.3327692
0.9713 0.3518107
0.97165 0.3623129
0.972 0.3816599
0.97235 0.4183633
0.9727 0.4201265
0.97305 0.4201265
0.9734 0.4125522
0.97375 0.4060429
0.9741 0.3921802
0.97445 0.4060429
0.9748 0.4175940999999999
0.97515 0.4175940999999999
0.9755 0.4224005999999999
0.97585 0.4488271
0.9762 0.4488271
0.97655 0.3995290999999999
0.9769 0.3967642
0.97725 0.3967642
0.9776 0.3831015
0.97795 0.3831015
0.9783 0.3306501
0.97865 0.3306501
0.979 0.3746282999999999
0.97935 0.3746282999999999
0.9797 0.3709755
0.98005 0.2676899
0.9804 0.2676899
0.98075 0.2676899
0.9811 0.2687845
0.98145 0.2714273
0.9818 0.2787898
0.98215 0.2714273
0.9825 0.2677555
0.98285 0.0933898999999999
0.9832 0.2103507999999999
0.98355 0.2069167999999999
0.9839 0.2069167999999999
0.98425 0.2069167999999999
0.9846 0.2062998
0.98495 0.2329962999999999
0.9853 0.0754206
0.98565 0.1461805
0.986 0.1117806
0.98635 0.1461805
0.9867 0.133191
0.98705 0.133191
0.9874 0.133191
0.98775 0.1177386
0.9881 0.1177386
0.98845 0.0130003
0.9888 0.0130003
0.98915 0.0316008
0.9895 0.154316
0.98985 0.0674421
0.9902 0.1149354
0.99055 0.0674421
0.9909 0.0628953
0.99125 0.0628953
0.9916 0.1309076
0.99195 0.1309076
0.9923 0.1383605
0.99265 0.2019369999999999
0.993 0.2019369999999999
0.99335 0.1812648999999999
0.9937 0.1608848
0.99405 0.1608848
0.9944 0.1648031
0.99475 0.1648031
0.9951 0.0971349
0.99545 0.0971349
0.9958 0.0262577
0.99615 0.1310501
0.9965 0.0262577
0.99685 0.1262092
0.9972 0.1262092
0.99755 0.1262092
0.9979 0.1692632
0.99825 0.1253084
0.9986 0.1330866
0.99895 0.1242634
0.9993 0.1081109
