0.3 0.5213504
0.30035 0.5255193
0.3007 0.5268547
0.30105 0.5268547
0.3014 0.5265333000000001
0.30175 0.5253076
0.3021 0.5231014
0.30245 0.5187835999999999
0.3028 0.5093518
0.30315 0.4828691
0.3035 0.4828691
0.30385 0.485754
0.3042 0.5081172
0.30455 0.5155683
0.3049 0.5183278
0.30525 0.519378
0.3056 0.519378
0.30595 0.5192831
0.3063 0.5187082000000001
0.30665 0.5179036
0.307 0.5169050000000001
0.30735 0.5156935
0.3077 0.5142156
0.30805 0.5123525
0.3084 0.5098655
0.30875 0.5063389
0.3091 0.5004161
0.30945 0.4888789
0.3098 0.4626199
0.31015 0.4510854
0.3105 0.4510854
0.31085 0.4815952
0.3112 0.4927794
0.31155 0.4971674
0.3119 0.4987985
0.31225 0.4988095
0.3126 0.4988095
0.31295 0.4980765
0.3133 0.4970861
0.31365 0.4959327999999999
0.314 0.4946274999999999
0.31435 0.4932335999999999
0.3147 0.4917214
0.31505 0.4901491
0.3154 0.4884968
0.31575 0.4867675999999999
0.3161 0.4849599
0.31645 0.4830723
0.3168 0.4811003
0.31715 0.4790387
0.3175 0.4768787999999999
0.31785 0.4746093
0.3182 0.4722636999999999
0.31855 0.4697204
0.3189 0.4670492999999999
0.31925 0.4640729999999999
0.3196 0.4608193
0.31995 0.4570356
0.3203 0.4523251
0.32065 0.4457496
0.321 0.4347299
0.32135 0.4109485
0.3217 0.4013666999999999
0.32205 0.4013666999999999
0.3224 0.4244791
0.32275 0.4302159
0.3231 0.4302159
0.32345 0.4288380999999999
0.3238 0.4260467
0.32415 0.4227529
0.3245 0.4190826
0.32485 0.4150125
0.3252 0.4107723
0.32555 0.4062824
0.3259 0.4015420999999999
0.32625 0.3965419
0.3266 0.3912622
0.32695 0.3858393
0.3273 0.3799465999999999
0.32765 0.3737086
0.328 0.3672869
0.32835 0.3603245
0.3287 0.3531107
0.32905 0.345008
0.3294 0.3339105
0.32975 0.3153979
0.3301 0.2867696
0.33045 0.2867696
0.3308 0.3151355
0.33115 0.3309631
0.3315 0.3397425
0.33185 0.3461001999999999
0.3322 0.3516382
0.33255 0.3565965
0.3329 0.3614207
0.33325 0.3657638
0.3336 0.3699643
0.33395 0.3737466
0.3343 0.3774175
0.33465 0.3807319
0.335 0.3838462
0.33535 0.3867782999999999
0.3357 0.3895399
0.33605 0.3922469999999999
0.3364 0.3945915
0.33675 0.3969008
0.3371 0.3990657
0.33745 0.4010982
0.3378 0.4029977
0.33815 0.404686
0.3385 0.4063233
0.33885 0.4077476
0.3392 0.4091024
0.33955 0.4102345
0.3399 0.4112456
0.34025 0.4119958999999999
0.3406 0.4125043
0.34095 0.4125317
0.3413 0.4125317
0.34165 0.4117978
0.342 0.4103627999999999
0.34235 0.4078507
0.3427 0.4037711
0.34305 0.3973199
0.3434 0.3876251
0.34375 0.37224
0.3441 0.3486064
0.34445 0.3138135999999999
0.3448 0.3138135999999999
0.34515 0.3386883
0.3455 0.3635744
0.34585 0.3809942
0.3462 0.3926976
0.34655 0.4010632999999999
0.3469 0.4071859
0.34725 0.4117822
0.3476 0.4153153
0.34795 0.4180899999999999
0.3483 0.4203128
0.34865 0.4221247
0.349 0.423624
0.34935 0.4248161
0.3497 0.4258857
0.35005 0.4267992
0.3504 0.4275352
0.35075 0.4282175999999999
0.3511 0.4287675
0.35145 0.429245
0.3518 0.4296986
0.35215 0.4300574
0.3525 0.430368
0.35285 0.4306364
0.3532 0.4308657999999999
0.35355 0.4310611
0.3539 0.4312244
0.35425 0.431359
0.3546 0.4314667
0.35495 0.4315494000000001
0.3553 0.4316100999999999
0.35565 0.4316207
0.356 0.4316232
0.35635 0.4316232
0.3567 0.4316035
0.35705 0.4314973
0.3574 0.4314119999999999
0.35775 0.4314119999999999
0.3581 0.4312920999999999
0.35845 0.4312023
0.3588 0.4310712
0.35915 0.4309535
0.3595 0.4306170999999999
0.35985 0.4305354999999999
0.3602 0.4303162999999999
0.36055 0.4300637
0.3609 0.4299119
0.36125 0.4298858
0.3616 0.4296699
0.36195 0.4294707
0.3623 0.4291263
0.36265 0.428975
0.363 0.4287258
0.36335 0.428447
0.3637 0.4281795999999999
0.36405 0.4278298
0.3644 0.4276047999999999
0.36475 0.4272974
0.3651 0.4269814
0.36545 0.4266492999999999
0.3658 0.4263083
0.36615 0.425985
0.3665 0.4256488
0.36685 0.4252842
0.3672 0.424917
0.36755 0.4245528
0.3679 0.4241636
0.36825 0.4237763
0.3686 0.4233308
0.36895 0.4229767
0.3693 0.4225422
0.36965 0.4221299
0.37 0.42163
0.37035 0.4212424
0.3707 0.4207319
0.37105 0.4203012
0.3714 0.4198759
0.37175 0.4193633
0.3721 0.4188418
0.37245 0.418406
0.3728 0.4178385
0.37315 0.4173884
0.3735 0.416716
0.37385 0.4163027
0.3742 0.4157149
0.37455 0.4150979
0.3749 0.4141596999999999
0.37525 0.4140742999999999
0.3756 0.4132863
0.37595 0.4128819
0.3763 0.4116146
0.37665 0.4113699
0.377 0.4109497
0.37735 0.4103339
0.3777 0.4096136999999999
0.37805 0.4088916999999999
0.3784 0.408292
0.37875 0.4070119
0.3791 0.4067011
0.37945 0.405117
0.3798 0.4045004
0.38015 0.4045004
0.3805 0.4035426
0.38085 0.4029612
0.3812 0.4021915
0.38155 0.4013227
0.3819 0.4002825
0.38225 0.3994150999999999
0.3826 0.3986679
0.38295 0.3977865
0.3833 0.3966333
0.38365 0.3958944
0.384 0.3948127
0.38435 0.3939141
0.3847 0.3928487
0.38505 0.3918137
0.3854 0.3907074
0.38575 0.3895775999999999
0.3861 0.3884335
0.38645 0.3872384
0.3868 0.3860341
0.38715 0.3847782
0.3875 0.3834250999999999
0.38785 0.3821225
0.3882 0.3808129
0.38855 0.3793849
0.3889 0.3778593
0.38925 0.3761754
0.3896 0.3748393
0.38995 0.3731764
0.3903 0.3716032
0.39065 0.37
0.391 0.368205
0.39135 0.3664835999999999
0.3917 0.3645255
0.39205 0.3625773
0.3924 0.3606645999999999
0.39275 0.3585180999999999
0.3931 0.3564549
0.39345 0.3542548
0.3938 0.3519625
0.39415 0.3494149
0.3945 0.3470710999999999
0.39485 0.3443113
0.3952 0.3417823
0.39555 0.3389087999999999
0.3959 0.3357768
0.39625 0.3326646
0.3966 0.3294617999999999
0.39695 0.3261774
0.3973 0.3225657
0.39765 0.3187072
0.398 0.3141567
0.39835 0.3107447
0.3987 0.3058015
0.39905 0.3013015
0.3994 0.2965704
0.39975 0.2952381
0.4001 0.2856417999999999
0.40045 0.279611
0.4008 0.2732384
0.40115 0.2655343
0.4015 0.2594619999999999
0.40185 0.2521007
0.4022 0.2438399
0.40255 0.2358741
0.4029 0.2267748
0.40325 0.2174046
0.4036 0.2070255
0.40395 0.1984076
0.4043 0.1683905
0.40465 0.1683905
0.405 0.1903641
0.40535 0.2016869
0.4057 0.210659
0.40605 0.2189808999999999
0.4064 0.2270457
0.40675 0.2341307
0.4071 0.2407046
0.40745 0.246935
0.4078 0.252423
0.40815 0.2577857
0.4085 0.2627782999999999
0.40885 0.2627866
0.4092 0.2715417
0.40955 0.2756941
0.4099 0.2792697
0.41025 0.2828064
0.4106 0.2858139
0.41095 0.2858139
0.4113 0.2887203
0.41165 0.2939355999999999
0.412 0.2956925999999999
0.41235 0.2981482
0.4127 0.3000160999999999
0.41305 0.3017114999999999
0.4134 0.3019184
0.41375 0.3047954
0.4141 0.3065613
0.41445 0.3079357
0.4148 0.309035
0.41515 0.3101594
0.4155 0.3101594
0.41585 0.3099896
0.4162 0.3099896
0.41655 0.3139896
0.4169 0.3149612
0.41725 0.3155143
0.4176 0.3163486
0.41795 0.3169166
0.4183 0.3171704
0.41865 0.3173852
0.419 0.318822
0.41935 0.3189547
0.4197 0.3189547
0.42005 0.3185525999999999
0.4204 0.3185525999999999
0.42075 0.3201634
0.4211 0.3212191
0.42145 0.320843
0.4218 0.320843
0.42215 0.320843
0.4225 0.3214679
0.42285 0.3225169
0.4232 0.3225169
0.42355 0.3223055999999999
0.4239 0.3223055999999999
0.42425 0.3226324
0.4246 0.3230748
0.42495 0.3231412
0.4253 0.3234434
0.42565 0.3234434
0.426 0.3226414
0.42635 0.3226414
0.4267 0.3233008
0.42705 0.3237826
0.4274 0.3240589
0.42775 0.3240589
0.4281 0.3238641
0.42845 0.323268
0.4288 0.3224377
0.42915 0.3214154
0.4295 0.3223243
0.42985 0.3223243
0.4302 0.3223243
0.43055 0.3230602
0.4309 0.321096
0.43125 0.3219245999999999
0.4316 0.3214428
0.43195 0.3219245999999999
0.4323 0.3225223
0.43265 0.3225223
0.433 0.3222244
0.43335 0.322212
0.4337 0.3214697
0.43405 0.3214181
0.4344 0.3211555
0.43475 0.3210456
0.4351 0.3210332
0.43545 0.3208253
0.4358 0.3203384
0.43615 0.3202031
0.4365 0.3195022
0.43685 0.3188677
0.4372 0.3190284
0.43755 0.3188677
0.4379 0.3187587
0.43825 0.3184752
0.4386 0.3183311
0.43895 0.3178732999999999
0.4393 0.317805
0.43965 0.3165807
0.44 0.3161837999999999
0.44035 0.314894
0.4407 0.3146595999999999
0.44105 0.3146595999999999
0.4414 0.314471
0.44175 0.313669
0.4421 0.313669
0.44245 0.313669
0.4428 0.3137077
0.44315 0.3133993
0.4435 0.3133993
0.44385 0.3112443
0.4442 0.3112443
0.44455 0.3116453
0.4449 0.3116453
0.44525 0.3097561
0.4456 0.3096384
0.44595 0.3097561
0.4463 0.3096384
0.44665 0.3095888
0.447 0.3090198
0.44735 0.3084627
0.4477 0.3083163
0.44805 0.3079197999999999
0.4484 0.3059748
0.44875 0.3073242
0.4491 0.3064235999999999
0.44945 0.3064235999999999
0.4498 0.3059445
0.45015 0.3056224999999999
0.4505 0.3051848
0.45085 0.3039819
0.4512 0.3034603
0.45155 0.3028708
0.4519 0.3027970999999999
0.45225 0.3022372
0.4526 0.3018075
0.45295 0.3018075
0.4533 0.3010603
0.45365 0.300348
0.454 0.3003155
0.45435 0.2988519
0.4547 0.2985445
0.45505 0.2985445
0.4554 0.2981355
0.45575 0.2964922
0.4561 0.2949275
0.45645 0.2961585
0.4568 0.2949148
0.45715 0.2946012
0.4575 0.2936970999999999
0.45785 0.2936970999999999
0.4582 0.2931429
0.45855 0.2929547999999999
0.4589 0.2922433
0.45925 0.2905667
0.4596 0.2897006
0.45995 0.2897006
0.4603 0.2896814
0.46065 0.289645
0.461 0.2889846
0.46135 0.2884262999999999
0.4617 0.2878580999999999
0.46205 0.2870515
0.4624 0.2863166
0.46275 0.2859708
0.4631 0.2853691
0.46345 0.2843312
0.4638 0.2833766
0.46415 0.2831792999999999
0.4645 0.2823432
0.46485 0.281864
0.4652 0.2802352
0.46555 0.2797374
0.4659 0.2796031
0.46625 0.2778194
0.4666 0.2769517
0.46695 0.2762455
0.4673 0.2760574
0.46765 0.2728022
0.468 0.2717242
0.46835 0.2717242
0.4687 0.2674389
0.46905 0.2615583
0.4694 0.2674389
0.46975 0.2692647999999999
0.4701 0.2692647999999999
0.47045 0.2690224
0.4708 0.2688419
0.47115 0.2666027
0.4715 0.2642877
0.47185 0.2635797
0.4722 0.2583307999999999
0.47255 0.2571077
0.4729 0.2571077
0.47325 0.2605939
0.4736 0.2605939
0.47395 0.2597852
0.4743 0.2593461999999999
0.47465 0.2587911
0.475 0.2587911
0.47535 0.2324304
0.4757 0.257042
0.47605 0.2533117
0.4764 0.2533117
0.47675 0.2528063
0.4771 0.2499307
0.47745 0.251696
0.4778 0.2499307
0.47815 0.2495219
0.4785 0.2495219
0.47885 0.2493712
0.4792 0.2473261
0.47955 0.2468512
0.4799 0.2473261
0.48025 0.2455928
0.4806 0.2443912
0.48095 0.2438519999999999
0.4813 0.2431376999999999
0.48165 0.2402775999999999
0.482 0.2394787
0.48235 0.2378552
0.4827 0.2378552
0.48305 0.236334
0.4834 0.2326175999999999
0.48375 0.2315533
0.4841 0.2315533
0.48445 0.2280121
0.4848 0.2234875
0.48515 0.2234875
0.4855 0.2234875
0.48585 0.2135739999999999
0.4862 0.223628
0.48655 0.223628
0.4869 0.2241513
0.48725 0.2241513
0.4876 0.2194563
0.48795 0.2161101
0.4883 0.2194563
0.48865 0.2206092999999999
0.489 0.2209342
0.48935 0.2206092999999999
0.4897 0.2188234
0.49005 0.2173922
0.4904 0.2173922
0.49075 0.2126029
0.4911 0.2126029
0.49145 0.2126029
0.4918 0.2128765
0.49215 0.2115451
0.4925 0.2107369
0.49285 0.2049235
0.4932 0.2049235
0.49355 0.2050167999999999
0.4939 0.2050167999999999
0.49425 0.203747
0.4946 0.202998
0.49495 0.2035469
0.4953 0.2016722
0.49565 0.2016722
0.496 0.2013164
0.49635 0.2005333
0.4967 0.1998175
0.49705 0.1988385
0.4974 0.1969871
0.49775 0.1957433
0.4981 0.1941407
0.49845 0.1923093
0.4988 0.1923093
0.49915 0.191977
0.4995 0.191977
0.49985 0.1903905
0.5002 0.1898368
0.50055 0.1827917
0.5009 0.1827917
0.50125 0.1849878999999999
0.5016 0.1849878999999999
0.50195 0.1839901
0.5023 0.1826239
0.50265 0.1789216
0.503 0.1543413
0.50335 0.1603381
0.5037 0.1603381
0.50405 0.1685735
0.5044 0.1731931
0.50475 0.1731931
0.5051 0.1748614
0.50545 0.1748614
0.5058 0.1745272
0.50615 0.171468
0.5065 0.1714326
0.50685 0.1646702
0.5072 0.1646702
0.50755 0.1646702
0.5079 0.1626097
0.50825 0.1626097
0.5086 0.1643603
0.50895 0.1643603
0.5093 0.1683978
0.50965 0.1631028
0.51 0.1619881
0.51035 0.1619881
0.5107 0.1619881
0.51105 0.1619497999999999
0.5114 0.1601086
0.51175 0.1554257
0.5121 0.1554257
0.51245 0.1576786
0.5128 0.1576786
0.51315 0.1587055
0.5135 0.1557782
0.51385 0.1557782
0.5142 0.1556500999999999
0.51455 0.155128
0.5149 0.1518517
0.51525 0.1534556
0.5156 0.1518517
0.51595 0.1517385
0.5163 0.1504189
0.51665 0.1504189
0.517 0.1504189
0.51735 0.1499599999999999
0.5177 0.1480773
0.51805 0.1477207999999999
0.5184 0.1480773
0.51875 0.1486254
0.5191 0.1486254
0.51945 0.1505823999999999
0.5198 0.1453516
0.52015 0.1438296
0.5205 0.1436482
0.52085 0.1428134
0.5212 0.1423687
0.52155 0.1407184
0.5219 0.1401006
0.52225 0.1400250999999999
0.5226 0.1385958
0.52295 0.1371818
0.5233 0.1316668999999999
0.52365 0.1316668999999999
0.524 0.1304728
0.52435 0.1341167999999999
0.5247 0.1332372999999999
0.52505 0.1332372999999999
0.5254 0.1324299
0.52575 0.1323365
0.5261 0.1301244999999999
0.52645 0.1290833
0.5268 0.1282232
0.52715 0.1280425
0.5275 0.1260007
0.52785 0.1253271
0.5282 0.1250561
0.52855 0.1249386
0.5289 0.123503
0.52925 0.1211405
0.5296 0.1210309
0.52995 0.1191734999999999
0.5303 0.1191734999999999
0.53065 0.1190863
0.531 0.1190257
0.53135 0.1172696
0.5317 0.117052
0.53205 0.1153961
0.5324 0.1144627
0.53275 0.1138425
0.5331 0.1138425
0.53345 0.1138425
0.5338 0.1134855
0.53415 0.1134855
0.5345 0.1134855
0.53485 0.1160947
0.5352 0.1100356
0.53555 0.1090762
0.5359 0.1085176
0.53625 0.1066405999999999
0.5366 0.1078833999999999
0.53695 0.1054848999999999
0.5373 0.1054848999999999
0.53765 0.1048797
0.538 0.1040456
0.53835 0.1020746
0.5387 0.101163
0.53905 0.101163
0.5394 0.1004918
0.53975 0.0990323
0.5401 0.0990323
0.54045 0.0969545
0.5408 0.0951535
0.54115 0.0951535
0.5415 0.0942901
0.54185 0.092987
0.5422 0.0923208
0.54255 0.0922896999999999
0.5429 0.0903863
0.54325 0.0897133
0.5436 0.0896775
0.54395 0.0892996
0.5443 0.0892572
0.54465 0.0892572
0.545 0.0883903
0.54535 0.0894059
0.5457 0.0888436
0.54605 0.0888436
0.5464 0.0864279999999999
0.54675 0.0864279999999999
0.5471 0.0864279999999999
0.54745 0.085945
0.5478 0.0852573
0.54815 0.0854809
0.5485 0.0852573
0.54885 0.0849069
0.5492 0.084382
0.54955 0.0827297
0.5499 0.0816958999999999
0.55025 0.0818757
0.5506 0.0815465
0.55095 0.0815419999999999
0.5513 0.0810271
0.55165 0.080124
0.552 0.0797313
0.55235 0.0786873999999999
0.5527 0.0776371
0.55305 0.078135
0.5534 0.0775236
0.55375 0.0775236
0.5541 0.0765762
0.55445 0.075562
0.5548 0.075562
0.55515 0.0752408
0.5555 0.0744655
0.55585 0.074359
0.5562 0.0737131999999999
0.55655 0.0737131999999999
0.5569 0.0716133
0.55725 0.0716133
0.5576 0.0716273
0.55795 0.0716273
0.5583 0.0715392
0.55865 0.0709126
0.559 0.0707196
0.55935 0.0702763
0.5597 0.0698523
0.56005 0.0694381999999999
0.5604 0.0689113
0.56075 0.0685906999999999
0.5611 0.0680113999999999
0.56145 0.0676886999999999
0.5618 0.0669211
0.56215 0.0668838
0.5625 0.0660003999999999
0.56285 0.0659378
0.5632 0.0654918
0.56355 0.0649631
0.5639 0.0649631
0.56425 0.0642948
0.5646 0.0632092
0.56495 0.061451
0.5653 0.0632092
0.56565 0.0735452
0.566 0.0735452
0.56635 0.0622587
0.5667 0.0600455
0.56705 0.0600184
0.5674 0.0600184
0.56775 0.0616914
0.5681 0.0616949
0.56845 0.0616914
0.5688 0.0592515999999999
0.56915 0.0584823
0.5695 0.051747
0.56985 0.051747
0.5702 0.0526903
0.57055 0.0590611999999999
0.5709 0.0590611999999999
0.57125 0.0590611999999999
0.5716 0.0600177
0.57195 0.0600177
0.5723 0.0600177
0.57265 0.0596641999999999
0.573 0.0622378
0.57335 0.0575035999999999
0.5737 0.0577291999999999
0.57405 0.0575035999999999
0.5744 0.0558441
0.57475 0.0558441
0.5751 0.0546125
0.57545 0.056307
0.5758 0.0558506
0.57615 0.0558506
0.5765 0.055099
0.57685 0.0533896999999999
0.5772 0.0537816
0.57755 0.0537816
0.5779 0.0537816
0.57825 0.0538266999999999
0.5786 0.0529985
0.57895 0.0524319
0.5793 0.0524182
0.57965 0.0522476
0.58 0.0515637
0.58035 0.0512588
0.5807 0.0496855999999999
0.58105 0.0496855999999999
0.5814 0.0497535
0.58175 0.0497535
0.5821 0.0492545
0.58245 0.048803
0.5828 0.0480969
0.58315 0.0468453
0.5835 0.0467195
0.58385 0.0457131999999999
0.5842 0.0450532
0.58455 0.0457131999999999
0.5849 0.0467866
0.58525 0.0467866
0.5856 0.0449952
0.58595 0.0449952
0.5863 0.046088
0.58665 0.046088
0.587 0.0451626999999999
0.58735 0.0441130999999999
0.5877 0.0400785
0.58805 0.0354991
0.5884 0.0354991
0.58875 0.031118
0.5891 0.031118
0.58945 0.0309966
0.5898 0.0308305
0.59015 0.0308305
0.5905 0.0399037
0.59085 0.0399037
0.5912 0.0381231
0.59155 0.0381231
0.5919 0.0381231
0.59225 0.040273
0.5926 0.0408909
0.59295 0.0451675
0.5933 0.0451675
0.59365 0.0447684
0.594 0.0406339
0.59435 0.0406339
0.5947 0.0406339
0.59505 0.0420959
0.5954 0.0420959
0.59575 0.042641
0.5961 0.042641
0.59645 0.0441341
0.5968 0.0446407
0.59715 0.0447083
0.5975 0.0447083
0.59785 0.0441354
0.5982 0.0441354
0.59855 0.0419946
0.5989 0.0451566999999999
0.59925 0.0419946
0.5996 0.0451566999999999
0.59995 0.045404
0.6003 0.045404
0.60065 0.0347020999999999
0.601 0.0347020999999999
0.60135 0.0464213
0.6017 0.0470599
0.60205 0.0470599
0.6024 0.0474205
0.60275 0.0474205
0.6031 0.0474521
0.60345 0.0475425
0.6038 0.0475425
0.60415 0.0469268
0.6045 0.0457837
0.60485 0.0434359
0.6052 0.0457837
0.60555 0.0476644
0.6059 0.048
0.60625 0.0476644
0.6066 0.048
0.60695 0.0490983
0.6073 0.0490983
0.60765 0.0490983
0.608 0.0485250999999999
0.60835 0.0493911999999999
0.6087 0.0485250999999999
0.60905 0.0479623
0.6094 0.0479623
0.60975 0.0488450999999999
0.6101 0.0488450999999999
0.61045 0.0488450999999999
0.6108 0.0494339
0.61115 0.0494339
0.6115 0.0475376999999999
0.61185 0.0475376999999999
0.6122 0.0475376999999999
0.61255 0.046157
0.6129 0.046157
0.61325 0.0463504
0.6136 0.0468569
0.61395 0.047044
0.6143 0.0474316
0.61465 0.0530915
0.615 0.0497543
0.61535 0.0497543
0.6157 0.0409935
0.61605 0.0409935
0.6164 0.0428075
0.61675 0.043929
0.6171 0.0465343
0.61745 0.0465343
0.6178 0.0421608
0.61815 0.0421608
0.6185 0.0419773
0.61885 0.0343429
0.6192 0.0330279999999999
0.61955 0.0330279999999999
0.6199 0.0388061999999999
0.62025 0.0415586
0.6206 0.0415586
0.62095 0.0405200999999999
0.6213 0.0382722
0.62165 0.0382722
0.622 0.0453883
0.62235 0.0453883
0.6227 0.0436729
0.62305 0.0436729
0.6234 0.0437638
0.62375 0.0442320999999999
0.6241 0.0455508
0.62445 0.0455508
0.6248 0.0459429
0.62515 0.0466988
0.6255 0.0466988
0.62585 0.0468342
0.6262 0.0473872
0.62655 0.0473872
0.6269 0.0473872
0.62725 0.0476983
0.6276 0.0476983
0.62795 0.0478423
0.6283 0.0476703
0.62865 0.047964
0.629 0.0480667
0.62935 0.0481566
0.6297 0.048171
0.63005 0.0482270999999999
0.6304 0.0482270999999999
0.63075 0.0483021999999999
0.6311 0.0475087
0.63145 0.0467951
0.6318 0.0467951
0.63215 0.0480414
0.6325 0.048288
0.63285 0.048288
0.6332 0.048288
0.63355 0.0481869
0.6339 0.0481869
0.63425 0.0483774
0.6346 0.0483774
0.63495 0.0486292
0.6353 0.0486292
0.63565 0.0486292
0.636 0.048574
0.63635 0.048574
0.6367 0.0486103
0.63705 0.0486103
0.6374 0.0486103
0.63775 0.046454
0.6381 0.046454
0.63845 0.046454
0.6388 0.0447323
0.63915 0.0477519999999999
0.6395 0.0475166
0.63985 0.0480564
0.6402 0.0489921
0.64055 0.0489921
0.6409 0.0489292
0.64125 0.0487153
0.6416 0.0471729
0.64195 0.0481551999999999
0.6423 0.0481551999999999
0.64265 0.0488758
0.643 0.0488758
0.64335 0.0488881
0.6437 0.0421843
0.64405 0.0434571
0.6444 0.0434571
0.64475 0.0479045
0.6451 0.0479045
0.64545 0.0480556
0.6458 0.0355964
0.64615 0.021803
0.6465 0.021803
0.64685 0.0445154
0.6472 0.0483634
0.64755 0.0445154
0.6479 0.0430708
0.64825 0.0430708
0.6486 0.0445676999999999
0.64895 0.0463017
0.6493 0.0478304
0.64965 0.0491529999999999
0.65 0.0491529999999999
0.65035 0.0493102
0.6507 0.0440676999999999
0.65105 0.0451498
0.6514 0.043338
0.65175 0.043338
0.6521 0.043338
0.65245 0.0463695
0.6528 0.0463695
0.65315 0.0477863
0.6535 0.0422413
0.65385 0.0481938
0.6542 0.0439149999999999
0.65455 0.0477825999999999
0.6549 0.0477825999999999
0.65525 0.0477825999999999
0.6556 0.0444520999999999
0.65595 0.0366641
0.6563 0.0366641
0.65665 0.045562
0.657 0.045562
0.65735 0.0475465
0.6577 0.0439054
0.65805 0.0480218
0.6584 0.0439054
0.65875 0.0480218
0.6591 0.0486722
0.65945 0.0486722
0.6598 0.0474875
0.66015 0.0474875
0.6605 0.0489976
0.66085 0.0489976
0.6612 0.0407618
0.66155 0.0407618
0.6619 0.0466076
0.66225 0.0472448
0.6626 0.047812
0.66295 0.0472448
0.6633 0.0473268
0.66365 0.0473045
0.664 0.0473268
0.66435 0.0482586
0.6647 0.0482586
0.66505 0.0478571999999999
0.6654 0.0475161999999999
0.66575 0.0475466
0.6661 0.0475466
0.66645 0.0475466
0.6668 0.0473301999999999
0.66715 0.0473301999999999
0.6675 0.0473301999999999
0.66785 0.0476173
0.6682 0.0463404
0.66855 0.0448676
0.6689 0.0448676
0.66925 0.0463661999999999
0.6696 0.0468654
0.66995 0.0468654
0.6703 0.0468654
0.67065 0.0475209
0.671 0.0475209
0.67135 0.0481821999999999
0.6717 0.0481327
0.67205 0.0482363
0.6724 0.0481327
0.67275 0.0480019999999999
0.6731 0.0480019999999999
0.67345 0.0480019999999999
0.6738 0.0486140999999999
0.67415 0.0481539
0.6745 0.0481539
0.67485 0.0481539
0.6752 0.0483036
0.67555 0.0483036
0.6759 0.0480465
0.67625 0.0480465
0.6766 0.0480465
0.67695 0.0482106999999999
0.6773 0.0479255
0.67765 0.0479255
0.678 0.0475712
0.67835 0.0475712
0.6787 0.0469545
0.67905 0.0469545
0.6794 0.0460388
0.67975 0.0460388
0.6801 0.0465735
0.68045 0.0465735
0.6808 0.0453356
0.68115 0.0453356
0.6815 0.0453356
0.68185 0.046429
0.6822 0.0453174
0.68255 0.0452915
0.6829 0.0452915
0.68325 0.0441254
0.6836 0.044999
0.68395 0.0441254
0.6843 0.0445939
0.68465 0.0445939
0.685 0.0445939
0.68535 0.0443277
0.6857 0.0443277
0.68605 0.0442175999999999
0.6864 0.0438770999999999
0.68675 0.0426231
0.6871 0.0426231
0.68745 0.04272
0.6878 0.0437775
0.68815 0.04272
0.6885 0.0433746
0.68885 0.0424753
0.6892 0.0433746
0.68955 0.0395646
0.6899 0.043413
0.69025 0.0423249
0.6906 0.0434943
0.69095 0.0423249
0.6913 0.0405638
0.69165 0.0381988
0.692 0.0275021999999999
0.69235 0.0275021999999999
0.6927 0.0342019
0.69305 0.0342019
0.6934 0.0330204
0.69375 0.0330204
0.6941 0.0330204
0.69445 0.0395538999999999
0.6948 0.0382416999999999
0.69515 0.0382416999999999
0.6955 0.0365949999999999
0.69585 0.0365949999999999
0.6962 0.0339003
0.69655 0.0372588
0.6969 0.0366049
0.69725 0.0372588
0.6976 0.0366049
0.69795 0.0373571999999999
0.6983 0.0373571999999999
0.69865 0.0373571999999999
0.699 0.034726
0.69935 0.034726
0.6997 0.034726
0.70005 0.0309413999999999
0.7004 0.0309413999999999
0.70075 0.0310434
0.7011 0.0317676
0.70145 0.0310434
0.7018 0.0317676
0.70215 0.0318838
0.7025 0.0318838
0.70285 0.0271647999999999
0.7032 0.0271647999999999
0.70355 0.0352975
0.7039 0.0360753
0.70425 0.0352975
0.7046 0.0362651
0.70495 0.0331808
0.7053 0.0257084
0.70565 0.0257084
0.706 0.0221749
0.70635 0.030567
0.7067 0.030567
0.70705 0.030567
0.7074 0.0071337
0.70775 0.0071337
0.7081 0.0187264
0.70845 0.0243051
0.7088 0.0243051
0.70915 0.023785
0.7095 0.023785
0.70985 0.0291785
0.7102 0.0303357
0.71055 0.0303357
0.7109 0.0175431
0.71125 0.0175431
0.7116 0.025016
0.71195 0.0426434
0.7123 0.0426434
0.71265 0.0285445999999999
0.713 0.0285445999999999
0.71335 0.0341605
0.7137 0.0341605
0.71405 0.0310572
0.7144 0.0261596999999999
0.71475 0.0261596999999999
0.7151 0.0270647999999999
0.71545 0.0270647999999999
0.7158 0.0270647999999999
0.71615 0.021981
0.7165 0.0064331999999999
0.71685 0.0064331999999999
0.7172 0.0111937999999999
0.71755 0.0111937999999999
0.7179 0.0111937999999999
0.71825 0.0235783
0.7186 0.0235783
0.71895 0.0067864999999999
0.7193 0.0051645
0.71965 0.0067864999999999
0.72 0.0094868
0.72035 0.0146705
0.7207 0.0170724
0.72105 0.0170724
0.7214 0.0208688
0.72175 0.0092188999999999
0.7221 0.0219697999999999
0.72245 0.0200804
0.7228 0.0200804
0.72315 0.0097414
0.7235 0.0068486999999999
0.72385 0.0068486999999999
0.7242 0.0068486999999999
0.72455 0.0115197
0.7249 0.0115197
0.72525 0.0115197
0.7256 0.0105276
0.72595 0.0088437
0.7263 0.0055902999999999
0.72665 0.0088437
0.727 0.0049198
0.72735 0.0140697
0.7277 0.0125348999999999
0.72805 0.0146433999999999
0.7284 0.0188445
0.72875 0.0188445
0.7291 0.01822
0.72945 0.0149448999999999
0.7298 0.0121894
0.73015 0.0138345
0.7305 0.0138345
0.73085 0.0138345
0.7312 0.0176805999999999
0.73155 0.0105286
0.7319 0.0176805999999999
0.73225 0.0143756
0.7326 0.0143756
0.73295 0.0085226
0.7333 0.0085226
0.73365 0.0247647
0.734 0.0247647
0.73435 0.0191209
0.7347 0.0191209
0.73505 0.0237192
0.7354 0.0257776
0.73575 0.0257776
0.7361 0.0257776
0.73645 0.0196898
0.7368 0.0196898
0.73715 0.0196898
0.7375 0.0144026
0.73785 0.0261971
0.7382 0.0267544
0.73855 0.0267544
0.7389 0.0180159
0.73925 0.0180159
0.7396 0.0180159
0.73995 0.0171683
0.7403 0.0171683
0.74065 0.024116
0.741 0.0259872
0.74135 0.0259872
0.7417 0.0259872
0.74205 0.0251428
0.7424 0.0245735999999999
0.74275 0.0245735999999999
0.7431 0.025498
0.74345 0.0269770999999999
0.7438 0.0318754
0.74415 0.0318754
0.7445 0.0292152
0.74485 0.0285457999999999
0.7452 0.0285457999999999
0.74555 0.0285457999999999
0.7459 0.0216803
0.74625 0.0285846999999999
0.7466 0.0278859
0.74695 0.0278859
0.7473 0.0249185
0.74765 0.0249185
0.748 0.0266216999999999
0.74835 0.0284797
0.7487 0.0284797
0.74905 0.0284797
0.7494 0.0283152
0.74975 0.0273168
0.7501 0.0280498
0.75045 0.0273168
0.7508 0.0280248
0.75115 0.0254653
0.7515 0.0254653
0.75185 0.0254653
0.7522 0.0238903
0.75255 0.0241817
0.7529 0.0241817
0.75325 0.027388
0.7536 0.027388
0.75395 0.027238
0.7543 0.0268770999999999
0.75465 0.0268770999999999
0.755 0.0268608
0.75535 0.0265074
0.7557 0.0264931
0.75605 0.0264931
0.7564 0.0260515999999999
0.75675 0.0260488
0.7571 0.0248293
0.75745 0.0250689
0.7578 0.0249426
0.75815 0.0250689
0.7585 0.0250305999999999
0.75885 0.0250305999999999
0.7592 0.0247708
0.75955 0.0244767
0.7599 0.0241927
0.76025 0.0241927
0.7606 0.0230109
0.76095 0.0230109
0.7613 0.0233435
0.76165 0.0233435
0.762 0.0230962
0.76235 0.0227752
0.7627 0.0222162
0.76305 0.0222162
0.7634 0.0225819
0.76375 0.0225819
0.7641 0.0208462999999999
0.76445 0.0206842
0.7648 0.0206842
0.76515 0.0217775
0.7655 0.0217775
0.76585 0.0205038
0.7662 0.0155185
0.76655 0.0155185
0.7669 0.017572
0.76725 0.0202369
0.7676 0.0209584
0.76795 0.0214797
0.7683 0.0214797
0.76865 0.0214201
0.769 0.0203452
0.76935 0.0175038
0.7697 0.0154475
0.77005 0.0154475
0.7704 0.0190250999999999
0.77075 0.0201775
0.7711 0.0220731
0.77145 0.0222779
0.7718 0.0225577
0.77215 0.0225577
0.7725 0.0206844
0.77285 0.0206844
0.7732 0.020846
0.77355 0.0215662999999999
0.7739 0.0218114
0.77425 0.0223324999999999
0.7746 0.0224671
0.77495 0.0225196
0.7753 0.0227800999999999
0.77565 0.0228257
0.776 0.0227800999999999
0.77635 0.0229062
0.7767 0.0227796
0.77705 0.0229740999999999
0.7774 0.0231067999999999
0.77775 0.0233553
0.7781 0.0235982
0.77845 0.0233553
0.7788 0.0227363
0.77915 0.0227363
0.7795 0.0246039
0.77985 0.0246039
0.7802 0.0246895
0.78055 0.0234313
0.7809 0.0240778
0.78125 0.0238722
0.7816 0.0238722
0.78195 0.0231449
0.7823 0.0220806
0.78265 0.0218199
0.783 0.0218199
0.78335 0.0200847
0.7837 0.0229832
0.78405 0.0209940999999999
0.7844 0.023678
0.78475 0.0240375
0.7851 0.0240375
0.78545 0.0232187
0.7858 0.0232187
0.78615 0.0231462999999999
0.7865 0.0231462999999999
0.78685 0.0216165
0.7872 0.0216165
0.78755 0.0244523
0.7879 0.0244523
0.78825 0.0243497999999999
0.7886 0.0243497999999999
0.78895 0.0243497999999999
0.7893 0.0268479
0.78965 0.0243412
0.79 0.024595
0.79035 0.0245840999999999
0.7907 0.0245840999999999
0.79105 0.0245840999999999
0.7914 0.0237222
0.79175 0.0242427
0.7921 0.0242427
0.79245 0.0242427
0.7928 0.0235918
0.79315 0.0161257
0.7935 0.0161257
0.79385 0.0238049
0.7942 0.0241067
0.79455 0.0241067
0.7949 0.0208269
0.79525 0.0162083
0.7956 0.0208269
0.79595 0.0080501
0.7963 0.01377
0.79665 0.01377
0.797 0.0190679
0.79735 0.0190679
0.7977 0.021591
0.79805 0.0183004
0.7984 0.0223821
0.79875 0.0223821
0.7991 0.0229805999999999
0.79945 0.0229805999999999
0.7998 0.0229805999999999
0.80015 0.0235374
0.8005 0.0235374
0.80085 0.0228715
0.8012 0.0227499
0.80155 0.0208202
0.8019 0.0183675999999999
0.80225 0.0189429
0.8026 0.0189429
0.80295 0.022819
0.8033 0.022819
0.80365 0.0199931
0.804 0.0199931
0.80435 0.0222931
0.8047 0.0266225
0.80505 0.0271108
0.8054 0.0272824
0.80575 0.0272824
0.8061 0.0127723
0.80645 0.0121742999999999
0.8068 0.0127723
0.80715 0.0180170999999999
0.8075 0.0180170999999999
0.80785 0.0168919
0.8082 0.0163912999999999
0.80855 0.0163912999999999
0.8089 0.0089332
0.80925 0.0089332
0.8096 0.0105998
0.80995 0.0109256
0.8103 0.0236025
0.81065 0.0236025
0.811 0.0202831999999999
0.81135 0.0202831999999999
0.8117 0.0202831999999999
0.81205 0.0187823
0.8124 0.0153092
0.81275 0.0187823
0.8131 0.0105905
0.81345 0.0168088
0.8138 0.0168088
0.81415 0.0168088
0.8145 0.0085605
0.81485 0.0040487
0.8152 0.0040487
0.81555 0.0168072999999999
0.8159 0.0236130999999999
0.81625 0.0168072999999999
0.8166 0.0211937
0.81695 0.0211937
0.8173 0.0211937
0.81765 0.0210390999999999
0.818 0.0210390999999999
0.81835 0.0224122
0.8187 0.0224122
0.81905 0.01993
0.8194 0.01993
0.81975 0.0218183
0.8201 0.0218183
0.82045 0.0212726
0.8208 0.0204259
0.82115 0.0204259
0.8215 0.0209082
0.82185 0.0209082
0.8222 0.0257445
0.82255 0.0197760999999999
0.8229 0.0128538999999999
0.82325 0.0051734
0.8236 0.0049071
0.82395 0.0049071
0.8243 0.0235556
0.82465 0.0235556
0.825 0.027884
0.82535 0.0232103
0.8257 0.0240683
0.82605 0.0232103
0.8264 0.0212829
0.82675 0.0212829
0.8271 0.0212829
0.82745 0.0244069
0.8278 0.0152077
0.82815 0.024092
0.8285 0.0217161
0.82885 0.0217161
0.8292 0.0217161
0.82955 0.0228217
0.8299 0.0228217
0.83025 0.0082574
0.8306 0.0082574
0.83095 0.0141537
0.8313 0.0224662999999999
0.83165 0.0147137
0.832 0.0147137
0.83235 0.0147137
0.8327 0.014676
0.83305 0.0203753
0.8334 0.014676
0.83375 0.0030092
0.8341 0.0030092
0.83445 0.0045678
0.8348 0.0045678
0.83515 0.0225538
0.8355 0.0179925
0.83585 0.0179925
0.8362 0.0147029
0.83655 0.0147029
0.8369 0.0147029
0.83725 0.0080985
0.8376 0.0062587
0.83795 0.0062587
0.8383 0.0141282999999999
0.83865 0.0186317999999999
0.839 0.0194668
0.83935 0.0194668
0.8397 0.0194668
0.84005 0.0177822
0.8404 0.0136157
0.84075 0.0136157
0.8411 0.0173568
0.84145 0.0198595
0.8418 0.0173568
0.84215 0.0198595
0.8425 0.0228377
0.84285 0.0264093
0.8432 0.0264093
0.84355 0.0271125999999999
0.8439 0.0236302
0.84425 0.0236302
0.8446 0.0236302
0.84495 0.0251457
0.8453 0.0251457
0.84565 0.0251457
0.846 0.0258604
0.84635 0.0258604
0.8467 0.0258604
0.84705 0.0268422
0.8474 0.0268422
0.84775 0.0166965
0.8481 0.0166965
0.84845 0.0268325
0.8488 0.0268325
0.84915 0.024878
0.8495 0.0196925
0.84985 0.024878
0.8502 0.0237421999999999
0.85055 0.026616
0.8509 0.0276101
0.85125 0.0305080999999999
0.8516 0.0305080999999999
0.85195 0.0278712
0.8523 0.0250022999999999
0.85265 0.0243160999999999
0.853 0.0243160999999999
0.85335 0.0260228
0.8537 0.0260228
0.85405 0.0248945
0.8544 0.0248945
0.85475 0.0238407
0.8551 0.0266779999999999
0.85545 0.0266779999999999
0.8558 0.0278307
0.85615 0.0278307
0.8565 0.0239774
0.85685 0.0221729
0.8572 0.0221729
0.85755 0.0200272999999999
0.8579 0.0191684
0.85825 0.0185919999999999
0.8586 0.0191684
0.85895 0.0180578
0.8593 0.0213412
0.85965 0.0180578
0.86 0.0161008
0.86035 0.0161008
0.8607 0.0161008
0.86105 0.0145239
0.8614 0.0135793999999999
0.86175 0.0128305
0.8621 0.0120115
0.86245 0.0120115
0.8628 0.0116164
0.86315 0.0123223
0.8635 0.0120192
0.86385 0.0120192
0.8642 0.0120151
0.86455 0.0118529
0.8649 0.0120151
0.86525 0.0123089
0.8656 0.0127027999999999
0.86595 0.0142575999999999
0.8663 0.0146867
0.86665 0.0146867
0.867 0.0141217
0.86735 0.0127802
0.8677 0.0141217
0.86805 0.0168386
0.8684 0.0171975
0.86875 0.0191322
0.8691 0.0191322
0.86945 0.0197431
0.8698 0.0189458
0.87015 0.0183749
0.8705 0.0183749
0.87085 0.0185662
0.8712 0.0198927
0.87155 0.0201164
0.8719 0.0254111
0.87225 0.0254111
0.8726 0.0242655
0.87295 0.0203745
0.8733 0.0203745
0.87365 0.022126
0.874 0.0259923
0.87435 0.0259923
0.8747 0.0244543
0.87505 0.0244543
0.8754 0.0244543
0.87575 0.0236037999999999
0.8761 0.0226835
0.87645 0.0216762
0.8768 0.0216762
0.87715 0.0216762
0.8775 0.017087
0.87785 0.02195
0.8782 0.017087
0.87855 0.0203747
0.8789 0.0203747
0.87925 0.0203747
0.8796 0.010617
0.87995 0.0096856
0.8803 0.0087745
0.88065 0.0087719
0.881 0.0061866
0.88135 0.0047815
0.8817 0.0040512
0.88205 0.0025329999999999
0.8824 0.0015384
0.88275 0.0014740999999999
0.8831 0.0014678
0.88345 0.0014112999999999
0.8838 0.001411
0.88415 0.0014112999999999
0.8845 0.0017821999999999
0.88485 0.0021739999999999
0.8852 0.0026162
0.88555 0.0026162
0.8859 0.002315
0.88625 0.0017256
0.8866 0.0009496999999999
0.88695 0.0008179999999999
0.8873 0.0008179999999999
0.88765 0.000819
0.888 0.0008786
0.88835 0.001138
0.8887 0.001249
0.88905 0.001138
0.8894 0.0014204
0.88975 0.0015134
0.8901 0.0016370999999999
0.89045 0.0015259
0.8908 0.0015259
0.89115 0.0013687999999999
0.8915 0.0013687999999999
0.89185 0.0013687999999999
0.8922 0.001297
0.89255 0.001297
0.8929 0.0013360999999999
0.89325 0.0014707
0.8936 0.0014707
0.89395 0.0013901
0.8943 0.0012337
0.89465 0.0012337
0.895 0.0012925999999999
0.89535 0.0012925999999999
0.8957 0.0012925999999999
0.89605 0.0013974999999999
0.8964 0.0015021
0.89675 0.0019252
0.8971 0.0019252
0.89745 0.0022957
0.8978 0.0022957
0.89815 0.0026647
0.8985 0.0026647
0.89885 0.0021191
0.8992 0.000576
0.89955 0.000576
0.8999 0.0003519
0.90025 0.0003519
0.9006 0.0003519
0.90095 0.0014204
0.9013 0.0025278
0.90165 0.0056237
0.902 0.0056237
0.90235 0.0052349
0.9027 0.0052349
0.90305 0.0048623
0.9034 0.0058908
0.90375 0.0058908
0.9041 0.0094707
0.90445 0.0103068
0.9048 0.0113911
0.90515 0.0121848999999999
0.9055 0.0121848999999999
0.90585 0.0121848999999999
0.9062 0.0113047
0.90655 0.0125209
0.9069 0.0113047
0.90725 0.0125209
0.9076 0.0141585
0.90795 0.0141585
0.9083 0.0130727
0.90865 0.0073569999999999
0.909 0.0130727
0.90935 0.0073569999999999
0.9097 0.0075261
0.91005 0.0035196999999999
0.9104 0.0037796999999999
0.91075 0.0037796999999999
0.9111 0.0040320999999999
0.91145 0.005746
0.9118 0.0040320999999999
0.91215 0.005746
0.9125 0.0092606
0.91285 0.0092606
0.9132 0.0111084
0.91355 0.0085271
0.9139 0.0131767
0.91425 0.001705
0.9146 0.0120825
0.91495 0.0031822
0.9153 0.0060322
0.91565 0.0060322
0.916 0.0060322
0.91635 0.0069003
0.9167 0.0027221999999999
0.91705 0.0017908
0.9174 0.0014644999999999
0.91775 0.0014644999999999
0.9181 0.0014644999999999
0.91845 0.0021446
0.9188 0.0039848
0.91915 0.0039848
0.9195 0.0010855
0.91985 0.0010855
0.9202 0.0121899
0.92055 0.0161896
0.9209 0.0121899
0.92125 0.0109018999999999
0.9216 0.0038501
0.92195 0.0107832
0.9223 0.0107832
0.92265 0.010846
0.923 0.010846
0.92335 0.0063531
0.9237 0.0042999
0.92405 0.0063531
0.9244 0.0042999
0.92475 0.0128747999999999
0.9251 0.0128747999999999
0.92545 0.0128747999999999
0.9258 0.0118084
0.92615 0.0080048
0.9265 0.0044919
0.92685 0.0044919
0.9272 0.0031917
0.92755 0.0029782
0.9279 0.0014405
0.92825 0.0029782
0.9286 0.0029744
0.92895 0.0057913
0.9293 0.0040381
0.92965 0.0040381
0.93 0.0010126
0.93035 0.0010126
0.9307 0.0005433
0.93105 0.0015323
0.9314 0.0011316
0.93175 0.0015323
0.9321 0.0024486
0.93245 0.0024486
0.9328 0.002787
0.93315 0.00303
0.9335 0.00303
0.93385 0.0009504
0.9342 0.0008499
0.93455 0.0004733
0.9349 0.0008499
0.93525 0.0004733
0.9356 0.0009097
0.93595 0.0012661
0.9363 0.0019718
0.93665 0.0012956
0.937 0.0012956
0.93735 0.0012956
0.9377 0.0010128
0.93805 0.0010128
0.9384 0.0010128
0.93875 0.0017216999999999
0.9391 0.0017216999999999
0.93945 0.0017629
0.9398 0.0012619999999999
0.94015 0.0020375999999999
0.9405 0.001174
0.94085 0.0031435
0.9412 0.0047947
0.94155 0.0047947
0.9419 0.0027546
0.94225 0.0026022
0.9426 0.0025730999999999
0.94295 0.0007855
0.9433 0.0007855
0.94365 0.0011126
0.944 0.0011126
0.94435 0.0003637
0.9447 0.0003637
0.94505 0.0037829
0.9454 0.0037829
0.94575 0.0041506
0.9461 0.0014829
0.94645 0.0014829
0.9468 0.0014829
0.94715 0.0018253
0.9475 0.0018253
0.94785 0.0018253
0.9482 0.0029475
0.94855 0.0035199
0.9489 0.0035199
0.94925 0.0003915
0.9496 0.0003915
0.94995 0.0005434999999999
0.9503 0.0010311
0.95065 0.0039589
0.951 0.0039589
0.95135 0.0015119
0.9517 0.0015119
0.95205 0.0016631
0.9524 0.0016631
0.95275 0.0012833
0.9531 0.0007297
0.95345 0.0007297
0.9538 0.0010651
0.95415 0.0015171
0.9545 0.0015171
0.95485 0.0030419
0.9552 0.0018545999999999
0.95555 0.0028206999999999
0.9559 0.0028206999999999
0.95625 0.0029506999999999
0.9566 0.0029506999999999
0.95695 0.0008253
0.9573 0.0008253
0.95765 0.0032836999999999
0.958 0.0032836999999999
0.95835 0.0026171999999999
0.9587 0.0026171999999999
0.95905 0.0026171999999999
0.9594 0.0008107999999999
0.95975 0.0008107999999999
0.9601 0.0038052
0.96045 0.0038052
0.9608 0.0014285
0.96115 0.0014285
0.9615 0.00199
0.96185 0.0031393
0.9622 0.00199
0.96255 0.0007072999999999
0.9629 0.0007072999999999
0.96325 0.001191
0.9636 0.001191
0.96395 0.0009843999999999
0.9643 0.0009843999999999
0.96465 0.004762
0.965 0.004762
0.96535 0.001914
0.9657 0.0009012
0.96605 0.001914
0.9664 0.0012686
0.96675 0.0012686
0.9671 0.0012686
0.96745 0.0021299
0.9678 0.0038078
0.96815 0.0038078
0.9685 0.0022781999999999
0.96885 0.0008051
0.9692 0.0008051
0.96955 0.0023982
0.9699 0.0044686
0.97025 0.0044686
0.9706 0.0045592
0.97095 0.0045592
0.9713 0.004935
0.97165 0.0057296
0.972 0.0057296
0.97235 0.0037811
0.9727 0.0036972999999999
0.97305 0.0016148
0.9734 0.0016148
0.97375 0.0011914999999999
0.9741 0.0011914999999999
0.97445 0.0011914999999999
0.9748 0.0017886
0.97515 0.0028561
0.9755 0.0035931999999999
0.97585 0.0035931999999999
0.9762 0.0032543
0.97655 0.0032543
0.9769 0.0052793
0.97725 0.0057896
0.9776 0.0057896
0.97795 0.0031791
0.9783 0.0021284
0.97865 0.0021284
0.979 0.0017198
0.97935 0.0017198
0.9797 0.0031404
0.98005 0.0031404
0.9804 0.0028013
0.98075 0.0021199
0.9811 0.0021199
0.98145 0.0032343
0.9818 0.0032343
0.98215 0.0021015
0.9825 0.0015176999999999
0.98285 0.0011905999999999
0.9832 0.0011905999999999
0.98355 0.0015433
0.9839 0.0023835
0.98425 0.0022439
0.9846 0.0022439
0.98495 0.0022439
0.9853 0.001978
0.98565 0.0017439
0.986 0.0014506999999999
0.98635 0.0014506999999999
0.9867 0.0010956
0.98705 0.0013873
0.9874 0.0013873
0.98775 0.0013873
0.9881 0.0004286
0.98845 0.0004068
0.9888 0.0004286
0.98915 0.0006121
0.9895 0.0015772
0.98985 0.0009414
0.9902 0.0018812
0.99055 0.0014321
0.9909 0.0017952999999999
0.99125 0.0014321
0.9916 0.0017952999999999
0.99195 0.001343
0.9923 0.0021081
0.99265 0.001798
0.993 0.0018879
0.99335 0.0018879
0.9937 0.0022605999999999
0.99405 0.0022605999999999
0.9944 0.0028171
0.99475 0.0025155999999999
0.9951 0.0025155999999999
0.99545 0.0023857
0.9958 0.0010651
0.99615 0.0023857
0.9965 0.0010651
0.99685 0.0024803
0.9972 0.0036554
0.99755 0.0036554
0.9979 0.0033289
0.99825 0.0019145
0.9986 0.0023698
0.99895 0.0016283
0.9993 0.0016283
