0.3 0.0278219
0.30035 0.0278219
0.3007 0.0278055
0.30105 0.0277884
0.3014 0.0277709999999999
0.30175 0.0277532
0.3021 0.0277349
0.30245 0.0277154999999999
0.3028 0.0276936
0.30315 0.0276634
0.3035 0.0276295
0.30385 0.0276227
0.3042 0.0276227
0.30455 0.0276086
0.3049 0.0275922
0.30525 0.027575
0.3056 0.0275572
0.30595 0.0275392
0.3063 0.0275209
0.30665 0.0275025
0.307 0.0274839999999999
0.30735 0.0274653
0.3077 0.0274462999999999
0.30805 0.0274272
0.3084 0.0274074999999999
0.30875 0.0273872
0.3091 0.0273654999999999
0.30945 0.0273403
0.3098 0.0273056
0.31015 0.0272605
0.3105 0.0272605
0.31085 0.0272605
0.3112 0.0272504
0.31155 0.0272348
0.3119 0.0272174
0.31225 0.0271989
0.3126 0.0271798
0.31295 0.0271604
0.3133 0.0271408
0.31365 0.0271211
0.314 0.0271012
0.31435 0.0270812
0.3147 0.0270610999999999
0.31505 0.027041
0.3154 0.0270206999999999
0.31575 0.0270002999999999
0.3161 0.0269799
0.31645 0.0269593
0.3168 0.0269385999999999
0.31715 0.0269178
0.3175 0.0268968999999999
0.31785 0.0268759
0.3182 0.0268548
0.31855 0.0268334
0.3189 0.0268119
0.31925 0.0267901
0.3196 0.0267679
0.31995 0.0267452999999999
0.3203 0.0267216999999999
0.32065 0.0266964
0.321 0.0266666
0.32135 0.0266216999999999
0.3217 0.0265695999999999
0.32205 0.0265695999999999
0.3224 0.0265695999999999
0.32275 0.0265635
0.3231 0.0265439999999999
0.32345 0.0265223999999999
0.3238 0.0264995
0.32415 0.0264757999999999
0.3245 0.0264515
0.32485 0.0264264
0.3252 0.0264007
0.32555 0.0263740999999999
0.3259 0.0263466
0.32625 0.0263177
0.3266 0.0262873
0.32695 0.0262553
0.3273 0.0262204
0.32765 0.026182
0.328 0.0261397999999999
0.32835 0.0260908
0.3287 0.0260339
0.32905 0.0259634
0.3294 0.0258672
0.32975 0.0257372999999999
0.3301 0.0255535999999999
0.33045 0.0255535999999999
0.3308 0.0256804
0.33115 0.0257642
0.3315 0.0258142
0.33185 0.0258422
0.3322 0.0258575
0.33255 0.0258638
0.3329 0.0258638
0.33325 0.0258622
0.3336 0.0258565
0.33395 0.025848
0.3343 0.025838
0.33465 0.0258262999999999
0.335 0.0258135
0.33535 0.0257997999999999
0.3357 0.0257854
0.33605 0.0257707
0.3364 0.025755
0.33675 0.0257392
0.3371 0.0257232
0.33745 0.0257077999999999
0.3378 0.0256922
0.33815 0.0256762
0.3385 0.0256600999999999
0.33885 0.0256437999999999
0.3392 0.0256272999999999
0.33955 0.0256105
0.3399 0.0255935
0.34025 0.0255763
0.3406 0.0255587
0.34095 0.0255407
0.3413 0.0255222
0.34165 0.0255030999999999
0.342 0.025483
0.34235 0.0254615999999999
0.3427 0.0254382
0.34305 0.0254118
0.3434 0.0253809
0.34375 0.0253411
0.3441 0.0252804
0.34445 0.0251574
0.3448 0.0251574
0.34515 0.0252041
0.3455 0.0252373
0.34585 0.0252429
0.3462 0.0252429
0.34655 0.0252358
0.3469 0.0252259
0.34725 0.0252142
0.3476 0.0252012
0.34795 0.0251873
0.3483 0.0251726
0.34865 0.0251575
0.349 0.0251419999999999
0.34935 0.0251261
0.3497 0.0251101
0.35005 0.0250939
0.3504 0.0250775
0.35075 0.025061
0.3511 0.0250444
0.35145 0.0250277
0.3518 0.025011
0.35215 0.0249942
0.3525 0.0249773
0.35285 0.0249604
0.3532 0.0249435
0.35355 0.0249264999999999
0.3539 0.0249095
0.35425 0.0248925999999999
0.3546 0.0248755
0.35495 0.0248585
0.3553 0.0248415
0.35565 0.0248243
0.356 0.0248057
0.35635 0.0247898
0.3567 0.0247733
0.35705 0.0247489
0.3574 0.0247389
0.35775 0.0247209
0.3581 0.0247025
0.35845 0.0246867
0.3588 0.0246690999999999
0.35915 0.0246534
0.3595 0.0246280999999999
0.35985 0.0246120999999999
0.3602 0.0245937
0.36055 0.024568
0.3609 0.0245663
0.36125 0.0245505
0.3616 0.0245337
0.36195 0.0245176
0.3623 0.0244977
0.36265 0.0244812
0.363 0.0244630999999999
0.36335 0.0244447
0.3637 0.0244264
0.36405 0.0244058
0.3644 0.0243900999999999
0.36475 0.0243719
0.3651 0.0243535999999999
0.36545 0.0243352
0.3658 0.0243158
0.36615 0.0242985
0.3665 0.0242807
0.36685 0.0242622
0.3672 0.0242439
0.36755 0.0242259999999999
0.3679 0.0242074
0.36825 0.0241894
0.3686 0.0241695
0.36895 0.0241535
0.3693 0.0241346
0.36965 0.024117
0.37 0.0240967999999999
0.37035 0.0240797
0.3707 0.0240586
0.37105 0.0240423
0.3714 0.0240264
0.37175 0.0240068
0.3721 0.0239878
0.37245 0.0239715
0.3728 0.0239507
0.37315 0.0239358
0.3735 0.0239147
0.37385 0.0238986
0.3742 0.0238807
0.37455 0.0238613
0.3749 0.0238354
0.37525 0.0238278
0.3756 0.0237986
0.37595 0.0237916
0.3763 0.0237553
0.37665 0.0237514
0.377 0.0237355
0.37735 0.0237190999999999
0.3777 0.0236979
0.37805 0.023678
0.3784 0.0236650999999999
0.37875 0.0236270999999999
0.3791 0.0236255
0.37945 0.0235836
0.3798 0.0235699
0.38015 0.0235699
0.3805 0.0235512
0.38085 0.0235391
0.3812 0.0235214
0.38155 0.0235038
0.3819 0.0234766
0.38225 0.0234562
0.3826 0.0234467
0.38295 0.023433
0.3833 0.0234120999999999
0.38365 0.0233976
0.384 0.0233769
0.38435 0.0233624
0.3847 0.0233439
0.38505 0.0233265
0.3854 0.0233080999999999
0.38575 0.02329
0.3861 0.023272
0.38645 0.0232531
0.3868 0.0232351
0.38715 0.0232162
0.3875 0.0231988
0.38785 0.0231825999999999
0.3882 0.0231669
0.38855 0.0231483
0.3889 0.0231267
0.38925 0.023108
0.3896 0.0230966
0.38995 0.0230775
0.3903 0.0230582
0.39065 0.0230449
0.391 0.0230261
0.39135 0.0230088
0.3917 0.0229864
0.39205 0.0229705999999999
0.3924 0.0229534
0.39275 0.0229297
0.3931 0.0229142
0.39345 0.0228973
0.3938 0.0228769
0.39415 0.0228500999999999
0.3945 0.0228374
0.39485 0.0228118
0.3952 0.0227938
0.39555 0.0227764
0.3959 0.0227457
0.39625 0.0227201
0.3966 0.0227037
0.39695 0.0226882
0.3973 0.0226602999999999
0.39765 0.0226393
0.398 0.0226099
0.39835 0.022597
0.3987 0.0225583
0.39905 0.0225378
0.3994 0.0225227
0.39975 0.022497
0.4001 0.0224704
0.40045 0.0224423
0.4008 0.0224076
0.40115 0.0223499
0.4015 0.0223165
0.40185 0.0223165
0.4022 0.0222557
0.40255 0.0222328
0.4029 0.0221805999999999
0.40325 0.0221144
0.4036 0.0220229999999999
0.40395 0.0219255
0.4043 0.0215589
0.40465 0.0215589
0.405 0.0218307
0.40535 0.0219342
0.4057 0.0219903
0.40605 0.0220269
0.4064 0.0220538
0.40675 0.02207
0.4071 0.0220806
0.40745 0.022088
0.4078 0.0220914
0.40815 0.0220918
0.4085 0.0220918
0.40885 0.0220877999999999
0.4092 0.0220851
0.40955 0.0220851
0.4099 0.02208
0.41025 0.0220765
0.4106 0.022072
0.41095 0.0220664
0.4113 0.0220571
0.41165 0.0220546
0.412 0.0220405
0.41235 0.0220400999999999
0.4127 0.0220313
0.41305 0.0220254
0.4134 0.0219957
0.41375 0.0219957
0.4141 0.0219957
0.41445 0.0219919
0.4148 0.0219734
0.41515 0.0219614
0.4155 0.0219449
0.41585 0.021807
0.4162 0.021807
0.41655 0.0219188
0.4169 0.0219188
0.41725 0.0218872
0.4176 0.0218855
0.41795 0.0218662999999999
0.4183 0.0218612
0.41865 0.0218612
0.419 0.0218526
0.41935 0.0218214
0.4197 0.0218085
0.42005 0.0217476
0.4204 0.0217476
0.42075 0.0217738
0.4211 0.0217774
0.42145 0.0217738
0.4218 0.0217357
0.42215 0.0217054
0.4225 0.0217054
0.42285 0.0217054
0.4232 0.0216989
0.42355 0.0216565
0.4239 0.021643
0.42425 0.021643
0.4246 0.021643
0.42495 0.0216449
0.4253 0.0216340999999999
0.42565 0.0216340999999999
0.426 0.0215512
0.42635 0.0215512
0.4267 0.0215512
0.42705 0.0215824
0.4274 0.0215642
0.42775 0.0215642
0.4281 0.0215512
0.42845 0.0215237
0.4288 0.0214985
0.42915 0.0214347
0.4295 0.0214541
0.42985 0.0214541
0.4302 0.0214541
0.43055 0.0214509
0.4309 0.0213968
0.43125 0.0213985
0.4316 0.0213968
0.43195 0.0213985
0.4323 0.0213971
0.43265 0.0213971
0.433 0.0213810999999999
0.43335 0.0213710999999999
0.4337 0.0213474
0.43405 0.0213398
0.4344 0.021321
0.43475 0.0213150999999999
0.4351 0.0213072999999999
0.43545 0.0212946
0.4358 0.0212785
0.43615 0.0212647
0.4365 0.021228
0.43685 0.0212146
0.4372 0.0212146
0.43755 0.0212096
0.4379 0.0211968
0.43825 0.0211864
0.4386 0.0211814
0.43895 0.0211579
0.4393 0.0211569
0.43965 0.0211223
0.44 0.0210999
0.44035 0.0210428
0.4407 0.0210225
0.44105 0.0210225
0.4414 0.0210169999999999
0.44175 0.0209877999999999
0.4421 0.0209877999999999
0.44245 0.0209877999999999
0.4428 0.0210116
0.44315 0.0209970999999999
0.4435 0.0209970999999999
0.44385 0.020903
0.4442 0.020903
0.44455 0.0209456999999999
0.4449 0.0209456999999999
0.44525 0.0208809
0.4456 0.0208809
0.44595 0.0208847
0.4463 0.0208847
0.44665 0.0208837
0.447 0.0208819999999999
0.44735 0.0208649
0.4477 0.0208544999999999
0.44805 0.0208461
0.4484 0.0208055
0.44875 0.0208289
0.4491 0.0208101
0.44945 0.0208101
0.4498 0.0207928
0.45015 0.0207858
0.4505 0.0207783
0.45085 0.0207469
0.4512 0.0207206
0.45155 0.0207088
0.4519 0.0207025
0.45225 0.0206973
0.4526 0.0206909
0.45295 0.0206909
0.4533 0.0206754
0.45365 0.0206581999999999
0.454 0.0206581999999999
0.45435 0.0206248
0.4547 0.020611
0.45505 0.020611
0.4554 0.0206101
0.45575 0.0205644
0.4561 0.0205627
0.45645 0.0205644
0.4568 0.0205243
0.45715 0.0205374
0.4575 0.0205247
0.45785 0.0205247
0.4582 0.0205102
0.45855 0.0205072
0.4589 0.0204912999999999
0.45925 0.020457
0.4596 0.0204359
0.45995 0.0204427
0.4603 0.0204427
0.46065 0.0204427
0.461 0.0204375999999999
0.46135 0.0204280999999999
0.4617 0.020421
0.46205 0.020405
0.4624 0.0203929
0.46275 0.0203904
0.4631 0.0203805
0.46345 0.0203632999999999
0.4638 0.0203526
0.46415 0.0203432
0.4645 0.0203252
0.46485 0.0203208
0.4652 0.0202792
0.46555 0.0202792
0.4659 0.0202602
0.46625 0.0202255999999999
0.4666 0.0202198
0.46695 0.0202198
0.4673 0.0202090999999999
0.46765 0.0201395
0.468 0.0201367
0.46835 0.0201035
0.4687 0.0199564
0.46905 0.0198185
0.4694 0.0199564
0.46975 0.0200824
0.4701 0.0200824
0.47045 0.0200824
0.4708 0.0200696
0.47115 0.0200541
0.4715 0.0200338
0.47185 0.019965
0.4722 0.0198722
0.47255 0.0198962
0.4729 0.0198962
0.47325 0.0199912
0.4736 0.0200023
0.47395 0.0199912
0.4743 0.0199961
0.47465 0.0199076
0.475 0.0199867
0.47535 0.0193700999999999
0.4757 0.0199867
0.47605 0.0198892
0.4764 0.0198892
0.47675 0.0198892
0.4771 0.0198585
0.47745 0.0199298
0.4778 0.0198803
0.47815 0.0199041
0.4785 0.0198921
0.47885 0.0198921
0.4792 0.0198695
0.47955 0.0198647
0.4799 0.0198479
0.48025 0.0198334
0.4806 0.0198235
0.48095 0.0198148
0.4813 0.0197937
0.48165 0.0197666
0.482 0.0197322999999999
0.48235 0.0197154
0.4827 0.0197154
0.48305 0.0196875
0.4834 0.0196065
0.48375 0.0195246
0.4841 0.0195246
0.48445 0.0194369
0.4848 0.0192356
0.48515 0.0193062
0.4855 0.0193062
0.48585 0.0193062
0.4862 0.0194374
0.48655 0.0194374
0.4869 0.0195072
0.48725 0.0195072
0.4876 0.0192856
0.48795 0.0192856
0.4883 0.0193458
0.48865 0.0194477
0.489 0.0195610999999999
0.48935 0.0194477
0.4897 0.0195610999999999
0.49005 0.0195055999999999
0.4904 0.0195055999999999
0.49075 0.0194318
0.4911 0.0194318
0.49145 0.0194318
0.4918 0.0194764999999999
0.49215 0.0194135
0.4925 0.0193972
0.49285 0.0192712
0.4932 0.0192712
0.49355 0.0192773
0.4939 0.0193254
0.49425 0.0193254
0.4946 0.0193254
0.49495 0.0193592
0.4953 0.0193294
0.49565 0.0193668
0.496 0.0193382
0.49635 0.019344
0.4967 0.0193382
0.49705 0.0193312
0.4974 0.0193049
0.49775 0.0192785
0.4981 0.0192565
0.49845 0.0192326
0.4988 0.0192326
0.49915 0.0192264
0.4995 0.0192264
0.49985 0.0192217999999999
0.50055 0.0188647
0.5009 0.0188647
0.50125 0.019098
0.5016 0.019098
0.50195 0.0190635
0.5023 0.0190454
0.50265 0.0188205
0.503 0.0177714
0.50335 0.0181654
0.5037 0.0181654
0.50405 0.0181654
0.5044 0.0188679
0.50475 0.0188679
0.5051 0.0189178
0.50545 0.0189178
0.5058 0.0189145
0.50615 0.0189145
0.5065 0.0186255999999999
0.50685 0.0185237
0.5072 0.0185237
0.50755 0.0186617
0.5079 0.0186617
0.50825 0.0186617
0.5086 0.018716
0.50895 0.018716
0.5093 0.0186988
0.50965 0.0186577
0.51 0.0186577
0.51035 0.0187338
0.5107 0.0187655
0.51105 0.0187655
0.5114 0.0187207
0.51175 0.0187207
0.5121 0.0187460999999999
0.51245 0.0188888
0.5128 0.0188888
0.51315 0.0187715
0.5135 0.0187715
0.51385 0.0187659
0.5142 0.0187659
0.51455 0.0187659
0.5149 0.0187375999999999
0.51525 0.0188394
0.5156 0.0188651
0.51595 0.0188651
0.5163 0.0188502
0.51665 0.0188397
0.517 0.0188397
0.51735 0.0188389999999999
0.5177 0.0188354999999999
0.51805 0.0188324
0.5184 0.0188324
0.51875 0.018835
0.5191 0.018835
0.51945 0.0188023
0.5198 0.0188023
0.52015 0.0188023
0.5205 0.0187954
0.52085 0.0187923
0.5212 0.0187812
0.52155 0.0187778
0.5219 0.0187467999999999
0.52225 0.0187420999999999
0.5226 0.0187343
0.52295 0.0187138
0.5233 0.0182967
0.52365 0.0182967
0.524 0.0182655999999999
0.52435 0.0186615999999999
0.5247 0.0186615999999999
0.52505 0.0186615999999999
0.5254 0.0186615999999999
0.52575 0.0186403
0.5261 0.0186111999999999
0.52645 0.0186046
0.5268 0.0185754
0.52715 0.0184919
0.5275 0.0184919
0.52785 0.0184919
0.5282 0.0185433
0.52855 0.0185433
0.5289 0.0184694
0.52925 0.0184429
0.5296 0.0183787999999999
0.52995 0.0184429
0.5303 0.018357
0.53065 0.0182985999999999
0.531 0.0182985999999999
0.53135 0.0183969
0.5317 0.0183969
0.53205 0.0183155
0.5324 0.0182097
0.53275 0.0182698
0.5331 0.0182698
0.53345 0.0183031
0.5338 0.0183074
0.53415 0.0183074
0.5345 0.0183018
0.53485 0.0182344
0.5352 0.0182244
0.53555 0.0182110999999999
0.5359 0.0181555
0.53625 0.0181555
0.5366 0.0181522
0.53695 0.0180726
0.5373 0.0180726
0.53765 0.0180373
0.538 0.0180264
0.53835 0.0179866
0.5387 0.0178887
0.53905 0.0178822999999999
0.5394 0.0178581
0.53975 0.0177575
0.5401 0.0177575
0.54045 0.0175768
0.5408 0.0174658
0.54115 0.0174658
0.5415 0.0172917
0.54185 0.0172917
0.5422 0.0172880999999999
0.54255 0.0172445
0.5429 0.0172619
0.54325 0.0172334
0.5436 0.0172334
0.54395 0.0172334
0.5443 0.0172775
0.54465 0.0174684
0.545 0.0174684
0.54535 0.017582
0.5457 0.0175727
0.54605 0.0175727
0.5464 0.0173398
0.54675 0.0173398
0.5471 0.0173398
0.54745 0.0175916
0.5478 0.0175775
0.54815 0.0175916
0.5485 0.0176567
0.54885 0.0176708
0.5492 0.0176567
0.54955 0.0176445
0.5499 0.0174442
0.55025 0.017581
0.5506 0.017581
0.55095 0.017581
0.5513 0.0175889999999999
0.55165 0.0175547
0.552 0.0175442
0.55235 0.017519
0.5527 0.017519
0.55305 0.017519
0.5534 0.0174965
0.55375 0.0174965
0.5541 0.0174865999999999
0.55445 0.0174176
0.5548 0.0174176
0.55515 0.0174176
0.5555 0.0173780999999999
0.55585 0.0174658
0.5562 0.0174111999999999
0.55655 0.0174111999999999
0.5569 0.0172985
0.55725 0.0172985
0.5576 0.0173358
0.55795 0.0173635
0.5583 0.0173358
0.55865 0.0173587
0.559 0.0173391
0.55935 0.0173391
0.5597 0.0173275
0.56005 0.017306
0.5604 0.0172855
0.56075 0.0172614
0.5611 0.0172604999999999
0.56145 0.0172465999999999
0.5618 0.0172274
0.56215 0.0172205
0.5625 0.0172054
0.56285 0.0171965
0.5632 0.0171965
0.56355 0.0171488
0.5639 0.0171436
0.56425 0.0171219
0.5646 0.0170912
0.56495 0.0170912
0.5653 0.0170576
0.56565 0.0170576
0.566 0.0170155
0.56635 0.016858
0.5667 0.0168497999999999
0.56705 0.016858
0.5674 0.0168934
0.56775 0.0168934
0.5681 0.0161995
0.56845 0.0161995
0.5688 0.0162402
0.56915 0.0165905999999999
0.5695 0.0162402
0.56985 0.015981
0.5702 0.015981
0.57055 0.0167904
0.5709 0.0167904
0.57125 0.0167424
0.5716 0.0166601
0.57195 0.0167167
0.5723 0.0167167
0.57265 0.0167167
0.573 0.0166839
0.57335 0.0162311
0.5737 0.0166044999999999
0.57405 0.0162797
0.5744 0.0162797
0.57475 0.0162797
0.5751 0.0158663
0.57545 0.0165511
0.5758 0.016558
0.57615 0.016558
0.5765 0.0164433
0.57685 0.0160537
0.5772 0.0164390999999999
0.57755 0.0164390999999999
0.5779 0.0164390999999999
0.57825 0.0164973
0.5786 0.0163918
0.57895 0.0164285999999999
0.5793 0.0164265
0.57965 0.0164265
0.58 0.0163774
0.58035 0.0163765999999999
0.5807 0.0162589
0.58105 0.0162589
0.5814 0.0163372
0.58175 0.0163557
0.5821 0.0163372
0.58245 0.0162975
0.5828 0.0161907
0.58315 0.0161907
0.5835 0.0161842
0.58385 0.0161918
0.5842 0.0161918
0.58455 0.0161918
0.5849 0.0161661
0.58525 0.0161661
0.5856 0.0161647
0.58595 0.0161647
0.5863 0.01612
0.58665 0.0161197999999999
0.587 0.0160585
0.58735 0.016023
0.5877 0.0158786
0.58805 0.0155126
0.5884 0.0155126
0.58875 0.0154472999999999
0.5891 0.0154472999999999
0.58945 0.0154472999999999
0.5898 0.0148504
0.59015 0.0148504
0.5905 0.0156648
0.59085 0.0156648
0.5912 0.015679
0.59155 0.015679
0.5919 0.0158046
0.59225 0.0158046
0.5926 0.015829
0.59295 0.0159623999999999
0.5933 0.0159623999999999
0.59365 0.01576
0.594 0.0151014999999999
0.59435 0.0149035
0.5947 0.0149035
0.59505 0.0156486
0.5954 0.0156486
0.59575 0.0155205
0.5961 0.0155205
0.59645 0.0156197999999999
0.5968 0.015782
0.59715 0.015782
0.5975 0.015782
0.59785 0.0156032999999999
0.5982 0.0156032999999999
0.59855 0.0156353999999999
0.5989 0.0156353999999999
0.59925 0.0155691
0.5996 0.0155691
0.59995 0.0157468999999999
0.6003 0.0157468999999999
0.60065 0.0150105
0.601 0.0150105
0.60135 0.0155887
0.6017 0.0158788
0.60205 0.0158788
0.6024 0.0160332
0.60275 0.0160332
0.6031 0.0161382
0.60345 0.0161382
0.6038 0.0161382
0.60415 0.0160143
0.6045 0.0160143
0.60485 0.0157732
0.6052 0.016184
0.60555 0.0161888
0.6059 0.0161888
0.60625 0.0161888
0.6066 0.016172
0.60695 0.0162064
0.6073 0.016172
0.60765 0.016215
0.608 0.016145
0.60835 0.016212
0.6087 0.016145
0.60905 0.0161843
0.6094 0.0161482
0.60975 0.0161843
0.6101 0.0162447
0.61045 0.0162447
0.6108 0.0162223999999999
0.61115 0.0161967999999999
0.6115 0.0161967999999999
0.61185 0.0161639999999999
0.6122 0.0161324999999999
0.61255 0.0161131
0.6129 0.016026
0.61325 0.0159719
0.6136 0.0159206
0.61395 0.0158561
0.6143 0.0158204
0.61465 0.0157746
0.615 0.0157566
0.61535 0.0157536
0.6157 0.015736
0.61605 0.0156839
0.6164 0.0156623
0.61675 0.0156144
0.6171 0.0155655
0.61745 0.0154491
0.6178 0.0153223999999999
0.61815 0.0153018
0.6185 0.0152296
0.61885 0.0151857
0.6192 0.0151418
0.61955 0.0151418
0.6199 0.0151821
0.62025 0.0152472999999999
0.6206 0.0153095
0.62095 0.0153148
0.6213 0.0153382
0.62165 0.015399
0.622 0.0154888
0.62235 0.0155866
0.6227 0.0156611
0.62305 0.0157557
0.6234 0.01576
0.62375 0.0157871
0.6241 0.0159259
0.62445 0.0159259
0.6248 0.0159904
0.62515 0.0160601
0.6255 0.0160601
0.62585 0.0160911
0.6262 0.0161262
0.62655 0.0161262
0.6269 0.0161338
0.62725 0.0161518
0.6276 0.0161518
0.62795 0.0161886
0.6283 0.016149
0.62865 0.0161886
0.629 0.0162187
0.62935 0.0162231
0.6297 0.0162322999999999
0.63005 0.0162549
0.6304 0.0162549
0.63075 0.0161857
0.6311 0.0161637
0.63145 0.016009
0.6318 0.0155708
0.63215 0.0155708
0.6325 0.0160498
0.63285 0.0160621
0.6332 0.0160498
0.63355 0.0161093
0.6339 0.0161093
0.63425 0.0161618
0.6346 0.0161618
0.63495 0.0160914999999999
0.6353 0.0160914999999999
0.63565 0.0160914999999999
0.636 0.0160844
0.63635 0.0160844
0.6367 0.0159463
0.63705 0.0159463
0.6374 0.0159463
0.63775 0.0156022
0.6381 0.0157214
0.63845 0.0157214
0.6388 0.0157214
0.63915 0.0158894
0.6395 0.0158894
0.63985 0.0160442
0.6402 0.0160944999999999
0.64055 0.0160944999999999
0.6409 0.0160234
0.64125 0.0160067
0.6416 0.0159966
0.64195 0.0158888
0.6423 0.0158888
0.64265 0.0160305
0.643 0.0160305
0.64335 0.015997
0.6437 0.0157415999999999
0.64405 0.0154615
0.6444 0.0154615
0.64475 0.0155937
0.6451 0.0155937
0.64545 0.0155937
0.6458 0.0147502
0.64615 0.0143124
0.6465 0.0143124
0.64685 0.0149343999999999
0.6472 0.0150842
0.64755 0.0150842
0.6479 0.0150117
0.64825 0.0150117
0.6486 0.0151361
0.64895 0.0153432
0.6493 0.0154467999999999
0.64965 0.0157022
0.65 0.0157022
0.65035 0.0157893
0.6507 0.0155596
0.65105 0.014812
0.6514 0.014812
0.65175 0.014812
0.6521 0.0149422
0.65245 0.0155317999999999
0.6528 0.0155317999999999
0.65315 0.0155478999999999
0.6535 0.0149793
0.65385 0.015693
0.6542 0.0149418999999999
0.65455 0.0154494
0.6549 0.0154494
0.65525 0.0154494
0.6556 0.0149847
0.65595 0.0148235
0.6563 0.0148235
0.65665 0.0152621
0.657 0.0152621
0.65735 0.0148002
0.6577 0.0148002
0.65805 0.0153942
0.6584 0.0153942
0.65875 0.0153942
0.6591 0.0155052
0.65945 0.0155052
0.6598 0.0149787999999999
0.66015 0.0149787999999999
0.6605 0.0155416
0.66085 0.0155416
0.6612 0.0152942999999999
0.66155 0.0152942999999999
0.6619 0.0153866
0.66225 0.0153992
0.6626 0.0155185
0.66295 0.0154684
0.6633 0.0154684
0.66365 0.015425
0.664 0.015425
0.66435 0.0154732
0.6647 0.0155764
0.66505 0.0155764
0.6654 0.0155616
0.66575 0.0155129
0.6661 0.0153444
0.66645 0.0154743
0.6668 0.0154743
0.66715 0.0155194999999999
0.6675 0.0155194999999999
0.66785 0.0155282
0.6682 0.0154937
0.66855 0.0153168999999999
0.6689 0.0153168999999999
0.66925 0.0154735999999999
0.6696 0.0155411
0.66995 0.0155411
0.6703 0.0156285
0.67065 0.0156694
0.671 0.0156694
0.67135 0.0157282999999999
0.6717 0.0157158
0.67205 0.0157158
0.6724 0.0157158
0.67275 0.0157271
0.6731 0.0157313
0.67345 0.0157531
0.6738 0.0158254
0.67415 0.0158214
0.6745 0.0158214
0.67485 0.0158214
0.6752 0.0158764
0.67555 0.0158764
0.6759 0.0158843
0.67625 0.0158798
0.6766 0.0158798
0.67695 0.0158798
0.6773 0.0158788999999999
0.67765 0.0158909
0.678 0.0158788999999999
0.67835 0.0158771
0.6787 0.0157447
0.67905 0.0157647
0.6794 0.0157647
0.67975 0.0158251
0.6801 0.0158251
0.68045 0.0158192
0.6808 0.0156701
0.68115 0.0156701
0.6815 0.0156701
0.68185 0.015724
0.6822 0.0156574999999999
0.68255 0.0156574999999999
0.6829 0.0156574999999999
0.68325 0.0155614
0.6836 0.0155614
0.68395 0.0155597999999999
0.6843 0.0153951
0.68465 0.0153951
0.685 0.0155144
0.68535 0.0156825
0.6857 0.0156831999999999
0.68605 0.0156825
0.6864 0.0156281
0.68675 0.0153071
0.6871 0.0153071
0.68745 0.0154631
0.6878 0.0155962999999999
0.68815 0.0155749
0.6885 0.0155749
0.68885 0.0155036
0.6892 0.0155036
0.68955 0.0149119
0.6899 0.0153659
0.69025 0.0152921
0.6906 0.0153659
0.69095 0.0152921
0.6913 0.0149198999999999
0.69165 0.0147911
0.692 0.0144196
0.69235 0.0144196
0.6927 0.0144979
0.69305 0.0144979
0.6934 0.0144307999999999
0.69375 0.0144307999999999
0.6941 0.0144307999999999
0.69445 0.014608
0.6948 0.014769
0.69515 0.014769
0.6955 0.0146862
0.69585 0.0146862
0.6962 0.0147691
0.69655 0.0148333
0.6969 0.0148333
0.69725 0.0149852
0.6976 0.0146477
0.69795 0.0149787999999999
0.6983 0.0149200999999999
0.69865 0.0149200999999999
0.699 0.0148768
0.69935 0.0148768
0.6997 0.0148768
0.70005 0.0142364
0.7004 0.0142167
0.70075 0.0142167
0.7011 0.0144535
0.70145 0.0144535
0.7018 0.014385
0.70215 0.014385
0.7025 0.014385
0.70285 0.014159
0.7032 0.014159
0.70355 0.0142367999999999
0.7039 0.0145062
0.70425 0.014305
0.7046 0.0144166
0.70495 0.014305
0.7053 0.0144166
0.70565 0.0147072999999999
0.706 0.0147072999999999
0.70635 0.0144307
0.7067 0.0144307
0.70705 0.0144307
0.7074 0.0145388
0.70775 0.0142957
0.7081 0.0145388
0.70845 0.0142957
0.7088 0.0144198999999999
0.70915 0.0142814
0.7095 0.0144198999999999
0.70985 0.0144777999999999
0.7102 0.0147869
0.71055 0.0147869
0.7109 0.0142579
0.71125 0.0142579
0.7116 0.0143629999999999
0.71195 0.0146743
0.7123 0.0146743
0.71265 0.0145007999999999
0.713 0.0144275
0.71335 0.0144275
0.7137 0.0145445
0.71405 0.0145445
0.7144 0.0143661
0.71475 0.0143661
0.7151 0.0145802
0.71545 0.0145802
0.7158 0.0143614
0.71615 0.014225
0.7165 0.0139236
0.71685 0.013888
0.7172 0.0137705
0.71755 0.0137705
0.7179 0.0137705
0.71825 0.0137747
0.7186 0.0137747
0.71895 0.0131069
0.7193 0.0131069
0.71965 0.0131545999999999
0.72 0.0131545999999999
0.72035 0.0134322
0.7207 0.0133717
0.72105 0.0133717
0.7214 0.0133717
0.72175 0.013322
0.7221 0.0135305
0.72245 0.0133973999999999
0.7228 0.0133973999999999
0.72315 0.0127061
0.7235 0.0127061
0.72385 0.0125172999999999
0.7242 0.0125172999999999
0.72455 0.0125172999999999
0.7249 0.0124768999999999
0.72525 0.0124768999999999
0.7256 0.0123266
0.72595 0.0122093999999999
0.7263 0.0116394999999999
0.72665 0.0116394999999999
0.727 0.0101006
0.72735 0.0120781
0.7277 0.0120781
0.72805 0.0121731
0.7284 0.0125329999999999
0.72875 0.0127282
0.7291 0.012751
0.72945 0.012751
0.7298 0.0126956
0.73015 0.0126956
0.7305 0.0129223999999999
0.73085 0.0131743
0.7312 0.0132194999999999
0.73155 0.0132194999999999
0.7319 0.0133065
0.73225 0.0131926
0.7326 0.0133475
0.73295 0.0131926
0.7333 0.0133475
0.73365 0.0137512
0.734 0.0137512
0.73435 0.0137729999999999
0.7347 0.0137729999999999
0.73505 0.0138911
0.7354 0.0140341
0.73575 0.0140341
0.7361 0.0139858
0.73645 0.013949
0.7368 0.013949
0.73715 0.013949
0.7375 0.0139338
0.73785 0.0142305
0.7382 0.0141231
0.73855 0.0141231
0.7389 0.014094
0.73925 0.014094
0.7396 0.0140231
0.73995 0.0140372999999999
0.7403 0.0140372999999999
0.74065 0.0143369
0.741 0.0143369
0.74135 0.0143369
0.7417 0.0143629
0.74205 0.0145546
0.7424 0.0145546
0.74275 0.0145546
0.7431 0.014667
0.74345 0.014667
0.7438 0.0145964
0.74415 0.014431
0.7445 0.014431
0.74485 0.0148227999999999
0.7452 0.0148227999999999
0.74555 0.0148227999999999
0.7459 0.0143717999999999
0.74625 0.0145569
0.7466 0.0145569
0.74695 0.0145569
0.7473 0.0147369
0.74765 0.0147369
0.748 0.0147369
0.74835 0.0147166
0.7487 0.0146947
0.74905 0.0146057
0.7494 0.0146057
0.74975 0.0146574
0.7501 0.0147597999999999
0.75045 0.0146574
0.7508 0.0148826
0.75115 0.0147211
0.7515 0.0147211
0.75185 0.0147211
0.7522 0.0146918999999999
0.75255 0.0147444999999999
0.7529 0.0147444999999999
0.75325 0.0147824999999999
0.7536 0.0147824999999999
0.75395 0.0148472
0.7543 0.014778
0.75465 0.0148847999999999
0.755 0.0147757
0.75535 0.0148846
0.7557 0.0148846
0.75605 0.0148846
0.7564 0.0148835
0.75675 0.0148835
0.7571 0.0147375
0.75745 0.0147331
0.7578 0.0147331
0.75815 0.0147558
0.7585 0.0147831
0.75885 0.0147852
0.7592 0.0147831
0.75955 0.0147757
0.7599 0.0147544999999999
0.76025 0.0147544999999999
0.7606 0.0146723
0.76095 0.0146723
0.7613 0.0147175
0.76165 0.0147175
0.762 0.014672
0.76235 0.01466
0.7627 0.0146480999999999
0.76305 0.0146308
0.7634 0.0146100999999999
0.76375 0.0145859
0.7641 0.0145859
0.76445 0.0145514999999999
0.7648 0.0145484
0.76515 0.0145332
0.7655 0.0145215
0.76585 0.0145206
0.7662 0.0145071
0.76655 0.0144983
0.7669 0.0144912999999999
0.76725 0.0144983
0.7676 0.0145261
0.76795 0.0145356
0.7683 0.0145387
0.76865 0.0145356
0.769 0.0145338
0.76935 0.014522
0.7697 0.0145157999999999
0.77005 0.0145138
0.7704 0.0145157999999999
0.77075 0.0145294999999999
0.7711 0.0145342999999999
0.77145 0.0145513
0.7718 0.0145581999999999
0.77215 0.0145692999999999
0.7725 0.0145692999999999
0.77285 0.0145402
0.7732 0.0145064
0.77355 0.0145064
0.7739 0.0145304
0.77425 0.0145531
0.7746 0.0145569999999999
0.77495 0.014558
0.7753 0.0145569999999999
0.77565 0.0145477999999999
0.776 0.0145277
0.77635 0.0145197
0.7767 0.0145097
0.77705 0.0144985999999999
0.7774 0.0144877999999999
0.77775 0.0144656
0.7781 0.0144354
0.77845 0.0144354
0.7788 0.0144
0.77915 0.0143646
0.7795 0.0142336
0.77985 0.0142193999999999
0.7802 0.0142085
0.78055 0.0142083
0.7809 0.0140257999999999
0.78125 0.0140257999999999
0.7816 0.0140255
0.78195 0.0140018
0.7823 0.0139908
0.78265 0.0139908
0.783 0.0139908
0.78335 0.0139424
0.7837 0.0139072999999999
0.78405 0.0139072999999999
0.7844 0.0139072999999999
0.78475 0.0139381
0.7851 0.0140875
0.78545 0.0140875
0.7858 0.0140918
0.78615 0.0140296999999999
0.7865 0.0140296999999999
0.78685 0.0138214
0.7872 0.0138214
0.78755 0.0138842999999999
0.7879 0.0140327
0.78825 0.0140327
0.7886 0.0140327
0.78895 0.0140455
0.7893 0.0140455
0.78965 0.014105
0.79 0.014105
0.79035 0.0141484
0.7907 0.0140545999999999
0.79105 0.0140545999999999
0.7914 0.0140535
0.79175 0.0140392
0.7921 0.0140357
0.79245 0.0139773
0.7928 0.0139373
0.79315 0.0139203
0.7935 0.0139152
0.79385 0.0139152
0.7942 0.0139152
0.79455 0.0139015999999999
0.7949 0.0137217
0.79525 0.0136328
0.7956 0.0137217
0.79595 0.0134461
0.7963 0.0134461
0.79665 0.0134461
0.797 0.0135851
0.79735 0.0135851
0.7977 0.0136674
0.79805 0.0136701
0.7984 0.013687
0.79875 0.0137043999999999
0.7991 0.0137537999999999
0.79945 0.0137537999999999
0.7998 0.0136702
0.80015 0.0136702
0.8005 0.013845
0.80085 0.0138693999999999
0.8012 0.013845
0.80155 0.0137451
0.8019 0.0136618
0.80225 0.0136618
0.8026 0.0136618
0.80295 0.0138149
0.8033 0.0138149
0.80365 0.0139126
0.804 0.0138567
0.80435 0.0139126
0.8047 0.0139632
0.80505 0.0140041
0.8054 0.0140237
0.80575 0.0140041
0.8061 0.0136946
0.80645 0.0136946
0.8068 0.0137713
0.80715 0.0138670999999999
0.8075 0.0138670999999999
0.80785 0.0138507999999999
0.8082 0.0138507999999999
0.80855 0.0139827
0.8089 0.0139827
0.80925 0.0137809
0.8096 0.0137809
0.80995 0.0138302
0.8103 0.0138985
0.81065 0.0138985
0.811 0.0138916
0.81135 0.0138702
0.8117 0.0138702
0.81205 0.0138702
0.8124 0.0138556
0.81275 0.013893
0.8131 0.0138364
0.81345 0.0139140999999999
0.8138 0.0139140999999999
0.81415 0.0139140999999999
0.8145 0.0138762
0.81485 0.0135999
0.8152 0.0135999
0.81555 0.0139344
0.8159 0.0139491
0.81625 0.0139491
0.8166 0.013977
0.81695 0.013977
0.8173 0.0139869
0.81765 0.0139869
0.818 0.0139861999999999
0.81835 0.0139861999999999
0.8187 0.0139861999999999
0.81905 0.0141231
0.8194 0.0141123
0.81975 0.0141123
0.8201 0.0141108
0.82045 0.0140978999999999
0.8208 0.0140978999999999
0.82115 0.0140978999999999
0.8215 0.0141552
0.82185 0.0141552
0.8222 0.0141172
0.82255 0.0141001
0.8229 0.0139353999999999
0.82325 0.0135436
0.8236 0.013701
0.82395 0.013701
0.8243 0.0140923
0.82465 0.0140923
0.825 0.0141056
0.82535 0.0140854999999999
0.8257 0.0142001
0.82605 0.0140966
0.8264 0.014144
0.82675 0.014144
0.8271 0.014144
0.82745 0.0140374
0.8278 0.0138658
0.82815 0.0140374
0.8285 0.0140439
0.82885 0.0140439
0.8292 0.0140508999999999
0.82955 0.0140731
0.8299 0.0140731
0.83025 0.0139730999999999
0.8306 0.0139730999999999
0.83095 0.0139887
0.8313 0.0140691
0.83165 0.0139887
0.832 0.0139332
0.83235 0.0139332
0.8327 0.0138396
0.83305 0.0140171
0.8334 0.0139705
0.83375 0.0139705
0.8341 0.0137709
0.83445 0.0137709
0.8348 0.0137709
0.83515 0.0139366
0.8355 0.0138834
0.83585 0.0138834
0.8362 0.0138393
0.83655 0.0138019
0.8369 0.0138008999999999
0.83725 0.0137594
0.8376 0.0136247
0.83795 0.0136247
0.8383 0.0136247
0.83865 0.0136889
0.839 0.0137086
0.83935 0.0137086
0.8397 0.0137377
0.84005 0.0137169999999999
0.8404 0.0137169999999999
0.84075 0.0135878999999999
0.8411 0.0135878999999999
0.84145 0.0135878999999999
0.8418 0.0135605
0.84215 0.0135605
0.8425 0.0137573999999999
0.84285 0.0138681
0.8432 0.0138681
0.84355 0.0138487
0.8439 0.0138266999999999
0.84425 0.0137429
0.8446 0.0137429
0.84495 0.0138831
0.8453 0.0138831
0.84565 0.0138831
0.846 0.0140141
0.84635 0.0140141
0.8467 0.0140141
0.84705 0.0141227
0.8474 0.0141227
0.84775 0.0139377999999999
0.8481 0.0139377999999999
0.84845 0.0139703
0.8488 0.0141032
0.84915 0.0141032
0.8495 0.0141032
0.84985 0.0140723999999999
0.8502 0.0138421999999999
0.85055 0.0139172
0.8509 0.0139172
0.85125 0.0139172
0.8516 0.014031
0.85195 0.0140359
0.8523 0.0140359
0.85265 0.0139385
0.853 0.0139385
0.85335 0.0139256
0.8537 0.0139256
0.85405 0.0138517
0.8544 0.013761
0.85475 0.0137484
0.8551 0.0137228999999999
0.85545 0.0136589
0.8558 0.0136581999999999
0.85615 0.0135067
0.8565 0.0135067
0.85685 0.0134818999999999
0.8572 0.0133472
0.85755 0.0132178
0.8579 0.0130409
0.85825 0.0130409
0.8586 0.013044
0.85895 0.013044
0.8593 0.0129357
0.85965 0.0128908999999999
0.86 0.0127189
0.86035 0.0124757
0.8607 0.0124209
0.86105 0.0121866
0.8614 0.0121195
0.86175 0.0120602
0.8621 0.0118479
0.86245 0.0118479
0.8628 0.0118479
0.86315 0.0118776
0.8635 0.0118715
0.86385 0.0118715
0.8642 0.0112821
0.86455 0.0112821
0.8649 0.0116374
0.86525 0.0119646
0.8656 0.0120387
0.86595 0.0122306
0.8663 0.0122306
0.86665 0.0122187999999999
0.867 0.0116108999999999
0.86735 0.0116108999999999
0.8677 0.0119932999999999
0.86805 0.0121882
0.8684 0.0125761
0.86875 0.0126809
0.8691 0.012916
0.86945 0.012911
0.8698 0.0130123
0.87015 0.0130123
0.8705 0.0130123
0.87085 0.0129685
0.8712 0.0123498
0.87155 0.0129685
0.8719 0.0132677
0.87225 0.0133305
0.8726 0.0132677
0.87295 0.01305
0.8733 0.01305
0.87365 0.0134224
0.874 0.0134224
0.87435 0.0134247
0.8747 0.0134247
0.87505 0.0134247
0.8754 0.0135549
0.87575 0.0127733999999999
0.8761 0.013295
0.87645 0.013227
0.8768 0.013227
0.87715 0.013227
0.8775 0.0130377
0.87785 0.0131079
0.8782 0.0130377
0.87855 0.0131079
0.8789 0.0131673
0.87925 0.0131673
0.8796 0.0111091
0.87995 0.0111091
0.8803 0.0111091
0.88065 0.0110071
0.881 0.0101834
0.88135 0.0099726
0.8817 0.0090814
0.88205 0.0079487
0.8824 0.0060277
0.88275 0.0060277
0.8831 0.0060277
0.88345 0.006071
0.8838 0.0058898999999999
0.88415 0.006071
0.8845 0.006926
0.88485 0.0077626
0.8852 0.0080575
0.88555 0.0080575
0.8859 0.0076596
0.88625 0.0067128999999999
0.8866 0.0044323
0.88695 0.0038372
0.8873 0.0038372
0.88765 0.0041335
0.888 0.0042121
0.88835 0.0042121
0.8887 0.0056168999999999
0.88905 0.0041673
0.8894 0.0056397
0.88975 0.006097
0.8901 0.0067306
0.89045 0.0064206
0.8908 0.0065244
0.89115 0.0064206
0.8915 0.0065244
0.89185 0.005901
0.8922 0.0066488999999999
0.89255 0.0066488999999999
0.8929 0.0069363
0.89325 0.0069363
0.8936 0.0065387
0.89395 0.0061563
0.8943 0.0061563
0.89465 0.0061792
0.895 0.0061792
0.89535 0.0056655
0.8957 0.0056655
0.89605 0.0064203
0.8964 0.0070193
0.89675 0.0081378
0.8971 0.0081378
0.89745 0.0076137
0.8978 0.0076137
0.89815 0.0083126
0.8985 0.0083126
0.89885 0.0080327
0.8992 0.0076903
0.89955 0.0076903
0.8999 0.0083701
0.90025 0.0083701
0.9006 0.0083701
0.90095 0.0100669
0.9013 0.0104016
0.90165 0.0108745
0.902 0.0111028999999999
0.90235 0.0111588
0.9027 0.0114954
0.90305 0.0114954
0.9034 0.0119286
0.90375 0.0111569
0.9041 0.0119712
0.90445 0.0125235
0.9048 0.0125385
0.90515 0.0128126
0.9055 0.0128475
0.90585 0.013046
0.9062 0.013046
0.90655 0.0125975
0.9069 0.0125975
0.90725 0.0127499
0.9076 0.0127499
0.90795 0.0109699
0.9083 0.0109699
0.90865 0.0111865
0.909 0.013295
0.90935 0.013295
0.9097 0.0125319
0.91005 0.0111154
0.9104 0.0111154
0.91075 0.0130957
0.9111 0.0134109
0.91145 0.0134057
0.9118 0.0134057
0.91215 0.013258
0.9125 0.0127037
0.91285 0.0130089
0.9132 0.0130089
0.91355 0.0130089
0.9139 0.013324
0.91425 0.013378
0.9146 0.0135252999999999
0.91495 0.0134594
0.9153 0.0134594
0.91565 0.0126959
0.916 0.0126959
0.91635 0.0130537999999999
0.9167 0.0130537999999999
0.91705 0.0131057
0.9174 0.0133699999999999
0.91775 0.0133699999999999
0.9181 0.0123915
0.91845 0.0123915
0.9188 0.0130057
0.91915 0.0130057
0.9195 0.0129401
0.91985 0.0129401
0.9202 0.0134726
0.92055 0.0134762
0.9209 0.0135282
0.92125 0.0134762
0.9216 0.0131522
0.92195 0.0130035
0.9223 0.0119768999999999
0.92265 0.0130035
0.923 0.0136078
0.92335 0.0136078
0.9237 0.0133041
0.92405 0.0133041
0.9244 0.0135007
0.92475 0.0135496
0.9251 0.0135007
0.92545 0.0135803
0.9258 0.0133452
0.92615 0.0132323999999999
0.9265 0.0132323999999999
0.92685 0.0132323999999999
0.9272 0.0128106
0.92755 0.0128106
0.9279 0.0126577
0.92825 0.0132809
0.9286 0.0132809
0.92895 0.0135764
0.9293 0.0135764
0.92965 0.0134735999999999
0.93 0.0121103
0.93035 0.0121103
0.9307 0.0112132999999999
0.93105 0.0126098999999999
0.9314 0.0126098999999999
0.93175 0.0126098999999999
0.9321 0.0123157
0.93245 0.0120433
0.9328 0.0123157
0.93315 0.013073
0.9335 0.013073
0.93385 0.012961
0.9342 0.0115511
0.93455 0.0114035
0.9349 0.0115511
0.93525 0.0114035
0.9356 0.0119973999999999
0.93595 0.0132687
0.9363 0.0134081
0.93665 0.0134081
0.937 0.0130236
0.93735 0.0130236
0.9377 0.0113407999999999
0.93805 0.0113407999999999
0.9384 0.0113407999999999
0.93875 0.0122764
0.9391 0.0131244
0.93945 0.0133335
0.9398 0.0131244
0.94015 0.0132921
0.9405 0.0095879
0.94085 0.0132921
0.9412 0.0134647999999999
0.94155 0.0135872999999999
0.9419 0.0136144
0.94225 0.0136145
0.9426 0.0136145
0.94295 0.0110166
0.9433 0.0110166
0.94365 0.012273
0.944 0.012273
0.94435 0.0077026
0.9447 0.0077026
0.94505 0.0114275
0.9454 0.0126904
0.94575 0.0126904
0.9461 0.0126904
0.94645 0.0125107
0.9468 0.0125107
0.94715 0.0129568
0.9475 0.0129568
0.94785 0.0133814
0.9482 0.0134283999999999
0.94855 0.0134923
0.9489 0.0134283999999999
0.94925 0.0097372
0.9496 0.0097372
0.94995 0.0124772
0.9503 0.0131389999999999
0.95065 0.0136328
0.951 0.0136328
0.95135 0.0133829
0.9517 0.0133406
0.95205 0.0133406
0.9524 0.0133406
0.95275 0.0129670999999999
0.9531 0.0128122
0.95345 0.0128122
0.9538 0.0134756
0.95415 0.0134966
0.9545 0.0134966
0.95485 0.0134966
0.9552 0.0131921
0.95555 0.013546
0.9559 0.013546
0.95625 0.013546
0.9566 0.0135227999999999
0.95695 0.0129091
0.9573 0.0129091
0.95765 0.0136065
0.958 0.0136065
0.95835 0.0135623999999999
0.9587 0.0135056
0.95905 0.0135056
0.9594 0.0130867
0.95975 0.0130867
0.9601 0.0134339
0.96045 0.0134339
0.9608 0.0132954
0.96115 0.0132954
0.9615 0.0133081
0.96185 0.0133081
0.9622 0.013186
0.96255 0.0121759
0.9629 0.0109023
0.96325 0.0109023
0.9636 0.0112027999999999
0.96395 0.0127278
0.9643 0.0127278
0.96465 0.0127278
0.965 0.0126926
0.96535 0.0125538
0.9657 0.0122005
0.96605 0.0123256
0.9664 0.0122005
0.96675 0.0120415
0.9671 0.0118377999999999
0.96745 0.0119587
0.9678 0.0119587
0.96815 0.0124312
0.9685 0.0124312
0.96885 0.0124219
0.9692 0.0123256
0.96955 0.0122363
0.9699 0.0122363
0.97025 0.0118962999999999
0.9706 0.0114579
0.97095 0.0113661
0.9713 0.0114579
0.97165 0.0117376
0.972 0.0120278
0.97235 0.012175
0.9727 0.0122305
0.97305 0.012175
0.9734 0.0119055
0.97375 0.0116708
0.9741 0.0113512
0.97445 0.0113512
0.9748 0.0122155
0.97515 0.0122208
0.9755 0.0122919
0.97585 0.0122988
0.9762 0.0122988
0.97655 0.0122988
0.9769 0.0122505
0.97725 0.0123168
0.9776 0.0122505
0.97795 0.0122656
0.9783 0.0114191
0.97865 0.0113306
0.979 0.0113306
0.97935 0.0122115
0.9797 0.0122115
0.98005 0.0118953
0.9804 0.0110759
0.98075 0.0110759
0.9811 0.0109059
0.98145 0.0109059
0.9818 0.0109059
0.98215 0.0104795
0.9825 0.0104795
0.98285 0.0059494
0.9832 0.010009
0.98355 0.010009
0.9839 0.0102285
0.98425 0.0103432
0.9846 0.0102285
0.98495 0.0104307
0.9853 0.0097316
0.98565 0.0097316
0.986 0.008729
0.98635 0.008729
0.9867 0.0062015
0.98705 0.0087679
0.9874 0.0080728
0.98775 0.0086501
0.9881 0.0080728
0.98845 0.0039364
0.9888 0.0039364
0.98915 0.0050274
0.9895 0.0085487
0.98985 0.007626
0.9902 0.0091242
0.99055 0.007626
0.9909 0.0091242
0.99125 0.0093148
0.9916 0.0094948
0.99195 0.0093148
0.9923 0.0095005
0.99265 0.009731
0.993 0.009731
0.99335 0.0096982999999999
0.9937 0.0096982999999999
0.99405 0.009744
0.9944 0.0099345
0.99475 0.0099345
0.9951 0.0089146
0.99545 0.0089146
0.9958 0.0051559
0.99615 0.008595
0.9965 0.0026451
0.99685 0.008595
0.9972 0.0103551
0.99755 0.0103551
0.9979 0.0103746
0.99825 0.009256
0.9986 0.0097855
0.99895 0.0095871
0.9993 0.0095871
