0.3 0.5175358
0.30035 0.5195586
0.3007 0.520149
0.30105 0.520149
0.3014 0.5197583
0.30175 0.5189901
0.3021 0.5176987
0.30245 0.5153097
0.3028 0.5103279000000001
0.30315 0.4958935
0.3035 0.4958935
0.30385 0.4973263
0.3042 0.5091359999999999
0.30455 0.5128755
0.3049 0.5142308
0.30525 0.5146907999999999
0.3056 0.5146907999999999
0.30595 0.51444
0.3063 0.5140207
0.30665 0.5134728
0.307 0.5128149999999999
0.30735 0.5120374
0.3077 0.5111104000000001
0.30805 0.5099709
0.3084 0.5084903000000001
0.30875 0.5064517
0.3091 0.5031454000000001
0.30945 0.4968432
0.3098 0.4815255999999999
0.31015 0.4738359
0.3105 0.4738359
0.31085 0.4923008
0.3112 0.4982444
0.31155 0.5004964
0.3119 0.5012768
0.31225 0.5012768
0.3126 0.5010722
0.31295 0.5005617
0.3133 0.4999068
0.31365 0.4991592000000001
0.314 0.4983268
0.31435 0.497443
0.3147 0.4964936
0.31505 0.4955085
0.3154 0.4944781
0.31575 0.4934032
0.3161 0.4922832
0.31645 0.4911162999999999
0.3168 0.4899002
0.31715 0.4886308
0.3175 0.4873022
0.31785 0.485907
0.3182 0.4844611
0.31855 0.4828955
0.3189 0.4812443
0.31925 0.4794024999999999
0.3196 0.477376
0.31995 0.4750028
0.3203 0.4720154
0.32065 0.4677623999999999
0.321 0.460344
0.32135 0.4428514
0.3217 0.4351628999999999
0.32205 0.4351628999999999
0.3224 0.452901
0.32275 0.4569849
0.3231 0.4569849
0.32345 0.4559886999999999
0.3238 0.4539842
0.32415 0.4515802
0.3245 0.4488528
0.32485 0.4457684
0.3252 0.4424837
0.32555 0.4389269
0.3259 0.43508
0.32625 0.4309238
0.3266 0.4264167
0.32695 0.4216448
0.3273 0.4162875
0.32765 0.4103805
0.328 0.4040007
0.32835 0.3966664
0.3287 0.3885987
0.32905 0.3791834
0.3294 0.3666342999999999
0.32975 0.3486055999999999
0.3301 0.3277554
0.33045 0.3277554
0.3308 0.3481407
0.33115 0.364037
0.3315 0.3744386
0.33185 0.3823034999999999
0.3322 0.3889103
0.33255 0.3944646
0.3329 0.3995285
0.33325 0.4038522
0.3336 0.4078562
0.33395 0.411322
0.3343 0.414579
0.33465 0.4174242999999999
0.335 0.4200180999999999
0.33535 0.422386
0.3357 0.4245473
0.33605 0.4266002
0.3364 0.4283144
0.33675 0.4299476
0.3371 0.4314282999999999
0.33745 0.4327652
0.3378 0.433968
0.33815 0.4349895
0.3385 0.4359456
0.33885 0.4367346
0.3392 0.4374514
0.33955 0.4380050999999999
0.3399 0.4384646
0.34025 0.4387457999999999
0.3406 0.4387793
0.34095 0.4387793
0.3413 0.4384407999999999
0.34165 0.437763
0.342 0.4366144
0.34235 0.4347842
0.3427 0.431926
0.34305 0.4274462
0.3434 0.4205544
0.34375 0.4089064
0.3441 0.3890572
0.34445 0.3542802
0.3448 0.3542802
0.34515 0.380013
0.3455 0.4016389
0.34585 0.4148999
0.3462 0.4228483
0.34655 0.4281005
0.3469 0.4317492999999999
0.34725 0.4343906
0.3476 0.4363649999999999
0.34795 0.4378798
0.3483 0.4390647
0.34865 0.4400075
0.349 0.440766
0.34935 0.4413430999999999
0.3497 0.4418519
0.35005 0.4422702
0.3504 0.442583
0.35075 0.4428680999999999
0.3511 0.4430737
0.35145 0.4432383
0.3518 0.4433927
0.35215 0.4434899
0.3525 0.4435600999999999
0.35285 0.4436057
0.3532 0.4436299
0.35355 0.4436299
0.3539 0.443622
0.35425 0.4435930999999999
0.3546 0.4435484
0.35495 0.4434903
0.3553 0.4434193
0.35565 0.4433155
0.356 0.4431912
0.35635 0.4431085999999999
0.3567 0.4429891999999999
0.35705 0.4427114
0.3574 0.4426284
0.35775 0.4425399
0.3581 0.4423428
0.35845 0.4422010999999999
0.3588 0.442012
0.35915 0.4418528
0.3595 0.4414087
0.35985 0.4412732
0.3602 0.4410232
0.36055 0.4407559
0.3609 0.4405583999999999
0.36125 0.4405583999999999
0.3616 0.4403208999999999
0.36195 0.4401082999999999
0.3623 0.4397859999999999
0.36265 0.4395853
0.363 0.4393260999999999
0.36335 0.439043
0.3637 0.4387688
0.36405 0.4384052
0.3644 0.4381954
0.36475 0.4378935
0.3651 0.4375855999999999
0.36545 0.4372612
0.3658 0.4369146
0.36615 0.4366159
0.3665 0.4362987
0.36685 0.4359479999999999
0.3672 0.4355984999999999
0.36755 0.4352579000000001
0.3679 0.4348859
0.36825 0.4345244
0.3686 0.4340894
0.36895 0.4337842
0.3693 0.4333702
0.36965 0.4329967
0.37 0.4325116
0.37035 0.4321617
0.3707 0.4316585
0.37105 0.4312873
0.3714 0.430918
0.37175 0.4304327999999999
0.3721 0.4299447
0.37245 0.4295680999999999
0.3728 0.429022
0.37315 0.4286455
0.3735 0.4279946
0.37385 0.4276456
0.3742 0.4271140999999999
0.37455 0.4265396999999999
0.3749 0.4256424
0.37525 0.4256045999999999
0.3756 0.4248065
0.37595 0.4245616
0.3763 0.4234175
0.37665 0.4229668
0.377 0.4228002
0.37735 0.4222614999999999
0.3777 0.4215778
0.37805 0.420918
0.3784 0.4204265
0.37875 0.4190996
0.3791 0.4189613
0.37945 0.4174992999999999
0.3798 0.4169764
0.38015 0.4169764
0.3805 0.4160969
0.38085 0.4156603
0.3812 0.4149781
0.38155 0.4142067
0.3819 0.4131933
0.38225 0.4123782999999999
0.3826 0.4118119
0.38295 0.4110742
0.3833 0.4100242999999999
0.38365 0.409408
0.384 0.4084203
0.38435 0.407667
0.3847 0.4067232999999999
0.38505 0.4058178
0.3854 0.404842
0.38575 0.4038489999999999
0.3861 0.4028515
0.38645 0.4017919
0.3868 0.4007209
0.38715 0.3995969
0.3875 0.398442
0.38785 0.3973153
0.3882 0.3961905
0.38855 0.3949323
0.3889 0.3935629
0.38925 0.3920854
0.3896 0.3910205
0.38995 0.38956
0.3903 0.3882032
0.39065 0.3868529
0.391 0.3853406
0.39135 0.3838834
0.3917 0.3821739999999999
0.39205 0.3805636
0.3924 0.3789842
0.39275 0.3771498
0.3931 0.3754658
0.39345 0.3736903
0.3938 0.3717969
0.39415 0.3696727
0.3945 0.3680789
0.39485 0.3656043
0.3952 0.3636517
0.39555 0.3614510999999999
0.3959 0.358923
0.39625 0.3564989
0.3966 0.354167
0.39695 0.3517974
0.3973 0.3491145
0.39765 0.3463163
0.398 0.34323
0.39835 0.3406618
0.3987 0.3370447
0.39905 0.3338369
0.3994 0.3306978
0.39975 0.3268777
0.4001 0.3227910999999999
0.40045 0.3182895999999999
0.4008 0.3132062
0.40115 0.3064855
0.4015 0.3020305
0.40185 0.2952702
0.4022 0.2872654
0.40255 0.27947
0.4029 0.2700029
0.40325 0.2595629
0.4036 0.2470145
0.40395 0.2333891
0.4043 0.2028193
0.40465 0.2028193
0.405 0.2228639999999999
0.40535 0.2408362
0.4057 0.2521022
0.40605 0.2617038
0.4064 0.270314
0.40675 0.2774967
0.4071 0.2838417
0.40745 0.2894179
0.4078 0.2942697999999999
0.40815 0.2984921
0.4085 0.2994102
0.40885 0.3022063
0.4092 0.308296
0.40955 0.3109156
0.4099 0.3131908
0.41025 0.3153771999999999
0.4106 0.3172200999999999
0.41095 0.3189849
0.4113 0.3205565999999999
0.41165 0.3222055
0.412 0.3233917999999999
0.41235 0.3249002
0.4127 0.3260609
0.41305 0.3262160999999999
0.4134 0.3273294
0.41375 0.3290397
0.4141 0.330447
0.41445 0.3313934
0.4148 0.3320591
0.41515 0.3328257
0.4155 0.3328257
0.41585 0.3313037
0.4162 0.3313037
0.41655 0.3357417
0.4169 0.3364506
0.41725 0.3366575
0.4176 0.337362
0.41795 0.3376752
0.4183 0.3379257
0.41865 0.3382506
0.419 0.3391631
0.41935 0.3391839
0.4197 0.3391631
0.42005 0.3383436999999999
0.4204 0.3383436999999999
0.42075 0.3402469
0.4211 0.3410475999999999
0.42145 0.3405991
0.4218 0.3405991
0.42215 0.3405991
0.4225 0.3411935
0.42285 0.3421257
0.4232 0.3421257
0.42355 0.3416075
0.4239 0.3416075
0.42425 0.3420225
0.4246 0.3425919
0.42495 0.3427929
0.4253 0.3431624
0.42565 0.3431624
0.426 0.3418549
0.42635 0.3418549
0.4267 0.3425427
0.42705 0.3433541
0.4274 0.3436079
0.42775 0.3436079
0.4281 0.3434136
0.42845 0.3426493
0.4288 0.3425254
0.42915 0.3403432
0.4295 0.3414183
0.42985 0.3414183
0.4302 0.3414183
0.43055 0.342382
0.4309 0.3402177
0.43125 0.3411097
0.4316 0.3408466
0.43195 0.3411097
0.4323 0.3421119999999999
0.43265 0.3421119999999999
0.433 0.3417388
0.43335 0.3417012
0.4337 0.3410052
0.43405 0.3409824
0.4344 0.3406985
0.43475 0.3406392
0.4351 0.3406392
0.43545 0.3404487
0.4358 0.3399336
0.43615 0.3397954
0.4365 0.3390114
0.43685 0.3384235
0.4372 0.3385102
0.43755 0.3384235
0.4379 0.3383294
0.43825 0.3380654
0.4386 0.3380237
0.43895 0.3375830999999999
0.4393 0.3374991
0.43965 0.3361447
0.44 0.3356545999999999
0.44035 0.3341442
0.4407 0.3338107
0.44105 0.3338107
0.4414 0.3336886
0.44175 0.3328782
0.4421 0.3328782
0.44245 0.3328782
0.4428 0.3335387999999999
0.44315 0.3332303
0.4435 0.3332303
0.44385 0.3303185999999999
0.4442 0.3303185999999999
0.44455 0.3314980999999999
0.4449 0.3314980999999999
0.44525 0.3290734
0.4456 0.3290734
0.44595 0.3293333
0.4463 0.3295663
0.44665 0.3295663
0.447 0.3291599
0.44735 0.3285616
0.4477 0.3283907
0.44805 0.3282328
0.4484 0.3260967
0.44875 0.3277481
0.4491 0.3268159
0.44945 0.3268159
0.4498 0.3263410999999999
0.45015 0.3260769
0.4505 0.3257335999999999
0.45085 0.3244192999999999
0.4512 0.3236815999999999
0.45155 0.3233318
0.4519 0.3229468
0.45225 0.3229343
0.4526 0.3225338
0.45295 0.3225338
0.4533 0.3219608
0.45365 0.321186
0.454 0.321186
0.45435 0.3197744999999999
0.4547 0.319465
0.45505 0.319465
0.4554 0.3192157
0.45575 0.3174708
0.4561 0.315831
0.45645 0.3174708
0.4568 0.315713
0.45715 0.3159591
0.4575 0.3153875
0.45785 0.3153875
0.4582 0.3146271
0.45855 0.3145377
0.4589 0.3139055
0.45925 0.3123147
0.4596 0.3112966
0.45995 0.3115285999999999
0.4603 0.3115285999999999
0.46065 0.3115285999999999
0.461 0.3110687
0.46135 0.3105984
0.4617 0.3101296
0.46205 0.3093237
0.4624 0.3086547999999999
0.46275 0.3084775
0.4631 0.3079711
0.46345 0.3069337
0.4638 0.3061194
0.46415 0.3059427
0.4645 0.3051282999999999
0.46485 0.3047998
0.4652 0.3028615
0.46555 0.3028615
0.4659 0.302255
0.46625 0.3004906
0.4666 0.2997015
0.46695 0.2993745
0.4673 0.2990117
0.46765 0.2953335
0.468 0.2942046
0.46835 0.2942046
0.4687 0.2895417999999999
0.46905 0.2824337
0.4694 0.2895417999999999
0.46975 0.2927108
0.4701 0.2927108
0.47045 0.2927108
0.4708 0.2916666
0.47115 0.2903248
0.4715 0.2890522
0.47185 0.2870332
0.4722 0.2809011
0.47255 0.2804331
0.4729 0.2804331
0.47325 0.2850044
0.4736 0.2853985
0.47395 0.2850044
0.4743 0.2838915
0.47465 0.2821878
0.475 0.2833437
0.47535 0.2533469
0.4757 0.2824302999999999
0.47605 0.2784499
0.4764 0.2784499
0.47675 0.2784499
0.4771 0.2748804999999999
0.47745 0.2777801
0.4778 0.2753305
0.47815 0.2758702
0.4785 0.2753305
0.47885 0.2750737
0.4792 0.273396
0.47955 0.2729765
0.4799 0.2717640999999999
0.48025 0.2715095999999999
0.4806 0.2705357
0.48095 0.2692811
0.4813 0.2685732
0.48165 0.2665237
0.482 0.2650094999999999
0.48235 0.2635802
0.4827 0.2635802
0.48305 0.2616937
0.4834 0.2582407
0.48375 0.2561135
0.4841 0.2561135
0.48445 0.2521653
0.4848 0.2453525
0.48515 0.2484291
0.4855 0.2484291
0.48585 0.2484291
0.4862 0.2480615
0.48655 0.2480615
0.4869 0.2505182999999999
0.48725 0.2505182999999999
0.4876 0.2434753999999999
0.48795 0.2408849
0.4883 0.2434753999999999
0.48865 0.2501772
0.489 0.2501772
0.48935 0.2482107
0.4897 0.246471
0.49005 0.2446304999999999
0.4904 0.2446304999999999
0.49075 0.2407373
0.4911 0.2407373
0.49145 0.2407373
0.4918 0.2404348
0.49215 0.2390678
0.4925 0.2390678
0.49285 0.2312666
0.4932 0.2312666
0.49355 0.2312666
0.4939 0.2310217
0.49425 0.2310217
0.4946 0.2294864999999999
0.49495 0.2311036
0.4953 0.2287797
0.49565 0.2293755
0.496 0.2293755
0.49635 0.2293755
0.4967 0.2278265
0.49705 0.2232411
0.4974 0.2232411
0.49775 0.2232411
0.4981 0.2219553
0.49845 0.2198607
0.4988 0.219848
0.49915 0.219848
0.4995 0.219848
0.49985 0.2184944
0.50055 0.2076353
0.5009 0.2076353
0.50125 0.2122647
0.5016 0.2122647
0.50195 0.2112228
0.5023 0.2099188
0.50265 0.2038092
0.503 0.1722781
0.50335 0.1841513
0.5037 0.1841513
0.50405 0.1860894
0.5044 0.2002467
0.50475 0.2002467
0.5051 0.2020780999999999
0.50545 0.2020780999999999
0.5058 0.2011584
0.50615 0.1987489
0.5065 0.1962108
0.50685 0.1887204999999999
0.5072 0.1887204999999999
0.50755 0.189943
0.5079 0.189943
0.50825 0.189943
0.5086 0.1907846
0.50895 0.1907846
0.5093 0.189097
0.50965 0.1879563
0.51 0.1879563
0.51035 0.1880224
0.5107 0.1880224
0.51105 0.1865189
0.5114 0.1864569
0.51175 0.1855519
0.5121 0.1855519
0.51245 0.1873369999999999
0.5128 0.1873369999999999
0.51315 0.1829946
0.5135 0.1829946
0.51385 0.1823138
0.5142 0.1823138
0.51455 0.1814971
0.5149 0.1787854
0.51525 0.1814971
0.5156 0.1813849
0.51595 0.1813849
0.5163 0.1795415
0.51665 0.1791236
0.517 0.1791236
0.51735 0.1778515
0.5177 0.1775148999999999
0.51805 0.1765301
0.5184 0.1761647999999999
0.51875 0.1760057
0.5191 0.1754864
0.51945 0.1738838
0.5198 0.173583
0.52015 0.1735207
0.5205 0.1725729
0.52085 0.172181
0.5212 0.1712577
0.52155 0.1708681
0.5219 0.169562
0.52225 0.1689332999999999
0.5226 0.16809
0.52295 0.1679457999999999
0.5233 0.1579632999999999
0.52365 0.1579632999999999
0.524 0.1573587
0.52435 0.1635094
0.5247 0.1573587
0.52505 0.1625609999999999
0.5254 0.1606293
0.52575 0.1625609999999999
0.5261 0.1606442
0.52645 0.1606442
0.5268 0.1594911
0.52715 0.1588162
0.5275 0.1564122999999999
0.52785 0.1564122999999999
0.5282 0.1560356
0.52855 0.1558231
0.5289 0.1557373
0.52925 0.1536162
0.5296 0.1518957
0.52995 0.1530732
0.5303 0.1513313999999999
0.53065 0.1502402999999999
0.531 0.1500354
0.53135 0.1498041
0.5317 0.1498041
0.53205 0.1460378
0.5324 0.145877
0.53275 0.1452502
0.5331 0.1448877
0.53345 0.1449156
0.5338 0.1448877
0.53415 0.1443806
0.5345 0.1434872
0.53485 0.141721
0.5352 0.1411858
0.53555 0.1387166
0.5359 0.1387166
0.53625 0.1374515
0.5366 0.1373162
0.53695 0.1359938999999999
0.5373 0.1359938999999999
0.53765 0.1346435
0.538 0.1335483999999999
0.53835 0.1327997
0.5387 0.1310934
0.53905 0.1283097
0.5394 0.1283097
0.53975 0.1274038
0.5401 0.1274038
0.54045 0.1229577999999999
0.5408 0.1201311
0.54115 0.1201311
0.5415 0.1201311
0.54185 0.1188728
0.5422 0.1181843
0.54255 0.1174147
0.5429 0.1152168
0.54325 0.115211
0.5436 0.1145051999999999
0.54395 0.1143502999999999
0.5443 0.1143502999999999
0.54465 0.1143816
0.545 0.1143816
0.54535 0.1171763
0.5457 0.1158683
0.54605 0.1158683
0.5464 0.1114827999999999
0.54675 0.1114827999999999
0.5471 0.1114827999999999
0.54745 0.1121029
0.5478 0.1115241999999999
0.54815 0.1120562
0.5485 0.1115241999999999
0.54885 0.1111331
0.5492 0.1105124
0.54955 0.1084341
0.5499 0.1059016
0.55025 0.1069387999999999
0.5506 0.1068137
0.55095 0.1068137
0.5513 0.106056
0.55165 0.1049932
0.552 0.1040496
0.55235 0.1036148
0.5527 0.1027182
0.55305 0.102369
0.5534 0.1014056
0.55375 0.1014056
0.5541 0.1001203
0.55445 0.098584
0.5548 0.098584
0.55515 0.0983974
0.5555 0.0969914
0.55585 0.0972427
0.5562 0.0961741
0.55655 0.0961741
0.5569 0.0932226
0.55725 0.0932226
0.5576 0.0932404
0.55795 0.0932963
0.5583 0.0932404
0.55865 0.0923137
0.559 0.0922603999999999
0.55935 0.0916386
0.5597 0.0910398999999999
0.56005 0.0904458
0.5604 0.0896269
0.56075 0.0893121
0.5611 0.0885285
0.56145 0.0880536
0.5618 0.0870679
0.56215 0.0870401
0.5625 0.08588
0.56285 0.0857406
0.5632 0.0852914
0.56355 0.084598
0.5639 0.083955
0.56425 0.0827866999999999
0.5646 0.0820745
0.56495 0.0820745
0.5653 0.0809795
0.56565 0.0802654
0.566 0.0799291
0.56635 0.0799291
0.5667 0.0809182
0.56705 0.0897628
0.5674 0.0809182
0.56775 0.0771198
0.5681 0.0746598
0.56845 0.0745161999999999
0.5688 0.0745161999999999
0.56915 0.0745161999999999
0.5695 0.0737028
0.56985 0.0645926
0.5702 0.0645926
0.57055 0.0802698999999999
0.5709 0.0802698999999999
0.57125 0.0778748
0.5716 0.0768712
0.57195 0.0756714
0.5723 0.0737763999999999
0.57265 0.0712674
0.573 0.0712674
0.57335 0.0723161
0.5737 0.0731627
0.57405 0.0731627
0.5744 0.0705573999999999
0.57475 0.0705573999999999
0.5751 0.066396
0.57545 0.0699048
0.5758 0.0699048
0.57615 0.0699048
0.5765 0.0679699
0.57685 0.0651949
0.5772 0.0672085
0.57755 0.0667384999999999
0.5779 0.0667384999999999
0.57825 0.0660554999999999
0.5786 0.0651931
0.57895 0.0648682
0.5793 0.0646071
0.57965 0.0645422
0.58 0.0631948
0.58035 0.0631581
0.5807 0.061175
0.58105 0.061175
0.5814 0.0614677
0.58175 0.0614677
0.5821 0.0608393
0.58245 0.0602111
0.5828 0.0592399
0.58315 0.0579416999999999
0.5835 0.0578298
0.58385 0.0572701
0.5842 0.056975
0.58455 0.056975
0.5849 0.0559633
0.58525 0.0557306
0.5856 0.0557306
0.58595 0.0551182
0.5863 0.0545004
0.58665 0.0545004
0.587 0.0538406999999999
0.58735 0.052693
0.5877 0.052693
0.58805 0.0469225
0.5884 0.0469225
0.58875 0.0436113
0.5891 0.0427099
0.58945 0.0415055
0.5898 0.0349526999999999
0.59015 0.0349526999999999
0.5905 0.0505384
0.59085 0.0505384
0.5912 0.0472176999999999
0.59155 0.0472176999999999
0.5919 0.0501389
0.59225 0.0501389
0.5926 0.0510804
0.59295 0.0523716
0.5933 0.0523716
0.59365 0.0524486999999999
0.594 0.0440242
0.59435 0.0415578
0.5947 0.0415578
0.59505 0.0517735
0.5954 0.0517735
0.59575 0.0496783
0.5961 0.0496783
0.59645 0.053283
0.5968 0.0542555
0.59715 0.0542555
0.5975 0.0542555
0.59785 0.0537878
0.5982 0.0537878
0.59855 0.0506762
0.5989 0.054069
0.59925 0.0506762
0.5996 0.054069
0.59995 0.0566713
0.6003 0.0566713
0.60065 0.0397565
0.601 0.0397565
0.60135 0.0557048
0.6017 0.057072
0.60205 0.057072
0.6024 0.0593455
0.60275 0.0593455
0.6031 0.0593455
0.60345 0.0601721
0.6038 0.0601721
0.60415 0.0579941
0.6045 0.0579941
0.60485 0.0517597
0.6052 0.0574173
0.60555 0.0574173
0.6059 0.0595641999999999
0.60625 0.0620991999999999
0.6066 0.0620991999999999
0.60695 0.0616025999999999
0.6073 0.0605808
0.60765 0.0616025999999999
0.608 0.0595534999999999
0.60835 0.0585298999999999
0.6087 0.0564884
0.60905 0.0561391999999999
0.6094 0.0564884
0.60975 0.0574745
0.6101 0.0585116999999999
0.61045 0.0585116999999999
0.6108 0.0593053
0.61115 0.0593053
0.6115 0.0597841999999999
0.61185 0.0603135
0.6122 0.0603135
0.61255 0.0599945
0.6129 0.0599115
0.61325 0.0573192
0.6136 0.0587428
0.61395 0.0579784999999999
0.6143 0.0579784999999999
0.61465 0.0579784999999999
0.615 0.0585413
0.61535 0.0585413
0.6157 0.0509171
0.61605 0.0509171
0.6164 0.0550325
0.61675 0.0550325
0.6171 0.0541764999999999
0.61745 0.0541764999999999
0.6178 0.053241
0.61815 0.053241
0.6185 0.053241
0.61885 0.0547024
0.6192 0.0547024
0.61955 0.0539794999999999
0.6199 0.0525234
0.62025 0.0525234
0.6206 0.0550636999999999
0.62095 0.0550636999999999
0.6213 0.0550636999999999
0.62165 0.0555003
0.622 0.0555003
0.62235 0.0557281999999999
0.6227 0.0557281999999999
0.62305 0.0565914999999999
0.6234 0.0570209
0.62375 0.0575202
0.6241 0.0590521999999999
0.62445 0.0590521999999999
0.6248 0.0596146999999999
0.62515 0.0605505
0.6255 0.0605505
0.62585 0.0608079
0.6262 0.0615565
0.62655 0.0615565
0.6269 0.0615669
0.62725 0.0620406999999999
0.6276 0.0620406999999999
0.62795 0.0623714
0.6283 0.0620103
0.62865 0.0626045
0.629 0.0627014
0.62935 0.0628687
0.6297 0.0628854
0.63005 0.0630335
0.6304 0.0630335
0.63075 0.0629487
0.6311 0.0620539
0.63145 0.0592108
0.6318 0.0584065
0.63215 0.0584065
0.6325 0.0620461
0.63285 0.062535
0.6332 0.062535
0.63355 0.0621501999999999
0.6339 0.0621501999999999
0.63425 0.0629689
0.6346 0.0629689
0.63495 0.0638389
0.6353 0.0638389
0.63565 0.0638389
0.636 0.0632231
0.63635 0.0632231
0.6367 0.0628016999999999
0.63705 0.0628016999999999
0.6374 0.0628016999999999
0.63775 0.0577575
0.6381 0.0577575
0.63845 0.0577575
0.6388 0.0572807
0.63915 0.0617237
0.6395 0.0613219
0.63985 0.0617420999999999
0.6402 0.0636886
0.64055 0.0636886
0.6409 0.0631756
0.64125 0.0629206
0.6416 0.0610725
0.64195 0.0616646999999999
0.6423 0.0616646999999999
0.64265 0.0616646999999999
0.643 0.0594020999999999
0.64335 0.0594020999999999
0.6437 0.0603766999999999
0.64405 0.0603766999999999
0.6444 0.0601488
0.64475 0.0601488
0.6451 0.0601488
0.64545 0.060334
0.6458 0.031756
0.64615 0.0217625999999999
0.6465 0.0217625999999999
0.64685 0.049418
0.6472 0.0538175
0.64755 0.0538175
0.6479 0.0463344
0.64825 0.0463344
0.6486 0.0506603
0.64895 0.0560376999999999
0.6493 0.058874
0.64965 0.0624048
0.65 0.0624048
0.65035 0.0633878
0.6507 0.0567935
0.65105 0.0485025
0.6514 0.0485025
0.65175 0.0485025
0.6521 0.0507810999999999
0.65245 0.0570525
0.6528 0.0570525
0.65315 0.0494209
0.6535 0.0494209
0.65385 0.0502786
0.6542 0.0523326
0.65455 0.0594018
0.6549 0.0594018
0.65525 0.0594018
0.6556 0.0533288
0.65595 0.0462654999999999
0.6563 0.0462654999999999
0.65665 0.055737
0.657 0.055737
0.65735 0.0400644
0.6577 0.0400644
0.65805 0.0576261
0.6584 0.0576261
0.65875 0.0591744
0.6591 0.0598545999999999
0.65945 0.0598545999999999
0.6598 0.0519313999999999
0.66015 0.0519313999999999
0.6605 0.0604390999999999
0.66085 0.0604390999999999
0.6612 0.0559316
0.66155 0.0559316
0.6619 0.0573976999999999
0.66225 0.0579446
0.6626 0.0594515
0.66295 0.0581072
0.6633 0.0581072
0.66365 0.0581072
0.664 0.0584074
0.66435 0.0592544999999999
0.6647 0.0592626
0.66505 0.0602481999999999
0.6654 0.0602481999999999
0.66575 0.0540045
0.6661 0.0540045
0.66645 0.0548557999999999
0.6668 0.0568139999999999
0.66715 0.0594818
0.6675 0.0598193
0.66785 0.0598209
0.6682 0.0598209
0.66855 0.05221
0.6689 0.05221
0.66925 0.0577356
0.6696 0.0577356
0.66995 0.0557215
0.6703 0.0557215
0.67065 0.0574977
0.671 0.0574977
0.67135 0.0584606
0.6717 0.0584606
0.67205 0.0584606
0.6724 0.0600396
0.67275 0.0600396
0.6731 0.0600835
0.67345 0.0607088
0.6738 0.0607088
0.67415 0.0607088
0.6745 0.0601875
0.67485 0.0593241999999999
0.6752 0.0593241999999999
0.67555 0.0568900999999999
0.6759 0.0603758
0.67625 0.0605858
0.6766 0.0605858
0.67695 0.0605858
0.6773 0.060591
0.67765 0.060591
0.678 0.0626616
0.67835 0.0626616
0.6787 0.0626616
0.67905 0.0581371
0.6794 0.0581371
0.67975 0.0583536999999999
0.6801 0.0583536999999999
0.68045 0.0570261999999999
0.6808 0.0557763
0.68115 0.0557763
0.6815 0.0557763
0.68185 0.0584511
0.6822 0.0580422
0.68255 0.0580422
0.6829 0.0580422
0.68325 0.0550726
0.6836 0.0556274999999999
0.68395 0.0550726
0.6843 0.0547487
0.68465 0.0547487
0.685 0.0553425999999999
0.68535 0.0553425999999999
0.6857 0.0553425999999999
0.68605 0.0552726
0.6864 0.0552726
0.68675 0.0516109
0.6871 0.0516109
0.68745 0.0517526999999999
0.6878 0.0517526999999999
0.68815 0.0517526999999999
0.6885 0.0526823
0.68885 0.0526823
0.6892 0.0537420999999999
0.68955 0.0411368
0.6899 0.0520860999999999
0.69025 0.0514048
0.6906 0.0520860999999999
0.69095 0.0536681
0.6913 0.0536681
0.69165 0.0461523
0.692 0.0291325
0.69235 0.0291325
0.6927 0.0378239
0.69305 0.0378239
0.6934 0.0088249
0.69375 -0.0052362
0.6941 -0.0052362
0.69445 0.0356029
0.6948 0.0456713
0.69515 0.0467029999999999
0.6955 0.0456713
0.69585 0.047973
0.6962 0.0410776
0.69655 0.0410928
0.6969 0.0410928
0.69725 0.0453636999999999
0.6976 0.0453636999999999
0.69795 0.0423240999999999
0.6983 0.0423240999999999
0.69865 0.0436586
0.699 0.0436586
0.69935 0.0462084
0.6997 0.0373376999999999
0.70005 0.0425678
0.7004 0.0331611999999999
0.70075 0.0425678
0.7011 0.0392465
0.70145 0.0392465
0.7018 0.0332336
0.70215 0.0332336
0.7025 0.0332336
0.70285 0.0314839
0.7032 0.0314839
0.70355 0.0314839
0.7039 0.0395325
0.70425 0.0337045
0.7046 0.036341
0.70495 0.0337045
0.7053 0.036341
0.70565 0.0394463
0.706 0.0394463
0.70635 0.036293
0.7067 0.036293
0.70705 0.036293
0.7074 0.0350642
0.70775 0.0277219
0.7081 0.0309634999999999
0.70845 0.0277219
0.7088 0.024983
0.70915 0.0241604999999999
0.7095 0.024983
0.70985 0.0315314
0.7102 0.0390938
0.71055 0.0390938
0.7109 0.0177842
0.71125 0.0177842
0.7116 0.0238055
0.71195 0.0369837
0.7123 0.0369837
0.71265 0.0292697
0.713 0.0292697
0.71335 0.0295734
0.7137 0.0312863
0.71405 0.0295734
0.7144 0.0251956999999999
0.71475 0.0251956999999999
0.7151 0.0368528
0.71545 0.0368528
0.7158 0.033754
0.71615 0.0223095
0.7165 0.0072655
0.71685 0.0072655
0.7172 0.009764
0.71755 0.009764
0.7179 0.009764
0.71825 0.0224171
0.7186 0.0224171
0.71895 0.0065999
0.7193 0.005402
0.71965 0.0065999
0.72 0.0078929
0.72035 0.0131598999999999
0.7207 0.0173925
0.72105 0.0173925
0.7214 0.0199168
0.72175 0.0085793
0.7221 0.0223866
0.72245 0.0192654
0.7228 0.0192654
0.72315 0.0095363999999999
0.7235 0.0063373999999999
0.72385 0.0063373999999999
0.7242 0.0063373999999999
0.72455 0.0100796
0.7249 0.0100796
0.72525 0.0100796
0.7256 0.0092266
0.72595 0.0078045
0.7263 0.0052593999999999
0.72665 0.0078045
0.727 0.0043103
0.72735 0.013437
0.7277 0.0118114
0.72805 0.013437
0.7284 0.0158485
0.72875 0.0174824999999999
0.7291 0.0174824999999999
0.72945 0.0132955
0.7298 0.0105731
0.73015 0.0120819999999999
0.7305 0.0120819999999999
0.73085 0.0120819999999999
0.7312 0.0161227
0.73155 0.0104944
0.7319 0.0161227
0.73225 0.0116311
0.7326 0.0116311
0.73295 0.007828
0.7333 0.007828
0.73365 0.0226184
0.734 0.0226184
0.73435 0.0170405
0.7347 0.0170405
0.73505 0.0249877999999999
0.7354 0.0253934
0.73575 0.0253934
0.7361 0.0224874
0.73645 0.0182314
0.7368 0.0182314
0.73715 0.0182314
0.7375 0.0129882999999999
0.73785 0.0230622
0.7382 0.0284545
0.73855 0.0284545
0.7389 0.0159901
0.73925 0.0159901
0.7396 0.0157437
0.73995 0.0157437
0.7403 0.0157437
0.74065 0.0275390999999999
0.741 0.0276118
0.74135 0.0287755
0.7417 0.0319974
0.74205 0.0324418
0.7424 0.0324418
0.74275 0.0315529
0.7431 0.0181662
0.74345 0.0315529
0.7438 0.0308544
0.74415 0.0308544
0.7445 0.0308544
0.74485 0.0351329
0.7452 0.0351329
0.74555 0.0306333
0.7459 0.0227314999999999
0.74625 0.0296534
0.7466 0.0296534
0.74695 0.0296534
0.7473 0.031484
0.74765 0.031484
0.748 0.0315986
0.74835 0.033401
0.7487 0.0315986
0.74905 0.0301914
0.7494 0.0301914
0.74975 0.0287034
0.7501 0.0285776
0.75045 0.0265140999999999
0.7508 0.0265140999999999
0.75115 0.0285173
0.7515 0.0285173
0.75185 0.0285173
0.7522 0.0278493
0.75255 0.0272036
0.7529 0.0272036
0.75325 0.0287667
0.7536 0.0295791
0.75395 0.031792
0.7543 0.0305497
0.75465 0.0318553
0.755 0.0305497
0.75535 0.0317861
0.7557 0.030795
0.75605 0.030795
0.7564 0.030795
0.75675 0.0304824
0.7571 0.0303267999999999
0.75745 0.0303267999999999
0.7578 0.0283302
0.75815 0.0288168
0.7585 0.0285279999999999
0.75885 0.0285279999999999
0.7592 0.0281486
0.75955 0.0277019999999999
0.7599 0.0272601
0.76025 0.0272601
0.7606 0.0251569
0.76095 0.0251569
0.7613 0.0258996
0.76165 0.0258996
0.762 0.0254259
0.76235 0.0249854999999999
0.7627 0.0245043
0.76305 0.0242749
0.7634 0.0236752
0.76375 0.0235884
0.7641 0.023305
0.76445 0.0227425999999999
0.7648 0.0225817
0.76515 0.0224393
0.7655 0.0224393
0.76585 0.0224393
0.7662 0.0224324
0.76655 0.0224324
0.7669 0.0240164
0.76725 0.0240164
0.7676 0.0221924
0.76795 0.0219622
0.7683 0.0221512
0.76865 0.0219622
0.769 0.0220689
0.76935 0.0220689
0.7697 0.0220689
0.77005 0.0218330999999999
0.7704 0.0217519
0.77075 0.0217519
0.7711 0.0221097
0.77145 0.0224288
0.7718 0.0227498
0.77215 0.0229377999999999
0.7725 0.0232033
0.77285 0.0232033
0.7732 0.022655
0.77355 0.022655
0.7739 0.0235155
0.77425 0.0241
0.7746 0.0245797
0.77495 0.0248276
0.7753 0.0250214
0.77565 0.0250479999999999
0.776 0.0254737
0.77635 0.0254737
0.7767 0.0256979
0.77705 0.0256979
0.7774 0.0273259
0.77775 0.0239896
0.7781 0.025041
0.77845 0.020248
0.7788 0.025041
0.77915 0.0251425
0.7795 0.0272423
0.77985 0.0272423
0.7802 0.0272423
0.78055 0.022734
0.7809 0.022734
0.78125 0.026282
0.7816 0.026282
0.78195 0.0250142
0.7823 0.0235813
0.78265 0.0235813
0.783 0.0241722999999999
0.78335 0.0250729999999999
0.7837 0.0250729999999999
0.78405 0.0250155
0.7844 0.0233328
0.78475 0.0233328
0.7851 0.0258524
0.78545 0.0258524
0.7858 0.0221673
0.78615 0.0221673
0.7865 0.0221673
0.78685 0.0186739
0.7872 0.0186739
0.78755 0.0186739
0.7879 0.0283182
0.78825 0.0157456
0.7886 0.0209170999999999
0.78895 0.0209170999999999
0.7893 0.0272102
0.78965 0.0273906
0.79 0.0276832999999999
0.79035 0.0273906
0.7907 0.0267424
0.79105 0.0239248
0.7914 0.0239248
0.79175 0.0245787
0.7921 0.0258311
0.79245 0.0258311
0.7928 0.0243368
0.79315 0.0231057
0.7935 0.0231057
0.79385 0.0245601
0.7942 0.0250095
0.79455 0.0245601
0.7949 0.0229754
0.79525 0.0159529
0.7956 0.0229754
0.79595 0.0133663999999999
0.7963 0.0133663999999999
0.79665 0.0133663999999999
0.797 0.0192946
0.79735 0.0192946
0.7977 0.0237053
0.79805 0.0219477999999999
0.7984 0.0236869
0.79875 0.0236869
0.7991 0.0261841
0.79945 0.0261841
0.7998 0.020654
0.80015 0.020654
0.8005 0.0225164
0.80085 0.0248545999999999
0.8012 0.0248545999999999
0.80155 0.0186585999999999
0.8019 0.0164875999999999
0.80225 0.0164875999999999
0.8026 0.0180748
0.80295 0.0180748
0.8033 0.0156271
0.80365 0.0156271
0.804 0.0248375
0.80435 0.0248375
0.8047 0.0248375
0.80505 0.0277627999999999
0.8054 0.0292687
0.80575 0.0277627999999999
0.8061 0.0118328
0.80645 0.0118328
0.8068 0.0125013
0.80715 0.0183391
0.8075 0.0183391
0.80785 0.0154352999999999
0.8082 0.0154352999999999
0.80855 0.0154352999999999
0.8089 0.0137229999999999
0.80925 0.0090496
0.8096 0.0090496
0.80995 0.0104559
0.8103 0.0104559
0.81065 0.0036277
0.811 0.0036277
0.81135 0.0172125
0.8117 0.0172125
0.81205 0.0156193999999999
0.8124 0.0124687
0.81275 0.0156193999999999
0.8131 0.0085415
0.81345 0.0136638
0.8138 0.0136638
0.81415 0.0136638
0.8145 0.0080405
0.81485 0.0035111999999999
0.8152 0.0035111999999999
0.81555 0.0147117
0.8159 0.0194909
0.81625 0.0147117
0.8166 0.0200058
0.81695 0.0200058
0.8173 0.0200058
0.81765 0.0199634
0.818 0.0190697999999999
0.81835 0.0190697999999999
0.8187 0.0190697999999999
0.81905 0.0252292
0.8194 0.0270786
0.81975 0.0270786
0.8201 0.0222360999999999
0.82045 0.0167685999999999
0.8208 0.019624
0.82115 0.019624
0.8215 0.019624
0.82185 0.0272663
0.8222 0.024353
0.82255 0.024353
0.8229 0.0099855
0.82325 0.003824
0.8236 0.0038049
0.82395 0.0038049
0.8243 0.0221995999999999
0.82465 0.0221995999999999
0.825 0.0244201
0.82535 0.0215730999999999
0.8257 0.0265457999999999
0.82605 0.0215730999999999
0.8264 0.0202381
0.82675 0.0200472999999999
0.8271 0.0200472999999999
0.82745 0.0188184
0.8278 0.0120828
0.82815 0.0188184
0.8285 0.0199141
0.82885 0.0199141
0.8292 0.0227492
0.82955 0.0227492
0.8299 0.0227492
0.83025 0.0079395
0.8306 0.0079395
0.83095 0.0123085
0.8313 0.0219854999999999
0.83165 0.0123085
0.832 0.0116124
0.83235 0.0116124
0.8327 0.0126776
0.83305 0.019344
0.8334 0.0189387
0.83375 0.0189387
0.8341 0.0039016999999999
0.83445 0.0039016999999999
0.8348 0.0039016999999999
0.83515 0.0219234
0.8355 0.0168263
0.83585 0.0168263
0.8362 0.0139387
0.83655 0.0132411
0.8369 0.0132411
0.83725 0.0073583
0.8376 0.0052207
0.83795 0.0052207
0.8383 0.0119357
0.83865 0.0191602999999999
0.839 0.0202825
0.83935 0.0202825
0.8397 0.0189787
0.84005 0.0166805
0.8404 0.0131193999999999
0.84075 0.0131193999999999
0.8411 0.0193482
0.84145 0.0193482
0.8418 0.0156217
0.84215 0.0156217
0.8425 0.0221788
0.84285 0.025403
0.8432 0.025403
0.84355 0.0209516
0.8439 0.0208229999999999
0.84425 0.0208229999999999
0.8446 0.0208229999999999
0.84495 0.0224097
0.8453 0.0224097
0.84565 0.0224097
0.846 0.0261084999999999
0.84635 0.0261084999999999
0.8467 0.0261084999999999
0.84705 0.0261928
0.8474 0.0261928
0.84775 0.016912
0.8481 0.016912
0.84845 0.0230381
0.8488 0.0230381
0.84915 0.0230381
0.8495 0.0221743
0.84985 0.0234634
0.8502 0.0234634
0.85055 0.0234634
0.8509 0.0276562
0.85125 0.0272694
0.8516 0.0292857
0.85195 0.0287447999999999
0.8523 0.0287447999999999
0.85265 0.0241642
0.853 0.0133668999999999
0.85335 0.0133668999999999
0.8537 0.0226569
0.85405 0.0282260999999999
0.8544 0.0274091999999999
0.85475 0.0274091999999999
0.8551 0.0243252
0.85545 0.0215469
0.8558 0.0215469
0.85615 0.0219799
0.8565 0.0220643
0.85685 0.0219799
0.8572 0.0198117
0.85755 0.0180934
0.8579 0.0180934
0.85825 0.0184889
0.8586 0.0202346
0.85895 0.0184889
0.8593 0.0173115
0.85965 0.0159071
0.86 0.0155347
0.86035 0.0140168
0.8607 0.0140168
0.86105 0.0121516
0.8614 0.0114031
0.86175 0.0110005
0.8621 0.0114031
0.86245 0.0102854
0.8628 0.0102854
0.86315 0.0100622
0.8635 0.0099951
0.86385 0.0100622
0.8642 0.0099951
0.86455 0.0096401
0.8649 0.0096401
0.86525 0.0101757
0.8656 0.0107481
0.86595 0.0125727
0.8663 0.0126708
0.86665 0.0126708
0.867 0.0106337999999999
0.86735 0.0106337999999999
0.8677 0.0108437999999999
0.86805 0.0156436
0.8684 0.0159362
0.86875 0.0159362
0.8691 0.0185352
0.86945 0.0187097
0.8698 0.0187097
0.87015 0.0172222
0.8705 0.016975
0.87085 0.016975
0.8712 0.0187214
0.87155 0.0189131
0.8719 0.0187214
0.87225 0.0221992
0.8726 0.0194824
0.87295 0.0194824
0.8733 0.0194824
0.87365 0.0201819
0.874 0.0207705
0.87435 0.0207981
0.8747 0.0216681
0.87505 0.0207981
0.8754 0.0209354
0.87575 0.0180851
0.8761 0.0196874
0.87645 0.018846
0.8768 0.018846
0.87715 0.0176639
0.8775 0.0151871
0.87785 0.0152245
0.8782 0.0151871
0.87855 0.0152245
0.8789 0.0165025
0.87925 0.0165025
0.8796 0.0082461
0.87995 0.0072016999999999
0.8803 0.0070813
0.88065 0.0066358999999999
0.881 0.0048309
0.88135 0.0044966
0.8817 0.003038
0.88205 0.0020308
0.8824 0.0012701
0.88275 0.0012701
0.8831 0.0012701
0.88345 0.0012504
0.8838 0.0012394
0.88415 0.0012504
0.8845 0.0015210999999999
0.88485 0.001782
0.8852 0.0020824999999999
0.88555 0.0020824999999999
0.8859 0.0018803
0.88625 0.0014648
0.8866 0.0008612
0.88695 0.0007552
0.8873 0.0007552
0.88765 0.0007552
0.888 0.0008171
0.88835 0.0009567
0.8887 0.0011231
0.88905 0.0009567
0.8894 0.0012167
0.88975 0.0012755
0.8901 0.0014093
0.89045 0.0013188
0.8908 0.0013188
0.89115 0.0012546
0.8915 0.0012546
0.89185 0.0011729
0.8922 0.0012598
0.89255 0.0012598
0.8929 0.0012984
0.89325 0.0013039
0.8936 0.0013039
0.89395 0.0012312
0.8943 0.0011584
0.89465 0.0011584
0.895 0.0011584
0.89535 0.0011472
0.8957 0.0011472
0.89605 0.0012415999999999
0.8964 0.0013271
0.89675 0.0016237
0.8971 0.0016237
0.89745 0.0017487
0.8978 0.0017487
0.89815 0.002027
0.8985 0.002027
0.89885 0.0016694
0.8992 0.0006042
0.89955 0.0006042
0.8999 0.0004115
0.90025 0.0004115
0.9006 0.0004115
0.90095 0.0013142999999999
0.9013 0.0022638
0.90165 0.0038516999999999
0.902 0.0038516999999999
0.90235 0.0037279
0.9027 0.0037279
0.90305 0.0032123
0.9034 0.0040306
0.90375 0.0040306
0.9041 0.0067217
0.90445 0.0072104
0.9048 0.0093177
0.90515 0.0093177
0.9055 0.0081832
0.90585 0.0081832
0.9062 0.0075253999999999
0.90655 0.0075253999999999
0.9069 0.0069173
0.90725 0.0069173
0.9076 0.0098959
0.90795 0.0098959
0.9083 0.0097513
0.90865 0.0044874
0.909 0.0097513
0.90935 0.0044874
0.9097 0.0048401
0.91005 0.002941
0.9104 0.0030355
0.91075 0.0030355
0.9111 0.003311
0.91145 0.0039453
0.9118 0.003311
0.91215 0.0039453
0.9125 0.0088895
0.91285 0.0088895
0.9132 0.0088895
0.91355 0.0053843
0.9139 0.0097889
0.91425 0.0017503
0.9146 0.0083308
0.91495 0.0028553
0.9153 0.0040767
0.91565 0.0040767
0.916 0.0040767
0.91635 0.005081
0.9167 0.0022949999999999
0.91705 0.0018137
0.9174 0.0015465
0.91775 0.0015465
0.9181 0.0015465
0.91845 0.0015543
0.9188 0.0037321
0.91915 0.0037321
0.9195 0.0010438
0.91985 0.0010438
0.9202 0.0107809
0.92055 0.0120962
0.9209 0.0107809
0.92125 0.0070628
0.9216 0.0032858
0.92195 0.0070628
0.9223 0.007633
0.92265 0.0085003999999999
0.923 0.0085003999999999
0.92335 0.004402
0.9237 0.0027722
0.92405 0.004402
0.9244 0.0027722
0.92475 0.0090512999999999
0.9251 0.0090512999999999
0.92545 0.0090512999999999
0.9258 0.0081963
0.92615 0.0048928999999999
0.9265 0.0035992
0.92685 0.0035992
0.9272 0.0027339
0.92755 0.0027339
0.9279 0.0014502
0.92825 0.002944
0.9286 0.0025228
0.92895 0.0042106999999999
0.9293 0.0031031999999999
0.92965 0.0031031999999999
0.93 0.0009102
0.93035 0.0009102
0.9307 0.0005446
0.93105 0.0015197
0.9314 0.001106
0.93175 0.0015595
0.9321 0.0019849
0.93245 0.0019849
0.9328 0.0023158
0.93315 0.0024925999999999
0.9335 0.0024925999999999
0.93385 0.0009101
0.9342 0.0007463999999999
0.93455 0.000512
0.9349 0.0007463999999999
0.93525 0.000512
0.9356 0.0010053
0.93595 0.0014792
0.9363 0.0017968
0.93665 0.0014792
0.937 0.0013654
0.93735 0.0013654
0.9377 0.0008366
0.93805 0.0008366
0.9384 0.0008366
0.93875 0.0018832
0.9391 0.0018832
0.93945 0.0019507
0.9398 0.0013709
0.94015 0.0022231
0.9405 0.0009915
0.94085 0.0024138
0.9412 0.0032374
0.94155 0.0032374
0.9419 0.0026908
0.94225 0.0023798
0.9426 0.00237
0.94295 0.0006677
0.9433 0.0006677
0.94365 0.0009631
0.944 0.0009631
0.94435 0.0003182
0.9447 0.0003182
0.94505 0.0027635
0.9454 0.0027635
0.94575 0.0027635
0.9461 0.0012893
0.94645 0.0012893
0.9468 0.0012893
0.94715 0.0015512
0.9475 0.0015512
0.94785 0.0017842
0.9482 0.0024101
0.94855 0.002737
0.9489 0.002737
0.94925 0.000416
0.9496 0.000416
0.94995 0.0005691
0.9503 0.0010302999999999
0.95065 0.0030751
0.951 0.0030751
0.95135 0.0013833
0.9517 0.0013833
0.95205 0.0015827
0.9524 0.0015827
0.95275 0.0011293
0.9531 0.0007105
0.95345 0.0007105
0.9538 0.0012293
0.95415 0.0017611
0.9545 0.0017611
0.95485 0.0022722
0.9552 0.0016784
0.95555 0.0022436
0.9559 0.0022436
0.95625 0.0022436
0.9566 0.0022284
0.95695 0.0007968999999999
0.9573 0.0007968999999999
0.95765 0.0029729
0.958 0.0029729
0.95835 0.0024613
0.9587 0.0024613
0.95905 0.0024613
0.9594 0.0008116
0.95975 0.0008116
0.9601 0.0026491999999999
0.96045 0.0026491999999999
0.9608 0.0014979
0.96115 0.0014979
0.9615 0.0019484
0.96185 0.0029739999999999
0.9622 0.0019484
0.96255 0.0006653
0.9629 0.0006653
0.96325 0.0011550999999999
0.9636 0.0011550999999999
0.96395 0.0010162
0.9643 0.0010162
0.96465 0.0031648
0.965 0.0031648
0.96535 0.0017500999999999
0.9657 0.0010707
0.96605 0.0017500999999999
0.9664 0.0011396
0.96675 0.0011396
0.9671 0.0011396
0.96745 0.0011633
0.9678 0.0029295
0.96815 0.0029295
0.9685 0.001891
0.96885 0.0009362999999999
0.9692 0.0009362999999999
0.96955 0.002221
0.9699 0.0032896
0.97025 0.0032896
0.9706 0.003271
0.97095 0.003271
0.9713 0.0033847
0.97165 0.0038154
0.972 0.0038154
0.97235 0.00263
0.9727 0.002414
0.97305 0.0015934
0.9734 0.0013927999999999
0.97375 0.0011195
0.9741 0.0011195
0.97445 0.0011195
0.9748 0.0017828
0.97515 0.0021574
0.9755 0.0027158
0.97585 0.0027158
0.9762 0.0022386
0.97655 0.0022386
0.9769 0.0030791
0.97725 0.0038718
0.9776 0.0038718
0.97795 0.0021756
0.9783 0.0012495999999999
0.97865 0.0012495999999999
0.979 0.0012495999999999
0.97935 0.001493
0.9797 0.0019435
0.98005 0.0019435
0.9804 0.0018250999999999
0.98075 0.0013947
0.9811 0.0013947
0.98145 0.0020292
0.9818 0.0020292
0.98215 0.0015859
0.9825 0.0010942
0.98285 0.0009682
0.9832 0.0010942
0.98355 0.0014898
0.9839 0.0016713
0.98425 0.0017299
0.9846 0.0017299
0.98495 0.0017299
0.9853 0.0014478
0.98565 0.001296
0.986 0.0011776
0.98635 0.0011776
0.9867 0.0008728
0.98705 0.0010267999999999
0.9874 0.0010267999999999
0.98775 0.0010267999999999
0.9881 0.0004742
0.98845 0.000389
0.9888 0.000389
0.98915 0.0005782999999999
0.9895 0.0012765
0.98985 0.0008076
0.9902 0.0014074
0.99055 0.0009462
0.9909 0.0014269999999999
0.99125 0.0011172
0.9916 0.0014142
0.99195 0.0011172
0.9923 0.0014142
0.99265 0.0013411
0.993 0.001418
0.99335 0.001418
0.9937 0.001515
0.99405 0.001515
0.9944 0.0018606999999999
0.99475 0.0015539
0.9951 0.0015539
0.99545 0.0015539
0.9958 0.0007177
0.99615 0.0016295
0.9965 0.0007177
0.99685 0.0016295
0.9972 0.002294
0.99755 0.002294
0.9979 0.001923
0.99825 0.0013229
0.9986 0.0015034
0.99895 0.0012061
0.9993 0.0012061
