0.3 0.1705148
0.30035 0.1709697999999999
0.3007 0.1711039
0.30105 0.1711039
0.3014 0.1710201
0.30175 0.1708499
0.3021 0.1705626
0.30245 0.1700289999999999
0.3028 0.1689128
0.30315 0.1656637
0.3035 0.1656637
0.30385 0.165991
0.3042 0.1686525
0.30455 0.1694938999999999
0.3049 0.1697995
0.30525 0.1699052
0.3056 0.1699052
0.30595 0.1698512
0.3063 0.1697588
0.30665 0.1696376
0.307 0.1694917
0.30735 0.1693189
0.3077 0.1691125
0.30805 0.1688584
0.3084 0.1685276
0.30875 0.1680711
0.3091 0.167329
0.30945 0.1659097
0.3098 0.1624426
0.31015 0.1606967999999999
0.3105 0.1606967999999999
0.31085 0.1648906
0.3112 0.1662352999999999
0.31155 0.1667448999999999
0.3119 0.1669226
0.31225 0.1669226
0.3126 0.1668802
0.31295 0.1667671
0.3133 0.1666214
0.31365 0.1664547999999999
0.314 0.166269
0.31435 0.1660716
0.3147 0.1658593
0.31505 0.1656388
0.3154 0.1654081
0.31575 0.1651672
0.3161 0.164916
0.31645 0.164654
0.3168 0.1643808
0.31715 0.1640954
0.3175 0.1637963999999999
0.31785 0.163482
0.3182 0.163156
0.31855 0.1628025
0.3189 0.1624293
0.31925 0.1620124
0.3196 0.161553
0.31995 0.1610141
0.3203 0.1603342999999999
0.32065 0.1593638
0.321 0.1576652999999999
0.32135 0.1536344
0.3217 0.1518527999999999
0.32205 0.1518527999999999
0.3224 0.1559601
0.32275 0.1569017
0.3231 0.1569017
0.32345 0.1566753
0.3238 0.1562149
0.32415 0.1556618
0.3245 0.1550331
0.32485 0.1543207
0.3252 0.1535606
0.32555 0.1527356
0.3259 0.1518415
0.32625 0.1508719
0.3266 0.1498176
0.32695 0.1486973
0.3273 0.1474344
0.32765 0.1460355
0.328 0.1445166
0.32835 0.1427595
0.3287 0.1408099
0.32905 0.1385046
0.3294 0.1353769
0.32975 0.1308119999999999
0.3301 0.1254494
0.33045 0.1254494
0.3308 0.1307029
0.33115 0.1347524
0.3315 0.1373651
0.33185 0.1393083
0.3322 0.1409206
0.33255 0.1422659
0.3329 0.1434869999999999
0.33325 0.1445253
0.3336 0.1454836
0.33395 0.1463109
0.3343 0.1470864
0.33465 0.1477627
0.335 0.1483784
0.33535 0.1489397999999999
0.3357 0.149452
0.33605 0.1499381
0.3364 0.1503443
0.33675 0.1507312999999999
0.3371 0.1510822
0.33745 0.1513993
0.3378 0.1516848
0.33815 0.1519277999999999
0.3385 0.1521555
0.33885 0.152344
0.3392 0.1525156
0.33955 0.152649
0.3399 0.1527605
0.34025 0.1528302999999999
0.3406 0.1528465
0.34095 0.1528465
0.3413 0.1527717
0.34165 0.1526177
0.342 0.1523536
0.34235 0.1519299999999999
0.3427 0.1512648999999999
0.34305 0.1502177999999999
0.3434 0.1485989
0.34375 0.145846
0.3441 0.1411062
0.34445 0.1325972
0.3448 0.1325972
0.34515 0.1389305
0.3455 0.1441333
0.34585 0.1472898
0.3462 0.1491729
0.34655 0.150414
0.3469 0.1512748
0.34725 0.1518974
0.3476 0.152363
0.34795 0.1527202
0.3483 0.1530003
0.34865 0.1532236
0.349 0.1534039
0.34935 0.1535417999999999
0.3497 0.1536637
0.35005 0.1537646
0.3504 0.1538408999999999
0.35075 0.1539107
0.3511 0.1539621
0.35145 0.154004
0.3518 0.1540434
0.35215 0.1540696
0.3525 0.1540895
0.35285 0.1541037999999999
0.3532 0.154113
0.35355 0.1541178
0.3539 0.1541178
0.35425 0.1541154
0.3546 0.1541087
0.35495 0.1540989
0.3553 0.1540861
0.35565 0.1540652
0.356 0.1540388
0.35635 0.1540243999999999
0.3567 0.1540011
0.35705 0.1539439
0.3574 0.1539057
0.35775 0.1539057
0.3581 0.1538624
0.35845 0.1538352999999999
0.3588 0.1537938999999999
0.35915 0.153763
0.3595 0.1536323
0.35985 0.1536245
0.3602 0.1535523
0.36055 0.1535229
0.3609 0.1534843
0.36125 0.1534843
0.3616 0.1534322
0.36195 0.1533887
0.3623 0.1533108
0.36265 0.1532747
0.363 0.1532184
0.36335 0.1531558999999999
0.3637 0.1530964
0.36405 0.1530051
0.3644 0.1529711
0.36475 0.1529049
0.3651 0.1528372
0.36545 0.1527647999999999
0.3658 0.1526874
0.36615 0.1526217999999999
0.3665 0.1525533999999999
0.36685 0.152475
0.3672 0.1523974
0.36755 0.1523226
0.3679 0.1522392999999999
0.36825 0.1521587999999999
0.3686 0.1520592999999999
0.36895 0.1519952
0.3693 0.151901
0.36965 0.1518192
0.37 0.1517032999999999
0.37035 0.1516313
0.3707 0.1515146
0.37105 0.1514323
0.3714 0.1513537
0.37175 0.1512421
0.3721 0.1511277
0.37245 0.1510497
0.3728 0.1509213
0.37315 0.1508426
0.3735 0.1506842
0.37385 0.1506154999999999
0.3742 0.1504904
0.37455 0.1503573999999999
0.3749 0.1501638
0.37525 0.1501116
0.3756 0.1499578
0.37595 0.149919
0.3763 0.1496557
0.37665 0.1495128
0.377 0.1495128
0.37735 0.1493944999999999
0.3777 0.1492339
0.37805 0.149074
0.3784 0.1489743999999999
0.37875 0.1486253
0.3791 0.1485761
0.37945 0.1482683
0.3798 0.148175
0.38015 0.148175
0.3805 0.1479641
0.38085 0.1478774
0.3812 0.1477227
0.38155 0.1475443
0.3819 0.1472825
0.38225 0.1471093
0.3826 0.1469925
0.38295 0.1468257999999999
0.3833 0.1465641
0.38365 0.1464411
0.384 0.1462
0.38435 0.1460389
0.3847 0.1458169
0.38505 0.1456101
0.3854 0.1453827
0.38575 0.1451493999999999
0.3861 0.14492
0.38645 0.1446698
0.3868 0.1444198
0.38715 0.1441557
0.3875 0.1438813
0.38785 0.1436202
0.3882 0.1433597
0.38855 0.1430621
0.3889 0.1427219
0.38925 0.1423639
0.3896 0.1421357
0.38995 0.1417852
0.3903 0.1414614
0.39065 0.1411571
0.391 0.1407971
0.39135 0.1404475
0.3917 0.140031
0.39205 0.1396473
0.3924 0.1392773
0.39275 0.1388309999999999
0.3931 0.1384251
0.39345 0.1380072
0.3938 0.1375505
0.39415 0.1370225
0.3945 0.136596
0.39485 0.1360331
0.3952 0.1355755
0.39555 0.1350389
0.3959 0.1343822999999999
0.39625 0.1337891
0.3966 0.1332351
0.39695 0.1326627
0.3973 0.1319916
0.39765 0.1312889
0.398 0.1304856
0.39835 0.1298892
0.3987 0.1289236
0.39905 0.1281346
0.3994 0.1273761
0.39975 0.1263974
0.4001 0.1253497
0.40045 0.1241848
0.4008 0.1228558
0.40115 0.1208173
0.4015 0.1199277
0.40185 0.118147
0.4022 0.1159713
0.40255 0.1139367
0.4029 0.1113760999999999
0.40325 0.1085068
0.4036 0.1049975
0.40395 0.1010751999999999
0.4043 0.0911294
0.40465 0.0911294
0.405 0.0986598
0.40535 0.1032993999999999
0.4057 0.1064708999999999
0.40605 0.1091285
0.4064 0.1115287
0.40675 0.1134451
0.4071 0.1151510999999999
0.40745 0.1166529
0.4078 0.1179578
0.40815 0.1190853
0.4085 0.1190853
0.40885 0.1200666
0.4092 0.1217039999999999
0.40955 0.1224006
0.4099 0.1229946
0.41025 0.1235755
0.4106 0.1240599999999999
0.41095 0.124519
0.4113 0.1249242999999999
0.41165 0.1253548
0.412 0.125651
0.41235 0.1260521
0.4127 0.1263444
0.41305 0.1263444
0.4134 0.1266726
0.41375 0.1270521
0.4141 0.1274693
0.41445 0.127703
0.4148 0.1278476
0.41515 0.1280515
0.4155 0.1280515
0.41585 0.1270117999999999
0.4162 0.1270117999999999
0.41655 0.1287444999999999
0.4169 0.1289738
0.41725 0.1289779
0.4176 0.1291826
0.41795 0.129248
0.4183 0.1292618999999999
0.41865 0.1293757
0.419 0.1295963
0.41935 0.1296912
0.4197 0.1295963
0.42005 0.1291036
0.4204 0.1291036
0.42075 0.1298118
0.4211 0.1301098
0.42145 0.1298765
0.4218 0.1298765
0.42215 0.1298765
0.4225 0.129965
0.42285 0.130339
0.4232 0.130339
0.42355 0.1301552
0.4239 0.1301552
0.42425 0.1302651
0.4246 0.1304086
0.42495 0.1305184
0.4253 0.1306298
0.42565 0.1306298
0.426 0.130118
0.42635 0.130118
0.4267 0.1303948
0.42705 0.1306735
0.4274 0.1307574
0.42775 0.1307574
0.4281 0.1306985
0.42845 0.1304444
0.4288 0.1304198
0.42915 0.1294889
0.4295 0.1300974
0.42985 0.1300974
0.4302 0.1300974
0.43055 0.1303876
0.4309 0.1297168
0.43125 0.1300436
0.4316 0.1298538
0.43195 0.1300436
0.4323 0.1303703
0.43265 0.1303703
0.433 0.1302668
0.43335 0.1302658
0.4337 0.1300611
0.43405 0.1300423
0.4344 0.1300011
0.43475 0.1299907
0.4351 0.1299907
0.43545 0.1299419
0.4358 0.1297935
0.43615 0.1297582
0.4365 0.1295403
0.43685 0.1293568
0.4372 0.1294168999999999
0.43755 0.1293786
0.4379 0.1293786
0.43825 0.129317
0.4386 0.1293114
0.43895 0.1292044
0.4393 0.1291566
0.43965 0.1287346
0.44 0.1286096
0.44035 0.128123
0.4407 0.128077
0.44105 0.128077
0.4414 0.1280648999999999
0.44175 0.1278531
0.4421 0.1278531
0.44245 0.1278531
0.4428 0.1281455
0.44315 0.1280581999999999
0.4435 0.1280581999999999
0.44385 0.1270696
0.4442 0.1270696
0.44455 0.1276211
0.4449 0.1276211
0.44525 0.1268546
0.4456 0.1268546
0.44595 0.1270171
0.4463 0.1271119
0.44665 0.1271119
0.447 0.1270054
0.44735 0.1268455
0.4477 0.1268128999999999
0.44805 0.126808
0.4484 0.1261193
0.44875 0.1267028
0.4491 0.1264333999999999
0.44945 0.1264333999999999
0.4498 0.1262951
0.45015 0.1262366
0.4505 0.1261506
0.45085 0.1257392
0.4512 0.1255827
0.45155 0.1255061999999999
0.4519 0.125366
0.45225 0.1254022
0.4526 0.1253237
0.45295 0.1253237
0.4533 0.1251894
0.45365 0.1249760999999999
0.454 0.1249760999999999
0.45435 0.1245413
0.4547 0.1244958999999999
0.45505 0.1244958999999999
0.4554 0.1244518
0.45575 0.1239303999999999
0.4561 0.1234632
0.45645 0.1239303999999999
0.4568 0.1233142
0.45715 0.1235803
0.4575 0.123417
0.45785 0.123417
0.4582 0.1232055
0.45855 0.1231858
0.4589 0.123026
0.45925 0.1225769
0.4596 0.1222566
0.45995 0.122393
0.4603 0.122393
0.46065 0.122393
0.461 0.122321
0.46135 0.1222029999999999
0.4617 0.1220924
0.46205 0.1218645999999999
0.4624 0.1216835
0.46275 0.1216619999999999
0.4631 0.1215328
0.46345 0.1212345
0.4638 0.1210089999999999
0.46415 0.1209841
0.4645 0.120745
0.46485 0.1206861
0.4652 0.1200849
0.46555 0.1200849
0.4659 0.1199238
0.46625 0.1194057
0.4666 0.1192287
0.46695 0.1191996
0.4673 0.1190768
0.46765 0.1179896
0.468 0.1176871
0.46835 0.1176871
0.4687 0.116019
0.46905 0.1130428
0.4694 0.116019
0.46975 0.1173096
0.4701 0.1173096
0.47045 0.1173096
0.4708 0.1168836
0.47115 0.1166918999999999
0.4715 0.1161005
0.47185 0.1156734999999999
0.4722 0.1130359
0.47255 0.1133375
0.4729 0.1133375
0.47325 0.1152797
0.4736 0.1153856
0.47395 0.1152797
0.4743 0.1149708999999999
0.47465 0.1142466999999999
0.475 0.1148528
0.47535 0.1023023999999999
0.4757 0.1147108
0.47605 0.1132484
0.4764 0.1132484
0.47675 0.1132484
0.4771 0.1122431
0.47745 0.1134225
0.4778 0.1126438
0.47815 0.1128724
0.4785 0.1126673
0.47885 0.1126673
0.4792 0.1121678
0.47955 0.1119583
0.4799 0.1117382
0.48025 0.1114903
0.4806 0.111357
0.48095 0.1109683
0.4813 0.1108089999999999
0.48165 0.1100226
0.482 0.1097545
0.48235 0.109345
0.4827 0.109345
0.48305 0.1087226999999999
0.4834 0.1076976999999999
0.48375 0.1070245
0.4841 0.1070245
0.48445 0.1055868
0.4848 0.1032596
0.48515 0.1043831999999999
0.4855 0.1043831999999999
0.48585 0.1043831999999999
0.4862 0.1044755
0.48655 0.1044755
0.4869 0.1053446
0.48725 0.1053446
0.4876 0.1032275
0.48795 0.1014549
0.4883 0.1032275
0.48865 0.1045494999999999
0.489 0.1051846
0.48935 0.1045494999999999
0.4897 0.1046926
0.49005 0.1041426999999999
0.4904 0.1041426999999999
0.49075 0.1023312
0.4911 0.1023312
0.49145 0.1023312
0.4918 0.1030041
0.49215 0.1021388
0.4925 0.1019812
0.49285 0.0991013999999999
0.4932 0.0991013999999999
0.49355 0.0999311
0.4939 0.0999311
0.49425 0.0999311
0.4946 0.0994885
0.49495 0.1000582
0.4953 0.0993862
0.49565 0.0996098999999999
0.496 0.0993862
0.49635 0.0993485
0.4967 0.0991886
0.49705 0.0989554
0.4974 0.0984282
0.49775 0.0976128999999999
0.4981 0.0972268999999999
0.49845 0.0965251999999999
0.4988 0.0965251999999999
0.49915 0.0968617
0.4995 0.0968617
0.49985 0.0962586
0.50055 0.0919919
0.5009 0.0919919
0.50125 0.094459
0.5016 0.094459
0.50195 0.0941217
0.5023 0.0937287
0.50265 0.0918763
0.503 0.0769786
0.50335 0.0814416999999999
0.5037 0.0814416999999999
0.50405 0.0836833999999999
0.5044 0.0902337
0.50475 0.0902337
0.5051 0.0911136999999999
0.50545 0.0911136999999999
0.5058 0.0910526
0.50615 0.0902023
0.5065 0.0890591
0.50685 0.0859157
0.5072 0.0859157
0.50755 0.0866519999999999
0.5079 0.0866519999999999
0.50825 0.0866519999999999
0.5086 0.0872371
0.50895 0.0872371
0.5093 0.0868302
0.50965 0.0864925
0.51 0.0864803
0.51035 0.0864925
0.5107 0.0864803
0.51105 0.0864321
0.5114 0.0863605
0.51175 0.0862748999999999
0.5121 0.0862748999999999
0.51245 0.0872297
0.5128 0.0872297
0.51315 0.0854258
0.5135 0.0854258
0.51385 0.0854905
0.5142 0.0854905
0.51455 0.0852648
0.5149 0.0841132
0.51525 0.0852648
0.5156 0.0855808
0.51595 0.0855808
0.5163 0.0849418
0.51665 0.0848835
0.517 0.0848835
0.51735 0.0843896
0.5177 0.0843696
0.51805 0.084022
0.5184 0.0839638
0.51875 0.0839395
0.5191 0.0838309
0.51945 0.0831725
0.5198 0.0831725
0.52015 0.0831568
0.5205 0.0829183
0.52085 0.0828303
0.5212 0.0825081
0.52155 0.0824335
0.5219 0.0819391999999999
0.52225 0.0817758999999999
0.5226 0.0815311
0.52295 0.0814952
0.5233 0.0768906
0.52365 0.0768906
0.524 0.075923
0.52435 0.0802029
0.5247 0.0802029
0.52505 0.0802029
0.5254 0.0797428999999999
0.52575 0.0794756
0.5261 0.0790213
0.52645 0.0789668
0.5268 0.0785526999999999
0.52715 0.0777705
0.5275 0.0776243
0.52785 0.0776243
0.5282 0.0776481
0.52855 0.0776481
0.5289 0.0767061
0.52925 0.076523
0.5296 0.0751544
0.52995 0.0761741
0.5303 0.0751544
0.53065 0.0749613
0.531 0.0749613
0.53135 0.0751201
0.5317 0.0751201
0.53205 0.0732635
0.5324 0.0731372
0.53275 0.0732635
0.5331 0.0731576
0.53345 0.0732982
0.5338 0.0731576
0.53415 0.0731023999999999
0.5345 0.0728383
0.53485 0.0721571
0.5352 0.0716203
0.53555 0.0714924
0.5359 0.0708672
0.53625 0.0708672
0.5366 0.0705382
0.53695 0.0697928999999999
0.5373 0.0697928999999999
0.53765 0.0693
0.538 0.0690243
0.53835 0.0685248999999999
0.5387 0.0675941
0.53905 0.0671173
0.5394 0.0668518999999999
0.53975 0.0660887
0.5401 0.0660887
0.54045 0.064327
0.5408 0.0631065
0.54115 0.0631065
0.5415 0.0621995
0.54185 0.0613697
0.5422 0.0613677
0.54255 0.061008
0.5429 0.0598979
0.54325 0.0598979
0.5436 0.0598839
0.54395 0.0597067
0.5443 0.0597067
0.54465 0.0602398
0.545 0.0602504
0.54535 0.0619589
0.5457 0.0615781
0.54605 0.0615781
0.5464 0.0597937
0.54675 0.0597937
0.5471 0.0597937
0.54745 0.059397
0.5478 0.059397
0.54815 0.0598318
0.5485 0.0604196
0.54885 0.0604196
0.5492 0.0600461
0.54955 0.0587783
0.5499 0.0575269
0.55025 0.0583895
0.5506 0.0583746999999999
0.55095 0.0583746999999999
0.5513 0.0581447
0.55165 0.0575798
0.552 0.0571954
0.55235 0.0570523
0.5527 0.0568078
0.55305 0.0567053
0.5534 0.0562411999999999
0.55375 0.0562411999999999
0.5541 0.0557627
0.55445 0.0548981
0.5548 0.0548981
0.55515 0.0548981
0.5555 0.0540222
0.55585 0.0546574
0.5562 0.0541499
0.55655 0.0541499
0.5569 0.0523490999999999
0.55725 0.0523490999999999
0.5576 0.0528047
0.55795 0.0529505
0.5583 0.0528047
0.55865 0.0525619
0.559 0.0524255
0.55935 0.0522879
0.5597 0.0520428999999999
0.56005 0.0517925999999999
0.5604 0.0514058
0.56075 0.0513336999999999
0.5611 0.0509408
0.56145 0.0507755
0.5618 0.0503827
0.56215 0.0502328
0.5625 0.0498966999999999
0.56285 0.0497021
0.5632 0.0496439
0.56355 0.0493464999999999
0.5639 0.0490616999999999
0.56425 0.0486051
0.5646 0.0483234
0.56495 0.0483234
0.5653 0.0478043
0.56565 0.047741
0.566 0.0477261999999999
0.56635 0.0467216
0.5667 0.0465449
0.56705 0.0463526
0.5674 0.0463526
0.56775 0.0463526
0.5681 0.0421809
0.56845 0.0421809
0.5688 0.0437399
0.56915 0.0443064
0.5695 0.0437399
0.56985 0.0359924
0.5702 0.0359924
0.57055 0.0424971
0.5709 0.0427412
0.57125 0.0427412
0.5716 0.0438444
0.57195 0.0438444
0.5723 0.0433681
0.57265 0.0431798
0.573 0.0426490999999999
0.57335 0.0415190999999999
0.5737 0.0425582
0.57405 0.0415190999999999
0.5744 0.0407719
0.57475 0.0407719
0.5751 0.0385205999999999
0.57545 0.0399936999999999
0.5758 0.0399936999999999
0.57615 0.0399936999999999
0.5765 0.040543
0.57685 0.0383748
0.5772 0.0399309
0.57755 0.0399309
0.5779 0.0399309
0.57825 0.0398498
0.5786 0.0388206
0.57895 0.0389832
0.5793 0.0388744
0.57965 0.0388744
0.58 0.0383638
0.58035 0.0382919
0.5807 0.0367226
0.58105 0.0367226
0.5814 0.0374349
0.58175 0.0374349
0.5821 0.0371958
0.58245 0.0368615
0.5828 0.0362403
0.58315 0.0355426999999999
0.5835 0.035288
0.58385 0.0353524999999999
0.5842 0.0352858
0.58455 0.0352858
0.5849 0.0347680999999999
0.58525 0.0347332
0.5856 0.0347332
0.58595 0.034408
0.5863 0.0341216
0.58665 0.0339259
0.587 0.0335776
0.58735 0.0326010999999999
0.5877 0.0315379
0.58805 0.0278791
0.5884 0.0278791
0.58875 0.0245595999999999
0.5891 0.0245595999999999
0.58945 0.0245595999999999
0.5898 0.0192229
0.59015 0.0192229
0.5905 0.0305190999999999
0.59085 0.0305190999999999
0.5912 0.0292903
0.59155 0.0292903
0.5919 0.0319427
0.59225 0.0319427
0.5926 0.0319510999999999
0.59295 0.032687
0.5933 0.032687
0.59365 0.0324893
0.594 0.0260839
0.59435 0.0254722
0.5947 0.0254722
0.59505 0.0317265999999999
0.5954 0.0317265999999999
0.59575 0.0299514
0.5961 0.0299514
0.59645 0.0324752
0.5968 0.0331156
0.59715 0.0331156
0.5975 0.0331156
0.59785 0.0326322
0.5982 0.0326322
0.59855 0.0306178
0.5989 0.0327553
0.59925 0.0306178
0.5996 0.0327553
0.59995 0.0330055999999999
0.6003 0.0330055999999999
0.60065 0.0204958
0.601 0.0204958
0.60135 0.0333831
0.6017 0.0348215
0.60205 0.0348215
0.6024 0.0350255
0.60275 0.0350255
0.6031 0.0350255
0.60345 0.035337
0.6038 0.035337
0.60415 0.0350647
0.6045 0.0350647
0.60485 0.0306700999999999
0.6052 0.0366977
0.60555 0.0361653
0.6059 0.0364691
0.60625 0.0361653
0.6066 0.0344806
0.60695 0.0344806
0.6073 0.0350998
0.60765 0.0369964
0.608 0.0356883
0.60835 0.0357543
0.6087 0.0356883
0.60905 0.0352745
0.6094 0.0348259999999999
0.60975 0.0348259999999999
0.6101 0.0363695999999999
0.61045 0.0363695999999999
0.6108 0.036367
0.61115 0.0354014
0.6115 0.0360038
0.61185 0.035708
0.6122 0.035708
0.61255 0.0349625
0.6129 0.0345869
0.61325 0.0345869
0.6136 0.0343723
0.61395 0.0341778
0.6143 0.0341374
0.61465 0.0327789
0.615 0.0324993
0.61535 0.0324993
0.6157 0.0332679
0.61605 0.0332679
0.6164 0.0329118
0.61675 0.032693
0.6171 0.032693
0.61745 0.0322816
0.6178 0.0309339
0.61815 0.0306912
0.6185 0.0303579
0.61885 0.0298096
0.6192 0.0296445999999999
0.61955 0.0296445999999999
0.6199 0.0296445999999999
0.62025 0.0314022999999999
0.6206 0.0314022999999999
0.62095 0.0320425
0.6213 0.0320142999999999
0.62165 0.0321298
0.622 0.0321298
0.62235 0.032811
0.6227 0.0333509
0.62305 0.0337043
0.6234 0.0340325999999999
0.62375 0.0342999
0.6241 0.035236
0.62445 0.035236
0.6248 0.0356063
0.62515 0.0362147
0.6255 0.0362147
0.62585 0.036357
0.6262 0.0368212
0.62655 0.0368212
0.6269 0.0368212
0.62725 0.0371586
0.6276 0.0371586
0.62795 0.0372823
0.6283 0.0369163
0.62865 0.0374044
0.629 0.0374423
0.62935 0.0374797
0.6297 0.0375318
0.63005 0.0376031999999999
0.6304 0.0376031999999999
0.63075 0.0373984
0.6311 0.036748
0.63145 0.0346366
0.6318 0.0344295
0.63215 0.0344295
0.6325 0.0367161
0.63285 0.0370517
0.6332 0.0370517
0.63355 0.036724
0.6339 0.0361601999999999
0.63425 0.0361601999999999
0.6346 0.0361601999999999
0.63495 0.0371899
0.6353 0.0371899
0.63565 0.0371899
0.636 0.0370785
0.63635 0.0370785
0.6367 0.0368913
0.63705 0.0368913
0.6374 0.0368913
0.63775 0.0336713
0.6381 0.0336713
0.63845 0.0336713
0.6388 0.0329695
0.63915 0.0357714
0.6395 0.035827
0.63985 0.0358998
0.6402 0.0373609
0.64055 0.0373609
0.6409 0.036932
0.64125 0.0367578
0.6416 0.0352245
0.64195 0.0356262
0.6423 0.0356262
0.64265 0.0367037
0.643 0.0367037
0.64335 0.0367037
0.6437 0.0333787
0.64405 0.0318349
0.6444 0.0318349
0.64475 0.0348640999999999
0.6451 0.0348640999999999
0.64545 0.0349332
0.6458 0.0201412
0.64615 0.0104524
0.6465 0.0104524
0.64685 0.0283482
0.6472 0.0306521999999999
0.64755 0.0306521999999999
0.6479 0.0278903
0.64825 0.0278903
0.6486 0.0195619
0.64895 0.0302846999999999
0.6493 0.0325286
0.64965 0.0360638
0.65 0.0360638
0.65035 0.0361366
0.6507 0.0323880999999999
0.65105 0.0273769
0.6514 0.0273769
0.65175 0.0273769
0.6521 0.0292528
0.65245 0.0338068
0.6528 0.0338068
0.65315 0.0338068
0.6535 0.027294
0.65385 0.0348874
0.6542 0.027294
0.65455 0.0339982
0.6549 0.0339982
0.65525 0.0339982
0.6556 0.0282069
0.65595 0.0245527
0.6563 0.0245527
0.65665 0.0316098999999999
0.657 0.0316098999999999
0.65735 0.0262197
0.6577 0.0262197
0.65805 0.032797
0.6584 0.032797
0.65875 0.0341446
0.6591 0.0341792
0.65945 0.0341792
0.6598 0.0301452999999999
0.66015 0.0301452999999999
0.6605 0.0338848999999999
0.66085 0.0338848999999999
0.6612 0.0300947999999999
0.66155 0.0300947999999999
0.6619 0.0327899
0.66225 0.0327899
0.6626 0.0339041
0.66295 0.0327757
0.6633 0.0326874
0.66365 0.0326874
0.664 0.0328844
0.66435 0.0336105
0.6647 0.0336105
0.66505 0.0340819
0.6654 0.0312924
0.66575 0.0333429
0.6661 0.0312924
0.66645 0.0326338
0.6668 0.0326338
0.66715 0.0330265
0.6675 0.0330265
0.66785 0.0336304
0.6682 0.0319661
0.66855 0.029893
0.6689 0.029893
0.66925 0.032604
0.6696 0.032904
0.66995 0.032604
0.6703 0.0333404
0.67065 0.0336579
0.671 0.0336579
0.67135 0.0340169
0.6717 0.0340169
0.67205 0.0341663
0.6724 0.0341663
0.67275 0.0340524
0.6731 0.0340524
0.67345 0.0343754
0.6738 0.0346273
0.67415 0.0346273
0.6745 0.0346273
0.67485 0.0347455999999999
0.6752 0.0347455999999999
0.67555 0.0347455999999999
0.6759 0.0346736
0.67625 0.0345268
0.6766 0.0346736
0.67695 0.0345268
0.6773 0.0345325
0.67765 0.0345325
0.678 0.0345325
0.67835 0.0346176999999999
0.6787 0.0333734
0.67905 0.0333734
0.6794 0.0333734
0.67975 0.0337434
0.6801 0.0337511
0.68045 0.0337434
0.6808 0.0314059
0.68115 0.0314059
0.6815 0.0315207999999999
0.68185 0.0317463
0.6822 0.0317463
0.68255 0.0317463
0.6829 0.032298
0.68325 0.0315861
0.6836 0.031629
0.68395 0.0315861
0.6843 0.0307699
0.68465 0.0307699
0.685 0.0310795
0.68535 0.0311782
0.6857 0.0315615
0.68605 0.0315615
0.6864 0.0311141999999999
0.68675 0.0293335
0.6871 0.0293335
0.68745 0.0301437
0.6878 0.0306010999999999
0.68815 0.0301437
0.6885 0.0305983
0.68885 0.0297047
0.6892 0.0305983
0.68955 0.023502
0.6899 0.0300069
0.69025 0.0294714
0.6906 0.0300069
0.69095 0.0294714
0.6913 0.0255485
0.69165 0.0249965
0.692 0.014953
0.69235 0.014953
0.6927 0.0189609
0.69305 0.0189609
0.6934 0.0177089
0.69375 0.017563
0.6941 0.0177089
0.69445 0.019038
0.6948 0.0253585
0.69515 0.0253585
0.6955 0.0213092
0.69585 0.0213092
0.6962 0.0221622
0.69655 0.0234257
0.6969 0.0234162
0.69725 0.0234518
0.6976 0.0234162
0.69795 0.0247130999999999
0.6983 0.0247130999999999
0.69865 0.0255308
0.699 0.0255308
0.69935 0.0253146
0.6997 0.0249872
0.70005 0.0169666
0.7004 0.0162697999999999
0.70075 0.0158017
0.7011 0.0162697999999999
0.70145 0.0134281
0.7018 0.0182372
0.70215 0.0182372
0.7025 0.0182372
0.70285 0.0140245
0.7032 0.0140245
0.70355 0.0194384
0.7039 0.0200715
0.70425 0.0194384
0.7046 0.0190005999999999
0.70495 0.017615
0.7053 0.0190005999999999
0.70565 0.0211322999999999
0.706 0.0211322999999999
0.70635 0.0152863
0.7067 0.0152863
0.70705 0.0152863
0.7074 0.0172936
0.70775 0.0144196
0.7081 0.0172936
0.70845 0.0144196
0.7088 0.0116869
0.70915 0.0095079
0.7095 0.0095079
0.70985 0.0186345
0.7102 0.0205202
0.71055 0.0205202
0.7109 0.0089827
0.71125 0.0089827
0.7116 0.0135135999999999
0.71195 0.0193427
0.7123 0.0193427
0.71265 0.0152541
0.713 0.0152541
0.71335 0.0148383999999999
0.7137 0.0168305
0.71405 0.0148383999999999
0.7144 0.0129734
0.71475 0.0129734
0.7151 0.0119134
0.71545 0.0116787
0.7158 0.0116787
0.71615 0.0116787
0.7165 0.0035042
0.71685 0.0035042
0.7172 0.0050192
0.71755 0.0050192
0.7179 0.0050192
0.71825 0.0108572
0.7186 0.0108572
0.71895 0.0027803
0.7193 0.0024799
0.71965 0.0027803
0.72 0.0036801
0.72035 0.0064959999999999
0.7207 0.0086477999999999
0.72105 0.0086477999999999
0.7214 0.0097518999999999
0.72175 0.0043138
0.7221 0.0111715
0.72245 0.0089091
0.7228 0.0089091
0.72315 0.0042488
0.7235 0.0030838
0.72385 0.0030838
0.7242 0.0030838
0.72455 0.0050002
0.7249 0.0050002
0.72525 0.0050002
0.7256 0.0045386
0.72595 0.003454
0.7263 0.0025218
0.72665 0.003454
0.727 0.0017262999999999
0.72735 0.0062086
0.7277 0.0053202
0.72805 0.0062086
0.7284 0.0073963
0.72875 0.0082554
0.7291 0.0082554
0.72945 0.006326
0.7298 0.0052647
0.73015 0.0059159
0.7305 0.0059159
0.73085 0.0059159
0.7312 0.0077006
0.73155 0.0051299
0.7319 0.0077006
0.73225 0.0054946
0.7326 0.0054946
0.73295 0.0039694
0.7333 0.0039694
0.73365 0.0114068
0.734 0.0114068
0.73435 0.0087023
0.7347 0.0087023
0.73505 0.0124228
0.7354 0.0124228
0.73575 0.0085012
0.7361 0.0085012
0.73645 0.0093709
0.7368 0.0093709
0.73715 0.0093709
0.7375 0.0067402
0.73785 0.0156777
0.7382 0.0117047
0.73855 0.0117047
0.7389 0.0079936
0.73925 0.0079936
0.7396 0.0082043999999999
0.73995 0.0082043999999999
0.7403 0.0082043999999999
0.74065 0.0153323999999999
0.741 0.0153323999999999
0.74135 0.0152182999999999
0.7417 0.0152182999999999
0.74205 0.0153571
0.7424 0.0153571
0.74275 0.0153571
0.7431 0.0162048
0.74345 0.0162048
0.7438 0.0161574
0.74415 0.0148498
0.7445 0.0148498
0.74485 0.0182564
0.7452 0.0182564
0.74555 0.0167216
0.7459 0.0116431
0.74625 0.0153864
0.7466 0.0153864
0.74695 0.0153864
0.7473 0.0181755
0.74765 0.0177294
0.748 0.0177294
0.74835 0.0177294
0.7487 0.0173278
0.74905 0.0154012
0.7494 0.0154012
0.74975 0.0167955
0.7501 0.0179887
0.75045 0.0167955
0.7508 0.0182810999999999
0.75115 0.0162667
0.7515 0.0162667
0.75185 0.0162667
0.7522 0.0148273
0.75255 0.0160771
0.7529 0.0160771
0.75325 0.0166264
0.7536 0.0167738
0.75395 0.0176617
0.7543 0.0167738
0.75465 0.0173282999999999
0.755 0.0166254999999999
0.75535 0.016796
0.7557 0.016796
0.75605 0.016796
0.7564 0.016791
0.75675 0.016791
0.7571 0.014447
0.75745 0.0155542
0.7578 0.0155542
0.75815 0.0157631
0.7585 0.0160062999999999
0.75885 0.0160062999999999
0.7592 0.015766
0.75955 0.015638
0.7599 0.0153979999999999
0.76025 0.0153979999999999
0.7606 0.0145743
0.76095 0.0145743
0.7613 0.0148816
0.76165 0.0148816
0.762 0.0146742
0.76235 0.0144735
0.7627 0.0142435
0.76305 0.0142199999999999
0.7634 0.0140418999999999
0.76375 0.0138691
0.7641 0.0138691
0.76445 0.0135918999999999
0.7648 0.0135595
0.76515 0.0134576
0.7655 0.0134576
0.76585 0.0127738
0.7662 0.0125505
0.76655 0.0125505
0.7669 0.0127391
0.76725 0.0132057999999999
0.7676 0.0132057999999999
0.76795 0.0132057999999999
0.7683 0.0133092
0.76865 0.0131887
0.769 0.013143
0.76935 0.0128236999999999
0.7697 0.0126525
0.77005 0.0128236999999999
0.7704 0.0130712
0.77075 0.0131688999999999
0.7711 0.0131688999999999
0.77145 0.0132592999999999
0.7718 0.0133391999999999
0.77215 0.0133531
0.7725 0.0133391999999999
0.77285 0.0132878999999999
0.7732 0.0132077
0.77355 0.0132077
0.7739 0.0132798
0.77425 0.0135164999999999
0.7746 0.0136676
0.77495 0.0136822999999999
0.7753 0.0137232
0.77565 0.0137232
0.776 0.0136742
0.77635 0.0136742
0.7767 0.0136312999999999
0.77705 0.0137259999999999
0.7774 0.0135832
0.77775 0.0137259999999999
0.7781 0.0132072
0.77845 0.0132072
0.7788 0.0129625
0.77915 0.0129625
0.7795 0.0125659
0.77985 0.0131224
0.7802 0.0142097
0.78055 0.0142097
0.7809 0.0142097
0.78125 0.0132374
0.7816 0.0132374
0.78195 0.0132374
0.7823 0.0120895
0.78265 0.0121888999999999
0.783 0.0118752999999999
0.78335 0.0118752999999999
0.7837 0.0118752999999999
0.78405 0.0113991
0.7844 0.0107632
0.78475 0.0107632
0.7851 0.0126243
0.78545 0.0126243
0.7858 0.0092564999999999
0.78615 0.0092564999999999
0.7865 0.008786
0.78685 0.009563
0.7872 0.0105146
0.78755 0.0109757
0.7879 0.012664
0.78825 0.0118813999999999
0.7886 0.0125946
0.78895 0.012468
0.7893 0.0125946
0.78965 0.0127325
0.79 0.0130132
0.79035 0.0130132
0.7907 0.0127511
0.79105 0.0126105
0.7914 0.0122768
0.79175 0.0117006
0.7921 0.0117006
0.79245 0.0125652
0.7928 0.0125652
0.79315 0.0119587999999999
0.7935 0.0119587999999999
0.79385 0.0122239999999999
0.7942 0.0122239999999999
0.79455 0.011681
0.7949 0.0097472
0.79525 0.0071823999999999
0.7956 0.0096507
0.79595 0.0060224
0.7963 0.0060224
0.79665 0.0060224
0.797 0.0089978
0.79735 0.0089978
0.7977 0.0103041
0.79805 0.0103041
0.7984 0.0103041
0.79875 0.0106881
0.7991 0.0113648
0.79945 0.0113648
0.7998 0.0113648
0.80015 0.0118459999999999
0.8005 0.0118459999999999
0.80085 0.0116327
0.8012 0.011156
0.80155 0.010534
0.8019 0.0084955
0.80225 0.0077331
0.8026 0.0077331
0.80295 0.0105262999999999
0.8033 0.0105262999999999
0.80365 0.012263
0.804 0.0104815
0.80435 0.0114457
0.8047 0.0114457
0.80505 0.0122327
0.8054 0.0127724999999999
0.80575 0.0127724999999999
0.8061 0.0049651
0.80645 0.0049651
0.8068 0.0059345
0.80715 0.0084981
0.8075 0.0084981
0.80785 0.0073682
0.8082 0.0073682
0.80855 0.0117215
0.8089 0.0117215
0.80925 0.0043967
0.8096 0.0043967
0.80995 0.0050975
0.8103 0.0092202999999999
0.81065 0.0092202999999999
0.811 0.008449
0.81135 0.0080461
0.8117 0.0080461
0.81205 0.0073246
0.8124 0.006238
0.81275 0.0073246
0.8131 0.0044098
0.81345 0.0067306
0.8138 0.0067306
0.81415 0.0067306
0.8145 0.0037936
0.81485 0.0017434999999999
0.8152 0.0017434999999999
0.81555 0.0084472
0.8159 0.0090062
0.81625 0.0090062
0.8166 0.0082665
0.81695 0.0082665
0.8173 0.0093316
0.81765 0.0093316
0.818 0.0087045
0.81835 0.0087045
0.8187 0.0087045
0.81905 0.0121061
0.8194 0.0094416
0.81975 0.0094416
0.8201 0.0094416
0.82045 0.0076579
0.8208 0.0087651
0.82115 0.0087651
0.8215 0.0108846
0.82185 0.0116325
0.8222 0.0117895
0.82255 0.0116325
0.8229 0.0047948
0.82325 0.0018852
0.8236 0.0018852
0.82395 0.0018852
0.8243 0.0102245
0.82465 0.0102245
0.825 0.0083015
0.82535 0.0083015
0.8257 0.010121
0.82605 0.010121
0.8264 0.0089959999999999
0.82675 0.0089959999999999
0.8271 0.0089959999999999
0.82745 0.0085355
0.8278 0.005091
0.82815 0.0085355
0.8285 0.0086044
0.82885 0.0086044
0.8292 0.0086044
0.82955 0.0103459
0.8299 0.0103459
0.83025 0.0038069
0.8306 0.0038069
0.83095 0.0057716
0.8313 0.0101479
0.83165 0.0057716
0.832 0.0055691
0.83235 0.0055691
0.8327 0.0055969999999999
0.83305 0.0085991
0.8334 0.0079058
0.83375 0.0079058
0.8341 0.0019875
0.83445 0.0019875
0.8348 0.0019875
0.83515 0.0094892999999999
0.8355 0.0079379999999999
0.83585 0.0079379999999999
0.8362 0.0061598999999999
0.83655 0.0059648999999999
0.8369 0.0059648999999999
0.83725 0.0038451
0.8376 0.0027472
0.83795 0.0027472
0.8383 0.0056329
0.83865 0.0076853
0.839 0.0086412
0.83935 0.0086412
0.8397 0.0083679
0.84005 0.0069048
0.8404 0.0060106
0.84075 0.0060106
0.8411 0.0085005
0.84145 0.0085005
0.8418 0.0069953
0.84215 0.0069953
0.8425 0.0093596
0.84285 0.0111607999999999
0.8432 0.0111607999999999
0.84355 0.0111607999999999
0.8439 0.0100281
0.84425 0.0097343
0.8446 0.0097343
0.84495 0.0098726
0.8453 0.0098726
0.84565 0.0098726
0.846 0.0113367
0.84635 0.0113367
0.8467 0.0113367
0.84705 0.0126882
0.8474 0.0126882
0.84775 0.0073775
0.8481 0.0073775
0.84845 0.0099662
0.8488 0.0113052999999999
0.84915 0.0113052999999999
0.8495 0.0113052999999999
0.84985 0.0119519999999999
0.8502 0.0105231
0.85055 0.0105231
0.8509 0.0105231
0.85125 0.0101305
0.8516 0.0115012999999999
0.85195 0.0138322999999999
0.8523 0.0138322999999999
0.85265 0.0101114999999999
0.853 0.0101114999999999
0.85335 0.011548
0.8537 0.011548
0.85405 0.010409
0.8544 0.0099541
0.85475 0.0099541
0.8551 0.0101586
0.85545 0.0101586
0.8558 0.0101586
0.85615 0.0097979
0.8565 0.0103883
0.85685 0.0090717
0.8572 0.0090717
0.85755 0.0076548
0.8579 0.007559
0.85825 0.0075165
0.8586 0.007559
0.85895 0.0075165
0.8593 0.006894
0.85965 0.0061547
0.86 0.0060511
0.86035 0.0051936
0.8607 0.0051936
0.86105 0.0045656
0.8614 0.0044957
0.86175 0.0042981
0.8621 0.0038738
0.86245 0.0038738
0.8628 0.0036847
0.86315 0.0039534
0.8635 0.003904
0.86385 0.003904
0.8642 0.003658
0.86455 0.0035966
0.8649 0.0035966
0.86525 0.0038915
0.8656 0.0043104
0.86595 0.0046022
0.8663 0.0047614
0.86665 0.0047614
0.867 0.0039844
0.86735 0.0039844
0.8677 0.0040698
0.86805 0.0049752
0.8684 0.0071621
0.86875 0.006643
0.8691 0.0068939
0.86945 0.0068939
0.8698 0.0072908
0.87015 0.0072908
0.8705 0.0064637
0.87085 0.0064637
0.8712 0.0070003999999999
0.87155 0.0070979
0.8719 0.0075959999999999
0.87225 0.0075959999999999
0.8726 0.0072856
0.87295 0.0060333999999999
0.8733 0.0072856
0.87365 0.0083002
0.874 0.0091787
0.87435 0.0083002
0.8747 0.0087006
0.87505 0.0081269
0.8754 0.0087006
0.87575 0.0070346
0.8761 0.0094413
0.87645 0.0075602
0.8768 0.0075602
0.87715 0.0066795
0.8775 0.0057046
0.87785 0.0057046
0.8782 0.0055999
0.87855 0.0055999
0.8789 0.0065321
0.87925 0.0065321
0.8796 0.0026117
0.87995 0.0026016
0.8803 0.0025759
0.88065 0.0025215
0.881 0.0018602999999999
0.88135 0.0017291
0.8817 0.0012385
0.88205 0.0008638999999999
0.8824 0.0005379
0.88275 0.0005379
0.8831 0.0005379
0.88345 0.000535
0.8838 0.0005271
0.88415 0.000535
0.8845 0.000654
0.88485 0.0007693
0.8852 0.0008857999999999
0.88555 0.0008857999999999
0.8859 0.0008051
0.88625 0.0006273
0.8866 0.0003613
0.88695 0.0003151
0.8873 0.0003151
0.88765 0.0003151
0.888 0.0003424
0.88835 0.0003904
0.8887 0.0004787
0.88905 0.0003904
0.8894 0.0005128999999999
0.88975 0.0005413999999999
0.8901 0.0006062999999999
0.89045 0.0005633999999999
0.8908 0.0005633999999999
0.89115 0.0005471
0.8915 0.0005471
0.89185 0.0004937
0.8922 0.0005615
0.89255 0.0005615
0.8929 0.0005795
0.89325 0.0005795
0.8936 0.0005664
0.89395 0.0005283999999999
0.8943 0.0005093
0.89465 0.0005093
0.895 0.0005093
0.89535 0.0004900999999999
0.8957 0.0004900999999999
0.89605 0.0005382999999999
0.8964 0.0005821
0.89675 0.0007275
0.8971 0.0007275
0.89745 0.0007195
0.8978 0.0007195
0.89815 0.0008669
0.8985 0.0008669
0.89885 0.0007275
0.8992 0.0002773999999999
0.89955 0.0002773999999999
0.8999 0.0001810999999999
0.90025 0.0001810999999999
0.9006 0.0001810999999999
0.90095 0.0006178
0.9013 0.0010171
0.90165 0.0016285
0.902 0.0016285
0.90235 0.0015157
0.9027 0.0015157
0.90305 0.0014573
0.9034 0.0018196999999999
0.90375 0.0018196999999999
0.9041 0.0022429999999999
0.90445 0.0027973
0.9048 0.0034856
0.90515 0.0034856
0.9055 0.0031804
0.90585 0.0031804
0.9062 0.0030336
0.90655 0.0032825
0.9069 0.0030336
0.90725 0.0032825
0.9076 0.0033799
0.90795 0.0033799
0.9083 0.0032954
0.90865 0.0020901
0.909 0.0032954
0.90935 0.0020901
0.9097 0.0019617
0.91005 0.0013105
0.9104 0.0015878
0.91075 0.0015878
0.9111 0.0016975999999999
0.91145 0.0019806
0.9118 0.0016975999999999
0.91215 0.0019806
0.9125 0.0030835
0.91285 0.0030835
0.9132 0.0030835
0.91355 0.0024027
0.9139 0.0038042
0.91425 0.0008875
0.9146 0.0036335
0.91495 0.0014833
0.9153 0.0018795
0.91565 0.0018795
0.916 0.0018795
0.91635 0.0024056
0.9167 0.0011322
0.91705 0.0009205999999999
0.9174 0.0007626
0.91775 0.0007626
0.9181 0.0006362999999999
0.91845 0.0006362999999999
0.9188 0.0017170999999999
0.91915 0.0017170999999999
0.9195 0.0005119
0.91985 0.0005119
0.9202 0.0039714
0.92055 0.0047922
0.9209 0.0039714
0.92125 0.0026728
0.9216 0.0014035999999999
0.92195 0.0026728
0.9223 0.0029140999999999
0.92265 0.0031605
0.923 0.0031605
0.92335 0.0019425999999999
0.9237 0.0013579
0.92405 0.0019425999999999
0.9244 0.0013486
0.92475 0.0038805999999999
0.9251 0.0038805999999999
0.92545 0.0038805999999999
0.9258 0.0036438
0.92615 0.0021167
0.9265 0.00197
0.92685 0.00197
0.9272 0.0013817999999999
0.92755 0.0013817999999999
0.9279 0.0007268
0.92825 0.0016373
0.9286 0.0013334
0.92895 0.0022358
0.9293 0.0016425
0.92965 0.0016425
0.93 0.0004212
0.93035 0.0004212
0.9307 0.0002645
0.93105 0.0007578
0.9314 0.0005422999999999
0.93175 0.0007578
0.9321 0.0009925
0.93245 0.0009925
0.9328 0.0011978
0.93315 0.0012783
0.9335 0.0012783
0.93385 0.0004465
0.9342 0.0003559
0.93455 0.0002292
0.9349 0.0003559
0.93525 0.0002292
0.9356 0.0004601
0.93595 0.0007487
0.9363 0.0009057
0.93665 0.0007487
0.937 0.0006724
0.93735 0.0006724
0.9377 0.0003943
0.93805 0.0003943
0.9384 0.0003943
0.93875 0.0009536
0.9391 0.0009536
0.93945 0.0010324
0.9398 0.0006821
0.94015 0.0011923
0.9405 0.0004418
0.94085 0.0012384
0.9412 0.0016522
0.94155 0.0016522
0.9419 0.0014547
0.94225 0.0012605
0.9426 0.0012605
0.94295 0.0003165
0.9433 0.0003165
0.94365 0.0004611
0.944 0.0004611
0.94435 0.0001519
0.9447 0.0001519
0.94505 0.0010433
0.9454 0.0010433
0.94575 0.0010433
0.9461 0.0006014999999999
0.94645 0.0006014999999999
0.9468 0.0006014999999999
0.94715 0.0007701
0.9475 0.0007701
0.94785 0.0009259
0.9482 0.0012580999999999
0.94855 0.0014369
0.9489 0.0014369
0.94925 0.0001839
0.9496 0.0001839
0.94995 0.000279
0.9503 0.0005062
0.95065 0.001639
0.951 0.001639
0.95135 0.0006957
0.9517 0.0006957
0.95205 0.0008019
0.9524 0.0008019
0.95275 0.0005502999999999
0.9531 0.0003485
0.95345 0.0003485
0.9538 0.0006029
0.95415 0.0009287
0.9545 0.0009287
0.95485 0.0011299
0.9552 0.000857
0.95555 0.0011794
0.9559 0.0011794
0.95625 0.0011794
0.9566 0.0011577999999999
0.95695 0.0003903
0.9573 0.0003903
0.95765 0.001652
0.958 0.001652
0.95835 0.0012823
0.9587 0.0012823
0.95905 0.0012823
0.9594 0.0004024
0.95975 0.0004024
0.9601 0.0013634
0.96045 0.0013634
0.9608 0.000772
0.96115 0.000772
0.9615 0.0010331
0.96185 0.0015254
0.9622 0.0010331
0.96255 0.0003228
0.9629 0.0003228
0.96325 0.0005319
0.9636 0.0005319
0.96395 0.0005074
0.9643 0.0005074
0.96465 0.001527
0.965 0.001527
0.96535 0.0009029999999999
0.9657 0.0005237
0.96605 0.0009029999999999
0.9664 0.0005499
0.96675 0.0005499
0.9671 0.0003711
0.96745 0.0003711
0.9678 0.0012216
0.96815 0.0012216
0.9685 0.0009647999999999
0.96885 0.0004633
0.9692 0.0004633
0.96955 0.0011116
0.9699 0.0015438
0.97025 0.0015438
0.9706 0.0014387
0.97095 0.0014387
0.9713 0.0014602999999999
0.97165 0.0015937
0.972 0.0015937
0.97235 0.0012429
0.9727 0.0011495
0.97305 0.0008237
0.9734 0.0006816
0.97375 0.0005061
0.9741 0.0005061
0.97445 0.0005061
0.9748 0.00094
0.97515 0.0010675
0.9755 0.0013232
0.97585 0.0013232
0.9762 0.0009724
0.97655 0.0009724
0.9769 0.0012913
0.97725 0.0016111
0.9776 0.0016111
0.97795 0.0009996
0.9783 0.0004781
0.97865 0.0004781
0.979 0.0004781
0.97935 0.0007513999999999
0.9797 0.0007792
0.98005 0.0008716
0.9804 0.0007792
0.98075 0.0006077
0.9811 0.0006077
0.98145 0.000815
0.9818 0.000815
0.98215 0.0007545
0.9825 0.0005307
0.98285 0.0003896
0.9832 0.0005307
0.98355 0.0007361
0.9839 0.0007503999999999
0.98425 0.0007949
0.9846 0.0007949
0.98495 0.0008227
0.9853 0.0006507
0.98565 0.0006074
0.986 0.0005496
0.98635 0.0005496
0.9867 0.0003803
0.98705 0.0004602999999999
0.9874 0.0004602999999999
0.98775 0.0004602999999999
0.9881 0.0002222
0.98845 0.0001682
0.9888 0.0001682
0.98915 0.0002483
0.9895 0.0005821
0.98985 0.0003594
0.9902 0.0006394
0.99055 0.0004007
0.9909 0.000649
0.99125 0.0005125
0.9916 0.0006257999999999
0.99195 0.0005125
0.9923 0.0006257999999999
0.99265 0.00062
0.993 0.0006496
0.99335 0.0006496
0.9937 0.0006718999999999
0.99405 0.0006718999999999
0.9944 0.0007318
0.99475 0.0006026
0.9951 0.0006026
0.99545 0.0006026
0.9958 0.000271
0.99615 0.0006454
0.9965 0.000271
0.99685 0.0006454
0.9972 0.0009273999999999
0.99755 0.0009273999999999
0.9979 0.0007584
0.99825 0.0005752999999999
0.9986 0.0006646
0.99895 0.0005327
0.9993 0.0005327
