0.3 0.5521767
0.30035 0.5526541
0.3007 0.5526541
0.30105 0.5525856
0.3014 0.5523498
0.30175 0.5520013
0.3021 0.551493
0.30245 0.5506394
0.3028 0.5489449000000001
0.30315 0.5443611
0.3035 0.5443611
0.30385 0.5444656999999999
0.3042 0.5480503999999999
0.30455 0.5491236999999999
0.3049 0.5494219
0.30525 0.5494219
0.3056 0.5493036
0.30595 0.549094
0.3063 0.5488312
0.30665 0.5485274
0.307 0.5481874
0.30735 0.5478071999999999
0.3077 0.5473762
0.30805 0.5468715999999999
0.3084 0.5462475
0.30875 0.5454235
0.3091 0.5441402
0.30945 0.5417599
0.3098 0.5363055999999999
0.31015 0.5334464
0.3105 0.5334464
0.31085 0.539555
0.3112 0.54159
0.31155 0.5422855999999999
0.3119 0.5423522
0.31225 0.5423522
0.3126 0.5421251
0.31295 0.5418172
0.3133 0.541456
0.31365 0.5410590999999999
0.314 0.5406299
0.31435 0.5401792
0.3147 0.5397022
0.31505 0.5392087
0.3154 0.5386956999999999
0.31575 0.5381627
0.3161 0.5376095000000001
0.31645 0.5370349
0.3168 0.5364373
0.31715 0.5358153
0.3175 0.5351658
0.31785 0.5344853
0.3182 0.5337795
0.31855 0.5330205
0.3189 0.5322209
0.31925 0.5313374
0.3196 0.5303696
0.31995 0.5292496
0.3203 0.5278644
0.32065 0.5259465
0.321 0.5227582000000001
0.32135 0.5159238
0.3217 0.5127697
0.32205 0.5127697
0.3224 0.5191312
0.32275 0.5206723
0.3231 0.5206723
0.32345 0.5200398
0.3238 0.5190831
0.32415 0.5179523
0.3245 0.5166835
0.32485 0.5152671
0.3252 0.5137656
0.32555 0.5121532999999999
0.3259 0.5104261999999999
0.32625 0.5085782
0.3266 0.5066025
0.32695 0.5045425
0.3273 0.5022943
0.32765 0.4998949
0.328 0.4973887999999999
0.32835 0.4946014
0.3287 0.4915257
0.32905 0.4877015
0.3294 0.4817005
0.32975 0.4696598
0.3301 0.4446502999999999
0.33045 0.4446502999999999
0.3308 0.4692779
0.33115 0.4793357
0.3315 0.483828
0.33185 0.4865057
0.3322 0.4885057
0.33255 0.4901375
0.3329 0.4916732
0.33325 0.4930264
0.3336 0.4943327999999999
0.33395 0.495482
0.3343 0.4965859
0.33465 0.4975467
0.335 0.4984210999999999
0.33535 0.4992147
0.3357 0.4999327
0.33605 0.5006157999999999
0.3364 0.5011609
0.33675 0.5016799
0.3371 0.5021396
0.33745 0.5025411
0.3378 0.5028885000000001
0.33815 0.5031592
0.3385 0.5034039
0.33885 0.5035751
0.3392 0.5037145000000001
0.33955 0.5037785
0.3399 0.5037785
0.34025 0.5037307
0.3406 0.5035823
0.34095 0.503333
0.3413 0.5029536
0.34165 0.5024003
0.342 0.5016048
0.34235 0.5004602
0.3427 0.4987939
0.34305 0.4963219
0.3434 0.4927018
0.34375 0.4869350999999999
0.3441 0.4778738
0.34445 0.4660208999999999
0.3448 0.4660208999999999
0.34515 0.4733378
0.3455 0.4823757999999999
0.34585 0.4884593
0.3462 0.4922392
0.34655 0.4947674
0.3469 0.4965025999999999
0.34725 0.4977183
0.3476 0.4985814999999999
0.34795 0.4991982
0.3483 0.4996371
0.34865 0.4999454
0.349 0.5001541
0.34935 0.5002668
0.3497 0.5003405
0.35005 0.5003405
0.3504 0.5003359000000001
0.35075 0.5002890999999999
0.3511 0.5002017
0.35145 0.5000925
0.3518 0.4999755
0.35215 0.4998299
0.3525 0.4996698
0.35285 0.4994967999999999
0.3532 0.4993122
0.35355 0.4991170999999999
0.3539 0.4989124
0.35425 0.4986991
0.3546 0.4984762
0.35495 0.4982475
0.3553 0.4980115
0.35565 0.4977569
0.356 0.4974345999999999
0.35635 0.4972354
0.3567 0.4969939999999999
0.35705 0.4964438
0.3574 0.4963733
0.35775 0.4961188
0.3581 0.4957667999999999
0.35845 0.4955395999999999
0.3588 0.4952265999999999
0.35915 0.4949909
0.3595 0.4942939999999999
0.35985 0.4940188
0.3602 0.4936875
0.36055 0.4933577
0.3609 0.493098
0.36125 0.493098
0.3616 0.4927818
0.36195 0.4925076
0.3623 0.4920695
0.36265 0.4918302
0.363 0.4915011999999999
0.36335 0.4911547
0.3637 0.4908106
0.36405 0.4903541
0.3644 0.4901231
0.36475 0.489771
0.3651 0.489414
0.36545 0.4890396999999999
0.3658 0.4886110999999999
0.36615 0.4882983
0.3665 0.4879529
0.36685 0.4875593
0.3672 0.4871760999999999
0.36755 0.4868148
0.3679 0.4864042999999999
0.36825 0.4860261999999999
0.3686 0.4855350999999999
0.36895 0.4852659000000001
0.3693 0.4848224
0.36965 0.4844564999999999
0.37 0.4839335
0.37035 0.4835845
0.3707 0.4830061
0.37105 0.4826982
0.3714 0.4823931999999999
0.37175 0.4818888
0.3721 0.4814115
0.37245 0.4810865
0.3728 0.4805005
0.37315 0.4802349
0.3735 0.479587
0.37385 0.4792829
0.3742 0.4788273
0.37455 0.4782879
0.3749 0.4775291
0.37525 0.4773349
0.3756 0.4765768
0.37595 0.4764633
0.3763 0.4756011999999999
0.37665 0.4750246
0.377 0.4750246
0.37735 0.4746117
0.3777 0.4739418999999999
0.37805 0.4733648
0.3784 0.4731032
0.37875 0.4718496
0.3791 0.4716061
0.37945 0.4705477
0.3798 0.4702031
0.38015 0.4702031
0.3805 0.4695269
0.38085 0.4693613
0.3812 0.4688393
0.38155 0.4682772
0.3819 0.46726
0.38225 0.4665085
0.3826 0.466373
0.38295 0.4659885
0.3833 0.4651827
0.38365 0.4648117
0.384 0.4640309
0.38435 0.4635997
0.3847 0.46293
0.38505 0.4623116
0.3854 0.4616305
0.38575 0.4609483
0.3861 0.4602674
0.38645 0.4595254
0.3868 0.4588134
0.38715 0.4580284
0.3875 0.4572495
0.38785 0.4565106
0.3882 0.4558049
0.38855 0.4549101
0.3889 0.4538872999999999
0.38925 0.4528734
0.3896 0.4523503
0.38995 0.4513442
0.3903 0.4504042
0.39065 0.4496604
0.391 0.4486305
0.39135 0.4476933
0.3917 0.4464225
0.39205 0.4454738
0.3924 0.4444709
0.39275 0.4430989999999999
0.3931 0.4421224
0.39345 0.4410020999999999
0.3938 0.4396987
0.39415 0.4380535
0.3945 0.4370691
0.39485 0.4353867
0.3952 0.4341112
0.39555 0.4327352
0.3959 0.4307351
0.39625 0.4288939
0.3966 0.4274180999999999
0.39695 0.4259518
0.3973 0.4238944
0.39765 0.4219535
0.398 0.4195763
0.39835 0.4179738
0.3987 0.4149352
0.39905 0.4126621
0.3994 0.4106056999999999
0.39975 0.4077731
0.4001 0.4047499
0.40045 0.4014278
0.4008 0.3975762
0.40115 0.3912004
0.4015 0.3897285
0.40185 0.3851153
0.4022 0.379118
0.40255 0.3745562
0.4029 0.3686194
0.40325 0.3626735
0.4036 0.3565897999999999
0.40395 0.3515455999999999
0.4043 0.3301933
0.40465 0.3301933
0.405 0.3474962
0.40535 0.3524899
0.4057 0.3566824
0.40605 0.3611795
0.4064 0.3660446
0.40675 0.3703692999999999
0.4071 0.3742926
0.40745 0.377869
0.4078 0.3810197
0.40815 0.3838125999999999
0.4085 0.3838125999999999
0.40885 0.386278
0.4092 0.3905223
0.40955 0.3922672
0.4099 0.3938670999999999
0.41025 0.3953782
0.4106 0.3966229
0.41095 0.3977732
0.4113 0.3986344
0.41165 0.3997890999999999
0.412 0.4002444
0.41235 0.4013214
0.4127 0.4019331
0.41305 0.4019331
0.4134 0.4026906
0.41375 0.4030817
0.4141 0.4042854
0.41445 0.4046127
0.4148 0.4046632
0.41515 0.4047106
0.4155 0.4047106
0.41585 0.4000447
0.4162 0.4000447
0.41655 0.405348
0.4169 0.4054499
0.41725 0.4058995999999999
0.4176 0.4054499
0.41795 0.4058995999999999
0.4183 0.4059385
0.41865 0.4060420999999999
0.419 0.4060420999999999
0.41935 0.4060223
0.4197 0.4050182
0.42005 0.4030229
0.4204 0.4030229
0.42075 0.4053203
0.4211 0.4063392
0.42145 0.4053203
0.4218 0.4044592
0.42215 0.4042100999999999
0.4225 0.4042100999999999
0.42285 0.4046066
0.4232 0.4046066
0.42355 0.4029623
0.4239 0.4029623
0.42425 0.4032020999999999
0.4246 0.4032837
0.42495 0.4041735999999999
0.4253 0.4041955
0.42565 0.4041955
0.426 0.4010322
0.42635 0.4010322
0.4267 0.4016492
0.42705 0.4034127
0.4274 0.4030358
0.42775 0.4030358
0.4281 0.4026447
0.42845 0.4014625999999999
0.4288 0.4008574
0.42915 0.3974544
0.4295 0.3990094999999999
0.42985 0.3990094999999999
0.4302 0.3990094999999999
0.43055 0.3999164
0.4309 0.3971787
0.43125 0.3977116
0.4316 0.3977116
0.43195 0.397833
0.4323 0.3989621
0.43265 0.3989621
0.433 0.3983649
0.43335 0.3981912
0.4337 0.3971539
0.43405 0.3971009
0.4344 0.3963761
0.43475 0.3963012
0.4351 0.3963012
0.43545 0.3959524
0.4358 0.3952708
0.43615 0.3949043
0.4365 0.3935329
0.43685 0.3929969
0.4372 0.3930054
0.43755 0.3929969
0.4379 0.3926029
0.43825 0.3922916999999999
0.4386 0.3922886
0.43895 0.3915712
0.4393 0.3914
0.43965 0.3897988
0.44 0.3889259
0.44035 0.3865259
0.4407 0.3857562
0.44105 0.3857562
0.4414 0.3856105999999999
0.44175 0.3844935
0.4421 0.3844935
0.44245 0.3844935
0.4428 0.3862031
0.44315 0.3857924
0.4435 0.3857924
0.44385 0.3812491
0.4442 0.3812491
0.44455 0.3836671
0.4449 0.3836671
0.44525 0.3803408
0.4456 0.3803408
0.44595 0.3807329
0.4463 0.3812658
0.44665 0.3812658
0.447 0.3811928
0.44735 0.3804350999999999
0.4477 0.3801432
0.44805 0.3801363
0.4484 0.377788
0.44875 0.3795984
0.4491 0.3785887
0.44945 0.3785887
0.4498 0.3779245999999999
0.45015 0.3776874
0.4505 0.3774417
0.45085 0.3757924
0.4512 0.3743945999999999
0.45155 0.3742578
0.4519 0.3735783
0.45225 0.3741296
0.4526 0.3737662
0.45295 0.3737662
0.4533 0.3732868
0.45365 0.3723909999999999
0.454 0.3723909999999999
0.45435 0.3708722
0.4547 0.3703560999999999
0.45505 0.370357
0.4554 0.3703560999999999
0.45575 0.3681627999999999
0.4561 0.366814
0.45645 0.3681627999999999
0.4568 0.3660545
0.45715 0.3670634
0.4575 0.3665157
0.45785 0.3665157
0.4582 0.3658151
0.45855 0.3658129
0.4589 0.3650897999999999
0.45925 0.3633507
0.4596 0.3622508
0.45995 0.3627654
0.4603 0.3627654
0.46065 0.3627654
0.461 0.362671
0.46135 0.3622559
0.4617 0.3619138
0.46205 0.3610696
0.4624 0.3604668
0.46275 0.3604387
0.4631 0.3600324
0.46345 0.3590272
0.4638 0.3584135
0.46415 0.3581294
0.4645 0.3572511
0.46485 0.3570774
0.4652 0.3546655999999999
0.46555 0.3546655999999999
0.4659 0.3538345999999999
0.46625 0.3519833
0.4666 0.3513984
0.46695 0.3513984
0.4673 0.3506275
0.46765 0.3464935
0.468 0.3462679
0.46835 0.3447100999999999
0.4687 0.337986
0.46905 0.3304109
0.4694 0.337986
0.46975 0.3446500999999999
0.4701 0.3446500999999999
0.47045 0.3446500999999999
0.4708 0.3439408
0.47115 0.3426835
0.4715 0.3417757
0.47185 0.3378915999999999
0.4722 0.3323753
0.47255 0.3329092999999999
0.4729 0.3329092999999999
0.47325 0.3385771999999999
0.4736 0.3396819
0.47395 0.3385771999999999
0.4743 0.3390222
0.47465 0.3350413
0.475 0.3388065
0.47535 0.30337
0.4757 0.3387696
0.47605 0.3331714
0.4764 0.3331714
0.47675 0.3331714
0.4771 0.3308110999999999
0.47745 0.3349433
0.4778 0.3319948
0.47815 0.3333195
0.4785 0.3326707
0.47885 0.3326707
0.4792 0.3314439
0.47955 0.3308368
0.4799 0.3300939
0.48025 0.3294052
0.4806 0.3287185999999999
0.48095 0.3279430999999999
0.4813 0.3269573
0.48165 0.3252921
0.482 0.3233725
0.48235 0.3219387999999999
0.4827 0.3219387999999999
0.48305 0.3200759
0.4834 0.3152430999999999
0.48375 0.311256
0.4841 0.311256
0.48445 0.3072361
0.4848 0.2969145
0.48515 0.301531
0.4855 0.301531
0.48585 0.301531
0.4862 0.3061331
0.48655 0.3061331
0.4869 0.3098305
0.48725 0.3098305
0.4876 0.2983969999999999
0.48795 0.2983969999999999
0.4883 0.3001645
0.48865 0.3063754
0.489 0.3111758
0.48935 0.3063754
0.4897 0.3105249
0.49005 0.3075195
0.4904 0.3075195
0.49075 0.3027196
0.4911 0.3027196
0.49145 0.3027196
0.4918 0.3052389
0.49215 0.3016107999999999
0.4925 0.3007464
0.49285 0.2936827
0.4932 0.2936827
0.49355 0.2936827
0.4939 0.2943734
0.49425 0.2943734
0.4946 0.2943734
0.49495 0.2967617
0.4953 0.2949682
0.49565 0.2963406
0.496 0.2949682
0.49635 0.2946973
0.4967 0.2946626
0.49705 0.2938153
0.4974 0.2919720999999999
0.49775 0.2905144
0.4981 0.2887907
0.49845 0.2871739
0.4988 0.2871739
0.49915 0.2870547
0.4995 0.2870547
0.49985 0.286154
0.50055 0.2701954
0.5009 0.2701954
0.50125 0.278914
0.5016 0.278914
0.50195 0.2766715
0.5023 0.2758219
0.50265 0.2656031
0.503 0.2123411
0.50335 0.2342127
0.5037 0.2342127
0.50405 0.2342127
0.5044 0.2655643
0.50475 0.2655643
0.5051 0.2683325
0.50545 0.2683325
0.5058 0.2677345999999999
0.50615 0.2668912
0.5065 0.2558123
0.50685 0.2484375
0.5072 0.2484375
0.50755 0.2536553
0.5079 0.2536553
0.50825 0.2536553
0.5086 0.2581813
0.50895 0.2581813
0.5093 0.2545147
0.50965 0.2528171
0.51 0.2528171
0.51035 0.2552327
0.5107 0.2552327
0.51105 0.2551550999999999
0.5114 0.2535388
0.51175 0.2535388
0.5121 0.2539125
0.51245 0.2598101
0.5128 0.2598101
0.51315 0.2533114999999999
0.5135 0.2533114999999999
0.51385 0.2526435
0.5142 0.2526435
0.51455 0.2526435
0.5149 0.2499916999999999
0.51525 0.2547406
0.5156 0.2553597
0.51595 0.2553597
0.5163 0.2538935
0.51665 0.2532815
0.517 0.2532815
0.51735 0.2526228
0.5177 0.2522288
0.51805 0.2514627
0.5184 0.2514627
0.51875 0.2514627
0.5191 0.2511446
0.51945 0.2490436
0.5198 0.2490436
0.52015 0.2490436
0.5205 0.2480237
0.52085 0.2478699
0.5212 0.2473951
0.52155 0.2468453999999999
0.5219 0.2447561999999999
0.52225 0.2443447999999999
0.5226 0.2436691
0.52295 0.2431873
0.5233 0.2250216
0.52365 0.2250216
0.524 0.2281735999999999
0.52435 0.2392941
0.5247 0.2389984
0.52505 0.2389984
0.5254 0.2389984
0.52575 0.2365679
0.5261 0.2353762
0.52645 0.2353193999999999
0.5268 0.2332975
0.52715 0.2299436
0.5275 0.2299436
0.52785 0.2299436
0.5282 0.2305287
0.52855 0.2305287
0.5289 0.227481
0.52925 0.2258211
0.5296 0.2226892
0.52995 0.2258211
0.5303 0.2214688
0.53065 0.219169
0.531 0.219169
0.53135 0.2214202
0.5317 0.2214202
0.53205 0.2165587
0.5324 0.2125893999999999
0.53275 0.2147668999999999
0.5331 0.2147668999999999
0.53345 0.2153565
0.5338 0.2153565
0.53415 0.2147632
0.5345 0.2140342999999999
0.53485 0.210912
0.5352 0.2104093
0.53555 0.2092045
0.5359 0.2066796
0.53625 0.2066796
0.5366 0.2058205
0.53695 0.2025712
0.5373 0.2025712
0.53765 0.2008878999999999
0.538 0.1999477999999999
0.53835 0.1979181
0.5387 0.1936638
0.53905 0.1936565
0.5394 0.1919845
0.53975 0.1882772999999999
0.5401 0.1882772999999999
0.54045 0.183837
0.5408 0.1776682
0.54115 0.1824984999999999
0.5415 0.1735651
0.54185 0.1698087
0.5422 0.1698087
0.54255 0.1698087
0.5429 0.1660804
0.54325 0.1660804
0.5436 0.1660804
0.54395 0.1654592999999999
0.5443 0.1654592999999999
0.54465 0.1764619
0.545 0.1764619
0.54535 0.1764619
0.5457 0.1748661
0.54605 0.1748661
0.5464 0.1653281
0.54675 0.1653281
0.5471 0.1653281
0.54745 0.1727757999999999
0.5478 0.1692548999999999
0.54815 0.1727757999999999
0.5485 0.1728762
0.54885 0.1728762
0.5492 0.1725352999999999
0.54955 0.1702698
0.5499 0.163691
0.55025 0.1675035
0.5506 0.1675035
0.55095 0.1675035
0.5513 0.1663975
0.55165 0.1661003
0.552 0.1640786
0.55235 0.1640786
0.5527 0.1640786
0.55305 0.1632461
0.5534 0.1613862999999999
0.55375 0.1613862999999999
0.5541 0.1602814
0.55445 0.1573138
0.5548 0.1573138
0.55515 0.1573138
0.5555 0.1556907
0.55585 0.1576594
0.5562 0.15574
0.55655 0.15574
0.5569 0.1511152999999999
0.55725 0.1511152999999999
0.5576 0.1521573999999999
0.55795 0.1527852999999999
0.5583 0.1521573999999999
0.55865 0.1520065
0.559 0.151194
0.55935 0.151194
0.5597 0.1505712
0.56005 0.1497702
0.5604 0.1486546
0.56075 0.1483497
0.5611 0.1476708
0.56145 0.147126
0.5618 0.1460955
0.56215 0.1460808
0.5625 0.145092
0.56285 0.1445987999999999
0.5632 0.1445987999999999
0.56355 0.1433675
0.5639 0.1428621
0.56425 0.1418731
0.5646 0.1409006
0.56495 0.1409006
0.5653 0.1396657999999999
0.56565 0.1396657999999999
0.566 0.1389208999999999
0.56635 0.1343385
0.5667 0.1341622
0.56705 0.1341622
0.5674 0.1351042999999999
0.56775 0.1351042999999999
0.5681 0.113396
0.56845 0.113396
0.5688 0.1162698999999999
0.56915 0.1257848
0.5695 0.1162698999999999
0.56985 0.1050490999999999
0.5702 0.1050490999999999
0.57055 0.1306781
0.5709 0.1306781
0.57125 0.1294142
0.5716 0.1273531
0.57195 0.128493
0.5723 0.12842
0.57265 0.12842
0.573 0.1268056
0.57335 0.1142728
0.5737 0.1249701
0.57405 0.1154458999999999
0.5744 0.1154458999999999
0.57475 0.1154458999999999
0.5751 0.1001619
0.57545 0.1226202
0.5758 0.1224936
0.57615 0.1226202
0.5765 0.1224936
0.57685 0.1176932
0.5772 0.1176932
0.57755 0.1192926
0.5779 0.1192926
0.57825 0.1207055
0.5786 0.1167236
0.57895 0.1180349
0.5793 0.1180349
0.57965 0.1180349
0.58 0.1144786
0.58035 0.1129591
0.5807 0.1071981
0.58105 0.1071981
0.5814 0.1172776
0.58175 0.1172776
0.5821 0.1153428999999999
0.58245 0.1137428
0.5828 0.1095821
0.58315 0.1095821
0.5835 0.1083548
0.58385 0.1073916
0.5842 0.1073916
0.58455 0.1073916
0.5849 0.1046146999999999
0.58525 0.1038837
0.5856 0.1038154999999999
0.58595 0.1025396
0.5863 0.1005168999999999
0.58665 0.0997091
0.587 0.0966934999999999
0.58735 0.0930432
0.5877 0.0907224
0.58805 0.0740468
0.5884 0.0740468
0.58875 0.0732007
0.5891 0.0732007
0.58945 0.0732007
0.5898 0.0458152
0.59015 0.0458152
0.5905 0.0790273999999999
0.59085 0.0858834
0.5912 0.0821063
0.59155 0.0894566
0.5919 0.0894566
0.59225 0.0912531999999999
0.5926 0.0935478999999999
0.59295 0.0966221999999999
0.5933 0.0966221999999999
0.59365 0.0926871
0.594 0.0757843
0.59435 0.0585253
0.5947 0.0585253
0.59505 0.088738
0.5954 0.088738
0.59575 0.0865182
0.5961 0.0865182
0.59645 0.101559
0.5968 0.101559
0.59715 0.1021477
0.5975 0.0906565
0.59785 0.0897728
0.5982 0.0897728
0.59855 0.0838747
0.5989 0.0866268
0.59925 0.0838747
0.5996 0.0866268
0.59995 0.0912453999999999
0.6003 0.0912453999999999
0.60065 0.0602202
0.601 0.0602202
0.60135 0.0870851
0.6017 0.1005893
0.60205 0.1005893
0.6024 0.1005893
0.60275 0.0935503
0.6031 0.0935503
0.60345 0.0993401999999999
0.6038 0.1001468
0.60415 0.1001468
0.6045 0.1001468
0.60485 0.0941747
0.6052 0.1047923
0.60555 0.1044365
0.6059 0.1044365
0.60625 0.1044365
0.6066 0.1038796
0.60695 0.1046088999999999
0.6073 0.1038796
0.60765 0.1048989
0.608 0.1021802
0.60835 0.1045151
0.6087 0.1021802
0.60905 0.1035673
0.6094 0.1024973
0.60975 0.1035673
0.6101 0.1047903
0.61045 0.1047903
0.6108 0.1039594
0.61115 0.1034642
0.6115 0.1032768
0.61185 0.1024115
0.6122 0.1015404999999999
0.61255 0.1010556
0.6129 0.0986269999999999
0.61325 0.097285
0.6136 0.09627
0.61395 0.0947367
0.6143 0.0939784
0.61465 0.0928353
0.615 0.0922737
0.61535 0.0921747
0.6157 0.091666
0.61605 0.0902586
0.6164 0.0899118
0.61675 0.0884705
0.6171 0.0874711
0.61745 0.0847198
0.6178 0.0815045
0.61815 0.0803143
0.6185 0.0788112
0.61885 0.0781878
0.6192 0.0763441
0.61955 0.0763441
0.6199 0.0779462
0.62025 0.0814016
0.6206 0.0814016
0.62095 0.0814016
0.6213 0.0817849
0.62165 0.0836108
0.622 0.0858733
0.62235 0.0880945
0.6227 0.0899458
0.62305 0.0913433
0.6234 0.0922374
0.62375 0.0926944
0.6241 0.0962126
0.62445 0.0962126
0.6248 0.0976199
0.62515 0.0993705
0.6255 0.0993705
0.62585 0.100004
0.6262 0.1010731
0.62655 0.1010731
0.6269 0.1011846
0.62725 0.1018615
0.6276 0.1018615
0.62795 0.1026837999999999
0.6283 0.1009312
0.62865 0.1026924
0.629 0.1031668
0.62935 0.1031668
0.6297 0.1034184
0.63005 0.1038684
0.6304 0.1038684
0.63075 0.1019112
0.6311 0.1017557
0.63145 0.0957725
0.6318 0.0862
0.63215 0.0862
0.6325 0.0991286999999999
0.63285 0.0995022
0.6332 0.0995022
0.63355 0.098695
0.6339 0.098695
0.63425 0.1007851
0.6346 0.1007851
0.63495 0.0999548
0.6353 0.0999548
0.63565 0.1006775
0.636 0.1006775
0.63635 0.1006775
0.6367 0.0969436
0.63705 0.0969436
0.6374 0.0969436
0.63775 0.0829406
0.6381 0.0898133
0.63845 0.0898133
0.6388 0.0898133
0.63915 0.0949458
0.6395 0.0949458
0.63985 0.0979803
0.6402 0.1012255
0.64055 0.1012255
0.6409 0.0986738
0.64125 0.0979138999999999
0.6416 0.0960196
0.64195 0.0941518999999999
0.6423 0.0941518999999999
0.64265 0.0986058
0.643 0.0986058
0.64335 0.0986058
0.6437 0.0886776
0.64405 0.0709533
0.6444 0.0709533
0.64475 0.0867491
0.6451 0.0867491
0.64545 0.0867491
0.6458 0.04731
0.64615 0.0273346
0.6465 0.0273346
0.64685 0.0687627
0.6472 0.0692173
0.64755 0.0687627
0.6479 0.0576643
0.64825 0.0576643
0.6486 0.0726076
0.64895 0.0789138
0.6493 0.0809946
0.64965 0.0879667
0.65 0.0879667
0.65035 0.0879667
0.6507 0.0853781999999999
0.65105 0.0641354
0.6514 0.0641354
0.65175 0.0641354
0.6521 0.0866081
0.65245 0.0866081
0.6528 0.0866081
0.65315 0.087386
0.6535 0.0607354
0.65385 0.0949892
0.6542 0.0667848
0.65455 0.0845669999999999
0.6549 0.0845669999999999
0.65525 0.0845669999999999
0.6556 0.0659531
0.65595 0.0597315
0.6563 0.0597315
0.65665 0.0783851
0.657 0.0783851
0.65735 0.0613864
0.6577 0.0613864
0.65805 0.0841927
0.6584 0.0841927
0.65875 0.0841927
0.6591 0.0866567999999999
0.65945 0.0866567999999999
0.6598 0.0695125
0.66015 0.0695125
0.6605 0.0877391999999999
0.66085 0.0877391999999999
0.6612 0.075395
0.66155 0.075395
0.6619 0.0828032
0.66225 0.0836059
0.6626 0.0874465
0.66295 0.0853054999999999
0.6633 0.0853054999999999
0.66365 0.0836498999999999
0.664 0.0836498999999999
0.66435 0.0895631
0.6647 0.0895631
0.66505 0.088858
0.6654 0.0840152
0.66575 0.0829044
0.6661 0.0829044
0.66645 0.0878705
0.6668 0.0878705
0.66715 0.0878705
0.6675 0.0851721
0.66785 0.0895883
0.6682 0.0849796
0.66855 0.0791496
0.6689 0.0791496
0.66925 0.0852261
0.6696 0.0853713
0.66995 0.0852261
0.6703 0.0873554999999999
0.67065 0.0884474
0.671 0.0884474
0.67135 0.0908214
0.6717 0.0871799
0.67205 0.0889196
0.6724 0.0889196
0.67275 0.0889196
0.6731 0.0897508
0.67345 0.089365
0.6738 0.0910686
0.67415 0.0910686
0.6745 0.0910686
0.67485 0.090312
0.6752 0.0825816
0.67555 0.0825816
0.6759 0.0844738
0.67625 0.0937629
0.6766 0.0940134
0.67695 0.0940134
0.6773 0.0941738999999999
0.67765 0.093217
0.678 0.093217
0.67835 0.092945
0.6787 0.0872416999999999
0.67905 0.0880043
0.6794 0.0880043
0.67975 0.0914491
0.6801 0.0914491
0.68045 0.0889478
0.6808 0.0827378999999999
0.68115 0.0827378999999999
0.6815 0.0831991
0.68185 0.0858125
0.6822 0.088315
0.68255 0.088315
0.6829 0.0847541
0.68325 0.0841436
0.6836 0.0841436
0.68395 0.0840364
0.6843 0.078137
0.68465 0.078137
0.685 0.0808965
0.68535 0.088193
0.6857 0.088193
0.68605 0.0868816
0.6864 0.0844176
0.68675 0.076606
0.6871 0.076606
0.68745 0.0798806
0.6878 0.0821925
0.68815 0.0798806
0.6885 0.0811022
0.68885 0.0789429
0.6892 0.0811022
0.68955 0.0556457
0.6899 0.0760859
0.69025 0.0737073999999999
0.6906 0.0760859
0.69095 0.0737073999999999
0.6913 0.0685313
0.69165 0.0573821
0.692 0.0327334
0.69235 0.0327334
0.6927 0.0401152
0.69305 0.0401152
0.6934 0.0401083
0.69375 0.0401083
0.6941 0.0401083
0.69445 0.0487866
0.6948 0.056895
0.69515 0.056895
0.6955 0.0525503
0.69585 0.0519856
0.6962 0.0519856
0.69655 0.0547651999999999
0.6969 0.0547651999999999
0.69725 0.0547651999999999
0.6976 0.0532842
0.69795 0.0516974
0.6983 0.0516974
0.69865 0.0516974
0.699 0.0583283
0.69935 0.0592174999999999
0.6997 0.0592174999999999
0.70005 0.0319227
0.7004 0.0318004
0.70075 0.0318004
0.7011 0.0488395
0.70145 0.0488395
0.7018 0.0437043
0.70215 0.0437043
0.7025 0.0437043
0.70285 0.0312646
0.7032 0.0312646
0.70355 0.0371026999999999
0.7039 0.0477335
0.70425 0.0379429
0.7046 0.0477335
0.70495 0.0379429
0.7053 0.0491949
0.70565 0.0586577999999999
0.706 0.0586577999999999
0.70635 0.0424752
0.7067 0.0424752
0.70705 0.0424752
0.7074 0.0533168
0.70775 0.0305671
0.7081 0.0477282
0.70845 0.0396337
0.7088 0.0396337
0.70915 0.0378487
0.7095 0.0378487
0.70985 0.0363793
0.7102 0.0402281
0.71055 0.0363793
0.7109 0.0232345999999999
0.71125 0.0232345999999999
0.7116 0.0323922
0.71195 0.0485382
0.7123 0.0485382
0.71265 0.0401774
0.713 0.0372362
0.71335 0.0372362
0.7137 0.0455439
0.71405 0.0455439
0.7144 0.031349
0.71475 0.031349
0.7151 0.0449298
0.71545 0.0449298
0.7158 0.0394611
0.71615 0.0272356
0.7165 0.0112762
0.71685 0.0112762
0.7172 0.0102898
0.71755 0.0102898
0.7179 0.0102898
0.71825 0.0207297
0.7186 0.0207297
0.71895 0.0077779
0.7193 0.0077779
0.71965 0.0078216
0.72 0.0078216
0.72035 0.0125628999999999
0.7207 0.0199527
0.72105 0.0199527
0.7214 0.0206335
0.72175 0.0097708
0.7221 0.0257675999999999
0.72245 0.0204644
0.7228 0.0204644
0.72315 0.0113099
0.7235 0.0066828
0.72385 0.0066828
0.7242 0.0066828
0.72455 0.0103805
0.7249 0.0103805
0.72525 0.0103805
0.7256 0.0095285
0.72595 0.0079069
0.7263 0.0055631
0.72665 0.0079069
0.727 0.004044
0.72735 0.0130683999999999
0.7277 0.0117322
0.72805 0.0130683999999999
0.7284 0.0154227999999999
0.72875 0.0181648
0.7291 0.0181648
0.72945 0.0130592
0.7298 0.0108333
0.73015 0.0116904
0.7305 0.0116904
0.73085 0.0126516
0.7312 0.0149426
0.73155 0.0126516
0.7319 0.0149426
0.73225 0.009212
0.7326 0.009212
0.73295 0.0085522
0.7333 0.0085522
0.73365 0.0285909
0.734 0.0285909
0.73435 0.0174382999999999
0.7347 0.0174382999999999
0.73505 0.034743
0.7354 0.034743
0.73575 0.0340903
0.7361 0.0230206
0.73645 0.0191019
0.7368 0.0191019
0.73715 0.0191019
0.7375 0.0142757999999999
0.73785 0.0353688
0.7382 0.0246673
0.73855 0.0246673
0.7389 0.0194592
0.73925 0.0194592
0.7396 0.0180013
0.73995 0.0180013
0.7403 0.0180013
0.74065 0.0311408
0.741 0.0311408
0.74135 0.0311408
0.7417 0.0356282
0.74205 0.0413011999999999
0.7424 0.0413011999999999
0.74275 0.0413011999999999
0.7431 0.0490895
0.74345 0.0490895
0.7438 0.0464466
0.74415 0.0359066999999999
0.7445 0.0359066999999999
0.74485 0.0436726
0.7452 0.0436726
0.74555 0.0275711
0.7459 0.0275711
0.74625 0.0315274
0.7466 0.0447029
0.74695 0.0447029
0.7473 0.050693
0.74765 0.0504828
0.748 0.0510088
0.74835 0.0504828
0.7487 0.0486499
0.74905 0.0411082
0.7494 0.0411082
0.74975 0.0472522
0.7501 0.0549557
0.75045 0.0472522
0.7508 0.0489582
0.75115 0.0489582
0.7515 0.0489582
0.75185 0.0559861
0.7522 0.048523
0.75255 0.048523
0.7529 0.048523
0.75325 0.0510722
0.7536 0.0523040999999999
0.75395 0.0544891999999999
0.7543 0.0523040999999999
0.75465 0.0560525
0.755 0.0628111
0.75535 0.0628111
0.7557 0.0526878
0.75605 0.0501955999999999
0.7564 0.0489611999999999
0.75675 0.0489611999999999
0.7571 0.0472964
0.75745 0.0658122
0.7578 0.0489055
0.75815 0.0513058
0.7585 0.0507821
0.75885 0.0512966
0.7592 0.0512966
0.75955 0.0512966
0.7599 0.0538101
0.76025 0.0497084
0.7606 0.0538101
0.76095 0.0490445999999999
0.7613 0.0490445999999999
0.76165 0.0490445999999999
0.762 0.0479789
0.76235 0.0492041
0.7627 0.0485926
0.76305 0.0485926
0.7634 0.0457572
0.76375 0.0443648
0.7641 0.0441087
0.76445 0.0422126999999999
0.7648 0.0415538
0.76515 0.0395383
0.7655 0.0372411
0.76585 0.0370179
0.7662 0.0360564
0.76655 0.0342721
0.7669 0.0342721
0.76725 0.0352554
0.7676 0.0379691999999999
0.76795 0.0393231
0.7683 0.0394536
0.76865 0.0393231
0.769 0.0382743
0.76935 0.0382743
0.7697 0.0364024
0.77005 0.0364024
0.7704 0.0364024
0.77075 0.0382335
0.7711 0.0401836
0.77145 0.0422359
0.7718 0.0429361
0.77215 0.0439715
0.7725 0.0445652
0.77285 0.0445652
0.7732 0.0428143
0.77355 0.0428143
0.7739 0.0395805
0.77425 0.0432423
0.7746 0.0432423
0.77495 0.0458636
0.7753 0.0458636
0.77565 0.0432549
0.776 0.0400915
0.77635 0.0397205
0.7767 0.0357883
0.77705 0.0357883
0.7774 0.0359986
0.77775 0.0412894
0.7781 0.0412894
0.77845 0.0427425
0.7788 0.0443275
0.77915 0.0428961999999999
0.7795 0.0428961999999999
0.77985 0.0395836
0.7802 0.0395836
0.78055 0.0395836
0.7809 0.036483
0.78125 0.036182
0.7816 0.0343821999999999
0.78195 0.0341943
0.7823 0.0326742999999999
0.78265 0.0326742999999999
0.783 0.0326742999999999
0.78335 0.0319738
0.7837 0.0362304
0.78405 0.0331399
0.7844 0.0331399
0.78475 0.0331399
0.7851 0.0338495
0.78545 0.0338495
0.7858 0.035371
0.78615 0.0335695
0.7865 0.0335695
0.78685 0.0216060999999999
0.7872 0.0216060999999999
0.78755 0.0216060999999999
0.7879 0.032418
0.78825 0.0267324
0.7886 0.0282355
0.78895 0.0282355
0.7893 0.0340816
0.78965 0.034568
0.79 0.034568
0.79035 0.0367593
0.7907 0.0336186
0.79105 0.0348796
0.7914 0.0348796
0.79175 0.0352206
0.7921 0.0352206
0.79245 0.0349648
0.7928 0.0311766999999999
0.79315 0.0305912
0.7935 0.0305912
0.79385 0.0311760999999999
0.7942 0.0333377
0.79455 0.0311760999999999
0.7949 0.0259515999999999
0.79525 0.0191022
0.7956 0.0259515999999999
0.79595 0.011728
0.7963 0.011728
0.79665 0.011728
0.797 0.0194492
0.79735 0.0194492
0.7977 0.0259214999999999
0.79805 0.0218442999999999
0.7984 0.0259214999999999
0.79875 0.0270108
0.7991 0.0282498
0.79945 0.0282498
0.7998 0.0212845
0.80015 0.0212845
0.8005 0.0298264
0.80085 0.0321645
0.8012 0.0298264
0.80155 0.0238821
0.8019 0.0181282
0.80225 0.0156515
0.8026 0.0156515
0.80295 0.0337453
0.8033 0.0337453
0.80365 0.0313604
0.804 0.0244620999999999
0.80435 0.0313604
0.8047 0.0335545
0.80505 0.0341015
0.8054 0.0346007
0.80575 0.0346007
0.8061 0.0127309
0.80645 0.0126926
0.8068 0.0127309
0.80715 0.0193476
0.8075 0.0193476
0.80785 0.0156639999999999
0.8082 0.0156639999999999
0.80855 0.0279329
0.8089 0.0279329
0.80925 0.0119607999999999
0.8096 0.0119607999999999
0.80995 0.0132893
0.8103 0.0185678
0.81065 0.0185678
0.811 0.0169197
0.81135 0.0146422
0.8117 0.0146422
0.81205 0.013633
0.8124 0.0121744
0.81275 0.013633
0.8131 0.0090246
0.81345 0.0126922999999999
0.8138 0.0126922999999999
0.81415 0.0126922999999999
0.8145 0.0099332999999999
0.81485 0.0035524999999999
0.8152 0.0035524999999999
0.81555 0.0140924
0.8159 0.0142565
0.81625 0.0140924
0.8166 0.0148018
0.81695 0.0148018
0.8173 0.017079
0.81765 0.017079
0.818 0.0162473
0.81835 0.0162473
0.8187 0.0162473
0.81905 0.0262593
0.8194 0.0258207999999999
0.81975 0.0258207999999999
0.8201 0.0222056
0.82045 0.0184744
0.8208 0.0184744
0.82115 0.0184744
0.8215 0.0250095999999999
0.82185 0.0258712
0.8222 0.0258712
0.82255 0.0225737
0.8229 0.0089186
0.82325 0.0033970999999999
0.8236 0.0033970999999999
0.82395 0.0033970999999999
0.8243 0.0194164
0.82465 0.0194164
0.825 0.0239375999999999
0.82535 0.0209035999999999
0.8257 0.0332577
0.82605 0.0209035999999999
0.8264 0.0236802
0.82675 0.0236802
0.8271 0.0236802
0.82745 0.0167745
0.8278 0.0087342999999999
0.82815 0.0167745
0.8285 0.0184990999999999
0.82885 0.0184990999999999
0.8292 0.0184990999999999
0.82955 0.0205511
0.8299 0.0205511
0.83025 0.0104301
0.8306 0.0104301
0.83095 0.0124012999999999
0.8313 0.0192953
0.83165 0.0124012999999999
0.832 0.0098637
0.83235 0.0098637
0.8327 0.0105641
0.83305 0.01672
0.8334 0.0137585
0.83375 0.0137585
0.8341 0.0042618
0.83445 0.0042618
0.8348 0.0042618
0.83515 0.018049
0.8355 0.0160006
0.83585 0.0160006
0.8362 0.0141376
0.83655 0.0123755
0.8369 0.0123755
0.83725 0.0098415
0.8376 0.0060821999999999
0.83795 0.0060821999999999
0.8383 0.0116302
0.83865 0.0204604
0.839 0.0204781
0.83935 0.0204781
0.8397 0.0176571
0.84005 0.0163491
0.8404 0.0163491
0.84075 0.0163491
0.8411 0.0174502
0.84145 0.0174502
0.8418 0.0141161
0.84215 0.0141161
0.8425 0.0243182
0.84285 0.0260377
0.8432 0.0260377
0.84355 0.027785
0.8439 0.0226007
0.84425 0.0185825
0.8446 0.0185825
0.84495 0.0257947999999999
0.8453 0.0257947999999999
0.84565 0.0257947999999999
0.846 0.0298839999999999
0.84635 0.0298839999999999
0.8467 0.0298839999999999
0.84705 0.0337183
0.8474 0.0337183
0.84775 0.0224796
0.8481 0.0224796
0.84845 0.0251802
0.8488 0.0355664
0.84915 0.0349685
0.8495 0.0349685
0.84985 0.0240310999999999
0.8502 0.0240310999999999
0.85055 0.0302346
0.8509 0.0328829
0.85125 0.0302346
0.8516 0.0335753
0.85195 0.0335753
0.8523 0.0335753
0.85265 0.0275124
0.853 0.0275124
0.85335 0.0339898
0.8537 0.0339898
0.85405 0.0299737
0.8544 0.0299737
0.85475 0.0288161
0.8551 0.0288161
0.85545 0.0267134
0.8558 0.0267134
0.85615 0.0261359
0.8565 0.0261093999999999
0.85685 0.0252629
0.8572 0.0252629
0.85755 0.0202655999999999
0.8579 0.0181215
0.85825 0.0180101
0.8586 0.0180101
0.85895 0.0178109
0.8593 0.0164021
0.85965 0.0158053
0.86 0.0131704
0.86035 0.0121657
0.8607 0.0117307
0.86105 0.0106187
0.8614 0.0098103
0.86175 0.0092395
0.8621 0.0085371
0.86245 0.0085371
0.8628 0.0080591
0.86315 0.0085262999999999
0.8635 0.0085112
0.86385 0.0085112
0.8642 0.007818
0.86455 0.0077255
0.8649 0.007818
0.86525 0.0084634
0.8656 0.0091122
0.86595 0.0100704
0.8663 0.0103961
0.86665 0.0103961
0.867 0.0088581
0.86735 0.0088581
0.8677 0.0093382999999999
0.86805 0.01393
0.8684 0.0146764
0.86875 0.015309
0.8691 0.0172967999999999
0.86945 0.0158110999999999
0.8698 0.0178112
0.87015 0.0159001
0.8705 0.0159001
0.87085 0.0159001
0.8712 0.0163227
0.87155 0.0171366
0.8719 0.0216831
0.87225 0.0240402
0.8726 0.0240402
0.87295 0.0178710999999999
0.8733 0.0178710999999999
0.87365 0.0188114
0.874 0.0208785
0.87435 0.0219666
0.8747 0.0220535
0.87505 0.0219666
0.8754 0.0225659
0.87575 0.0159641
0.8761 0.0213601
0.87645 0.016981
0.8768 0.016981
0.87715 0.0149936
0.8775 0.0112453
0.87785 0.0112453
0.8782 0.0107832
0.87855 0.0107832
0.8789 0.0131494
0.87925 0.0131494
0.8796 0.0058723
0.87995 0.0050953999999999
0.8803 0.0050639
0.88065 0.0047721
0.881 0.0037876999999999
0.88135 0.0036218
0.8817 0.0027446
0.88205 0.0019916
0.8824 0.0012842
0.88275 0.0012842
0.8831 0.0012842
0.88345 0.001277
0.8838 0.0012583
0.88415 0.001277
0.8845 0.0015472
0.88485 0.001787
0.8852 0.0020315999999999
0.88555 0.0020315999999999
0.8859 0.00186
0.88625 0.0014729
0.8866 0.0008571
0.88695 0.0007553999999999
0.8873 0.0007553999999999
0.88765 0.0007553999999999
0.888 0.0008302999999999
0.88835 0.0009085
0.8887 0.0011440999999999
0.88905 0.0009085
0.8894 0.0012167999999999
0.88975 0.0012532
0.8901 0.0014306
0.89045 0.0013449
0.8908 0.0013449
0.89115 0.0013365
0.8915 0.0013365
0.89185 0.0011706
0.8922 0.0013767999999999
0.89255 0.0013767999999999
0.8929 0.0014187
0.89325 0.0014187
0.8936 0.0013436
0.89395 0.0012607
0.8943 0.001233
0.89465 0.001233
0.895 0.001233
0.89535 0.001174
0.8957 0.001174
0.89605 0.0012759
0.8964 0.0013833
0.89675 0.0016597
0.8971 0.0016597
0.89745 0.0017160999999999
0.8978 0.0017160999999999
0.89815 0.0019355999999999
0.8985 0.0019355999999999
0.89885 0.0016487
0.8992 0.0007497
0.89955 0.0007497
0.8999 0.0006074
0.90025 0.0006074
0.9006 0.0006074
0.90095 0.001372
0.9013 0.0025656
0.90165 0.0031455
0.902 0.0031646
0.90235 0.0031455
0.9027 0.0031646
0.90305 0.0030129
0.9034 0.003572
0.90375 0.003572
0.9041 0.0040998999999999
0.90445 0.0048644
0.9048 0.007633
0.90515 0.007633
0.9055 0.0050462
0.90585 0.0050462
0.9062 0.0050462
0.90655 0.0062022
0.9069 0.0050266999999999
0.90725 0.0061381
0.9076 0.0061381
0.90795 0.0061381
0.9083 0.0063777999999999
0.90865 0.0036341
0.909 0.0067451
0.90935 0.0036341
0.9097 0.0037442
0.91005 0.0033707
0.9104 0.0033366
0.91075 0.0033366
0.9111 0.0035759999999999
0.91145 0.0037655
0.9118 0.0037655
0.91215 0.0037655
0.9125 0.0062067
0.91285 0.0062067
0.9132 0.0062067
0.91355 0.0041378
0.9139 0.0070468
0.91425 0.0021525
0.9146 0.0066476
0.91495 0.0034576999999999
0.9153 0.0038354
0.91565 0.0038354
0.916 0.0038354
0.91635 0.0050839
0.9167 0.0021534
0.91705 0.0022302
0.9174 0.0019121
0.91775 0.0019121
0.9181 0.0013884
0.91845 0.0013884
0.9188 0.0049713
0.91915 0.0049713
0.9195 0.0011457
0.91985 0.0011457
0.9202 0.0085084
0.92055 0.0085084
0.9209 0.0075246
0.92125 0.0048441
0.9216 0.0038125999999999
0.92195 0.0048441
0.9223 0.0052949
0.92265 0.0064069
0.923 0.0064069
0.92335 0.003836
0.9237 0.0030046
0.92405 0.003836
0.9244 0.0024274
0.92475 0.0071819
0.9251 0.0067095
0.92545 0.0067095
0.9258 0.0066997
0.92615 0.0035516999999999
0.9265 0.0035516999999999
0.92685 0.0035516999999999
0.9272 0.0030386
0.92755 0.0030386
0.9279 0.001698
0.92825 0.0039786
0.9286 0.0028425
0.92895 0.0046566
0.9293 0.0034095999999999
0.92965 0.0034095999999999
0.93 0.0008931
0.93035 0.0008931
0.9307 0.0006613
0.93105 0.0017654
0.9314 0.0012277
0.93175 0.0019684
0.9321 0.0020793
0.93245 0.0020793
0.9328 0.0025718
0.93315 0.0025756
0.9335 0.0025756
0.93385 0.00099
0.9342 0.0006908999999999
0.93455 0.0006835
0.9349 0.0006908999999999
0.93525 0.0006835
0.9356 0.0013435
0.93595 0.0017722999999999
0.9363 0.0020867
0.93665 0.0020867
0.937 0.0015907999999999
0.93735 0.0015907999999999
0.9377 0.0007062
0.93805 0.0007062
0.9384 0.0007062
0.93875 0.0026449
0.9391 0.0026449
0.93945 0.0027489999999999
0.9398 0.0016178
0.94015 0.0024457
0.9405 0.0009648999999999
0.94085 0.0024457
0.9412 0.0029281999999999
0.94155 0.0029481999999999
0.9419 0.0033211999999999
0.94225 0.0029481999999999
0.9426 0.0029399
0.94295 0.0005823
0.9433 0.0005823
0.94365 0.0008805
0.944 0.0008805
0.94435 0.0003078
0.9447 0.0003078
0.94505 0.0021142
0.9454 0.0021142
0.94575 0.0021142
0.9461 0.0013554
0.94645 0.0013554
0.9468 0.0013554
0.94715 0.0015054
0.9475 0.0015054
0.94785 0.0021601999999999
0.9482 0.0025189
0.94855 0.0025364
0.9489 0.0025189
0.94925 0.0005139999999999
0.9496 0.0005139999999999
0.94995 0.0006855
0.9503 0.001144
0.95065 0.0034975
0.951 0.0034975
0.95135 0.0015526
0.9517 0.0015526
0.95205 0.0017373
0.9524 0.0017373
0.95275 0.0010773
0.9531 0.0007748
0.95345 0.0007748
0.9538 0.0017428
0.95415 0.0022561
0.9545 0.0022561
0.95485 0.0022561
0.9552 0.001843
0.95555 0.002356
0.9559 0.002356
0.95625 0.002356
0.9566 0.0022721
0.95695 0.0008725
0.9573 0.0008725
0.95765 0.0036747
0.958 0.0036747
0.95835 0.0031303
0.9587 0.002815
0.95905 0.002815
0.9594 0.0009369999999999
0.95975 0.0009369999999999
0.9601 0.0025855
0.96045 0.0025855
0.9608 0.001969
0.96115 0.001969
0.9615 0.0023823
0.96185 0.0033148
0.9622 0.0023823
0.96255 0.0006997999999999
0.9629 0.0006997999999999
0.96325 0.0013516
0.9636 0.0013516
0.96395 0.0012772
0.9643 0.0012772
0.96465 0.0030142
0.965 0.0030142
0.96535 0.0020311
0.9657 0.0014644999999999
0.96605 0.0020311
0.9664 0.0014644999999999
0.96675 0.0010602
0.9671 0.0009232999999999
0.96745 0.0009232999999999
0.9678 0.0025237
0.96815 0.0025237
0.9685 0.002155
0.96885 0.0013804
0.9692 0.0013804
0.96955 0.0028851999999999
0.9699 0.0031002
0.97025 0.0031002
0.9706 0.0031002
0.97095 0.0030577
0.9713 0.0031069
0.97165 0.0031949
0.972 0.0031949
0.97235 0.0026823
0.9727 0.0021592
0.97305 0.0019965
0.9734 0.001312
0.97375 0.001312
0.9741 0.001312
0.97445 0.001352
0.9748 0.0021241
0.97515 0.0023109
0.9755 0.0026679
0.97585 0.0026679
0.9762 0.0019099
0.97655 0.0019099
0.9769 0.0025478
0.97725 0.0028243
0.9776 0.0028243
0.97795 0.0021417
0.9783 0.0011228
0.97865 0.0011228
0.979 0.0011228
0.97935 0.0016108
0.9797 0.0016428
0.98005 0.0017825
0.9804 0.0016428
0.98075 0.0016384
0.9811 0.0016384
0.98145 0.0019512
0.9818 0.0019512
0.98215 0.0017354
0.9825 0.0011947
0.98285 0.0009058
0.9832 0.0011947
0.98355 0.0016707999999999
0.9839 0.0017558
0.98425 0.0017563
0.9846 0.0017563
0.98495 0.0018372
0.9853 0.001342
0.98565 0.0012513
0.986 0.0012209
0.98635 0.0012513
0.9867 0.000921
0.98705 0.0010388
0.9874 0.0010388
0.98775 0.0010388
0.9881 0.0006572
0.98845 0.0003741
0.9888 0.0003741
0.98915 0.000615
0.9895 0.0013372
0.98985 0.0008753
0.9902 0.0014041
0.99055 0.0008753
0.9909 0.0014041
0.99125 0.0011854
0.9916 0.0013805999999999
0.99195 0.0011854
0.9923 0.0013805999999999
0.99265 0.0014213
0.993 0.0014828
0.99335 0.0014431
0.9937 0.0014828
0.99405 0.0014431
0.9944 0.0015038
0.99475 0.0012997
0.9951 0.0012997
0.99545 0.0012997
0.9958 0.0005754
0.99615 0.0014284
0.9965 0.0005754
0.99685 0.0014284
0.9972 0.0018166
0.99755 0.0018166
0.9979 0.0015788
0.99825 0.0012364
0.9986 0.0013896
0.99895 0.0011895999999999
0.9993 0.0011895999999999
