0.3 0.0011124
0.30035 0.001113
0.3007 0.0011137
0.30105 0.0011143
0.3014 0.001115
0.30175 0.0011157
0.3021 0.0011164
0.30245 0.0011171
0.3028 0.0011178
0.30315 0.0011186
0.3035 0.0011193
0.30385 0.0011201
0.3042 0.0011209
0.30455 0.0011217
0.3049 0.0011225
0.30525 0.0011232999999999
0.3056 0.0011242
0.30595 0.001125
0.3063 0.0011259
0.30665 0.0011267999999999
0.307 0.0011277
0.30735 0.0011286
0.3077 0.0011295
0.30805 0.0011305
0.3084 0.0011315
0.30875 0.0011324999999999
0.3091 0.0011335
0.30945 0.0011345
0.3098 0.0011355
0.31015 0.0011366
0.3105 0.0011376
0.31085 0.0011387
0.3112 0.0011398
0.31155 0.001141
0.3119 0.0011420999999999
0.31225 0.0011433
0.3126 0.0011445
0.31295 0.0011457
0.3133 0.0011469
0.31365 0.0011482
0.314 0.0011494
0.31435 0.0011507
0.3147 0.001152
0.31505 0.0011534
0.3154 0.0011547
0.31575 0.0011561
0.3161 0.0011575
0.31645 0.0011589
0.3168 0.0011603
0.31715 0.0011618
0.3175 0.0011633
0.31785 0.0011648
0.3182 0.0011663
0.31855 0.0011677999999999
0.3189 0.0011694
0.31925 0.001171
0.3196 0.0011726
0.31995 0.0011743
0.3203 0.0011759
0.32065 0.0011776
0.321 0.0011792999999999
0.32135 0.0011811
0.3217 0.0011828
0.32205 0.0011845999999999
0.3224 0.0011864
0.32275 0.0011883
0.3231 0.0011901
0.32345 0.001192
0.3238 0.0011939
0.32415 0.0011959
0.3245 0.0011978
0.32485 0.0011998
0.3252 0.0012019
0.32555 0.0012039
0.3259 0.001206
0.32625 0.0012081
0.3266 0.0012102
0.32695 0.0012124
0.3273 0.0012146
0.32765 0.0012167999999999
0.328 0.001219
0.32835 0.0012212999999999
0.3287 0.0012235999999999
0.32905 0.0012259
0.3294 0.0012282999999999
0.32975 0.0012305999999999
0.3301 0.0012331
0.33045 0.0012355
0.3308 0.001238
0.33115 0.0012404999999999
0.3315 0.001243
0.33185 0.0012456
0.3322 0.0012482
0.33255 0.0012507999999999
0.3329 0.0012535
0.33325 0.0012561
0.3336 0.0012589
0.33395 0.0012615999999999
0.3343 0.0012644
0.33465 0.0012672
0.335 0.0012699999999999
0.33535 0.0012729
0.3357 0.0012758
0.33605 0.0012788
0.3364 0.0012817
0.33675 0.0012847
0.3371 0.0012878
0.33745 0.0012908
0.3378 0.0012939
0.33815 0.001297
0.3385 0.0013002
0.33885 0.0013034
0.3392 0.0013066
0.33955 0.0013097999999999
0.3399 0.0013130999999999
0.34025 0.0013164
0.3406 0.0013198
0.34095 0.0013231
0.3413 0.0013265999999999
0.34165 0.00133
0.342 0.0013335
0.34235 0.0013369999999999
0.3427 0.0013406
0.34305 0.0013441
0.3434 0.0013478
0.34375 0.0013514
0.3441 0.0013551
0.34445 0.0013587999999999
0.3448 0.0013626
0.34515 0.0013664
0.3455 0.0013702
0.34585 0.0013741
0.3462 0.0013779999999999
0.34655 0.0013819
0.3469 0.0013859
0.34725 0.0013899
0.3476 0.001394
0.34795 0.001398
0.3483 0.0014022
0.34865 0.0014062999999999
0.349 0.0014105
0.34935 0.0014147
0.3497 0.001419
0.35005 0.0014233
0.3504 0.0014276
0.35075 0.001432
0.3511 0.0014364
0.35145 0.0014408
0.3518 0.0014452999999999
0.35215 0.0014498
0.3525 0.0014544
0.35285 0.001459
0.3532 0.0014636
0.35355 0.0014683
0.3539 0.001473
0.35425 0.0014777
0.3546 0.0014824999999999
0.35495 0.0014873
0.3553 0.0014922
0.35565 0.0014971
0.356 0.0015019999999999
0.35635 0.001507
0.3567 0.0015119999999999
0.35705 0.001517
0.3574 0.0015220999999999
0.35775 0.0015272
0.3581 0.0015323
0.35845 0.0015375
0.3588 0.0015428
0.35915 0.0015481
0.3595 0.0015532999999999
0.35985 0.0015586999999999
0.3602 0.0015641
0.36055 0.0015695
0.3609 0.001575
0.36125 0.0015804999999999
0.3616 0.001586
0.36195 0.0015915999999999
0.3623 0.0015972
0.36265 0.0016029
0.363 0.0016087
0.36335 0.0016145
0.3637 0.0016202999999999
0.36405 0.0016261
0.3644 0.001632
0.36475 0.001638
0.3651 0.0016439
0.36545 0.00165
0.3658 0.001656
0.36615 0.0016621
0.3665 0.0016683
0.36685 0.0016744
0.3672 0.0016805999999999
0.36755 0.0016869
0.3679 0.0016932
0.36825 0.0016995
0.3686 0.0017059
0.36895 0.0017123
0.3693 0.0017187
0.36965 0.0017251999999999
0.37 0.0017317999999999
0.37035 0.0017383
0.3707 0.0017449
0.37105 0.0017515999999999
0.3714 0.0017582999999999
0.37175 0.0017649999999999
0.3721 0.0017718
0.37245 0.0017785999999999
0.3728 0.0017854
0.37315 0.0017923
0.3735 0.0017992
0.37385 0.0018062
0.3742 0.0018132
0.37455 0.0018202
0.3749 0.0018273
0.37525 0.0018345
0.3756 0.0018414999999999
0.37595 0.0018488
0.3763 0.0018559999999999
0.37665 0.0018632999999999
0.377 0.0018706
0.37735 0.001878
0.3777 0.0018854
0.37805 0.0018928
0.3784 0.0019003
0.37875 0.0019077999999999
0.3791 0.0019154
0.37945 0.0019228
0.3798 0.0019305999999999
0.38015 0.0019382
0.3805 0.001946
0.38085 0.0019537
0.3812 0.0019614999999999
0.38155 0.0019693
0.3819 0.0019772
0.38225 0.001985
0.3826 0.001993
0.38295 0.002001
0.3833 0.002009
0.38365 0.0020171
0.384 0.0020252
0.38435 0.0020333
0.3847 0.0020415
0.38505 0.0020497
0.3854 0.0020579
0.38575 0.0020662
0.3861 0.0020745
0.38645 0.0020829
0.3868 0.0020913
0.38715 0.0020997
0.3875 0.0021081
0.38785 0.0021165
0.3882 0.0021249
0.38855 0.0021334
0.3889 0.0021419
0.38925 0.0021504
0.3896 0.002159
0.38995 0.0021676
0.3903 0.0021763
0.39065 0.002185
0.391 0.0021937
0.39135 0.0022024
0.3917 0.0022112
0.39205 0.0022199999999999
0.3924 0.0022289
0.39275 0.0022378
0.3931 0.0022467
0.39345 0.0022557
0.3938 0.0022646999999999
0.39415 0.0022737
0.3945 0.0022828
0.39485 0.0022919
0.3952 0.002301
0.39555 0.0023101999999999
0.3959 0.0023194
0.39625 0.0023285999999999
0.3966 0.0023379
0.39695 0.0023472
0.3973 0.0023565
0.39765 0.0023659
0.398 0.0023753
0.39835 0.0023848
0.3987 0.0023943
0.39905 0.0024038
0.3994 0.0024133
0.39975 0.0024229
0.4001 0.0024324999999999
0.40045 0.0024422
0.4008 0.0024518
0.40115 0.0024614
0.4015 0.0024713
0.40185 0.0024811
0.4022 0.0024908
0.40255 0.0025007
0.4029 0.0025106
0.40325 0.0025204999999999
0.4036 0.0025304
0.40395 0.0025403
0.4043 0.0025503
0.40465 0.0025604
0.405 0.0025704
0.40535 0.0025805
0.4057 0.0025905
0.40605 0.0026004
0.4064 0.0026104
0.40675 0.0026206999999999
0.4071 0.0026311
0.40745 0.0026416
0.4078 0.0026519
0.40815 0.0026623
0.4085 0.0026726999999999
0.40885 0.0026831
0.4092 0.0026937
0.40955 0.0027042
0.4099 0.0027147
0.41025 0.0027252
0.4106 0.0027359
0.41095 0.0027465
0.4113 0.0027572
0.41165 0.002768
0.412 0.0027786
0.41235 0.0027894
0.4127 0.0028002
0.41305 0.002811
0.4134 0.0028218
0.41375 0.0028326999999999
0.4141 0.0028437
0.41445 0.0028546
0.4148 0.0028655
0.41515 0.0028765
0.4155 0.0028875
0.41585 0.0028984
0.4162 0.0029093
0.41655 0.0029206999999999
0.4169 0.0029319
0.41725 0.0029428
0.4176 0.0029541999999999
0.41795 0.0029652
0.4183 0.0029768
0.41865 0.0029879
0.419 0.0029989
0.41935 0.00301
0.4197 0.0030214
0.42005 0.0030325
0.4204 0.0030441
0.42075 0.0030558
0.4211 0.0030674
0.42145 0.0030789999999999
0.4218 0.0030905999999999
0.42215 0.003102
0.4225 0.0031136999999999
0.42285 0.0031253
0.4232 0.0031369
0.42355 0.0031483
0.4239 0.0031596999999999
0.42425 0.0031717
0.4246 0.0031836
0.42495 0.0031951999999999
0.4253 0.0032070999999999
0.42565 0.0032189
0.426 0.0032304
0.42635 0.0032423
0.4267 0.0032545
0.42705 0.0032663
0.4274 0.0032784999999999
0.42775 0.0032904
0.4281 0.0033025
0.42845 0.0033145
0.4288 0.0033263
0.42915 0.0033385999999999
0.4295 0.0033505
0.42985 0.0033626999999999
0.4302 0.0033749
0.43055 0.0033869
0.4309 0.0033994
0.43125 0.0034115
0.4316 0.0034235999999999
0.43195 0.003436
0.4323 0.0034482
0.43265 0.0034603999999999
0.433 0.0034725999999999
0.43335 0.003485
0.4337 0.0034972
0.43405 0.0035095
0.4344 0.0035218
0.43475 0.0035343
0.4351 0.0035468
0.43545 0.0035591999999999
0.4358 0.0035716
0.43615 0.0035841
0.4365 0.0035961999999999
0.43685 0.0036086999999999
0.4372 0.0036213
0.43755 0.0036341
0.4379 0.003647
0.43825 0.0036599
0.4386 0.0036726999999999
0.43895 0.0036853
0.4393 0.0036976999999999
0.43965 0.0037094
0.44 0.0037205
0.44035 0.003731
0.4407 0.0037427
0.44105 0.0037551
0.4414 0.0037685
0.44175 0.0037811
0.4421 0.0037953
0.44245 0.0038097
0.4428 0.0038236
0.44315 0.0038379
0.4435 0.0038514
0.44385 0.0038645
0.4442 0.0038777
0.44455 0.0038909999999999
0.4449 0.0039043
0.44525 0.0039171
0.4456 0.0039298
0.44595 0.003943
0.4463 0.0039562
0.44665 0.0039691
0.447 0.0039822
0.44735 0.0039952
0.4477 0.0040083
0.44805 0.0040213
0.4484 0.0040345
0.44875 0.0040474
0.4491 0.0040606999999999
0.44945 0.0040738
0.4498 0.0040868
0.45015 0.0041
0.4505 0.0041131
0.45085 0.0041261
0.4512 0.0041392
0.45155 0.0041524
0.4519 0.0041655
0.45225 0.0041786
0.4526 0.0041921
0.45295 0.0042054
0.4533 0.0042181
0.45365 0.0042316
0.454 0.0042448
0.45435 0.0042576
0.4547 0.0042711
0.45505 0.0042843
0.4554 0.0042977
0.45575 0.004311
0.4561 0.0043241999999999
0.45645 0.0043373
0.4568 0.0043507
0.45715 0.0043635
0.4575 0.0043768999999999
0.45785 0.00439
0.4582 0.0044026
0.45855 0.004416
0.4589 0.0044286
0.45925 0.0044412
0.4596 0.0044542
0.45995 0.0044681
0.4603 0.0044831
0.46065 0.0044979
0.461 0.0045123
0.46135 0.0045258
0.4617 0.00454
0.46205 0.004554
0.4624 0.0045678
0.46275 0.0045815
0.4631 0.004595
0.46345 0.0046085
0.4638 0.0046221
0.46415 0.0046356999999999
0.4645 0.0046493
0.46485 0.0046628
0.4652 0.0046758999999999
0.46555 0.0046893
0.4659 0.0047028
0.46625 0.0047162
0.4666 0.0047298999999999
0.46695 0.0047434
0.4673 0.0047571
0.46765 0.0047707999999999
0.468 0.0047842
0.46835 0.0047978
0.4687 0.0048111
0.46905 0.0048247
0.4694 0.0048382
0.46975 0.004852
0.4701 0.0048655
0.47045 0.0048794
0.4708 0.0048933
0.47115 0.0049063
0.4715 0.0049202
0.47185 0.0049335
0.4722 0.0049469
0.47255 0.0049601
0.4729 0.0049744
0.47325 0.0049878
0.4736 0.0050018
0.47395 0.0050156
0.4743 0.0050288
0.47465 0.0050425
0.475 0.0050549
0.47535 0.0050696
0.4757 0.0050824
0.47605 0.0050967
0.4764 0.0051099
0.47675 0.0051231
0.4771 0.0051367
0.47745 0.0051496
0.4778 0.005163
0.47815 0.0051766
0.4785 0.0051898999999999
0.47885 0.0052028
0.4792 0.0052156
0.47955 0.0052281
0.4799 0.0052407
0.48025 0.0052531999999999
0.4806 0.0052657
0.48095 0.0052794
0.4813 0.0052918
0.48165 0.0053042
0.482 0.0053161
0.48235 0.0053294
0.4827 0.0053423
0.48305 0.0053549999999999
0.4834 0.0053663999999999
0.48375 0.0053803
0.4841 0.0053898
0.48445 0.005393
0.4848 0.0053935
0.48515 0.0053981
0.4855 0.0054088
0.48585 0.005421
0.4862 0.0054472
0.48655 0.0054613
0.4869 0.0054909999999999
0.48725 0.0055156
0.4876 0.0055337
0.48795 0.0055542
0.4883 0.0055725
0.48865 0.0055891
0.489 0.0056037
0.48935 0.0056181
0.4897 0.0056319
0.49005 0.0056471
0.4904 0.0056608999999999
0.49075 0.0056744
0.4911 0.0056886
0.49145 0.0057028
0.4918 0.0057168
0.49215 0.0057309
0.4925 0.0057443
0.49285 0.0057578999999999
0.4932 0.0057721
0.49355 0.0057865
0.4939 0.0058
0.49425 0.0058141
0.4946 0.005828
0.49495 0.0058417
0.4953 0.0058556999999999
0.49565 0.0058693999999999
0.496 0.0058832
0.49635 0.0058969999999999
0.4967 0.0059107
0.49705 0.0059243
0.4974 0.0059381
0.49775 0.0059518999999999
0.4981 0.0059655
0.49845 0.0059789
0.4988 0.0059923
0.49915 0.006006
0.4995 0.0060195
0.49985 0.0060332
0.50055 0.0060599
0.5009 0.0060731
0.50125 0.0060871
0.5016 0.0061005
0.50195 0.0061134
0.5023 0.0061266
0.50265 0.0061386
0.503 0.0061521
0.50335 0.0061645
0.5037 0.0061783
0.50405 0.0061918
0.5044 0.0062038
0.50475 0.0062183
0.5051 0.0062311
0.50545 0.0062434
0.5058 0.006256
0.50615 0.0062689999999999
0.5065 0.0062823
0.50685 0.0062928
0.5072 0.0063051
0.50755 0.0063165
0.5079 0.0063273
0.50825 0.006338
0.5086 0.0063496
0.50895 0.0063631
0.5093 0.0063747
0.50965 0.0063866999999999
0.51 0.0063992
0.51035 0.0064116
0.5107 0.0064276
0.51105 0.006444
0.5114 0.0064614999999999
0.51175 0.0064742
0.5121 0.0064923
0.51245 0.0065093999999999
0.5128 0.0065257
0.51315 0.0065415
0.5135 0.0065563999999999
0.51385 0.0065712
0.5142 0.0065852
0.51455 0.0065982
0.5149 0.0066121
0.51525 0.0066254999999999
0.5156 0.006639
0.51595 0.0066518999999999
0.5163 0.0066649
0.51665 0.0066781
0.517 0.0066907
0.51735 0.0067037999999999
0.5177 0.0067161
0.51805 0.0067284999999999
0.5184 0.006741
0.51875 0.006753
0.5191 0.006765
0.51945 0.0067765
0.5198 0.0067883
0.52015 0.0068012
0.5205 0.0068136
0.52085 0.0068253
0.5212 0.0068369
0.52155 0.0068492
0.5219 0.0068613999999999
0.52225 0.0068741
0.5226 0.0068873
0.52295 0.0069001999999999
0.5233 0.0069128
0.52365 0.0069266999999999
0.524 0.0069413
0.52435 0.0069551999999999
0.5247 0.0069701
0.52505 0.0069843
0.5254 0.0069983
0.52575 0.0070117
0.5261 0.0070257
0.52645 0.00704
0.5268 0.0070531
0.52715 0.0070665999999999
0.5275 0.0070795
0.52785 0.0070925
0.5282 0.0071062
0.52855 0.0071192999999999
0.5289 0.0071318
0.52925 0.0071444999999999
0.5296 0.0071571
0.52995 0.0071701
0.5303 0.0071828999999999
0.53065 0.0071944
0.531 0.0072055999999999
0.53135 0.0072191
0.5317 0.0072299999999999
0.53205 0.0072405
0.5324 0.0072518999999999
0.53275 0.0072625
0.5331 0.0072728
0.53345 0.007284
0.5338 0.0072947
0.53415 0.0073076
0.5345 0.0073182
0.53485 0.0073274
0.5352 0.007336
0.53555 0.0073441
0.5359 0.0073497
0.53625 0.0073532
0.5366 0.0073576
0.53695 0.0073706999999999
0.5373 0.0073748
0.53765 0.0073748
0.538 0.0073748
0.53835 0.0073776
0.5387 0.0073828
0.53905 0.0073828
0.5394 0.0073850999999999
0.53975 0.0073858999999999
0.5401 0.0073858999999999
0.54045 0.0073722
0.5408 0.0073578
0.54115 0.0073369
0.5415 0.007314
0.54185 0.0072893999999999
0.5422 0.0072882999999999
0.54255 0.0072882999999999
0.5429 0.0072918
0.54325 0.0073066
0.5436 0.0073353
0.54395 0.0073847999999999
0.5443 0.0074391
0.54465 0.0075035
0.545 0.0075609
0.54535 0.0075723999999999
0.5457 0.0076261
0.54605 0.0076676999999999
0.5464 0.0077036999999999
0.54675 0.0077346
0.5471 0.0077604
0.54745 0.0077816999999999
0.5478 0.0078004999999999
0.54815 0.0078126
0.5485 0.0078294
0.54885 0.0078444
0.5492 0.0078583
0.54955 0.0078715
0.5499 0.0078852
0.55025 0.0078972
0.5506 0.0079098
0.55095 0.0079218
0.5513 0.0079338
0.55165 0.0079459
0.552 0.0079576
0.55235 0.0079696
0.5527 0.0079813
0.55305 0.0079925
0.5534 0.0080044
0.55375 0.0080165
0.5541 0.0080276
0.55445 0.0080388
0.5548 0.0080496
0.55515 0.0080611
0.5555 0.0080723
0.55585 0.0080834999999999
0.5562 0.0080955
0.55655 0.0081075
0.5569 0.0081191
0.55725 0.0081313999999999
0.5576 0.0081438
0.55795 0.0081562
0.5583 0.0081684
0.55865 0.0081801
0.559 0.0081925
0.55935 0.0082043
0.5597 0.0082172999999999
0.56005 0.0082292999999999
0.5604 0.0082413
0.56075 0.0082538
0.5611 0.0082655
0.56145 0.0082766
0.5618 0.0082878999999999
0.56215 0.0082995
0.5625 0.008311
0.56285 0.0083226
0.5632 0.008334
0.56355 0.0083444
0.5639 0.0083551
0.56425 0.0083657
0.5646 0.0083761
0.56495 0.0083876
0.5653 0.0083976
0.56565 0.0084057
0.566 0.0084139
0.56635 0.0084216
0.5667 0.0084298
0.56705 0.008438
0.5674 0.0084453999999999
0.56775 0.0084555999999999
0.5681 0.0084622
0.56845 0.0084698999999999
0.5688 0.0084786
0.56915 0.0084871
0.5695 0.0084956
0.56985 0.0085008
0.5702 0.0085087999999999
0.57055 0.0085198
0.5709 0.0085259
0.57125 0.0085323
0.5716 0.00854
0.57195 0.0085466
0.5723 0.0085524
0.57265 0.0085575
0.573 0.0085586
0.57335 0.0085694999999999
0.5737 0.0085696
0.57405 0.0085709
0.5744 0.0085709
0.57475 0.0085709999999999
0.5751 0.008574
0.57545 0.0085793
0.5758 0.0085887999999999
0.57615 0.0085987
0.5765 0.0086127999999999
0.57685 0.008631
0.5772 0.0086465
0.57755 0.0086598
0.5779 0.0086736
0.57825 0.0086917
0.5786 0.0087158
0.57895 0.0087265
0.5793 0.0087505
0.57965 0.0087714
0.58 0.0087931
0.58035 0.0088128999999999
0.5807 0.0088314999999999
0.58105 0.0088489
0.5814 0.0088647
0.58175 0.0088753
0.5821 0.0088911
0.58245 0.0089053
0.5828 0.0089188999999999
0.58315 0.0089322999999999
0.5835 0.0089451
0.58385 0.0089573999999999
0.5842 0.0089694
0.58455 0.0089802
0.5849 0.0089922
0.58525 0.0090036
0.5856 0.0090155
0.58595 0.0090264
0.5863 0.009037
0.58665 0.0090478
0.587 0.0090584999999999
0.58735 0.0090689999999999
0.5877 0.0090783
0.58805 0.0090897
0.5884 0.0090994
0.58875 0.0091083
0.5891 0.0091178
0.58945 0.009126
0.5898 0.0091327999999999
0.59015 0.009144
0.5905 0.0091519
0.59085 0.0091591
0.5912 0.009164
0.59155 0.0091703999999999
0.5919 0.0091761
0.59225 0.0091815
0.5926 0.0091841
0.59295 0.0091948
0.5933 0.0091983
0.59365 0.0092014
0.594 0.0092025
0.59435 0.0092025
0.5947 0.0092025
0.59505 0.0092066
0.5954 0.0092104
0.59575 0.0092193
0.5961 0.0092206
0.59645 0.0092301
0.5968 0.0092459999999999
0.59715 0.0092576
0.5975 0.0092658
0.59785 0.0092775
0.5982 0.0092901
0.59855 0.0093006
0.5989 0.0093134
0.59925 0.0093262
0.5996 0.0093397
0.59995 0.0093555
0.6003 0.0093708
0.60065 0.0093833
0.601 0.0093969
0.60135 0.0094068
0.6017 0.0094218
0.60205 0.0094367999999999
0.6024 0.0094504999999999
0.60275 0.0094633
0.6031 0.0094751
0.60345 0.009486
0.6038 0.0094962
0.60415 0.0095051
0.6045 0.0095137
0.60485 0.009522
0.6052 0.0095272999999999
0.60555 0.0095322
0.6059 0.009536
0.60625 0.0095366
0.6066 0.0095366
0.60695 0.0095453999999999
0.6073 0.0095453999999999
0.60765 0.009545
0.608 0.0095389
0.60835 0.0095318
0.6087 0.0095318
0.60905 0.0095377
0.6094 0.0095452
0.60975 0.0095538
0.6101 0.0095538
0.61045 0.0095529
0.6108 0.0095426
0.61115 0.0095272
0.6115 0.0094989999999999
0.61185 0.0094559
0.6122 0.009412
0.61255 0.0094037
0.6129 0.0093431
0.61325 0.0092457
0.6136 0.0091287
0.61395 0.0090435
0.6143 0.0089645
0.61465 0.0089015
0.615 0.0088834999999999
0.61535 0.008876
0.6157 0.0088552
0.61605 0.0087852
0.6164 0.008743
0.61675 0.0087117
0.6171 0.0086045
0.61745 0.0084031
0.6178 0.0082061
0.61815 0.008199
0.6185 0.0080491
0.61885 0.0079689
0.6192 0.0079396
0.61955 0.0079396
0.6199 0.0080125
0.62025 0.0081383
0.6206 0.0082776
0.62095 0.0082846
0.6213 0.0083651
0.62165 0.0084641
0.622 0.0086349999999999
0.62235 0.0088217
0.6227 0.0089701
0.62305 0.0091181
0.6234 0.0092711
0.62375 0.009279
0.6241 0.0094268999999999
0.62445 0.009548
0.6248 0.0096444999999999
0.62515 0.0097197999999999
0.6255 0.0097904
0.62585 0.0098555999999999
0.6262 0.0099062999999999
0.62655 0.0099145
0.6269 0.0099525
0.62725 0.0099817999999999
0.6276 0.0100077999999999
0.62795 0.0100383
0.6283 0.0100656
0.62865 0.0100848999999999
0.629 0.0100997999999999
0.62935 0.0101070999999999
0.6297 0.0101225
0.63005 0.0101367
0.6304 0.0101503999999999
0.63075 0.0101622999999999
0.6311 0.0101716
0.63145 0.0101807
0.6318 0.010189
0.63215 0.0101961
0.6325 0.0102058
0.63285 0.0102142
0.6332 0.0102215
0.63355 0.0102279
0.6339 0.0102345
0.63425 0.0102408999999999
0.6346 0.0102477
0.63495 0.0102545
0.6353 0.0102601
0.63565 0.0102654
0.636 0.0102697999999999
0.63635 0.0102737
0.6367 0.0102793
0.63705 0.0102841
0.6374 0.0102898
0.63775 0.0102977
0.6381 0.0103017999999999
0.63845 0.0103038
0.6388 0.0103053
0.63915 0.0103079
0.6395 0.0103122
0.63985 0.0103146
0.6402 0.0103166
0.64055 0.0103221
0.6409 0.0103221
0.64125 0.0103175
0.6416 0.0103174
0.64195 0.0103174
0.6423 0.0103174
0.64265 0.0103235
0.643 0.0103343
0.64335 0.010342
0.6437 0.0103539
0.64405 0.0103684
0.6444 0.0103826
0.64475 0.0103922999999999
0.6451 0.0103993
0.64545 0.0104051
0.6458 0.0104106
0.64615 0.0104163
0.6465 0.0104256
0.64685 0.0104376
0.6472 0.0104523
0.64755 0.0104565
0.6479 0.0104565
0.64825 0.0104499
0.6486 0.0104499
0.64895 0.0104512999999999
0.6493 0.0104514
0.64965 0.0104514
0.65 0.0104532
0.65035 0.0104562999999999
0.6507 0.0104606
0.65105 0.0104665
0.6514 0.0104789
0.65175 0.0104868
0.6521 0.0104949
0.65245 0.0105006
0.6528 0.0105006
0.65315 0.0104963
0.6535 0.0104897999999999
0.65385 0.0104804
0.6542 0.0104798
0.65455 0.0104796
0.6549 0.0104796
0.65525 0.0104783999999999
0.6556 0.0104643
0.65595 0.0104237
0.6563 0.0104237
0.65665 0.0104468
0.657 0.0104679
0.65735 0.0104748
0.6577 0.0104748
0.65805 0.0104676
0.6584 0.0104637999999999
0.65875 0.0104606
0.6591 0.010449
0.65945 0.010449
0.6598 0.0104604
0.66015 0.0104662
0.6605 0.010471
0.66085 0.010471
0.6612 0.0104652999999999
0.66155 0.0104529
0.6619 0.0104352
0.66225 0.0104112
0.6626 0.0103985
0.66295 0.0103929
0.6633 0.0103976
0.66365 0.0103965
0.664 0.0103965
0.66435 0.0103965
0.6647 0.0103943
0.66505 0.0103878999999999
0.6654 0.0103494
0.66575 0.0103439999999999
0.6661 0.0102964
0.66645 0.0102822
0.6668 0.0102822
0.66715 0.0103062
0.6675 0.0103133
0.66785 0.0103321
0.6682 0.0103646
0.66855 0.0103697999999999
0.6689 0.0103937999999999
0.66925 0.0104269999999999
0.6696 0.0104717999999999
0.66995 0.0105216
0.6703 0.0105717
0.67065 0.0106152
0.671 0.0106498
0.67135 0.010655
0.6717 0.0107002
0.67205 0.0107527
0.6724 0.0107947
0.67275 0.0108333
0.6731 0.0108622999999999
0.67345 0.0108868
0.6738 0.0109087
0.67415 0.0109142999999999
0.6745 0.0109327
0.67485 0.0109558
0.6752 0.0109816
0.67555 0.0110008
0.6759 0.0110137
0.67625 0.0110239999999999
0.6766 0.0110348999999999
0.67695 0.0110403
0.6773 0.0110509
0.67765 0.0110592
0.678 0.0110655
0.67835 0.0110689999999999
0.6787 0.0110689999999999
0.67905 0.0110613999999999
0.6794 0.0110543
0.67975 0.0110487
0.6801 0.0110409
0.68045 0.0110322
0.6808 0.0110286
0.68115 0.0110245
0.6815 0.0110058999999999
0.68185 0.0109677
0.6822 0.0109366
0.68255 0.0109313999999999
0.6829 0.0109366
0.68325 0.0109512999999999
0.6836 0.0109677
0.68395 0.0109784
0.6843 0.0110038
0.68465 0.0110248
0.685 0.0110295
0.68535 0.011035
0.6857 0.0110497
0.68605 0.0110648
0.6864 0.0110704
0.68675 0.0110829999999999
0.6871 0.0110829999999999
0.68745 0.0111352
0.6878 0.0111449
0.68815 0.0111449
0.6885 0.011145
0.68885 0.011145
0.6892 0.0111639
0.68955 0.0111921
0.6899 0.0112048
0.69025 0.0112067
0.6906 0.0112085
0.69095 0.0112136
0.6913 0.0112178
0.69165 0.011226
0.692 0.0112328999999999
0.69235 0.0112328999999999
0.6927 0.0112322
0.69305 0.0112315
0.6934 0.0112315
0.69375 0.011228
0.6941 0.011228
0.69445 0.0112212
0.6948 0.0112131
0.69515 0.0111887
0.6955 0.0111538
0.69585 0.0111069999999999
0.6962 0.0110755
0.69655 0.0110705
0.6969 0.0110143999999999
0.69725 0.0109695
0.6976 0.010954
0.69795 0.0109342
0.6983 0.0109001
0.69865 0.010842
0.699 0.0107516
0.69935 0.0107466
0.6997 0.0106266
0.70005 0.0105295
0.7004 0.0104683
0.70075 0.0104161
0.7011 0.0103281
0.70145 0.0102447
0.7018 0.0101816
0.70215 0.0101752
0.7025 0.0101816
0.70285 0.0102103
0.7032 0.0102892
0.70355 0.0102892
0.7039 0.0102805
0.70425 0.0102805
0.7046 0.0103147999999999
0.70495 0.0103188
0.7053 0.0105106
0.70565 0.0106705
0.706 0.010722
0.70635 0.0107246
0.7067 0.0107344
0.70705 0.0107917
0.7074 0.0108652
0.70775 0.0108715
0.7081 0.0109457
0.70845 0.0110041
0.7088 0.0110422999999999
0.70915 0.0110502999999999
0.7095 0.0110567
0.70985 0.0110848999999999
0.7102 0.0111473
0.71055 0.0111519
0.7109 0.0112173
0.71125 0.0112546
0.7116 0.0112546
0.71195 0.011245
0.7123 0.0112301
0.71265 0.0112301
0.713 0.0112655
0.71335 0.0112699
0.7137 0.0112997
0.71405 0.0112997
0.7144 0.0112713999999999
0.71475 0.0112115
0.7151 0.0111192
0.71545 0.0109719999999999
0.7158 0.0107742
0.71615 0.01077
0.7165 0.0105019
0.71685 0.0102212
0.7172 0.0098807999999999
0.71755 0.0095673999999999
0.7179 0.0092886
0.71825 0.0089906
0.7186 0.008812
0.71895 0.0088104
0.7193 0.0085444
0.71965 0.0081833
0.72 0.0078192
0.72035 0.0076354
0.7207 0.0075736999999999
0.72105 0.0074362
0.7214 0.0072378
0.72175 0.0072347999999999
0.7221 0.0071368
0.72245 0.0071171
0.7228 0.0069773
0.72315 0.0066843
0.7235 0.0063754
0.72385 0.0059825
0.7242 0.0055196
0.72455 0.0055195
0.7249 0.0047725
0.72525 0.0040405
0.7256 0.0036341
0.72595 0.0036341
0.7263 0.003613
0.72665 0.0034811
0.727 0.0030077
0.72735 0.0030071
0.7277 0.0030077
0.72805 0.0034083
0.7284 0.0040638
0.72875 0.0045228
0.7291 0.0047243
0.72945 0.0048828999999999
0.7298 0.005082
0.73015 0.0050828
0.7305 0.005496
0.73085 0.0060593
0.7312 0.0066122
0.73155 0.006992
0.7319 0.0072339
0.73225 0.0073496
0.7326 0.0074949
0.73295 0.0074982
0.7333 0.0077906
0.73365 0.0082118
0.734 0.0085277999999999
0.73435 0.0088115
0.7347 0.009093
0.73505 0.0092385
0.7354 0.0094617
0.73575 0.009464
0.7361 0.0098027999999999
0.73645 0.0099682
0.7368 0.0100012
0.73715 0.0101885
0.7375 0.0104305
0.73785 0.0105988
0.7382 0.0107647
0.73855 0.010767
0.7389 0.010936
0.73925 0.0110875
0.7396 0.0112287
0.73995 0.0113423999999999
0.7403 0.0114305
0.74065 0.0115227
0.741 0.0116148
0.74135 0.0116183
0.7417 0.0116694
0.74205 0.0117142999999999
0.7424 0.0117624
0.74275 0.0117929
0.7431 0.0118219
0.74345 0.0118532999999999
0.7438 0.011874
0.74415 0.0118779
0.7445 0.0118894
0.74485 0.0118973999999999
0.7452 0.0119032
0.74555 0.0119087
0.7459 0.0119155
0.74625 0.0119215
0.7466 0.0119232
0.74695 0.011925
0.7473 0.0119252999999999
0.74765 0.0119366
0.748 0.0119387
0.74835 0.0119406
0.7487 0.0119512
0.74905 0.0119547
0.7494 0.0119561
0.74975 0.0119547
0.7501 0.0119584
0.75045 0.0119613999999999
0.7508 0.011976
0.75115 0.0119855
0.7515 0.0119872
0.75185 0.0119872
0.7522 0.011984
0.75255 0.011984
0.7529 0.0119939
0.75325 0.0120121
0.7536 0.0120229
0.75395 0.0120229
0.7543 0.0120181
0.75465 0.0120145
0.755 0.0120145
0.75535 0.0120167
0.7557 0.0120167
0.75605 0.0120119
0.7564 0.0120031
0.75675 0.0119914
0.7571 0.0119806
0.75745 0.01197
0.7578 0.0119569
0.75815 0.0119536
0.7585 0.0119485
0.75885 0.0119397
0.7592 0.0119107
0.75955 0.0118262
0.7599 0.0117924
0.76025 0.0117592
0.7606 0.0117425
0.76095 0.0117425
0.7613 0.011771
0.76165 0.011771
0.762 0.011674
0.76235 0.0116277999999999
0.7627 0.0116076
0.76305 0.0115996
0.7634 0.0115996
0.76375 0.0115996
0.7641 0.0115857999999999
0.76445 0.0115427
0.7648 0.0115427
0.76515 0.0115442
0.7655 0.0115710999999999
0.76585 0.0115710999999999
0.7662 0.0115559
0.76655 0.0115533999999999
0.7669 0.0114841
0.76725 0.0114841
0.7676 0.0115414
0.76795 0.0116113
0.7683 0.0116113
0.76865 0.0115875
0.769 0.0115839
0.76935 0.0115839
0.7697 0.0116007
0.77005 0.0116007
0.7704 0.0115962
0.77075 0.0115625
0.7711 0.0115617999999999
0.77145 0.0115505
0.7718 0.0115494
0.77215 0.0115471
0.7725 0.0114709
0.77285 0.0113198
0.7732 0.0111793
0.77355 0.0111793
0.7739 0.0112022
0.77425 0.011271
0.7746 0.0112742
0.77495 0.0112742
0.7753 0.0112258
0.77565 0.0111381
0.776 0.0110682
0.77635 0.0110277999999999
0.7767 0.0110083
0.77705 0.010966
0.7774 0.0109086
0.77775 0.0109062999999999
0.7781 0.0108237
0.77845 0.0107432
0.7788 0.0106707
0.77915 0.0105822
0.7795 0.0104015
0.77985 0.0102002999999999
0.7802 0.0099514
0.78055 0.0099495
0.7809 0.0096782
0.78125 0.0095602
0.7816 0.0095144
0.78195 0.0094892999999999
0.7823 0.0094769
0.78265 0.0094364
0.783 0.0092881
0.78335 0.0092861
0.7837 0.0090295
0.78405 0.0090295
0.7844 0.0093379999999999
0.78475 0.0097682
0.7851 0.0098173
0.78545 0.0098173
0.7858 0.0097156
0.78615 0.0097156
0.7865 0.0097211
0.78685 0.0097909
0.7872 0.0098918
0.78755 0.0099761
0.7879 0.0100656
0.78825 0.0101444
0.7886 0.0101955
0.78895 0.0101975
0.7893 0.0102342999999999
0.78965 0.0102504
0.79 0.010273
0.79035 0.010273
0.7907 0.0102064
0.79105 0.0101377
0.7914 0.0099946
0.79175 0.0099926
0.7921 0.0098081
0.79245 0.0096052999999999
0.7928 0.0094264
0.79315 0.0094264
0.7935 0.00944
0.79385 0.00944
0.7942 0.0092429
0.79455 0.0092411
0.7949 0.0090682
0.79525 0.0089749
0.7956 0.0089749
0.79595 0.008998
0.7963 0.008998
0.79665 0.0089
0.797 0.0087812
0.79735 0.0087797
0.7977 0.0087812
0.79805 0.0087938999999999
0.7984 0.0088519999999999
0.79875 0.0088824
0.7991 0.0089072
0.79945 0.0090863
0.7998 0.0092518
0.80015 0.0092533999999999
0.8005 0.0092947999999999
0.80085 0.0094563999999999
0.8012 0.0094851
0.80155 0.0094851
0.8019 0.0094851
0.80225 0.009673
0.8026 0.0098304
0.80295 0.0098327
0.8033 0.0099432
0.80365 0.0100194999999999
0.804 0.0100437
0.80435 0.0100728
0.8047 0.0102227999999999
0.80505 0.0103223999999999
0.8054 0.0103815
0.80575 0.0103833
0.8061 0.0104789
0.80645 0.0106088
0.8068 0.0107556
0.80715 0.0108761
0.8075 0.0109236
0.80785 0.010956
0.8082 0.0110175
0.80855 0.0110175
0.8089 0.0110064
0.80925 0.0109999
0.8096 0.0109999
0.80995 0.0111049
0.8103 0.011144
0.81065 0.0111598999999999
0.811 0.0112372999999999
0.81135 0.0112407999999999
0.8117 0.0113832999999999
0.81205 0.0114883
0.8124 0.0115658
0.81275 0.011602
0.8131 0.0116407
0.81345 0.0117347
0.8138 0.0118037
0.81415 0.0118055
0.8145 0.011835
0.81485 0.0118389
0.8152 0.0118838
0.81555 0.011958
0.8159 0.0119814999999999
0.81625 0.0120483
0.8166 0.0120839
0.81695 0.0120933999999999
0.8173 0.0121167999999999
0.81765 0.0121307999999999
0.818 0.0121684
0.81835 0.0122069
0.8187 0.0122326
0.81905 0.0122394
0.8194 0.012249
0.81975 0.012251
0.8201 0.0122994
0.82045 0.012328
0.8208 0.0123441
0.82115 0.012356
0.8215 0.0123688999999999
0.82185 0.0123688999999999
0.8222 0.0123605
0.82255 0.0123605
0.8229 0.0123702999999999
0.82325 0.0124362999999999
0.8236 0.0124362999999999
0.82395 0.0124438
0.8243 0.012443
0.82465 0.012443
0.825 0.0124357
0.82535 0.0124335
0.8257 0.0124357
0.82605 0.0124375
0.8264 0.0124606
0.82675 0.012465
0.8271 0.012469
0.82745 0.012469
0.8278 0.01249
0.82815 0.0124903
0.8285 0.0124994
0.82885 0.0124997
0.8292 0.0125053
0.82955 0.012519
0.8299 0.01253
0.83025 0.0125364
0.8306 0.0125531
0.83095 0.0125562
0.8313 0.0125562
0.83165 0.0125519
0.832 0.0125444
0.83235 0.0125118
0.8327 0.012479
0.83305 0.012479
0.8334 0.01243
0.83375 0.0123949
0.8341 0.0123723
0.83445 0.0122782
0.8348 0.0121165
0.83515 0.0119296
0.8355 0.0117356
0.83585 0.0115361
0.8362 0.0113668
0.83655 0.0113633
0.8369 0.0111893999999999
0.83725 0.0110087
0.8376 0.0108211
0.83795 0.0105336
0.8383 0.0100837999999999
0.83865 0.0100454
0.839 0.0100454
0.83935 0.0100472
0.8397 0.0102948
0.84005 0.0102948
0.8404 0.0102071
0.84075 0.0098599999999999
0.8411 0.0094297
0.84145 0.0094297
0.8418 0.0094744
0.84215 0.0094764
0.8425 0.0100988
0.84285 0.0107283999999999
0.8432 0.0107283999999999
0.84355 0.0106973
0.8439 0.010435
0.84425 0.010435
0.8446 0.0106053
0.84495 0.0106332
0.8453 0.0109667
0.84565 0.0109667
0.846 0.0112458
0.84635 0.0114622999999999
0.8467 0.0114622999999999
0.84705 0.0114441
0.8474 0.0114251
0.84775 0.0114221
0.8481 0.0114251
0.84845 0.0113802
0.8488 0.0115292
0.84915 0.0117118
0.8495 0.0117118
0.84985 0.0116569999999999
0.8502 0.0115007
0.85055 0.011032
0.8509 0.011032
0.85125 0.011032
0.8516 0.0112322
0.85195 0.0110848999999999
0.8523 0.0110848999999999
0.85265 0.0108852
0.853 0.010589
0.85335 0.010549
0.8537 0.0103359
0.85405 0.0100993
0.8544 0.0098197
0.85475 0.0095555
0.8551 0.0095496
0.85545 0.0092717
0.8558 0.0091492
0.85615 0.0086886
0.8565 0.0086886
0.85685 0.0083791
0.8572 0.0078186
0.85755 0.0073826
0.8579 0.0063133
0.85825 0.0063133
0.8586 0.0063673
0.85895 0.0063673
0.8593 0.006176
0.85965 0.006121
0.86 0.0054332999999999
0.86035 0.0047582
0.8607 0.0045498
0.86105 0.0039455
0.8614 0.0036744
0.86175 0.0035481
0.8621 0.0031045
0.86245 0.0031045
0.8628 0.0030340999999999
0.86315 0.0030839
0.8635 0.0030353
0.86385 0.0030353
0.8642 0.0021168
0.86455 0.0021168
0.8649 0.0022613
0.86525 0.0033295
0.8656 0.0033365
0.86595 0.0038375
0.8663 0.0038375
0.86665 0.003834
0.867 0.0027225
0.86735 0.0027225
0.8677 0.0027884
0.86805 0.0034429
0.8684 0.004972
0.86875 0.0052686
0.8691 0.0060358
0.86945 0.0062504
0.8698 0.0065165
0.87015 0.0065165
0.8705 0.0065165
0.87085 0.0059778
0.8712 0.0047305
0.87155 0.0059778
0.8719 0.0060812
0.87225 0.0073694
0.8726 0.0064973
0.87295 0.0064973
0.8733 0.0064973
0.87365 0.0076019999999999
0.874 0.0076278
0.87435 0.0083121
0.8747 0.0083121
0.87505 0.0083121
0.8754 0.0087259
0.87575 0.0070316
0.8761 0.0070813
0.87645 0.0070813
0.8768 0.0070813
0.87715 0.0075557
0.8775 0.0057838
0.87785 0.0058593999999999
0.8782 0.0057838
0.87855 0.0058593999999999
0.8789 0.0070989999999999
0.87925 0.0070989999999999
0.8796 0.0019077999999999
0.87995 0.001431
0.8803 0.001526
0.88065 0.001431
0.881 0.0008067
0.88135 0.0007202
0.8817 0.0003685
0.88205 0.0001081
0.8824 1.77e-05
0.88275 1.77e-05
0.8831 1.77e-05
0.88345 1.7199999999999998e-05
0.8838 1.4800000000000002e-05
0.88415 1.7199999999999998e-05
0.8845 3.77e-05
0.88485 9.31e-05
0.8852 0.0001238
0.88555 0.0001238
0.8859 7.91e-05
0.88625 2.97e-05
0.8866 6.1e-06
0.88695 4.5e-06
0.8873 4.5e-06
0.88765 4.7e-06
0.888 6.3e-06
0.88835 6.3e-06
0.8887 1.15e-05
0.88905 4e-06
0.8894 1.23e-05
0.88975 1.4499999999999998e-05
0.8901 3.07e-05
0.89045 2.56e-05
0.8908 2.56e-05
0.89115 2.48e-05
0.8915 2.48e-05
0.89185 3.46e-05
0.8922 3.46e-05
0.89255 3.46e-05
0.8929 3.87e-05
0.89325 3.87e-05
0.8936 2.56e-05
0.89395 1.82e-05
0.8943 1.82e-05
0.89465 2.14e-05
0.895 2.14e-05
0.89535 1.26e-05
0.8957 1.26e-05
0.89605 2.4100000000000003e-05
0.8964 4.81e-05
0.89675 0.0001274999999999
0.8971 0.0001274999999999
0.89745 0.0001823
0.8978 0.0001318
0.89815 0.0001823
0.8985 0.0001512
0.89885 0.0001954
0.8992 0.0001512
0.89955 0.0001496999999999
0.8999 0.0001496999999999
0.90025 0.0005702999999999
0.9006 0.0008125
0.90095 0.0008411
0.9013 0.0010464
0.90165 0.0014276
0.902 0.0014276
0.90235 0.0018159
0.9027 0.0018807
0.90305 0.0018807
0.9034 0.002941
0.90375 0.0017631
0.9041 0.0030702
0.90445 0.0043832
0.9048 0.0046023999999999
0.90515 0.0047241
0.9055 0.0056078999999999
0.90585 0.0069019999999999
0.9062 0.0069019999999999
0.90655 0.0046498999999999
0.9069 0.0046498999999999
0.90725 0.0064893999999999
0.9076 0.0064893999999999
0.90795 0.0080368
0.9083 0.0032671999999999
0.90865 0.0086682
0.909 0.0080121
0.90935 0.0080121
0.9097 0.0041842
0.91005 0.0041842
0.9104 0.0089378
0.91075 0.0089378
0.9111 0.0092647
0.91145 0.0093058999999999
0.9118 0.0093058999999999
0.91215 0.0089807
0.9125 0.0085442
0.91285 0.0084748
0.9132 0.0084748
0.91355 0.0087467999999999
0.9139 0.00896
0.91425 0.0095681
0.9146 0.0096404
0.91495 0.0097905
0.9153 0.0097905
0.91565 0.0084751
0.916 0.0084751
0.91635 0.0074241
0.9167 0.0097722
0.91705 0.0099399
0.9174 0.0105706
0.91775 0.0105706
0.9181 0.0106852
0.91845 0.0107637
0.9188 0.0107637
0.91915 0.0108636
0.9195 0.010993
0.91985 0.010993
0.9202 0.0103496
0.92055 0.0099444
0.9209 0.0103496
0.92125 0.0099444
0.9216 0.0095287
0.92195 0.0066539
0.9223 0.0027949
0.92265 0.0066539
0.923 0.0108931
0.92335 0.0108931
0.9237 0.0110782
0.92405 0.0107102
0.9244 0.0107102
0.92475 0.0099712
0.9251 0.0099149
0.92545 0.0099712
0.9258 0.0088777
0.92615 0.0088777
0.9265 0.0088777
0.92685 0.004506
0.9272 0.011068
0.92755 0.011068
0.9279 0.011068
0.92825 0.0102705
0.9286 0.0102705
0.92895 0.0108556
0.9293 0.0108556
0.92965 0.0110437
0.93 0.010854
0.93035 0.0068973
0.9307 0.0051551
0.93105 0.0053291
0.9314 0.0053291
0.93175 0.0053291
0.9321 0.0053156
0.93245 0.0053156
0.9328 0.0118294
0.93315 0.0118294
0.9335 0.0090877
0.93385 0.0090877
0.9342 0.009631
0.93455 0.009631
0.9349 0.009631
0.93525 0.0081722
0.9356 0.0123464
0.93595 0.0105959
0.9363 0.0118002
0.93665 0.0105959
0.937 0.0118002
0.93735 0.0114208
0.9377 0.0114208
0.93805 0.0103352
0.9384 0.0040143
0.93875 0.0040143
0.9391 0.0100669
0.93945 0.0100669
0.9398 0.0089002999999999
0.94015 0.0089002999999999
0.9405 0.0088552
0.94085 0.0117693
0.9412 0.0114214
0.94155 0.0126126
0.9419 0.0125487
0.94225 0.0125487
0.9426 0.0123186
0.94295 0.0122665999999999
0.9433 0.0122057
0.94365 0.0122057
0.944 0.0122057
0.94435 0.0122264
0.9447 0.0122264
0.94505 0.0121905
0.9454 0.0121905
0.94575 0.0113515
0.9461 0.0122493
0.94645 0.0114282
0.9468 0.0114282
0.94715 0.0095054
0.9475 0.0095054
0.94785 0.0114489
0.9482 0.0118458
0.94855 0.0119032
0.9489 0.0118458
0.94925 0.0112824
0.9496 0.0112824
0.94995 0.0118591
0.9503 0.011866
0.95065 0.011866
0.951 0.011535
0.95135 0.0113967
0.9517 0.0113967
0.95205 0.0114542999999999
0.9524 0.0114547
0.95275 0.0114542999999999
0.9531 0.0120229
0.95345 0.0121765
0.9538 0.0121765
0.95415 0.012166
0.9545 0.0121587999999999
0.95485 0.0120638999999999
0.9552 0.0119916
0.95555 0.0118081
0.9559 0.0116756
0.95625 0.0116756
0.9566 0.0115403
0.95695 0.0115301
0.9573 0.0113697
0.95765 0.0113584
0.958 0.0113584
0.95835 0.0113584
0.9587 0.0112374
0.95905 0.0111177999999999
0.9594 0.0109088
0.95975 0.0109057999999999
0.9601 0.0107309
0.96045 0.0105209999999999
0.9608 0.0101596
0.96115 0.0096595
0.9615 0.009623
0.96185 0.0092326
0.9622 0.0087517999999999
0.96255 0.0087161
0.9629 0.0081377
0.96325 0.0075042
0.9636 0.0068236999999999
0.96395 0.0068089
0.9643 0.0067249
0.96465 0.0064603
0.965 0.005934
0.96535 0.0058938
0.9657 0.0055181
0.96605 0.0052108999999999
0.9664 0.0050692
0.96675 0.0050692
0.9671 0.0050006
0.96745 0.0042613
0.9678 0.0042613
0.96815 0.0053851
0.9685 0.0053851
0.96885 0.0050566
0.9692 0.0046496
0.96955 0.0045165
0.9699 0.0041553
0.97025 0.0032838
0.9706 0.0023563
0.97095 0.0022037
0.9713 0.0023563
0.97165 0.0029476999999999
0.972 0.0036368999999999
0.97235 0.0043164
0.9727 0.0046067
0.97305 0.0046067
0.9734 0.0042503
0.97375 0.0041151
0.9741 0.0040813
0.97445 0.0040813
0.9748 0.0042632
0.97515 0.0044692
0.9755 0.004601
0.97585 0.005325
0.9762 0.005325
0.97655 0.0048876
0.9769 0.0046805
0.97725 0.0046101
0.9776 0.0043286
0.97795 0.0043286
0.9783 0.0040979
0.97865 0.0032599
0.979 0.0032599
0.97935 0.004342
0.9797 0.004342
0.98005 0.0028964
0.9804 0.0021962
0.98075 0.0021962
0.9811 0.0021962
0.98145 0.0019344
0.9818 0.0019344
0.98215 0.0016899
0.9825 0.0015927
0.98285 6.900000000000001e-06
0.9832 0.0008183999999999
0.98355 0.0008183999999999
0.9839 0.000865
0.98425 0.0008936
0.9846 0.000865
0.98495 0.0010431
0.9853 6.809999999999999e-05
0.98565 0.0002821
0.986 3.3100000000000005e-05
0.98635 0.000225
0.9867 0.000215
0.98705 0.000215
0.9874 0.0001831
0.98775 0.0001831
0.9881 0.0001517
0.98845 3.6000000000000003e-06
0.9888 3.6000000000000003e-06
0.98915 6.8e-06
0.9895 0.000179
0.98985 4.68e-05
0.9902 0.0002661
0.99055 4.68e-05
0.9909 0.0002661
0.99125 0.0003171
0.9916 0.0003552
0.99195 0.0003552
0.9923 0.0004176999999999
0.99265 0.0006114
0.993 0.0006114
0.99335 0.0006034
0.9937 0.000465
0.99405 0.000465
0.9944 0.000591
0.99475 0.000591
0.9951 0.000172
0.99545 0.000172
0.9958 5.2e-06
0.99615 0.0002652
0.9965 1.1e-06
0.99685 0.0002652
0.9972 0.0005224
0.99755 0.0005224
0.9979 0.0008013
0.99825 0.0002793
0.9986 0.0004224999999999
0.99895 0.0003109
0.9993 0.0003109
