0.3 0.0473511999999999
0.30035 0.0473598999999999
0.3007 0.0473685
0.30105 0.0473769
0.3014 0.0473851999999999
0.30175 0.0473933
0.3021 0.0474012
0.30245 0.047409
0.3028 0.0474165999999999
0.30315 0.0474241
0.3035 0.0474314
0.30385 0.0474386
0.3042 0.0474454
0.30455 0.047452
0.3049 0.0474584
0.30525 0.0474647
0.3056 0.0474708
0.30595 0.0474768
0.3063 0.0474827
0.30665 0.0474884
0.307 0.0474939
0.30735 0.0474993
0.3077 0.0475046
0.30805 0.0475096999999999
0.3084 0.0475147
0.30875 0.0475195
0.3091 0.0475241
0.30945 0.0475287
0.3098 0.047533
0.31015 0.0475373
0.3105 0.0475413
0.31085 0.0475453
0.3112 0.0475491
0.31155 0.0475526999999999
0.3119 0.0475561999999999
0.31225 0.0475595
0.3126 0.0475626999999999
0.31295 0.0475656999999999
0.3133 0.0475685999999999
0.31365 0.0475713
0.314 0.0475739
0.31435 0.0475763
0.3147 0.0475786
0.31505 0.0475807
0.3154 0.0475828
0.31575 0.0475846
0.3161 0.0475864
0.31645 0.047588
0.3168 0.0475894
0.31715 0.0475908
0.3175 0.0475919
0.31785 0.047593
0.3182 0.0475939
0.31855 0.0475947
0.3189 0.0475953
0.31925 0.0475958
0.3196 0.0475962
0.31995 0.0475964
0.3203 0.0475965
0.32065 0.0475965
0.321 0.0475964
0.32135 0.0475961
0.3217 0.0475957
0.32205 0.0475950999999999
0.3224 0.0475944
0.32275 0.0475936
0.3231 0.0475926999999999
0.32345 0.0475916
0.3238 0.0475904
0.32415 0.0475890999999999
0.3245 0.0475876
0.32485 0.0475861
0.3252 0.0475844
0.32555 0.0475825999999999
0.3259 0.0475806
0.32625 0.0475785
0.3266 0.0475764
0.32695 0.047574
0.3273 0.0475716
0.32765 0.047569
0.328 0.0475664
0.32835 0.0475636
0.3287 0.0475607
0.32905 0.0475576
0.3294 0.0475545
0.32975 0.0475511
0.3301 0.0475474
0.33045 0.047544
0.3308 0.0475406
0.33115 0.047537
0.3315 0.0475330999999999
0.33185 0.0475292
0.3322 0.0475251
0.33255 0.0475209
0.3329 0.0475166
0.33325 0.0475122
0.3336 0.0475077
0.33395 0.0475031
0.3343 0.0474983
0.33465 0.0474935
0.335 0.0474884999999999
0.33535 0.0474835
0.3357 0.0474783
0.33605 0.047473
0.3364 0.0474676999999999
0.33675 0.0474621999999999
0.3371 0.0474567
0.33745 0.0474514
0.3378 0.0474459999999999
0.33815 0.0474406
0.3385 0.047435
0.33885 0.0474293
0.3392 0.0474235999999999
0.33955 0.0474176999999999
0.3399 0.0474118
0.34025 0.0474056999999999
0.3406 0.0473996
0.34095 0.0473933
0.3413 0.047387
0.34165 0.0473805999999999
0.342 0.0473740999999999
0.34235 0.0473675
0.3427 0.0473608
0.34305 0.047354
0.3434 0.0473471
0.34375 0.0473401
0.3441 0.0473330999999999
0.34445 0.0473259
0.3448 0.0473187
0.34515 0.0473113
0.3455 0.0473038999999999
0.34585 0.0472964
0.3462 0.0472889
0.34655 0.0472811999999999
0.3469 0.0472734
0.34725 0.0472656
0.3476 0.0472577
0.34795 0.0472497
0.3483 0.0472416
0.34865 0.0472334
0.349 0.0472251999999999
0.34935 0.0472169
0.3497 0.0472085
0.35005 0.0472
0.3504 0.0471914
0.35075 0.0471828
0.3511 0.047174
0.35145 0.0471653
0.3518 0.0471564
0.35215 0.0471474
0.3525 0.0471384
0.35285 0.0471293
0.3532 0.0471201
0.35355 0.0471109
0.3539 0.0471015999999999
0.35425 0.0470921999999999
0.3546 0.0470825999999999
0.35495 0.0470731
0.3553 0.0470635
0.35565 0.0470538
0.356 0.0470408
0.35635 0.0470335
0.3567 0.0470244
0.35705 0.047012
0.3574 0.0470038
0.35775 0.0469927
0.3581 0.0469808
0.35845 0.0469717
0.3588 0.0469599
0.35915 0.0469521
0.3595 0.0469376999999999
0.35985 0.0469237
0.3602 0.0469163
0.36055 0.0469032
0.3609 0.0468964
0.36125 0.0468875
0.3616 0.0468778
0.36195 0.0468679
0.3623 0.0468551
0.36265 0.0468445
0.363 0.0468330999999999
0.36335 0.0468214999999999
0.3637 0.0468095
0.36405 0.0467971
0.3644 0.0467859
0.36475 0.046774
0.3651 0.0467619
0.36545 0.0467497
0.3658 0.0467362
0.36615 0.0467249
0.3665 0.0467129
0.36685 0.0467002
0.3672 0.0466875999999999
0.36755 0.0466755
0.3679 0.0466624
0.36825 0.04665
0.3686 0.0466353
0.36895 0.0466249
0.3693 0.0466114
0.36965 0.0465988
0.37 0.046585
0.37035 0.0465711
0.3707 0.0465545
0.37105 0.0465431999999999
0.3714 0.0465337
0.37175 0.0465186999999999
0.3721 0.0465055
0.37245 0.0464925
0.3728 0.0464728
0.37315 0.0464664
0.3735 0.0464526
0.37385 0.046437
0.3742 0.0464264999999999
0.37455 0.0464105999999999
0.3749 0.0463883
0.37525 0.0463839
0.3756 0.0463569
0.37595 0.046352
0.3763 0.046335
0.37665 0.0463294
0.377 0.0463122
0.37735 0.0463003
0.3777 0.0462801999999999
0.37805 0.0462654999999999
0.3784 0.0462591
0.37875 0.0462368
0.3791 0.0462267
0.37945 0.0461949
0.3798 0.0461785
0.38015 0.0461785
0.3805 0.0461711999999999
0.38085 0.0461584
0.3812 0.0461457
0.38155 0.0461324
0.3819 0.0461093
0.38225 0.0460825999999999
0.3826 0.0460805
0.38295 0.046076
0.3833 0.046061
0.38365 0.046048
0.384 0.0460316
0.38435 0.0460207
0.3847 0.046006
0.38505 0.0459916999999999
0.3854 0.0459768
0.38575 0.0459625
0.3861 0.0459475
0.38645 0.0459323
0.3868 0.0459178
0.38715 0.045902
0.3875 0.0458884
0.38785 0.0458736999999999
0.3882 0.045861
0.38855 0.0458435
0.3889 0.0458278
0.38925 0.0458143
0.3896 0.0458028
0.38995 0.0457873
0.3903 0.0457688
0.39065 0.0457596
0.391 0.0457446999999999
0.39135 0.0457299
0.3917 0.0457104
0.39205 0.0456996
0.3924 0.0456851
0.39275 0.045658
0.3931 0.0456556
0.39345 0.045643
0.3938 0.0456269
0.39415 0.0456005
0.3945 0.0455973
0.39485 0.0455759
0.3952 0.0455574
0.39555 0.0455516
0.3959 0.0455274
0.39625 0.0455078
0.3966 0.0454999
0.39695 0.045494
0.3973 0.0454605
0.39765 0.0454602
0.398 0.0454419
0.39835 0.0454385
0.3987 0.0454177
0.39905 0.0454054
0.3994 0.0453887
0.39975 0.0453793
0.4001 0.0453634
0.40045 0.0453494
0.4008 0.0453291
0.40115 0.0453058
0.4015 0.0452941999999999
0.40185 0.045293
0.4022 0.0452594
0.40255 0.0452520999999999
0.4029 0.0452448
0.40325 0.0452334999999999
0.4036 0.0452114
0.40395 0.045202
0.4043 0.0451888
0.40465 0.0451731
0.405 0.045159
0.40535 0.0451468
0.4057 0.0451282
0.40605 0.0451077
0.4064 0.0450914
0.40675 0.0450789
0.4071 0.0450675
0.40745 0.0450568
0.4078 0.0450429
0.40815 0.0450285
0.4085 0.0450144
0.40885 0.0449845
0.4092 0.0449786
0.40955 0.0449694
0.4099 0.0449527
0.41025 0.044936
0.4106 0.0449218
0.41095 0.044907
0.4113 0.04489
0.41165 0.0448773
0.412 0.0448506
0.41235 0.0448448
0.4127 0.0448273
0.41305 0.0448093
0.4134 0.044778
0.41375 0.0447708
0.4141 0.0447661
0.41445 0.0447471
0.4148 0.0447189
0.41515 0.044688
0.4155 0.044674
0.41585 0.0446322
0.4162 0.0446322
0.41655 0.0446330999999999
0.4169 0.0446330999999999
0.41725 0.0445714
0.4176 0.0445529999999999
0.41795 0.0445714
0.4183 0.0445558
0.41865 0.0445558
0.419 0.0445309
0.41935 0.0444974
0.4197 0.0444636999999999
0.42005 0.0444533
0.4204 0.0444533
0.42075 0.0444556999999999
0.4211 0.0444556999999999
0.42145 0.0444409
0.4218 0.0444164
0.42215 0.0443820999999999
0.4225 0.0443746
0.42285 0.0443746
0.4232 0.04434
0.42355 0.0442788999999999
0.4239 0.044259
0.42425 0.044259
0.4246 0.044259
0.42495 0.0442621
0.4253 0.0442385
0.42565 0.0442385
0.426 0.0441433
0.42635 0.0441433
0.4267 0.0441468
0.42705 0.0441753
0.4274 0.0441473999999999
0.42775 0.0441473999999999
0.4281 0.0441421
0.42845 0.0441224
0.4288 0.0440889999999999
0.42915 0.0440648
0.4295 0.0440583
0.42985 0.0440495
0.4302 0.044039
0.43055 0.0440329999999999
0.4309 0.0440063
0.43125 0.0440046
0.4316 0.0439885
0.43195 0.0439871
0.4323 0.0439764
0.43265 0.0439628
0.433 0.0439446999999999
0.43335 0.043931
0.4337 0.0439068
0.43405 0.0438969
0.4344 0.0438741
0.43475 0.0438624
0.4351 0.0438516
0.43545 0.0438306999999999
0.4358 0.0438166
0.43615 0.0437978
0.4365 0.0437486999999999
0.43685 0.0437466
0.4372 0.0437351999999999
0.43755 0.0437301
0.4379 0.043713
0.43825 0.0437033
0.4386 0.043697
0.43895 0.0436627
0.4393 0.0436625
0.43965 0.0436246999999999
0.44 0.0435889
0.44035 0.0434945999999999
0.4407 0.0434691
0.44105 0.0434518
0.4414 0.0434472
0.44175 0.0434125999999999
0.4421 0.0434125999999999
0.44245 0.0434125999999999
0.4428 0.0434561
0.44315 0.0434651
0.4435 0.0434651
0.44385 0.0433828
0.4442 0.0433828
0.44455 0.0434106
0.4449 0.0434106
0.44525 0.0433679
0.4456 0.0433404
0.44595 0.0433404
0.4463 0.0433404
0.44665 0.0433462
0.447 0.0433261
0.44735 0.04332
0.4477 0.0433172
0.44805 0.0432969
0.4484 0.0432875
0.44875 0.0432746999999999
0.4491 0.0432715
0.44945 0.043257
0.4498 0.0432339
0.45015 0.0432231999999999
0.4505 0.043213
0.45085 0.0431824
0.4512 0.0431456
0.45155 0.0431258
0.4519 0.0431136999999999
0.45225 0.0431027
0.4526 0.043094
0.45295 0.043094
0.4533 0.0430730999999999
0.45365 0.0430531
0.454 0.0430531
0.45435 0.0430107
0.4547 0.0429864
0.45505 0.0429869
0.4554 0.0429864
0.45575 0.0429649999999999
0.4561 0.0429354
0.45645 0.0429354
0.4568 0.0429112
0.45715 0.0429028
0.4575 0.0428845
0.45785 0.0428845
0.4582 0.0428621999999999
0.45855 0.042855
0.4589 0.0428316
0.45925 0.0427921999999999
0.4596 0.0427884
0.45995 0.0427804
0.4603 0.0427804
0.46065 0.0427805999999999
0.461 0.0427805999999999
0.46135 0.0427688
0.4617 0.0427628
0.46205 0.0427508
0.4624 0.0427397
0.46275 0.0427306
0.4631 0.0427161
0.46345 0.0427014999999999
0.4638 0.0426892
0.46415 0.0426728
0.4645 0.0426547
0.46485 0.042643
0.4652 0.0426064
0.46555 0.0425962
0.4659 0.0425805
0.46625 0.0425416
0.4666 0.0425356999999999
0.46695 0.0425204999999999
0.4673 0.042513
0.46765 0.0424904
0.468 0.0424555999999999
0.46835 0.0424156
0.4687 0.0423275
0.46905 0.0423136
0.4694 0.0423136
0.46975 0.0423065
0.4701 0.0423141999999999
0.47045 0.0423562
0.4708 0.0423562
0.47115 0.0423329
0.4715 0.0422845
0.47185 0.0422845
0.4722 0.0422133
0.47255 0.0422133
0.4729 0.0422168
0.47325 0.0422419
0.4736 0.0422419
0.47395 0.0422419
0.4743 0.042246
0.47465 0.0421899
0.475 0.0422235
0.47535 0.0420994
0.4757 0.0422125999999999
0.47605 0.0421541
0.4764 0.0421541
0.47675 0.0421541
0.4771 0.0421256999999999
0.47745 0.0421444
0.4778 0.0421256999999999
0.47815 0.0421181
0.4785 0.0421049
0.47885 0.0420964999999999
0.4792 0.0420759
0.47955 0.0420571
0.4799 0.0420339999999999
0.48025 0.0420169
0.4806 0.041989
0.48095 0.0419855
0.4813 0.0419443
0.48165 0.0419404
0.482 0.0418874
0.48235 0.0418733
0.4827 0.0418679
0.48305 0.0418491999999999
0.4834 0.041774
0.48375 0.0417485
0.4841 0.041675
0.48445 0.041495
0.4848 0.0414674
0.48515 0.0414043
0.4855 0.0414043
0.48585 0.0414186
0.4862 0.0414311999999999
0.48655 0.0414934
0.4869 0.0415854
0.48725 0.0415854
0.4876 0.0415699999999999
0.48795 0.0415699999999999
0.4883 0.0416717
0.48865 0.0416717
0.489 0.0416918
0.48935 0.0415974
0.4897 0.0416918
0.49005 0.0416439
0.4904 0.0416439
0.49075 0.0416287
0.4911 0.0416287
0.49145 0.0416311999999999
0.4918 0.0416453
0.49215 0.0416311999999999
0.4925 0.0415894
0.49285 0.0415716
0.4932 0.0415716
0.49355 0.0415716
0.4939 0.0415826
0.49425 0.0415826
0.4946 0.0415826
0.49495 0.041579
0.4953 0.041556
0.49565 0.0415539
0.496 0.0415458
0.49635 0.0415315999999999
0.4967 0.0415278
0.49705 0.0415126999999999
0.4974 0.0414978
0.49775 0.0414837
0.4981 0.0414754
0.49845 0.0414476
0.4988 0.0414296
0.49915 0.0414205999999999
0.4995 0.0414106
0.49985 0.0413944
0.50055 0.0412926
0.5009 0.0412926
0.50125 0.0412806
0.5016 0.0412806
0.50195 0.0412535
0.5023 0.0412293
0.50265 0.0411017
0.503 0.0409687
0.50335 0.0409813
0.5037 0.0409813
0.50405 0.0409813
0.5044 0.0410688
0.50475 0.0411046999999999
0.5051 0.0411093
0.50545 0.0411046999999999
0.5058 0.0410267
0.50615 0.0410267
0.5065 0.040895
0.50685 0.0409152
0.5072 0.0409152
0.50755 0.0409358
0.5079 0.0409358
0.50825 0.0408992
0.5086 0.0408992
0.50895 0.0408992
0.5093 0.0408727
0.50965 0.0408373
0.51 0.0408373
0.51035 0.0408618
0.5107 0.0408811999999999
0.51105 0.040894
0.5114 0.040894
0.51175 0.040894
0.5121 0.0409139
0.51245 0.0409721
0.5128 0.0409721
0.51315 0.0409651
0.5135 0.0409651
0.51385 0.0409528
0.5142 0.0409528
0.51455 0.0409528
0.5149 0.0409459999999999
0.51525 0.0409782
0.5156 0.0409666
0.51595 0.0409666
0.5163 0.0409534
0.51665 0.0409404
0.517 0.0409397
0.51735 0.0409292
0.5177 0.0409231
0.51805 0.0409079
0.5184 0.0409049
0.51875 0.0408945
0.5191 0.0408829
0.51945 0.0408543
0.5198 0.0408474
0.52015 0.0408392
0.5205 0.040825
0.52085 0.0408112
0.5212 0.0407921999999999
0.52155 0.0407830999999999
0.5219 0.0407584999999999
0.52225 0.0407492
0.5226 0.0407217
0.52295 0.0407208
0.5233 0.0405889
0.52365 0.0405889
0.524 0.0405468
0.52435 0.0406411999999999
0.5247 0.0406411999999999
0.52505 0.0406565999999999
0.5254 0.0406579
0.52575 0.0406647
0.5261 0.0406647
0.52645 0.040658
0.5268 0.0405810999999999
0.52715 0.0405663999999999
0.5275 0.0405663999999999
0.52785 0.0405663999999999
0.5282 0.0405741
0.52855 0.0405741
0.5289 0.0405269
0.52925 0.0405151
0.5296 0.0404939
0.52995 0.0404939
0.5303 0.0404939
0.53065 0.040427
0.531 0.040427
0.53135 0.0404593
0.5317 0.0404593
0.53205 0.0404316
0.5324 0.040379
0.53275 0.0403776
0.5331 0.0403776
0.53345 0.0403603
0.5338 0.0403603
0.53415 0.0403494
0.5345 0.0403466
0.53485 0.0403061999999999
0.5352 0.0402569
0.53555 0.0402051999999999
0.5359 0.0401749
0.53625 0.0401464999999999
0.5366 0.0401032
0.53695 0.0400421
0.5373 0.0400421
0.53765 0.0399674
0.538 0.0399229
0.53835 0.0398731
0.5387 0.039819
0.53905 0.039772
0.5394 0.0396771999999999
0.53975 0.0396129
0.5401 0.0395893
0.54045 0.0394532
0.5408 0.039334
0.54115 0.039158
0.5415 0.0390978
0.54185 0.0389041
0.5422 0.0388241999999999
0.54255 0.0388118
0.5429 0.0388154999999999
0.54325 0.0388154999999999
0.5436 0.0388485
0.54395 0.0389551
0.5443 0.0391173
0.54465 0.0393412
0.545 0.0393945
0.54535 0.0394668
0.5457 0.0395979
0.54605 0.0395979
0.5464 0.0396911
0.54675 0.0397883
0.5471 0.0399042
0.54745 0.0399056999999999
0.5478 0.0399543
0.54815 0.0399718
0.5485 0.0399827
0.54885 0.0399948
0.5492 0.0399827
0.54955 0.0399948
0.5499 0.0399461
0.55025 0.0400062
0.5506 0.0400062
0.55095 0.0400062
0.5513 0.0400068
0.55165 0.0399487
0.552 0.0399815
0.55235 0.039962
0.5527 0.039962
0.55305 0.039962
0.5534 0.0399455
0.55375 0.0399455
0.5541 0.0399347
0.55445 0.0399168
0.5548 0.0399035
0.55515 0.0399035
0.5555 0.0399035
0.55585 0.0399144
0.5562 0.0398978
0.55655 0.0398978
0.5569 0.0398707
0.55725 0.0398707
0.5576 0.0398716
0.55795 0.0398716
0.5583 0.0398648
0.55865 0.0398591
0.559 0.0398312
0.55935 0.0398395999999999
0.5597 0.0398312
0.56005 0.0398189
0.5604 0.0398107
0.56075 0.0397939
0.5611 0.0397983
0.56145 0.0397926
0.5618 0.0397901
0.56215 0.0397635
0.5625 0.0397635
0.56285 0.0397635
0.5632 0.0397588
0.56355 0.0397133
0.5639 0.0397098
0.56425 0.0397010999999999
0.5646 0.0396746999999999
0.56495 0.0396746999999999
0.5653 0.0396633
0.56565 0.0396402
0.566 0.0395975
0.56635 0.0395329
0.5667 0.0395214
0.56705 0.0395175
0.5674 0.0395093
0.56775 0.0394686999999999
0.5681 0.0393603
0.56845 0.0393585
0.5688 0.0393253
0.56915 0.0393034
0.5695 0.0391814
0.56985 0.0392106999999999
0.5702 0.0392106999999999
0.57055 0.0393579
0.5709 0.0393579
0.57125 0.0392693
0.5716 0.0392551
0.57195 0.0392476
0.5723 0.0392476
0.57265 0.0392476
0.573 0.0392449
0.57335 0.0390895999999999
0.5737 0.0391195
0.57405 0.0390774
0.5744 0.0389611
0.57475 0.0389611
0.5751 0.0388139
0.57545 0.0390249
0.5758 0.0390241999999999
0.57615 0.0390241999999999
0.5765 0.0390039
0.57685 0.0389558
0.5772 0.0390039
0.57755 0.0390508
0.5779 0.0390866999999999
0.57825 0.0390974
0.5786 0.0391319
0.57895 0.0391688
0.5793 0.0391732
0.57965 0.0391923
0.58 0.0392099
0.58035 0.0392334
0.5807 0.0392533
0.58105 0.0392961999999999
0.5814 0.0392961999999999
0.58175 0.0393125
0.5821 0.0393001999999999
0.58245 0.0393001999999999
0.5828 0.0393001999999999
0.58315 0.0393013
0.5835 0.0393163
0.58385 0.0393163
0.5842 0.0393163
0.58455 0.0393188
0.5849 0.0393188
0.58525 0.039274
0.5856 0.039274
0.58595 0.039274
0.5863 0.0392482
0.58665 0.0392406999999999
0.587 0.0392138
0.58735 0.0392021
0.5877 0.0391541
0.58805 0.0390166999999999
0.5884 0.0390166999999999
0.58875 0.0390166999999999
0.5891 0.0390548
0.58945 0.0390548
0.5898 0.0388685999999999
0.59015 0.0388685999999999
0.5905 0.0390041
0.59085 0.0390041
0.5912 0.0389686999999999
0.59155 0.0389086
0.5919 0.0389088
0.59225 0.0389086
0.5926 0.0389088
0.59295 0.0389425
0.5933 0.0389425
0.59365 0.0388274
0.594 0.0387299
0.59435 0.0381851
0.5947 0.0381851
0.59505 0.0386735
0.5954 0.0386764999999999
0.59575 0.0386764999999999
0.5961 0.0386764999999999
0.59645 0.0386385999999999
0.5968 0.0387219
0.59715 0.0387219
0.5975 0.0387219
0.59785 0.03862
0.5982 0.03862
0.59855 0.0387105
0.5989 0.0387105
0.59925 0.0387105
0.5996 0.0387200999999999
0.59995 0.0387699
0.6003 0.0387699
0.60065 0.0386295
0.601 0.0386295
0.60135 0.0387808
0.6017 0.038831
0.60205 0.0388334
0.6024 0.0388764
0.60275 0.0388764
0.6031 0.0388906
0.60345 0.0389194
0.6038 0.0389194
0.60415 0.0389014
0.6045 0.0389014
0.60485 0.0388634
0.6052 0.0388815999999999
0.60555 0.0388634
0.6059 0.0388541
0.60625 0.0388149
0.6066 0.038811
0.60695 0.0387976
0.6073 0.0387871
0.60765 0.0387174
0.608 0.0387131
0.60835 0.0386469
0.6087 0.0386233
0.60905 0.0386041
0.6094 0.0385999
0.60975 0.0385895999999999
0.6101 0.0385875
0.61045 0.0385504
0.6108 0.0384778
0.61115 0.0384136
0.6115 0.0383023
0.61185 0.0381481
0.6122 0.0379698
0.61255 0.0379667
0.6129 0.0377394999999999
0.61325 0.0374433
0.6136 0.0370943
0.61395 0.0368329
0.6143 0.0365922
0.61465 0.0363944999999999
0.615 0.0363008
0.61535 0.0362949
0.6157 0.0361941
0.61605 0.0359789
0.6164 0.0358417
0.61675 0.035731
0.6171 0.0354164
0.61745 0.0348495
0.6178 0.0342761999999999
0.61815 0.03427
0.6185 0.033824
0.61885 0.0335846
0.6192 0.0334528
0.61955 0.0334528
0.6199 0.0336288
0.62025 0.0339408999999999
0.6206 0.0342819
0.62095 0.0342878
0.6213 0.0344709999999999
0.62165 0.0347096
0.622 0.0351381999999999
0.62235 0.0356075999999999
0.6227 0.0359756999999999
0.62305 0.0363430999999999
0.6234 0.0367087
0.62375 0.0367149
0.6241 0.0370864
0.62445 0.0373829
0.6248 0.0375890999999999
0.62515 0.0377819999999999
0.6255 0.0379477
0.62585 0.0380935
0.6262 0.0381853
0.62655 0.0381899999999999
0.6269 0.0382136999999999
0.62725 0.0382993
0.6276 0.0382993
0.62795 0.0383438
0.6283 0.0384274
0.62865 0.0384514
0.629 0.0384896
0.62935 0.038495
0.6297 0.0385139
0.63005 0.0385441
0.6304 0.0385689
0.63075 0.0385689
0.6311 0.0385168
0.63145 0.0385034
0.6318 0.0382938
0.63215 0.0382938
0.6325 0.0385049
0.63285 0.0385099
0.6332 0.0385199
0.63355 0.0385327
0.6339 0.0385323
0.63425 0.0385396999999999
0.6346 0.0385323
0.63495 0.0385002
0.6353 0.0385002
0.63565 0.0384659
0.636 0.0384572
0.63635 0.0384572
0.6367 0.0384004
0.63705 0.0384004
0.6374 0.0384004
0.63775 0.0383579
0.6381 0.0383783
0.63845 0.0383579
0.6388 0.0383573
0.63915 0.0383363
0.6395 0.0383363
0.63985 0.0383394
0.6402 0.0383464
0.64055 0.0383394
0.6409 0.0383226999999999
0.64125 0.0382879
0.6416 0.0382541
0.64195 0.0382385
0.6423 0.0382103
0.64265 0.0382385
0.643 0.0382094
0.64335 0.0382037
0.6437 0.0382029999999999
0.64405 0.0381931
0.6444 0.0381931
0.64475 0.0381931
0.6451 0.0381839
0.64545 0.0381753
0.6458 0.0380764
0.64615 0.0378175
0.6465 0.0378175
0.64685 0.0378628
0.6472 0.0380411
0.64755 0.0380411
0.6479 0.0379628
0.64825 0.037898
0.6486 0.0379283
0.64895 0.0378820999999999
0.6493 0.0379283
0.64965 0.0379591
0.65 0.0379591
0.65035 0.0379625
0.6507 0.0379375999999999
0.65105 0.0375941
0.6514 0.0375941
0.65175 0.0375941
0.6521 0.0377316999999999
0.65245 0.0379014
0.6528 0.0379014
0.65315 0.0378079
0.6535 0.0377886999999999
0.65385 0.0377545
0.6542 0.0374978
0.65455 0.0376777
0.6549 0.0376777
0.65525 0.0376777
0.6556 0.0375044
0.65595 0.0374452
0.6563 0.0374452
0.65665 0.0374745
0.657 0.0374874
0.65735 0.0374874
0.6577 0.0374874
0.65805 0.0374566999999999
0.6584 0.0374566999999999
0.65875 0.0373954
0.6591 0.0373836
0.65945 0.0373836
0.6598 0.0373441
0.66015 0.0373441
0.6605 0.0373834
0.66085 0.0373834
0.6612 0.0373021
0.66155 0.0372886999999999
0.6619 0.037235
0.66225 0.0371755999999999
0.6626 0.0371096999999999
0.66295 0.0371028
0.6633 0.0370638
0.66365 0.0370595
0.664 0.0370511
0.66435 0.0370438
0.6647 0.0370263
0.66505 0.0369859
0.6654 0.0368669
0.66575 0.0368514999999999
0.6661 0.0367236
0.66645 0.0366579
0.6668 0.0366579
0.66715 0.0366962
0.6675 0.0366991999999999
0.66785 0.0367298
0.6682 0.0367486
0.66855 0.0367935999999999
0.6689 0.0368279
0.66925 0.0368929
0.6696 0.036992
0.66995 0.0370992
0.6703 0.0371944
0.67065 0.0372881999999999
0.671 0.0372971999999999
0.67135 0.037363
0.6717 0.0374569
0.67205 0.0375611999999999
0.6724 0.0376149
0.67275 0.0377086
0.6731 0.037766
0.67345 0.0378327
0.6738 0.0378389
0.67415 0.0378679
0.6745 0.0378949
0.67485 0.037937
0.6752 0.0379959999999999
0.67555 0.0380077
0.6759 0.0380217
0.67625 0.0380394
0.6766 0.0380425999999999
0.67695 0.038053
0.6773 0.038053
0.67765 0.0380651
0.678 0.0380651
0.67835 0.0380211
0.6787 0.0380185
0.67905 0.0379748
0.6794 0.0379450999999999
0.67975 0.0379374
0.6801 0.037892
0.68045 0.0378571999999999
0.6808 0.0377929
0.68115 0.0377609
0.6815 0.03772
0.68185 0.0375989
0.6822 0.0375228
0.68255 0.0374945999999999
0.6829 0.0374945999999999
0.68325 0.0375185
0.6836 0.0375185
0.68395 0.037523
0.6843 0.0375254999999999
0.68465 0.0375654
0.685 0.0375929
0.68535 0.0376224
0.6857 0.0376388
0.68605 0.0376559
0.6864 0.0376559
0.68675 0.0375461
0.6871 0.0375461
0.68745 0.0377346999999999
0.6878 0.0377431
0.68815 0.0377431
0.6885 0.0377196999999999
0.68885 0.037694
0.6892 0.037694
0.68955 0.0375131
0.6899 0.0377666
0.69025 0.037742
0.6906 0.037745
0.69095 0.037742
0.6913 0.0377144
0.69165 0.0376955999999999
0.692 0.0376118
0.69235 0.0376112
0.6927 0.0375875
0.69305 0.0375544
0.6934 0.0374816
0.69375 0.037446
0.6941 0.037446
0.69445 0.037446
0.6948 0.0372911
0.69515 0.0372911
0.6955 0.0372569
0.69585 0.036998
0.6962 0.036998
0.69655 0.0370386
0.6969 0.0370386
0.69725 0.0368669
0.6976 0.0365806
0.69795 0.0366236999999999
0.6983 0.036502
0.69865 0.036502
0.699 0.036263
0.69935 0.0360993
0.6997 0.0359923
0.70005 0.0354190999999999
0.7004 0.0351818
0.70075 0.0351818
0.7011 0.0350286999999999
0.70145 0.0350286999999999
0.7018 0.0348238
0.70215 0.0347009999999999
0.7025 0.0347009999999999
0.70285 0.0347009999999999
0.7032 0.0350823
0.70355 0.0350823
0.7039 0.0349185
0.70425 0.0349185
0.7046 0.0350667
0.70495 0.0351015
0.7053 0.0352159
0.70565 0.0358679
0.706 0.0358679
0.70635 0.0359038999999999
0.7067 0.0359635
0.70705 0.0359635
0.7074 0.0361203
0.70775 0.0361941999999999
0.7081 0.0363179
0.70845 0.0364756
0.7088 0.0365064
0.70915 0.0364756
0.7095 0.0365932
0.70985 0.0366248
0.7102 0.0367681
0.71055 0.0367681
0.7109 0.0368093
0.71125 0.0368712
0.7116 0.0369377
0.71195 0.0369268
0.7123 0.0369268
0.71265 0.036905
0.713 0.036905
0.71335 0.0369226999999999
0.7137 0.0369577
0.71405 0.0369577
0.7144 0.0369046
0.71475 0.0366550999999999
0.7151 0.0365491
0.71545 0.0362039
0.7158 0.0357419
0.71615 0.0357045
0.7165 0.0350582
0.71685 0.0342824
0.7172 0.0334089
0.71755 0.0324010999999999
0.7179 0.0316673
0.71825 0.0315114
0.7186 0.0310218
0.71895 0.0303797
0.7193 0.029681
0.71965 0.029681
0.72 0.0284586
0.72035 0.0282653
0.7207 0.0280048
0.72105 0.0280048
0.7214 0.0275687
0.72175 0.0274837999999999
0.7221 0.0273082999999999
0.72245 0.0272055
0.7228 0.0269455999999999
0.72315 0.0262422
0.7235 0.024248
0.72385 0.0241719
0.7242 0.023239
0.72455 0.0226264
0.7249 0.0212470999999999
0.72525 0.0195269
0.7256 0.0183783
0.72595 0.0183783
0.7263 0.01824
0.72665 0.0174425
0.727 0.0165835999999999
0.72735 0.0165292
0.7277 0.0165292
0.72805 0.0177284
0.7284 0.0195391
0.72875 0.0207818
0.7291 0.0213037
0.72945 0.0216302999999999
0.7298 0.0221277
0.73015 0.022198
0.7305 0.0231199
0.73085 0.0246087
0.7312 0.025799
0.73155 0.0264563
0.7319 0.0266060999999999
0.73225 0.0272242
0.7326 0.0275992
0.73295 0.0276709999999999
0.7333 0.0281209999999999
0.73365 0.0295535
0.734 0.0302262
0.73435 0.0302802
0.7347 0.0313989
0.73505 0.0317115
0.7354 0.0322603
0.73575 0.0322603
0.7361 0.0322603
0.73645 0.0333138
0.7368 0.0333138
0.73715 0.0333749
0.7375 0.0343613
0.73785 0.0344643
0.7382 0.0348987
0.73855 0.0350643
0.7389 0.0351551
0.73925 0.0354046
0.7396 0.0360459
0.73995 0.0360821
0.7403 0.0363868
0.74065 0.0366344
0.741 0.0366786999999999
0.74135 0.0367952
0.7417 0.0368719
0.74205 0.0370080999999999
0.7424 0.0370509
0.74275 0.0370846
0.7431 0.0372056999999999
0.74345 0.0372572
0.7438 0.0372789
0.74415 0.0372824
0.7445 0.0372919
0.74485 0.0372919
0.7452 0.0372886
0.74555 0.0372886
0.7459 0.0372886
0.74625 0.0373013
0.7466 0.0372948
0.74695 0.0372948
0.7473 0.0372948
0.74765 0.0372685
0.748 0.0372809
0.74835 0.0372809
0.7487 0.0372809
0.74905 0.037277
0.7494 0.037276
0.74975 0.0372686
0.7501 0.0372491
0.75045 0.0372491
0.7508 0.0372634
0.75115 0.0372830999999999
0.7515 0.0372830999999999
0.75185 0.0372629
0.7522 0.0372392
0.75255 0.0372346
0.7529 0.0372346
0.75325 0.0372759
0.7536 0.0372759
0.75395 0.037269
0.7543 0.0372586
0.75465 0.0372328
0.755 0.0372227
0.75535 0.0372185
0.7557 0.0372056999999999
0.75605 0.037186
0.7564 0.0371588
0.75675 0.0371213
0.7571 0.0370904
0.75745 0.037021
0.7578 0.0369985
0.75815 0.0369962
0.7585 0.0369766
0.75885 0.0369337
0.7592 0.0368736999999999
0.75955 0.0366685
0.7599 0.0366041999999999
0.76025 0.0365243
0.7606 0.0364535
0.76095 0.0364535
0.7613 0.0365092
0.76165 0.0365092
0.762 0.0362898
0.76235 0.0361833
0.7627 0.0361327
0.76305 0.036092
0.7634 0.0360901999999999
0.76375 0.0360878
0.7641 0.0360448
0.76445 0.0359429
0.7648 0.0359268
0.76515 0.0359268
0.7655 0.0359716
0.76585 0.0359716
0.7662 0.0359200999999999
0.76655 0.0359161
0.7669 0.0357586
0.76725 0.0357586
0.7676 0.0358597
0.76795 0.0359899
0.7683 0.0359899
0.76865 0.0359282
0.769 0.0359073
0.76935 0.0359073
0.7697 0.035929
0.77005 0.035929
0.7704 0.0358998
0.77075 0.0358232
0.7711 0.0358024
0.77145 0.0357886999999999
0.7718 0.0357605
0.77215 0.0357599
0.7725 0.0355889999999999
0.77285 0.035269
0.7732 0.0349694
0.77355 0.0349694
0.7739 0.0349996
0.77425 0.0351303
0.7746 0.0351303
0.77495 0.0351219
0.7753 0.035013
0.77565 0.0348239
0.776 0.0346709
0.77635 0.0345778
0.7767 0.0345304
0.77705 0.0344342
0.7774 0.0343020999999999
0.77775 0.0342939
0.7781 0.0341103
0.77845 0.0339329
0.7788 0.0337737
0.77915 0.0335805999999999
0.7795 0.0331913
0.77985 0.0327718
0.7802 0.0322433
0.78055 0.0322379
0.7809 0.0316607
0.78125 0.0314010999999999
0.7816 0.0313007
0.78195 0.0312187999999999
0.7823 0.0311817
0.78265 0.0311105
0.783 0.0307875
0.78335 0.0307843
0.7837 0.0302245999999999
0.78405 0.0302245999999999
0.7844 0.0308620999999999
0.78475 0.0317216
0.7851 0.0318296
0.78545 0.0318296
0.7858 0.0316011
0.78615 0.0316008
0.7865 0.0316011
0.78685 0.0316838
0.7872 0.0318436
0.78755 0.0320971
0.7879 0.0321962
0.78825 0.032407
0.7886 0.0324575999999999
0.78895 0.0325185
0.7893 0.0325498
0.78965 0.0325884
0.79 0.0325884
0.79035 0.0325716999999999
0.7907 0.032488
0.79105 0.0322874
0.7914 0.0319904
0.79175 0.0319794
0.7921 0.0316310999999999
0.79245 0.0311995999999999
0.7928 0.0308324
0.79315 0.0308324
0.7935 0.0308401
0.79385 0.0308401
0.7942 0.0304200999999999
0.79455 0.0304145999999999
0.7949 0.0299466
0.79525 0.0298073
0.7956 0.0298073
0.79595 0.0294529
0.7963 0.0294529
0.79665 0.0293591
0.797 0.0292938
0.79735 0.0292938
0.7977 0.0292938
0.79805 0.029399
0.7984 0.0295093999999999
0.79875 0.0295339999999999
0.7991 0.0296129
0.79945 0.0299647
0.7998 0.0302434
0.80015 0.0302452
0.8005 0.0303808
0.80085 0.0306954
0.8012 0.0306954
0.80155 0.0307161
0.8019 0.0307161
0.80225 0.031032
0.8026 0.0312027
0.80295 0.0313973
0.8033 0.0313973
0.80365 0.0316304
0.804 0.0317599
0.80435 0.0318612
0.8047 0.0321384
0.80505 0.0323586
0.8054 0.0324613
0.80575 0.03247
0.8061 0.0324700999999999
0.80645 0.0327709999999999
0.8068 0.0330812
0.80715 0.0333615
0.8075 0.0333615
0.80785 0.0334979
0.8082 0.0336338
0.80855 0.0336338
0.8089 0.0336183
0.80925 0.0334818
0.8096 0.0334818
0.80995 0.0337491
0.8103 0.0338491999999999
0.81065 0.0338491999999999
0.811 0.0338765
0.81135 0.0340003
0.8117 0.0341546
0.81205 0.034279
0.8124 0.0344349
0.81275 0.0345616999999999
0.8131 0.0344349
0.81345 0.0347706
0.8138 0.0349248
0.81415 0.0349793
0.8145 0.0349793
0.81485 0.0335786
0.8152 0.0335786
0.81555 0.0349685
0.8159 0.0351023
0.81625 0.0351023
0.8166 0.0353135
0.81695 0.035272
0.8173 0.035368
0.81765 0.035272
0.818 0.035294
0.81835 0.035294
0.8187 0.035378
0.81905 0.0356473999999999
0.8194 0.0356473999999999
0.81975 0.0356473999999999
0.8201 0.0357390999999999
0.82045 0.035898
0.8208 0.035898
0.82115 0.0358685
0.8215 0.0358685
0.82185 0.0358685
0.8222 0.0357472
0.82255 0.0357385999999999
0.8229 0.0354142
0.82325 0.0340213
0.8236 0.0346398
0.82395 0.0346398
0.8243 0.0357911999999999
0.82465 0.0360496
0.825 0.0360891
0.82535 0.0360891
0.8257 0.0359383
0.82605 0.0359383
0.8264 0.0360667
0.82675 0.036077
0.8271 0.0360667
0.82745 0.0358565
0.8278 0.0353143
0.82815 0.0357639
0.8285 0.0357639
0.82885 0.0357639
0.8292 0.0359498
0.82955 0.0360018
0.8299 0.0360018
0.83025 0.0359698
0.8306 0.0359698
0.83095 0.0360316
0.8313 0.0360941
0.83165 0.0360316
0.832 0.0356365
0.83235 0.0356365
0.8327 0.0356918
0.83305 0.0359282
0.8334 0.0356918
0.83375 0.0356568
0.8341 0.0348164
0.83445 0.0348164
0.8348 0.0348164
0.83515 0.0346142
0.8355 0.0342296
0.83585 0.0342296
0.8362 0.033912
0.83655 0.0338971
0.8369 0.0335325
0.83725 0.0332347
0.8376 0.0323510999999999
0.83795 0.0321037
0.8383 0.0314217
0.83865 0.0313254
0.839 0.0313254
0.83935 0.0313455
0.8397 0.0317527
0.84005 0.0317527
0.8404 0.0316503
0.84075 0.0308286
0.8411 0.0300919
0.84145 0.0300919
0.8418 0.0301574
0.84215 0.0301705999999999
0.8425 0.0314159
0.84285 0.0326515999999999
0.8432 0.0326515999999999
0.84355 0.0325726
0.8439 0.0320353
0.84425 0.0320353
0.8446 0.0323322
0.84495 0.0324423
0.8453 0.0330071
0.84565 0.0332166
0.846 0.0336233
0.84635 0.034019
0.8467 0.034019
0.84705 0.0339950999999999
0.8474 0.0339405
0.84775 0.0339375
0.8481 0.0339405
0.84845 0.0336985
0.8488 0.0341341
0.84915 0.0343717
0.8495 0.0343717
0.84985 0.0343135
0.8502 0.0339054
0.85055 0.0331113
0.8509 0.0331113
0.85125 0.0331113
0.8516 0.0333826
0.85195 0.0331761
0.8523 0.0331761
0.85265 0.032677
0.853 0.0320426
0.85335 0.0319201
0.8537 0.0316552
0.85405 0.0312355
0.8544 0.0305373
0.85475 0.0301358
0.8551 0.0300801
0.85545 0.0290265
0.8558 0.0290265
0.85615 0.0285387999999999
0.8565 0.0280982
0.85685 0.0275973999999999
0.8572 0.0264403
0.85755 0.0254298
0.8579 0.022522
0.85825 0.022522
0.8586 0.022522
0.85895 0.0224724
0.8593 0.0224539
0.85965 0.0224525
0.86 0.0212686
0.86035 0.019903
0.8607 0.0190995
0.86105 0.0177392
0.8614 0.0170197999999999
0.86175 0.0164869
0.8621 0.0156723
0.86245 0.0156723
0.8628 0.0152748
0.86315 0.0153170999999999
0.8635 0.0151651
0.86385 0.0151651
0.8642 0.0138717
0.86455 0.0121613
0.8649 0.0138717
0.86525 0.0157219
0.8656 0.0160488
0.86595 0.0168903
0.8663 0.0177383
0.86665 0.0177383
0.867 0.0151071
0.86735 0.0151071
0.8677 0.0151176
0.86805 0.0190344
0.8684 0.0204062
0.86875 0.0212187
0.8691 0.0223926
0.86945 0.0230796
0.8698 0.0230796
0.87015 0.0230412
0.8705 0.0229516
0.87085 0.0211938
0.8712 0.0208275
0.87155 0.0211938
0.8719 0.0209257999999999
0.87225 0.0253837999999999
0.8726 0.0222513
0.87295 0.0222513
0.8733 0.0222513
0.87365 0.0240782
0.874 0.0259512
0.87435 0.0260744
0.8747 0.0260744
0.87505 0.0260744
0.8754 0.0270662
0.87575 0.0252254
0.8761 0.0252035999999999
0.87645 0.0252035999999999
0.8768 0.0252035999999999
0.87715 0.024556
0.8775 0.0193855
0.87785 0.0193855
0.8782 0.0181558
0.87855 0.0181558
0.8789 0.0237076
0.87925 0.0237076
0.8796 0.0134777
0.87995 0.0080858
0.8803 0.0108869
0.88065 0.0080858
0.881 0.0080789
0.88135 0.0074619
0.8817 0.0054808
0.88205 0.0030518
0.8824 0.0013335
0.88275 0.0012787
0.8831 0.0012787
0.88345 0.0012649
0.8838 0.0011847
0.88415 0.0012649
0.8845 0.0018749
0.88485 0.0027695999999999
0.8852 0.0031678
0.88555 0.0031678
0.8859 0.0026444
0.88625 0.0016694
0.8866 0.000545
0.88695 0.0003868
0.8873 0.0003868
0.88765 0.0004271
0.888 0.0006134
0.88835 0.0006134
0.8887 0.0009715
0.88905 0.0005534
0.8894 0.0012101
0.88975 0.001158
0.8901 0.0016186
0.89045 0.0015308
0.8908 0.0015308
0.89115 0.0014609
0.8915 0.0014609
0.89185 0.0019117
0.8922 0.0019117
0.89255 0.0018862
0.8929 0.001853
0.89325 0.001853
0.8936 0.0014962
0.89395 0.0012777
0.8943 0.0012777
0.89465 0.0014033
0.895 0.0014033
0.89535 0.0012335
0.8957 0.0012335
0.89605 0.0014857
0.8964 0.0020669
0.89675 0.0031761
0.8971 0.0031761
0.89745 0.0041563999999999
0.8978 0.0034882
0.89815 0.0041563999999999
0.8985 0.0035415999999999
0.89885 0.0039367
0.8992 0.0035415999999999
0.89955 0.0034241
0.8999 0.0034241
0.90025 0.0064583
0.9006 0.0074247
0.90095 0.0076607
0.9013 0.0085223
0.90165 0.0101083
0.902 0.0101083
0.90235 0.0101811
0.9027 0.0101811
0.90305 0.0129269
0.9034 0.0143429
0.90375 0.0129269
0.9041 0.0156906
0.90445 0.0180768
0.9048 0.0185541
0.90515 0.0185541
0.9055 0.0206207999999999
0.90585 0.0235872
0.9062 0.0235872
0.90655 0.0210921
0.9069 0.0210921
0.90725 0.0226514999999999
0.9076 0.0226514999999999
0.90795 0.0256841999999999
0.9083 0.0204168
0.90865 0.0256841999999999
0.909 0.0228708
0.90935 0.0228708
0.9097 0.0202234
0.91005 0.0202234
0.9104 0.0265786
0.91075 0.0266004
0.9111 0.0268345
0.91145 0.0278774999999999
0.9118 0.0278774999999999
0.91215 0.0269749
0.9125 0.0262457999999999
0.91285 0.0262457999999999
0.9132 0.0262457999999999
0.91355 0.0236014
0.9139 0.0277455999999999
0.91425 0.0283795
0.9146 0.0289827
0.91495 0.0289942999999999
0.9153 0.0289942999999999
0.91565 0.0275568
0.916 0.0275568
0.91635 0.0275217
0.9167 0.0280848
0.91705 0.028821
0.9174 0.0302989
0.91775 0.0302989
0.9181 0.0302989
0.91845 0.0304742
0.9188 0.0304742
0.91915 0.0301830999999999
0.9195 0.0295558
0.91985 0.0295558
0.9202 0.0295558
0.92055 0.0286344
0.9209 0.0300500999999999
0.92125 0.0286344
0.9216 0.0275645999999999
0.92195 0.0261502999999999
0.9223 0.0187121
0.92265 0.0261502999999999
0.923 0.0304408
0.92335 0.0304408
0.9237 0.0296029999999999
0.92405 0.0296029999999999
0.9244 0.0296029999999999
0.92475 0.0277113
0.9251 0.0270547
0.92545 0.0277113
0.9258 0.0283204
0.92615 0.0283204
0.9265 0.0283204
0.92685 0.0134644
0.9272 0.0295464
0.92755 0.0295464
0.9279 0.0295464
0.92825 0.0287557999999999
0.9286 0.0277440999999999
0.92895 0.0287557999999999
0.9293 0.0302175999999999
0.92965 0.0302175999999999
0.93 0.0295435
0.93035 0.0227309
0.9307 0.0190913
0.93105 0.0180987
0.9314 0.0180987
0.93175 0.0180987
0.9321 0.0240056
0.93245 0.0240056
0.9328 0.027877
0.93315 0.0284194
0.9335 0.0284194
0.93385 0.0233401
0.9342 0.0233401
0.93455 0.0233401
0.9349 0.0247001
0.93525 0.0218612
0.9356 0.0310485
0.93595 0.0260744
0.9363 0.0303675
0.93665 0.0286778
0.937 0.0286778
0.93735 0.0286778
0.9377 0.0283872
0.93805 0.0244127
0.9384 0.0224482
0.93875 0.0224482
0.9391 0.0282589999999999
0.93945 0.0290792
0.9398 0.0290792
0.94015 0.0290792
0.9405 0.0229542
0.94085 0.0313020999999999
0.9412 0.0301863
0.94155 0.03267
0.9419 0.03267
0.94225 0.0326844
0.9426 0.0326844
0.94295 0.0290502
0.9433 0.0290502
0.94365 0.0298389
0.944 0.0298389
0.94435 0.0298389
0.9447 0.0307787
0.94505 0.0307787
0.9454 0.0308816
0.94575 0.0308816
0.9461 0.0315814
0.94645 0.0315814
0.9468 0.0303303
0.94715 0.0258789
0.9475 0.0258789
0.94785 0.0295307
0.9482 0.0313146
0.94855 0.0317087999999999
0.9489 0.0313146
0.94925 0.0293986
0.9496 0.0293986
0.94995 0.0303978
0.9503 0.0307729
0.95065 0.0317557
0.951 0.0317557
0.95135 0.0306079
0.9517 0.0306079
0.95205 0.0308899999999999
0.9524 0.0309551
0.95275 0.0309551
0.9531 0.0309551
0.95345 0.0313899999999999
0.9538 0.032517
0.95415 0.0325769
0.9545 0.0325769
0.95485 0.0325769
0.9552 0.0310489
0.95555 0.0317301
0.9559 0.0317301
0.95625 0.0317301
0.9566 0.0313413
0.95695 0.0304267
0.9573 0.0304267
0.95765 0.03145
0.958 0.03145
0.95835 0.03145
0.9587 0.0310586
0.95905 0.0310586
0.9594 0.0295485999999999
0.95975 0.0295485999999999
0.9601 0.0299618
0.96045 0.0299618
0.9608 0.0287762
0.96115 0.028645
0.9615 0.028645
0.96185 0.0276912
0.9622 0.0268305
0.96255 0.0253677
0.9629 0.0246223
0.96325 0.0226612
0.9636 0.0227779
0.96395 0.0227779
0.9643 0.0227779
0.96465 0.0225209
0.965 0.0213668
0.96535 0.0211630999999999
0.9657 0.020534
0.96605 0.019785
0.9664 0.0194073
0.96675 0.0194073
0.9671 0.0188690999999999
0.96745 0.0187458
0.9678 0.0187458
0.96815 0.0201844
0.9685 0.0201844
0.96885 0.0194808
0.9692 0.0184515
0.96955 0.0183821
0.9699 0.0174249
0.97025 0.0151884
0.9706 0.0128773
0.97095 0.0124438999999999
0.9713 0.0128773
0.97165 0.0145116
0.972 0.0157983
0.97235 0.0177893
0.9727 0.0182103
0.97305 0.0182103
0.9734 0.017527
0.97375 0.0172009999999999
0.9741 0.0166411
0.97445 0.0172009999999999
0.9748 0.0176835999999999
0.97515 0.0176835999999999
0.9755 0.0182527
0.97585 0.0197682
0.9762 0.0197682
0.97655 0.0182454
0.9769 0.0176516
0.97725 0.0176516
0.9776 0.0167495
0.97795 0.0167495
0.9783 0.0145385
0.97865 0.0145385
0.979 0.0158048
0.97935 0.016512
0.9797 0.016512
0.98005 0.0110912
0.9804 0.0107844
0.98075 0.0107844
0.9811 0.0107844
0.98145 0.0103365
0.9818 0.0107351
0.98215 0.0103365
0.9825 0.0098946
0.98285 0.0022216
0.9832 0.0071296
0.98355 0.0069944
0.9839 0.0070385
0.98425 0.0070385
0.9846 0.0070385
0.98495 0.0080393999999999
0.9853 0.0018952
0.98565 0.0045511
0.986 0.002972
0.98635 0.0045511
0.9867 0.0042258
0.98705 0.0042258
0.9874 0.0039624
0.98775 0.0034324
0.9881 0.0034324
0.98845 0.0001638
0.9888 0.0001638
0.98915 0.0007187
0.9895 0.0033271999999999
0.98985 0.0017821999999999
0.9902 0.0036704999999999
0.99055 0.0017821999999999
0.9909 0.0036704999999999
0.99125 0.0037023
0.9916 0.0041607
0.99195 0.0041607
0.9923 0.0044081
0.99265 0.0053989
0.993 0.0059958999999999
0.99335 0.0059958999999999
0.9937 0.0051981
0.99405 0.0051981
0.9944 0.0052181
0.99475 0.0052181
0.9951 0.0029156
0.99545 0.0029156
0.9958 0.0002671
0.99615 0.0045138
0.9965 0.0002671
0.99685 0.0045216
0.9972 0.0045783
0.99755 0.0045783
0.9979 0.0057653
0.99825 0.0042067
0.9986 0.0042277
0.99895 0.003981
0.9993 0.0036024
