0.3 0.5988225
0.30035 0.5989543
0.3007 0.5990856999999999
0.30105 0.5992165
0.3014 0.5993468000000001
0.30175 0.5994765999999999
0.3021 0.5996060000000001
0.30245 0.5997348000000001
0.3028 0.5998631
0.30315 0.5999909999999999
0.3035 0.6001183000000001
0.30385 0.6002451999999999
0.3042 0.600366
0.30455 0.6004862
0.3049 0.6006060000000001
0.30525 0.6007254
0.3056 0.6008443
0.30595 0.6009628
0.3063 0.6010809
0.30665 0.6011986
0.307 0.6013158000000001
0.30735 0.6014326999999999
0.3077 0.6015491
0.30805 0.6016651
0.3084 0.6017807
0.30875 0.6018958999999999
0.3091 0.6020107
0.30945 0.6021251
0.3098 0.6022390999999999
0.31015 0.6023527
0.3105 0.6024658
0.31085 0.6025786
0.3112 0.602691
0.31155 0.6028029
0.3119 0.6029145
0.31225 0.6030264
0.3126 0.6031383000000001
0.31295 0.6032498000000001
0.3133 0.6033609000000001
0.31365 0.6034716
0.314 0.6035819
0.31435 0.6036919
0.3147 0.6038014
0.31505 0.6039106
0.3154 0.6040194000000001
0.31575 0.6041278
0.3161 0.6042358
0.31645 0.6043434
0.3168 0.6044507
0.31715 0.6045576
0.3175 0.6046640999999999
0.31785 0.6047701999999999
0.3182 0.604876
0.31855 0.6049813
0.3189 0.6050863000000001
0.31925 0.6051909000000001
0.3196 0.6052951999999999
0.31995 0.6053991
0.3203 0.6055026
0.32065 0.6056057
0.321 0.6057085
0.32135 0.6058108
0.3217 0.6059129
0.32205 0.6060145
0.3224 0.6061158
0.32275 0.6062166999999999
0.3231 0.6063173000000001
0.32345 0.6064175
0.3238 0.6065173
0.32415 0.6066166999999999
0.3245 0.6067158
0.32485 0.6068146
0.3252 0.6069129
0.32555 0.6070109
0.3259 0.6071085999999999
0.32625 0.6072058000000001
0.3266 0.6073026999999999
0.32695 0.6073993000000001
0.3273 0.6074955
0.32765 0.6075913000000001
0.328 0.6076868000000001
0.32835 0.6077818
0.3287 0.6078765
0.32905 0.6079708
0.3294 0.6080644000000001
0.32975 0.6081568
0.3301 0.608241
0.33045 0.6083356
0.3308 0.6084358
0.33115 0.6085293
0.3315 0.6086216
0.33185 0.6087134
0.3322 0.6088047
0.33255 0.6088956
0.3329 0.6089861999999999
0.33325 0.6090764
0.3336 0.6091661999999999
0.33395 0.6092557
0.3343 0.6093448
0.33465 0.6094335999999999
0.335 0.609522
0.33535 0.6096100999999999
0.3357 0.6096978
0.33605 0.6097852
0.3364 0.6098722
0.33675 0.6099589
0.3371 0.610045
0.33745 0.6101300999999999
0.3378 0.6102149
0.33815 0.6102991999999999
0.3385 0.6103831999999999
0.33885 0.6104669
0.3392 0.6105501
0.33955 0.610633
0.3399 0.6107156
0.34025 0.6107978000000001
0.3406 0.6108796
0.34095 0.6109611
0.3413 0.6110422
0.34165 0.6111229
0.342 0.6112033
0.34235 0.6112833000000001
0.3427 0.611363
0.34305 0.6114423000000001
0.3434 0.6115212
0.34375 0.6115998
0.3441 0.6116779999999999
0.34445 0.6117559
0.3448 0.6118334
0.34515 0.6119104999999999
0.3455 0.6119873
0.34585 0.6120638
0.3462 0.6121399000000001
0.34655 0.6122156
0.3469 0.612291
0.34725 0.612366
0.3476 0.6124407
0.34795 0.6125149999999999
0.3483 0.612589
0.34865 0.6126626000000001
0.349 0.6127358
0.34935 0.6128088
0.3497 0.6128813
0.35005 0.6129535
0.3504 0.6130253999999999
0.35075 0.6130969000000001
0.3511 0.6131681
0.35145 0.6132389
0.3518 0.6133094
0.35215 0.6133795
0.3525 0.6134493000000001
0.35285 0.6135187
0.3532 0.6135878
0.35355 0.6136564999999999
0.3539 0.6137249
0.35425 0.6137928
0.3546 0.6138566999999999
0.35495 0.6139241
0.3553 0.6139908000000001
0.35565 0.6140295
0.356 0.6140568000000001
0.35635 0.6141694000000001
0.3567 0.6142502
0.35705 0.6142556
0.3574 0.6143698000000001
0.35775 0.6144045
0.3581 0.6144175000000001
0.35845 0.6145130999999999
0.3588 0.6145338
0.35915 0.6146186
0.3595 0.6146186
0.35985 0.6146186
0.3602 0.6147215
0.36055 0.6147308000000001
0.3609 0.6148952
0.36125 0.6150069
0.3616 0.6150991
0.36195 0.6151875
0.3623 0.6152039
0.36265 0.6152933
0.363 0.6153585
0.36335 0.6154198000000001
0.3637 0.6154713
0.36405 0.6155143
0.3644 0.6155931
0.36475 0.6156526999999999
0.3651 0.6157077
0.36545 0.6157588
0.3658 0.6157773
0.36615 0.6158593000000001
0.3665 0.6159229
0.36685 0.6159659000000001
0.3672 0.6160133000000001
0.36755 0.6160778
0.3679 0.6161146
0.36825 0.6161649
0.3686 0.6161711
0.36895 0.6162831
0.3693 0.6163143
0.36965 0.6163693
0.37 0.6163947
0.37035 0.6163947
0.3707 0.6164159
0.37105 0.6164593
0.3714 0.6166071999999999
0.37175 0.6166113
0.3721 0.6166524
0.37245 0.6166524
0.3728 0.6167089
0.37315 0.6168170999999999
0.3735 0.616835
0.37385 0.6168515
0.3742 0.6169444000000001
0.37455 0.6169444000000001
0.3749 0.6169444000000001
0.37525 0.6167414999999999
0.3756 0.6170485
0.37595 0.6169601
0.3763 0.6171456
0.37665 0.6171828
0.377 0.6172347
0.37735 0.6171828
0.3777 0.6171708
0.37805 0.6171708
0.3784 0.6172338
0.37875 0.6173878
0.3791 0.6172338
0.37945 0.6173688
0.3798 0.617348
0.38015 0.6173688
0.3805 0.6175848
0.38085 0.6176651999999999
0.3812 0.6177511
0.38155 0.6177511
0.3819 0.6176108
0.38225 0.6176108
0.3826 0.6176894
0.38295 0.6180104999999999
0.3833 0.6180346999999999
0.38365 0.6181002
0.384 0.6181154999999999
0.38435 0.6182418000000001
0.3847 0.6182771
0.38505 0.6183236999999999
0.3854 0.6183561
0.38575 0.6184018
0.3861 0.6184316999999999
0.38645 0.618454
0.3868 0.618498
0.38715 0.6185027
0.3875 0.6185506
0.38785 0.6185687
0.3882 0.6185797
0.38855 0.6185797
0.3889 0.6185797
0.38925 0.6186225999999999
0.3896 0.6187262
0.38995 0.6187262
0.3903 0.6187262
0.39065 0.6188143
0.391 0.6188283
0.39135 0.6188283
0.3917 0.6188477
0.39205 0.6188632
0.3924 0.6188632
0.39275 0.6188893
0.3931 0.61893
0.39345 0.6189962
0.3938 0.6189962
0.39415 0.6189962
0.3945 0.6188716999999999
0.39485 0.6188716999999999
0.3952 0.6188716999999999
0.39555 0.6188188
0.3959 0.6188188
0.39625 0.6188188
0.3966 0.6189187
0.39695 0.6189187
0.3973 0.6191183000000001
0.39765 0.6190416999999999
0.398 0.6191183000000001
0.39835 0.6192386
0.3987 0.6193311
0.39905 0.6193006
0.3994 0.6193311
0.39975 0.6194668999999999
0.4001 0.619475
0.40045 0.6194668999999999
0.4008 0.6193808000000001
0.40115 0.6193808000000001
0.4015 0.6196050999999999
0.40185 0.6196050999999999
0.4022 0.6196193
0.40255 0.6196193
0.4029 0.6196480999999999
0.40325 0.6196480999999999
0.4036 0.6197646
0.40395 0.6197646
0.4043 0.619829
0.40465 0.619831
0.405 0.6198739999999999
0.40535 0.6199153000000001
0.4057 0.6199153000000001
0.40605 0.6198161999999999
0.4064 0.6198161999999999
0.40675 0.6198845000000001
0.4071 0.6199855
0.40745 0.6200955
0.4078 0.6201336999999999
0.40815 0.6201675
0.4085 0.6201675
0.40885 0.6202072
0.4092 0.6202651
0.40955 0.6202799
0.4099 0.6202799
0.41025 0.6202799
0.4106 0.6203098000000001
0.41095 0.6203098000000001
0.4113 0.620345
0.41165 0.6203046
0.412 0.6203806
0.41235 0.6203375
0.4127 0.6203375
0.41305 0.6202808000000001
0.4134 0.6200956
0.41375 0.6200956
0.4141 0.6203251000000001
0.41445 0.6203251000000001
0.4148 0.6199824
0.41515 0.6196147
0.4155 0.6195607
0.41585 0.6188904000000001
0.4162 0.6188904000000001
0.41655 0.6198066
0.4169 0.6198066
0.41725 0.6194121
0.4176 0.6184508000000001
0.41795 0.6194121
0.4183 0.6203249
0.41865 0.6203249
0.419 0.6200991
0.41935 0.6200654000000001
0.4197 0.6191988
0.42005 0.6197245
0.4204 0.6197245
0.42075 0.6205689999999999
0.4211 0.6206368
0.42145 0.6206368
0.4218 0.6203799
0.42215 0.6203021
0.4225 0.6203021
0.42285 0.6203021
0.4232 0.6200013000000001
0.42355 0.6187344
0.4239 0.6187344
0.42425 0.6190553000000001
0.4246 0.6190553000000001
0.42495 0.6197882
0.4253 0.6202285
0.42565 0.6202285
0.426 0.6183584
0.42635 0.6183584
0.4267 0.619425
0.42705 0.6202025999999999
0.4274 0.6203187
0.42775 0.6206086999999999
0.4281 0.6204973000000001
0.42845 0.6204973000000001
0.4288 0.6204400999999999
0.42915 0.6200300999999999
0.4295 0.6202201
0.42985 0.6202201
0.4302 0.6202201
0.43055 0.6203614000000001
0.4309 0.6207054
0.43125 0.6207054
0.4316 0.6207054
0.43195 0.6210932
0.4323 0.6212382
0.43265 0.6212382
0.433 0.6212880000000001
0.43335 0.6212371
0.4337 0.6212274
0.43405 0.6210635999999999
0.4344 0.6211237
0.43475 0.6211237
0.4351 0.6211237
0.43545 0.6211531
0.4358 0.6211071
0.43615 0.6210551999999999
0.4365 0.6205223000000001
0.43685 0.6205223000000001
0.4372 0.6206291
0.43755 0.6208128
0.4379 0.6208945
0.43825 0.620949
0.4386 0.620949
0.43895 0.6211091
0.4393 0.6206538
0.43965 0.6205672
0.44 0.6201606
0.44035 0.6186902
0.4407 0.6179489
0.44105 0.6181810999999999
0.4414 0.6179489
0.44175 0.6179385000000001
0.4421 0.6179385000000001
0.44245 0.6179385000000001
0.4428 0.6194313
0.44315 0.6206446999999999
0.4435 0.6206446999999999
0.44385 0.6187322
0.4442 0.6187322
0.44455 0.6206325
0.4449 0.6206325
0.44525 0.6199069
0.4456 0.6199069
0.44595 0.619957
0.4463 0.6203703
0.44665 0.6210305
0.447 0.6210071999999999
0.44735 0.6213307
0.4477 0.6210071999999999
0.44805 0.6213331999999999
0.4484 0.6213685
0.44875 0.6215745
0.4491 0.6216682
0.44945 0.6216682
0.4498 0.6215357
0.45015 0.6215357
0.4505 0.6215357
0.45085 0.6212094
0.4512 0.6205839
0.45155 0.6204996
0.4519 0.6204314000000001
0.45225 0.6204996
0.4526 0.6209848000000001
0.45295 0.6209848000000001
0.4533 0.6211374
0.45365 0.6212179
0.454 0.6212179
0.45435 0.6208441
0.4547 0.6205689999999999
0.45505 0.6208441
0.4554 0.6207526999999999
0.45575 0.6207526999999999
0.4561 0.6203308000000001
0.45645 0.6203308000000001
0.4568 0.6200671999999999
0.45715 0.6210515
0.4575 0.6209574000000001
0.45785 0.6209574000000001
0.4582 0.6209574000000001
0.45855 0.6207937
0.4589 0.6207798000000001
0.45925 0.6204552
0.4596 0.620272
0.45995 0.6204552
0.4603 0.6208338000000001
0.46065 0.6212758
0.461 0.6214274000000001
0.46135 0.6214788
0.4617 0.621639
0.46205 0.6216419
0.4624 0.6216904000000001
0.46275 0.6217866999999999
0.4631 0.6217866999999999
0.46345 0.6217866999999999
0.4638 0.6217559
0.46415 0.6217069000000001
0.4645 0.6216303000000001
0.46485 0.6215762
0.4652 0.6209939
0.46555 0.6209939
0.4659 0.620644
0.46625 0.6206195
0.4666 0.6203898
0.46695 0.6205236
0.4673 0.6203898
0.46765 0.6202397
0.468 0.6196305999999999
0.46835 0.6188619000000001
0.4687 0.6167667
0.46905 0.6167319
0.4694 0.6167319
0.46975 0.6174440999999999
0.4701 0.6175891
0.47045 0.6193097
0.4708 0.6193097
0.47115 0.6196974000000001
0.4715 0.6187151999999999
0.47185 0.6187151999999999
0.4722 0.617088
0.47255 0.617088
0.4729 0.6182211999999999
0.47325 0.6185898
0.4736 0.6192434
0.47395 0.6192434
0.4743 0.6204026999999999
0.47465 0.6184955
0.475 0.6204026999999999
0.47535 0.6173924
0.4757 0.6204654000000001
0.47605 0.6195929
0.4764 0.6195929
0.47675 0.6195929
0.4771 0.6198981
0.47745 0.6207312
0.4778 0.6200163000000001
0.47815 0.6207425999999999
0.4785 0.6205252
0.47885 0.6205252
0.4792 0.6203451
0.47955 0.620237
0.4799 0.6199962
0.48025 0.6199326000000001
0.4806 0.6197878000000001
0.48095 0.6195585
0.4813 0.6193649999999999
0.48165 0.6190561
0.482 0.618326
0.48235 0.618326
0.4827 0.6183784000000001
0.48305 0.6183784000000001
0.4834 0.6170648
0.48375 0.6160428000000001
0.4841 0.6149045999999999
0.48445 0.6121094
0.4848 0.6105147
0.48515 0.6105147
0.4855 0.6105147
0.48585 0.6113898
0.4862 0.6122465
0.48655 0.6137898
0.4869 0.6156357
0.48725 0.6156357
0.4876 0.6147600999999999
0.48795 0.6147600999999999
0.4883 0.6176359
0.48865 0.6176359
0.489 0.6189185
0.48935 0.6159925
0.4897 0.6189185
0.49005 0.6184797
0.4904 0.6184797
0.49075 0.6184797
0.4911 0.6187018
0.49145 0.6193871
0.4918 0.6194689999999999
0.49215 0.6193871
0.4925 0.618879
0.49285 0.618879
0.4932 0.619011
0.49355 0.619011
0.4939 0.6202449999999999
0.49425 0.6202449999999999
0.4946 0.6202449999999999
0.49495 0.6205973000000001
0.4953 0.6204768
0.49565 0.6210210999999999
0.496 0.6207147
0.49635 0.6209299
0.4967 0.6208315
0.49705 0.6208315
0.4974 0.6207285
0.49775 0.6207285
0.4981 0.6206451
0.49845 0.6202917
0.4988 0.6202917
0.49915 0.6198746999999999
0.4995 0.6204361999999999
0.49985 0.6197794
0.50055 0.6179118
0.5009 0.6179118
0.50125 0.6185324000000001
0.5016 0.6185324000000001
0.50195 0.6181269
0.5023 0.617789
0.50265 0.6149507
0.503 0.6109429
0.50335 0.6122699
0.5037 0.6122699
0.50405 0.6122699
0.5044 0.6150144000000001
0.50475 0.6169140999999999
0.5051 0.6170045
0.50545 0.6170045
0.5058 0.6155651
0.50615 0.6155651
0.5065 0.6122309
0.50685 0.6138496999999999
0.5072 0.6138496999999999
0.50755 0.6152025
0.5079 0.6152025
0.50825 0.6149588
0.5086 0.6149588
0.50895 0.6149588
0.5093 0.6148274
0.50965 0.6142918
0.51 0.6142918
0.51035 0.6154628000000001
0.5107 0.6161142
0.51105 0.616568
0.5114 0.616568
0.51175 0.616568
0.5121 0.6173906
0.51245 0.6190507
0.5128 0.6190563
0.51315 0.6190563
0.5135 0.6190563
0.51385 0.6192479999999999
0.5142 0.6192479999999999
0.51455 0.6192479999999999
0.5149 0.6197706999999999
0.51525 0.6206514
0.5156 0.6208371
0.51595 0.6208371
0.5163 0.6208371
0.51665 0.6205718000000001
0.517 0.6209701999999999
0.51735 0.6209391
0.5177 0.6209391
0.51805 0.6209391
0.5184 0.6209906
0.51875 0.6209906
0.5191 0.6209771
0.51945 0.6206246999999999
0.5198 0.6206246999999999
0.52015 0.6206246999999999
0.5205 0.6205208999999999
0.52085 0.6204464
0.5212 0.6202474
0.52155 0.6202266
0.5219 0.6198406999999999
0.52225 0.6198345000000001
0.5226 0.6195328
0.52295 0.6192692
0.5233 0.6160975000000001
0.52365 0.6160975000000001
0.524 0.6151982
0.52435 0.6183816
0.5247 0.6183816
0.52505 0.6190278
0.5254 0.6192941999999999
0.52575 0.6199629
0.5261 0.6199897
0.52645 0.6199629
0.5268 0.6183759
0.52715 0.6182419
0.5275 0.6182419
0.52785 0.6182419
0.5282 0.6192291
0.52855 0.6192291
0.5289 0.61821
0.52925 0.6181649
0.5296 0.6181239000000001
0.52995 0.6181239000000001
0.5303 0.6181239000000001
0.53065 0.6168813
0.531 0.6168813
0.53135 0.618713
0.5317 0.618713
0.53205 0.6186579000000001
0.5324 0.6175301999999999
0.53275 0.6175301999999999
0.5331 0.6175301999999999
0.53345 0.6181300999999999
0.5338 0.6181300999999999
0.53415 0.6181300999999999
0.5345 0.6180796
0.53485 0.6176709
0.5352 0.6167642
0.53555 0.6164023
0.5359 0.6154656999999999
0.53625 0.6154656999999999
0.5366 0.6151460999999999
0.53695 0.6140397
0.5373 0.6140397
0.53765 0.6128193000000001
0.538 0.6124086
0.53835 0.6116929
0.5387 0.6107539000000001
0.53905 0.6101455
0.5394 0.6087659000000001
0.53975 0.6074313
0.5401 0.6074313
0.54045 0.6050871
0.5408 0.6032453000000001
0.54115 0.6003137
0.5415 0.6001236
0.54185 0.5968574000000001
0.5422 0.5962316999999999
0.54255 0.5962316999999999
0.5429 0.5964761
0.54325 0.5966644
0.5436 0.5970025
0.54395 0.5984186
0.5443 0.6011688000000001
0.54465 0.6051658000000001
0.545 0.6051658000000001
0.54535 0.6067640000000001
0.5457 0.6089262
0.54605 0.6089262
0.5464 0.6103611
0.54675 0.6115227
0.5471 0.6141022
0.54745 0.6143529000000001
0.5478 0.61539
0.54815 0.6160793000000001
0.5485 0.616445
0.54885 0.6167243
0.5492 0.616445
0.54955 0.6169004
0.5499 0.6160397
0.55025 0.6178718000000001
0.5506 0.6178718000000001
0.55095 0.6178718000000001
0.5513 0.6182604
0.55165 0.616923
0.552 0.6182395
0.55235 0.6179467
0.5527 0.6179467
0.55305 0.6179467
0.5534 0.6182189
0.55375 0.6182189
0.5541 0.618182
0.55445 0.617955
0.5548 0.617955
0.55515 0.618109
0.5555 0.618109
0.55585 0.6187035
0.5562 0.6189022
0.55655 0.6189022
0.5569 0.6184001
0.55725 0.6184001
0.5576 0.6190074999999999
0.55795 0.6190215
0.5583 0.6190074999999999
0.55865 0.6190215
0.559 0.6187265000000001
0.55935 0.6191241999999999
0.5597 0.6187545
0.56005 0.6187545
0.5604 0.6187545
0.56075 0.6186292
0.5611 0.6189179
0.56145 0.6190258000000001
0.5618 0.6190258000000001
0.56215 0.6187241
0.5625 0.6187241
0.56285 0.6190296
0.5632 0.6190296
0.56355 0.6182791999999999
0.5639 0.6179345
0.56425 0.6182791999999999
0.5646 0.6179266999999999
0.56495 0.6179266999999999
0.5653 0.6178819000000001
0.56565 0.6177951999999999
0.566 0.6163625
0.56635 0.6151118
0.5667 0.6151118
0.56705 0.6151949000000001
0.5674 0.6151949000000001
0.56775 0.6142991
0.5681 0.6116264
0.56845 0.6116264
0.5688 0.6109289999999999
0.56915 0.6110151999999999
0.5695 0.6074246999999999
0.56985 0.6090718
0.5702 0.6090718
0.57055 0.6134629
0.5709 0.6134629
0.57125 0.6117034
0.5716 0.6110545000000001
0.57195 0.6117034
0.5723 0.6117296999999999
0.57265 0.6117296999999999
0.573 0.6126520000000001
0.57335 0.6085807
0.5737 0.6102479999999999
0.57405 0.6085807
0.5744 0.6064225999999999
0.57475 0.6064225999999999
0.5751 0.6036773
0.57545 0.6096727
0.5758 0.6096727
0.57615 0.6096727
0.5765 0.6090244
0.57685 0.6076164000000001
0.5772 0.6090244
0.57755 0.6102528
0.5779 0.6110456999999999
0.57825 0.6115262
0.5786 0.6121049
0.57895 0.6129116
0.5793 0.6129116
0.57965 0.613225
0.58 0.6134641
0.58035 0.6138234
0.5807 0.614494
0.58105 0.6154809
0.5814 0.6154809
0.58175 0.6159178000000001
0.5821 0.6158095
0.58245 0.6158095
0.5828 0.6158095
0.58315 0.6159904
0.5835 0.6166224
0.58385 0.6166224
0.5842 0.6166224
0.58455 0.6170004
0.5849 0.6170004
0.58525 0.616175
0.5856 0.616175
0.58595 0.616175
0.5863 0.6158056
0.58665 0.6157670999999999
0.587 0.6152005
0.58735 0.6150574000000001
0.5877 0.6140986999999999
0.58805 0.610531
0.5884 0.610531
0.58875 0.610531
0.5891 0.6120220000000001
0.58945 0.6120220000000001
0.5898 0.6076205
0.59015 0.6076205
0.5905 0.6116031999999999
0.59085 0.6116031999999999
0.5912 0.6115406
0.59155 0.6101876
0.5919 0.6105044
0.59225 0.6101876
0.5926 0.6105044
0.59295 0.6119524000000001
0.5933 0.6119524000000001
0.59365 0.6095505999999999
0.594 0.6072765
0.59435 0.593391
0.5947 0.593391
0.59505 0.6071335999999999
0.5954 0.6077372
0.59575 0.6077372
0.5961 0.6077372
0.59645 0.6071831999999999
0.5968 0.6095347
0.59715 0.6095347
0.5975 0.6095347
0.59785 0.6069699000000001
0.5982 0.6069699000000001
0.59855 0.6095894000000001
0.5989 0.6095894000000001
0.59925 0.6095894000000001
0.5996 0.6098483
0.59995 0.6111054
0.6003 0.6111054
0.60065 0.6071717
0.601 0.6071717
0.60135 0.6113623
0.6017 0.6127343000000001
0.60205 0.6127343000000001
0.6024 0.6138865
0.60275 0.6138865
0.6031 0.6142829000000001
0.60345 0.6151852
0.6038 0.6151852
0.60415 0.6149268
0.6045 0.6149268
0.60485 0.6144674
0.6052 0.6152524
0.60555 0.6148186
0.6059 0.6148186
0.60625 0.6146339
0.6066 0.6142938
0.60695 0.6144231
0.6073 0.6142938
0.60765 0.6136828000000001
0.608 0.6128899
0.60835 0.6124504
0.6087 0.61225
0.60905 0.6120137
0.6094 0.6119541000000001
0.60975 0.6120137
0.6101 0.6118602
0.61045 0.6116989
0.6108 0.6105103000000001
0.61115 0.6097355999999999
0.6115 0.6081175999999999
0.61185 0.605855
0.6122 0.6032890999999999
0.61255 0.6032463
0.6129 0.5999211
0.61325 0.5956746999999999
0.6136 0.5906653000000001
0.61395 0.5869191999999999
0.6143 0.5835241999999999
0.61465 0.5807321
0.615 0.5794654
0.61535 0.5794335
0.6157 0.5780630999999999
0.61605 0.5750284999999999
0.6164 0.5731440999999999
0.61675 0.5716325
0.6171 0.5672183000000001
0.61745 0.5592123
0.6178 0.5511275
0.61815 0.5511188
0.6185 0.5448582
0.61885 0.5415398
0.6192 0.5397579
0.61955 0.5397579
0.6199 0.5424129
0.62025 0.5469326999999999
0.6206 0.5519427
0.62095 0.5519448
0.6213 0.5547058000000001
0.62165 0.55819
0.622 0.5643779999999999
0.62235 0.5711585
0.6227 0.5765106
0.62305 0.5818684000000001
0.6234 0.5870084
0.62375 0.5873345999999999
0.6241 0.5928356
0.62445 0.5972191
0.6248 0.5999631
0.62515 0.6030949999999999
0.6255 0.6056409
0.62585 0.6078264
0.6262 0.6091602
0.62655 0.6091602
0.6269 0.6091766
0.62725 0.6108511
0.6276 0.6108511
0.62795 0.6116121999999999
0.6283 0.612696
0.62865 0.6130355
0.629 0.6139128
0.62935 0.6141483
0.6297 0.6144786999999999
0.63005 0.6151606
0.6304 0.615635
0.63075 0.615635
0.6311 0.6142234000000001
0.63145 0.6138791
0.6318 0.6081837
0.63215 0.6081837
0.6325 0.614099
0.63285 0.6141936
0.6332 0.6147031
0.63355 0.6149425999999999
0.6339 0.6152546999999999
0.63425 0.6153486
0.6346 0.6152546999999999
0.63495 0.6145583
0.6353 0.6145583
0.63565 0.6138260999999999
0.636 0.6138260999999999
0.63635 0.6138260999999999
0.6367 0.6127355
0.63705 0.6127355
0.6374 0.6127355
0.63775 0.6119230999999999
0.6381 0.6127258000000001
0.63845 0.6124118000000001
0.6388 0.6124118000000001
0.63915 0.6122218
0.6395 0.6122218
0.63985 0.6127786999999999
0.6402 0.6130515000000001
0.64055 0.6127786999999999
0.6409 0.612749
0.64125 0.6122536
0.6416 0.6116318000000001
0.64195 0.6116318000000001
0.6423 0.61119
0.64265 0.6118081
0.643 0.6112430999999999
0.64335 0.6112873000000001
0.6437 0.6112430999999999
0.64405 0.610913
0.6444 0.610913
0.64475 0.6109104000000001
0.6451 0.6109104000000001
0.64545 0.6109104000000001
0.6458 0.6081846
0.64615 0.6016505
0.6465 0.6016505
0.64685 0.6029101
0.6472 0.6077223
0.64755 0.6077223
0.6479 0.6068745
0.64825 0.6047688
0.6486 0.6066151
0.64895 0.605824
0.6493 0.6066151
0.64965 0.608337
0.65 0.608386
0.65035 0.6087693000000001
0.6507 0.608386
0.65105 0.5994056
0.6514 0.5994056
0.65175 0.5994056
0.6521 0.6033215000000001
0.65245 0.6083202
0.6528 0.6083202
0.65315 0.6072746
0.6535 0.6061464
0.65385 0.607117
0.6542 0.6002349
0.65455 0.6055771
0.6549 0.6055771
0.65525 0.6055771
0.6556 0.6021407
0.65595 0.6020704000000001
0.6563 0.6021407
0.65665 0.6029555
0.657 0.6031562
0.65735 0.6031562
0.6577 0.6031562
0.65805 0.6035105
0.6584 0.6035105
0.65875 0.6029066999999999
0.6591 0.6027925000000001
0.65945 0.6027925000000001
0.6598 0.6016776
0.66015 0.6016776
0.6605 0.602938
0.66085 0.602938
0.6612 0.6016523
0.66155 0.6013508000000001
0.6619 0.6010066999999999
0.66225 0.6004107
0.6626 0.5994476
0.66295 0.5993374
0.6633 0.5988098000000001
0.66365 0.5987643
0.664 0.5987553000000001
0.66435 0.5987553000000001
0.6647 0.5983982
0.66505 0.5980048000000001
0.6654 0.5963928000000001
0.66575 0.5960438
0.6661 0.59448
0.66645 0.5936256999999999
0.6668 0.5936256999999999
0.66715 0.5941571999999999
0.6675 0.5942626
0.66785 0.5947544
0.6682 0.5947544
0.66855 0.5957184
0.6689 0.5962212
0.66925 0.5972035
0.6696 0.5987494999999999
0.66995 0.6003611999999999
0.6703 0.6016323
0.67065 0.6030781999999999
0.671 0.6030781999999999
0.67135 0.6042837
0.6717 0.6057585999999999
0.67205 0.60721
0.6724 0.6075984999999999
0.67275 0.6091996999999999
0.6731 0.6101065
0.67345 0.6111333000000001
0.6738 0.6114074
0.67415 0.6119965
0.6745 0.6123995
0.67485 0.613069
0.6752 0.6141223000000001
0.67555 0.6141223000000001
0.6759 0.6144649
0.67625 0.6147005
0.6766 0.6147577
0.67695 0.6149591999999999
0.6773 0.6149591999999999
0.67765 0.6153093000000001
0.678 0.6153093000000001
0.67835 0.6145571
0.6787 0.6142128000000001
0.67905 0.6137826
0.6794 0.6137001
0.67975 0.6134088000000001
0.6801 0.6129189
0.68045 0.6124903
0.6808 0.6114689
0.68115 0.6103006999999999
0.6815 0.6103006999999999
0.68185 0.6084125
0.6822 0.6077038
0.68255 0.6070143
0.6829 0.6070143
0.68325 0.607568
0.6836 0.607568
0.68395 0.6070614000000001
0.6843 0.6070614000000001
0.68465 0.6076989
0.685 0.6085526
0.68535 0.6094397
0.6857 0.6096765000000001
0.68605 0.6099210999999999
0.6864 0.6099210999999999
0.68675 0.6070691999999999
0.6871 0.6070691999999999
0.68745 0.6108772
0.6878 0.6110495
0.68815 0.6110495
0.6885 0.6109943
0.68885 0.6104156
0.6892 0.6104156
0.68955 0.6043468000000001
0.6899 0.6114561
0.69025 0.6109641
0.6906 0.6111244
0.69095 0.6109641
0.6913 0.6103733
0.69165 0.6098744
0.692 0.6077922
0.69235 0.607586
0.6927 0.6076566
0.69305 0.6064972
0.6934 0.6051554
0.69375 0.6045728
0.6941 0.6045728
0.69445 0.6045728
0.6948 0.6021982
0.69515 0.6025435
0.6955 0.6021982
0.69585 0.5984135
0.6962 0.5984135
0.69655 0.6004893
0.6969 0.6004893
0.69725 0.5992553
0.6976 0.5906588
0.69795 0.5946295
0.6983 0.5932734000000001
0.69865 0.5932734000000001
0.699 0.5898781999999999
0.69935 0.5864589
0.6997 0.5864589
0.70005 0.5737068000000001
0.7004 0.5691924
0.70075 0.5691924
0.7011 0.5725958999999999
0.70145 0.5725958999999999
0.7018 0.5692468
0.70215 0.5672649999999999
0.7025 0.5672649999999999
0.70285 0.5672649999999999
0.7032 0.5737302
0.70355 0.5737302
0.7039 0.5714596
0.70425 0.5714596
0.7046 0.5733873
0.70495 0.5733873
0.7053 0.5733873
0.70565 0.5847428000000001
0.706 0.5847428000000001
0.70635 0.5847428000000001
0.7067 0.5865094
0.70705 0.5865094
0.7074 0.5893075
0.70775 0.5893125
0.7081 0.5906773
0.70845 0.5925103
0.7088 0.5943182
0.70915 0.5925103
0.7095 0.59572
0.70985 0.595947
0.7102 0.598214
0.71055 0.598214
0.7109 0.5994153
0.71125 0.5984001
0.7116 0.6002550999999999
0.71195 0.6013763000000001
0.7123 0.6013763000000001
0.71265 0.600889
0.713 0.6005762
0.71335 0.6005762
0.7137 0.6008345
0.71405 0.6008345
0.7144 0.6006382
0.71475 0.5958808000000001
0.7151 0.5957925000000001
0.71545 0.5910148000000001
0.7158 0.5845758000000001
0.71615 0.5836335
0.7165 0.5741944999999999
0.71685 0.5613363
0.7172 0.5475455
0.71755 0.5289096
0.7179 0.5274805
0.71825 0.514985
0.7186 0.514985
0.71895 0.5119505
0.7193 0.4981853
0.71965 0.4981853
0.72 0.473998
0.72035 0.473998
0.7207 0.4739732
0.72105 0.4739732
0.7214 0.4705846999999999
0.72175 0.4675655999999999
0.7221 0.4666755999999999
0.72245 0.4619485
0.7228 0.4611140999999999
0.72315 0.4509604999999999
0.7235 0.4155729999999999
0.72385 0.4050552
0.7242 0.4050552
0.72455 0.3846363
0.7249 0.379209
0.72525 0.3520968
0.7256 0.3346812
0.72595 0.3346812
0.7263 0.3311069
0.72665 0.3113984
0.727 0.3095194
0.72735 0.3074711
0.7277 0.3074711
0.72805 0.3268880999999999
0.7284 0.351883
0.72875 0.3714959
0.7291 0.3818072999999999
0.72945 0.3871619
0.7298 0.3885765
0.73015 0.3927897
0.7305 0.4041256
0.73085 0.4272583
0.7312 0.4467193
0.73155 0.4467193
0.7319 0.4534063
0.73225 0.45591
0.7326 0.4720594
0.73295 0.4720594
0.7333 0.4730724
0.73365 0.4992645
0.734 0.4992645
0.73435 0.5099244
0.7347 0.524423
0.73505 0.5283968000000001
0.7354 0.5370153
0.73575 0.5370153
0.7361 0.5370153
0.73645 0.5514201999999999
0.7368 0.5514201999999999
0.73715 0.5522179
0.7375 0.5648411
0.73785 0.5670218
0.7382 0.572133
0.73855 0.5767585
0.7389 0.572133
0.73925 0.5812861999999999
0.7396 0.5886314
0.73995 0.590785
0.7403 0.5946696
0.74065 0.5990005
0.741 0.5990005
0.74135 0.6009393
0.7417 0.6018628
0.74205 0.6045010999999999
0.7424 0.6045010999999999
0.74275 0.6054065
0.7431 0.6074045
0.74345 0.6081054
0.7438 0.6083871999999999
0.74415 0.6083994
0.7445 0.6086111
0.74485 0.6086111
0.7452 0.6085578
0.74555 0.6085578
0.7459 0.6085578
0.74625 0.6091227
0.7466 0.6090300000000001
0.74695 0.6090300000000001
0.7473 0.6090300000000001
0.74765 0.6085096999999999
0.748 0.6089882
0.74835 0.6089882
0.7487 0.6089882
0.74905 0.6090512
0.7494 0.6089068
0.74975 0.6089068
0.7501 0.6086683
0.75045 0.6086683
0.7508 0.6088321999999999
0.75115 0.6093261
0.7515 0.6093261
0.75185 0.609066
0.7522 0.6088039000000001
0.75255 0.6087523
0.7529 0.6087523
0.75325 0.6094050999999999
0.7536 0.6094050999999999
0.75395 0.6092454
0.7543 0.6092251000000001
0.75465 0.6088011
0.755 0.6086899
0.75535 0.6086398000000001
0.7557 0.608478
0.75605 0.6082335999999999
0.7564 0.6078981999999999
0.75675 0.6073643
0.7571 0.6069836
0.75745 0.6055459
0.7578 0.6055459
0.75815 0.6054891
0.7585 0.6054098000000001
0.75885 0.6046446999999999
0.7592 0.6039789000000001
0.75955 0.6009163000000001
0.7599 0.6002687
0.76025 0.5991798
0.7606 0.5979541
0.76095 0.5979541
0.7613 0.5989501
0.76165 0.5989501
0.762 0.5959323000000001
0.76235 0.5944742
0.7627 0.5938154999999999
0.76305 0.5932251999999999
0.7634 0.5932251999999999
0.76375 0.5931063
0.7641 0.5926170000000001
0.76445 0.5911936
0.7648 0.5909806
0.76515 0.5909806
0.7655 0.5915468
0.76585 0.5915468
0.7662 0.5908386
0.76655 0.5907589
0.7669 0.5885701
0.76725 0.5885701
0.7676 0.5899236999999999
0.76795 0.5916564999999999
0.7683 0.5916564999999999
0.76865 0.5907975999999999
0.769 0.590496
0.76935 0.590496
0.7697 0.5907491
0.77005 0.5907491
0.7704 0.5902742
0.77075 0.5892245
0.7711 0.5888704
0.77145 0.588712
0.7718 0.5882520999999999
0.77215 0.5882352
0.7725 0.5858745
0.77285 0.5814526999999999
0.7732 0.5772862
0.77355 0.5772862
0.7739 0.577667
0.77425 0.5794164
0.7746 0.5794164
0.77495 0.5792185000000001
0.7753 0.5777526
0.77565 0.5751261
0.776 0.5729901
0.77635 0.5716581999999999
0.7767 0.5710079
0.77705 0.5696468000000001
0.7774 0.5677982
0.77775 0.5676781
0.7781 0.5651765999999999
0.77845 0.5627278
0.7788 0.5605557
0.77915 0.5578993
0.7795 0.5523640999999999
0.77985 0.5468233
0.7802 0.5401916
0.78055 0.5395772
0.7809 0.5314939000000001
0.78125 0.5285187
0.7816 0.5284648000000001
0.78195 0.5256363000000001
0.7823 0.5249981
0.78265 0.5244146
0.783 0.5231484000000001
0.78335 0.5229798
0.7837 0.5126808
0.78405 0.5126808
0.7844 0.5217816
0.78475 0.5323055
0.7851 0.5340857
0.78545 0.5340857
0.7858 0.5309746999999999
0.78615 0.5309638000000001
0.7865 0.5309746999999999
0.78685 0.5313795
0.7872 0.5330053000000001
0.78755 0.5369085
0.7879 0.5379823
0.78825 0.5417994
0.7886 0.5420371999999999
0.78895 0.5436403000000001
0.7893 0.5436403000000001
0.78965 0.5445469000000001
0.79 0.5445469000000001
0.79035 0.5435147
0.7907 0.5428236
0.79105 0.539818
0.7914 0.535672
0.79175 0.5334607
0.7921 0.531582
0.79245 0.5257224
0.7928 0.5218835999999999
0.79315 0.5217308
0.7935 0.5217308
0.79385 0.5217308
0.7942 0.5136984
0.79455 0.5136254
0.7949 0.5068741
0.79525 0.5044959
0.7956 0.5044959
0.79595 0.4939702
0.7963 0.4939702
0.79665 0.4939702
0.797 0.4975467
0.79735 0.4982595999999999
0.7977 0.4982595999999999
0.79805 0.5003662
0.7984 0.5018376
0.79875 0.5023681
0.7991 0.5026348
0.79945 0.5113892
0.7998 0.5117236
0.80015 0.5117236
0.8005 0.5204094
0.80085 0.5220186
0.8012 0.5204094
0.80155 0.5196835999999999
0.8019 0.5196835999999999
0.80225 0.522628
0.8026 0.5228342
0.80295 0.5283773
0.8033 0.5283773
0.80365 0.5317211
0.804 0.5326193
0.80435 0.5348590999999999
0.8047 0.5382811
0.80505 0.541666
0.8054 0.5432066
0.80575 0.5432066
0.8061 0.5432066
0.80645 0.5456186
0.8068 0.5500923000000001
0.80715 0.5546986
0.8075 0.5546986
0.80785 0.5573180999999999
0.8082 0.5587006999999999
0.80855 0.5588557
0.8089 0.5588557
0.80925 0.5554431
0.8096 0.5554431
0.80995 0.5600512
0.8103 0.561809
0.81065 0.561809
0.811 0.562183
0.81135 0.5634663000000001
0.8117 0.563797
0.81205 0.5643738
0.8124 0.5656549
0.81275 0.5701523000000001
0.8131 0.5656549
0.81345 0.5738582
0.8138 0.5738582
0.81415 0.5749243
0.8145 0.5749243
0.81485 0.5358079000000001
0.8152 0.5358079000000001
0.81555 0.5711090999999999
0.8159 0.5742283
0.81625 0.5742283
0.8166 0.5782963000000001
0.81695 0.5750715999999999
0.8173 0.5786803
0.81765 0.5750715999999999
0.818 0.5737895000000001
0.81835 0.5737895000000001
0.8187 0.5755199000000001
0.81905 0.5825464
0.8194 0.5825464
0.81975 0.5825464
0.8201 0.5850681
0.82045 0.5874599
0.8208 0.5874599
0.82115 0.5857140000000001
0.8215 0.5857140000000001
0.82185 0.5857140000000001
0.8222 0.5827757
0.82255 0.5825846
0.8229 0.571928
0.82325 0.5337338
0.8236 0.5511265000000001
0.82395 0.5511265000000001
0.8243 0.5826045999999999
0.82465 0.5894981
0.825 0.5912245
0.82535 0.5912245
0.8257 0.5872983
0.82605 0.5872983
0.8264 0.5901194000000001
0.82675 0.5907423
0.8271 0.5901194000000001
0.82745 0.5842835999999999
0.8278 0.5695531
0.82815 0.581747
0.8285 0.581747
0.82885 0.581747
0.8292 0.5869541
0.82955 0.5881093000000001
0.8299 0.5881093000000001
0.83025 0.5866859
0.8306 0.5866859
0.83095 0.5885007
0.8313 0.5904823
0.83165 0.5885007
0.832 0.5782754
0.83235 0.5782754
0.8327 0.5817219
0.83305 0.5895722
0.8334 0.5835956
0.83375 0.5835956
0.8341 0.5632668000000001
0.83445 0.5632668000000001
0.8348 0.5632668000000001
0.83515 0.5726316
0.8355 0.5675934
0.83585 0.5675934
0.8362 0.5635431
0.83655 0.5631454
0.8369 0.5579559000000001
0.83725 0.5546215
0.8376 0.5370081
0.83795 0.5356399000000001
0.8383 0.5306478
0.83865 0.5292003000000001
0.839 0.5292003000000001
0.83935 0.5298463999999999
0.8397 0.5341344
0.84005 0.5341344
0.8404 0.5340553000000001
0.84075 0.5210517
0.8411 0.5124995
0.84145 0.5070347
0.8418 0.5002989999999999
0.84215 0.5002989999999999
0.8425 0.5311866
0.84285 0.5472314
0.8432 0.5472314
0.84355 0.5468107
0.8439 0.5393515
0.84425 0.5393515
0.8446 0.5434833
0.84495 0.545127
0.8453 0.5525394
0.84565 0.5585394
0.846 0.5613446
0.84635 0.5667694000000001
0.8467 0.5667694000000001
0.84705 0.5665746
0.8474 0.5657962
0.84775 0.5657171
0.8481 0.5657962
0.84845 0.56242
0.8488 0.568503
0.84915 0.5711944
0.8495 0.5711944
0.84985 0.570673
0.8502 0.5648625
0.85055 0.5546645
0.8509 0.5546645
0.85125 0.5546645
0.8516 0.5575943
0.85195 0.5556432
0.8523 0.5556432
0.85265 0.5477715999999999
0.853 0.5391651999999999
0.85335 0.5375279000000001
0.8537 0.5345295999999999
0.85405 0.5291703000000001
0.8544 0.5193942
0.85475 0.5148961
0.8551 0.5126616
0.85545 0.4929020999999999
0.8558 0.4929020999999999
0.85615 0.490205
0.8565 0.482204
0.85685 0.4764603
0.8572 0.4601897
0.85755 0.4454113
0.8579 0.4005263
0.85825 0.4005263
0.8586 0.4005263
0.85895 0.4013831
0.8593 0.4013831
0.85965 0.4013831
0.86 0.3860768
0.86035 0.3628114999999999
0.8607 0.3529578
0.86105 0.3227138
0.8614 0.3199778
0.86175 0.3136085999999999
0.8621 0.3023945
0.86245 0.3023945
0.8628 0.2920110999999999
0.86315 0.2967561999999999
0.8635 0.2941086
0.86385 0.2941086
0.8642 0.2747482
0.86455 0.2508296
0.8649 0.2747482
0.86525 0.2997557
0.8656 0.3038015
0.86595 0.3166672
0.8663 0.3276197999999999
0.86665 0.3276197999999999
0.867 0.2880041
0.86735 0.2880041
0.8677 0.2908239
0.86805 0.3598323
0.8684 0.3677017
0.86875 0.3825469
0.8691 0.3981624
0.86945 0.4040215
0.8698 0.4040215
0.87015 0.4029415999999999
0.8705 0.4026602
0.87085 0.3758617999999999
0.8712 0.3730616
0.87155 0.3758617999999999
0.8719 0.3661716
0.87225 0.4399332999999999
0.8726 0.3848782
0.87295 0.3848782
0.8733 0.3848782
0.87365 0.4134359
0.874 0.4466939
0.87435 0.4466939
0.8747 0.4466939
0.87505 0.4451715999999999
0.8754 0.4603092
0.87575 0.4328938
0.8761 0.4375786
0.87645 0.43413
0.8768 0.43413
0.87715 0.4211758
0.8775 0.3351429999999999
0.87785 0.3351429999999999
0.8782 0.3162414
0.87855 0.3162414
0.8789 0.4087184
0.87925 0.4087184
0.8796 0.2619752999999999
0.87995 0.1659702
0.8803 0.2220072
0.88065 0.1747527
0.881 0.1747527
0.88135 0.1649592999999999
0.8817 0.1245817
0.88205 0.0722298
0.8824 0.0398086
0.88275 0.039532
0.8831 0.039532
0.88345 0.0393501999999999
0.8838 0.0362755
0.88415 0.0393501999999999
0.8845 0.0537111
0.88485 0.0733761999999999
0.8852 0.0834428
0.88555 0.0834428
0.8859 0.0710923
0.88625 0.0503399
0.8866 0.0189540999999999
0.88695 0.0157581
0.8873 0.015672
0.88765 0.015672
0.888 0.0220892
0.88835 0.0220892
0.8887 0.0315651
0.88905 0.0214468
0.8894 0.0331544
0.88975 0.0352407
0.8901 0.0352407
0.89045 0.0352407
0.8908 0.0431565999999999
0.89115 0.0431565999999999
0.8915 0.0431565999999999
0.89185 0.0560307
0.8922 0.0560307
0.89255 0.0539778
0.8929 0.0530614
0.89325 0.0530614
0.8936 0.0482796
0.89395 0.0450567
0.8943 0.0427915
0.89465 0.0427915
0.895 0.0427915
0.89535 0.0396308
0.8957 0.0396308
0.89605 0.0457553
0.8964 0.0558288
0.89675 0.0836151
0.8971 0.0836151
0.89745 0.1002549
0.8978 0.0712637
0.89815 0.1006707
0.8985 0.0935457
0.89885 0.1163865999999999
0.8992 0.0935457
0.89955 0.0894856
0.8999 0.0894856
0.90025 0.1402372999999999
0.9006 0.159213
0.90095 0.1692052999999999
0.9013 0.1827057
0.90165 0.2117726
0.902 0.2117726
0.90235 0.202026
0.9027 0.202026
0.90305 0.2564231
0.9034 0.2743727
0.90375 0.2564231
0.9041 0.2995355
0.90445 0.3276390999999999
0.9048 0.3417063
0.90515 0.3417063
0.9055 0.3701032999999999
0.90585 0.4138005
0.9062 0.4138005
0.90655 0.3822453
0.9069 0.3822453
0.90725 0.3886737
0.9076 0.3886737
0.90795 0.4301909
0.9083 0.3715965
0.90865 0.4301909
0.909 0.3871374
0.90935 0.3871374
0.9097 0.3645214
0.91005 0.3645214
0.9104 0.4434706
0.91075 0.4440456
0.9111 0.4491180999999999
0.91145 0.4706832999999999
0.9118 0.4706832999999999
0.91215 0.4653827
0.9125 0.4461375
0.91285 0.4461375
0.9132 0.3871426
0.91355 0.3781906
0.9139 0.3871426
0.91425 0.4749524
0.9146 0.4879522
0.91495 0.4832263
0.9153 0.4832263
0.91565 0.4587347
0.916 0.4587347
0.91635 0.4613814
0.9167 0.4689314
0.91705 0.4707182
0.9174 0.4958944999999999
0.91775 0.4958944999999999
0.9181 0.4958944999999999
0.91845 0.5011339
0.9188 0.5011339
0.91915 0.4859234999999999
0.9195 0.4687795999999999
0.91985 0.4711625
0.9202 0.4711625
0.92055 0.4747818
0.9209 0.5000808
0.92125 0.4747818
0.9216 0.4501194
0.92195 0.4501194
0.9223 0.3580764
0.92265 0.4547746
0.923 0.4988752999999999
0.92335 0.4988752999999999
0.9237 0.4770942
0.92405 0.4770942
0.9244 0.4770942
0.92475 0.4678725
0.9251 0.4604805
0.92545 0.4604805
0.9258 0.4661025
0.92615 0.4661025
0.9265 0.4661025
0.92685 0.2440638
0.9272 0.4716018
0.92755 0.4716018
0.9279 0.4716018
0.92825 0.4725889
0.9286 0.4542212
0.92895 0.4725889
0.9293 0.4957242
0.92965 0.4957242
0.93 0.4727877
0.93035 0.3872127
0.9307 0.3288311
0.93105 0.3116784999999999
0.9314 0.3116784999999999
0.93175 0.3116784999999999
0.9321 0.4178582999999999
0.93245 0.4177317
0.9328 0.4178582999999999
0.93315 0.4726999
0.9335 0.4726999
0.93385 0.3603409
0.9342 0.3603409
0.93455 0.3504964
0.9349 0.3833626
0.93525 0.3504964
0.9356 0.4880345999999999
0.93595 0.4246470999999999
0.9363 0.4873939
0.93665 0.4622838999999999
0.937 0.4622838999999999
0.93735 0.4622838999999999
0.9377 0.4264153
0.93805 0.3730042999999999
0.9384 0.3730042999999999
0.93875 0.4071114
0.9391 0.4609861
0.93945 0.4771015999999999
0.9398 0.4771015999999999
0.94015 0.4907412
0.9405 0.3886259
0.94085 0.5014463
0.9412 0.4884945
0.94155 0.5185609999999999
0.9419 0.5234939000000001
0.94225 0.5270708000000001
0.9426 0.5270708000000001
0.94295 0.4334435
0.9433 0.4334435
0.94365 0.4583424
0.944 0.4583424
0.94435 0.4583424
0.9447 0.4685141
0.94505 0.4799931999999999
0.9454 0.4799931999999999
0.94575 0.4799931999999999
0.9461 0.4992242999999999
0.94645 0.4992242999999999
0.9468 0.475182
0.94715 0.4293877
0.9475 0.4293877
0.94785 0.4556176999999999
0.9482 0.5017153
0.94855 0.5102187
0.9489 0.5017153
0.94925 0.4850111
0.9496 0.4797795999999999
0.94995 0.4749390999999999
0.9503 0.4797795999999999
0.95065 0.5222329000000001
0.951 0.5222329000000001
0.95135 0.4928967999999999
0.9517 0.4928967999999999
0.95205 0.4975309
0.9524 0.4975309
0.95275 0.4851162
0.9531 0.4851162
0.95345 0.4930570999999999
0.9538 0.5244899000000001
0.95415 0.5266436
0.9545 0.5266436
0.95485 0.5266436
0.9552 0.4999706
0.95555 0.5122647
0.9559 0.5122647
0.95625 0.5122647
0.9566 0.5079983
0.95695 0.4867036
0.9573 0.4867036
0.95765 0.5161958
0.958 0.5161958
0.95835 0.5161958
0.9587 0.5116148
0.95905 0.5116148
0.9594 0.474091
0.95975 0.474091
0.9601 0.4913393
0.96045 0.4913393
0.9608 0.4830680999999999
0.96115 0.4830680999999999
0.9615 0.4830680999999999
0.96185 0.4643862
0.9622 0.4560967999999999
0.96255 0.4117270999999999
0.9629 0.4117270999999999
0.96325 0.3898685
0.9636 0.3935637
0.96395 0.3935637
0.9643 0.3986317
0.96465 0.3986317
0.965 0.3816926
0.96535 0.3769155
0.9657 0.3699203
0.96605 0.3572631
0.9664 0.3509769
0.96675 0.3509769
0.9671 0.3357377
0.96745 0.3442417
0.9678 0.3442417
0.96815 0.3649393
0.9685 0.3649393
0.96885 0.3561512
0.9692 0.3410459
0.96955 0.3398850999999999
0.9699 0.3262714
0.97025 0.2915237
0.9706 0.2587211
0.97095 0.2521451
0.9713 0.2587211
0.97165 0.2839410999999999
0.972 0.2998172
0.97235 0.3299675
0.9727 0.3321022999999999
0.97305 0.3321022999999999
0.9734 0.3259377
0.97375 0.3213492
0.9741 0.3084915
0.97445 0.3213492
0.9748 0.3301802
0.97515 0.3301802
0.9755 0.33371
0.97585 0.3570070999999999
0.9762 0.3570070999999999
0.97655 0.3146422
0.9769 0.3121243
0.97725 0.3121243
0.9776 0.2991251
0.97795 0.2991251
0.9783 0.2561944
0.97865 0.2561944
0.979 0.2931384
0.97935 0.3009063
0.9797 0.3009063
0.98005 0.2032049
0.9804 0.2032049
0.98075 0.2032049
0.9811 0.2052748999999999
0.98145 0.2078919
0.9818 0.2130981
0.98215 0.2078919
0.9825 0.2040226
0.98285 0.0798028
0.9832 0.1596296
0.98355 0.1564608999999999
0.9839 0.1564608999999999
0.98425 0.1564608999999999
0.9846 0.1548119
0.98495 0.1742807999999999
0.9853 0.0472114
0.98565 0.1079982
0.986 0.0772666
0.98635 0.1079982
0.9867 0.0963712
0.98705 0.1268972
0.9874 0.101148
0.98775 0.101148
0.9881 0.0883914
0.98845 0.0077871
0.9888 0.0077871
0.98915 0.0194481
0.9895 0.1507772
0.98985 0.0510407
0.9902 0.0831745
0.99055 0.0510407
0.9909 0.0796716
0.99125 0.0477458
0.9916 0.0796716
0.99195 0.0706924
0.9923 0.1027063
0.99265 0.1639196
0.993 0.1639196
0.99335 0.161525
0.9937 0.1140376999999999
0.99405 0.1130277
0.9944 0.1130277
0.99475 0.1130277
0.9951 0.0665698
0.99545 0.0665698
0.9958 0.0167097
0.99615 0.0995106
0.9965 0.0167097
0.99685 0.0993391999999999
0.9972 0.0993391999999999
0.99755 0.0993391999999999
0.9979 0.145388
0.99825 0.0960357
0.9986 0.0936981
0.99895 0.0913609
0.9993 0.072889
