0.3 0.6856576
0.30035 0.6858155
0.3007 0.6859727
0.30105 0.6861293
0.3014 0.6862852
0.30175 0.6864405
0.3021 0.6865952
0.30245 0.6867493
0.3028 0.6869026999999999
0.30315 0.6870555
0.3035 0.6872076
0.30385 0.6873592
0.3042 0.6875036999999999
0.30455 0.6876474
0.3049 0.6877905
0.30525 0.687933
0.3056 0.6880748999999999
0.30595 0.6882163
0.3063 0.688357
0.30665 0.6884971999999999
0.307 0.6886368
0.30735 0.6887758
0.3077 0.6889142
0.30805 0.689052
0.3084 0.6891892
0.30875 0.6893258000000001
0.3091 0.6894618
0.30945 0.6895972
0.3098 0.689732
0.31015 0.6898662
0.3105 0.6899998
0.31085 0.6901328
0.3112 0.6902651999999999
0.31155 0.690397
0.3119 0.6905281999999999
0.31225 0.6906604000000001
0.3126 0.6907926
0.31295 0.6909243
0.3133 0.6910553
0.31365 0.6911858000000001
0.314 0.6913156
0.31435 0.6914449
0.3147 0.6915735
0.31505 0.6917015999999999
0.3154 0.691829
0.31575 0.6919559000000001
0.3161 0.6920821
0.31645 0.6922077
0.3168 0.6923328000000001
0.31715 0.6924571999999999
0.3175 0.692581
0.31785 0.6927042
0.3182 0.6928268
0.31855 0.6929486999999999
0.3189 0.6930701
0.31925 0.6931909
0.3196 0.693311
0.31995 0.6934305000000001
0.3203 0.6935494000000001
0.32065 0.6936677
0.321 0.6937854
0.32135 0.6939024
0.3217 0.6940187
0.32205 0.6941345999999999
0.3224 0.6942498
0.32275 0.6943644
0.3231 0.6944783
0.32345 0.6945916
0.3238 0.6947043
0.32415 0.6948163
0.3245 0.6949276999999999
0.32485 0.6950384000000001
0.3252 0.6951485
0.32555 0.6952578
0.3259 0.6953665
0.32625 0.6954744
0.3266 0.6955816
0.32695 0.6956879
0.3273 0.6957932
0.32765 0.6958974
0.328 0.6960002
0.32835 0.6961009
0.3287 0.6961984999999999
0.32905 0.6962906
0.3294 0.6963704000000001
0.32975 0.6963704000000001
0.3301 0.6964218000000001
0.33045 0.6964508
0.3308 0.6967257
0.33115 0.6968729
0.3315 0.6969941
0.33185 0.6971044
0.3322 0.6972092
0.33255 0.6973108
0.3329 0.6974104
0.33325 0.6975085999999999
0.3336 0.6976055999999999
0.33395 0.6977015999999999
0.3343 0.6977968000000001
0.33465 0.6978911
0.335 0.6979847
0.33535 0.6980776
0.3357 0.6981698000000001
0.33605 0.6982614
0.3364 0.6983522
0.33675 0.6984425
0.3371 0.6985313
0.33745 0.6986163000000001
0.3378 0.6987005999999999
0.33815 0.6987842
0.3385 0.6988671999999999
0.33885 0.6989496000000001
0.3392 0.6990313
0.33955 0.6991124
0.3399 0.6991928000000001
0.34025 0.6992725999999999
0.3406 0.6993518
0.34095 0.6994303000000001
0.3413 0.6995081999999999
0.34165 0.6995855
0.342 0.6996621999999999
0.34235 0.6997382
0.3427 0.6998135999999999
0.34305 0.6998884
0.3434 0.6999626
0.34375 0.700036
0.3441 0.7001086
0.34445 0.7001794
0.3448 0.7002503000000001
0.34515 0.7003235
0.3455 0.7003946
0.34585 0.7004646999999999
0.3462 0.700534
0.34655 0.7006028
0.3469 0.7006709
0.34725 0.7007384
0.3476 0.7008053000000001
0.34795 0.7008715999999999
0.3483 0.7009373000000001
0.34865 0.7010024
0.349 0.7010668999999999
0.34935 0.7011308
0.3497 0.7011941999999999
0.35005 0.7012569000000001
0.3504 0.7013191
0.35075 0.7013805999999999
0.3511 0.7014416
0.35145 0.7015020000000001
0.3518 0.7015619000000001
0.35215 0.7016210999999999
0.3525 0.7016798000000001
0.35285 0.7017379
0.3532 0.7017954000000001
0.35355 0.7018524
0.3539 0.7019088000000001
0.35425 0.7019645
0.3546 0.7020156999999999
0.35495 0.7020705
0.3553 0.7021244000000001
0.35565 0.7021244000000001
0.356 0.702176
0.35635 0.7022546
0.3567 0.7022546
0.35705 0.7023356
0.3574 0.7024194
0.35775 0.7024194
0.3581 0.7024227
0.35845 0.7024998
0.3588 0.7025045999999999
0.35915 0.7025045999999999
0.3595 0.7024693000000001
0.35985 0.7024693000000001
0.3602 0.7024286999999999
0.36055 0.7025335
0.3609 0.7027631
0.36125 0.7028732
0.3616 0.7029485
0.36195 0.7030116
0.3623 0.7030352
0.36265 0.7031119
0.363 0.7031662
0.36335 0.7032135
0.3637 0.7032506
0.36405 0.7032555
0.3644 0.7033484
0.36475 0.7033956
0.3651 0.7034372
0.36545 0.7034548
0.3658 0.7034715
0.36615 0.7035395999999999
0.3665 0.7035951
0.36685 0.7036180999999999
0.3672 0.7036493
0.36755 0.7037031
0.3679 0.7037167
0.36825 0.7037167
0.3686 0.7037611
0.36895 0.7038474
0.3693 0.7038511
0.36965 0.7038824
0.37 0.7038966
0.37035 0.7038824
0.3707 0.7038937
0.37105 0.7038937
0.3714 0.7040124
0.37175 0.7040281999999999
0.3721 0.7040281999999999
0.37245 0.7040281999999999
0.3728 0.7040908
0.37315 0.7041474
0.3735 0.7041474
0.37385 0.7041474
0.3742 0.7042039000000001
0.37455 0.7042039000000001
0.3749 0.7042039000000001
0.37525 0.7039441999999999
0.3756 0.7043027
0.37595 0.7039133000000001
0.3763 0.7043451000000001
0.37665 0.7043056
0.377 0.7043982
0.37735 0.7043056
0.3777 0.7042010000000001
0.37805 0.7042010000000001
0.3784 0.7041795
0.37875 0.7043691999999999
0.3791 0.7040536999999999
0.37945 0.7042210999999999
0.3798 0.7042210999999999
0.38015 0.7042271
0.3805 0.7044517
0.38085 0.7045915
0.3812 0.7046428000000001
0.38155 0.7046428000000001
0.3819 0.7043403
0.38225 0.7043403
0.3826 0.7044722
0.38295 0.7047891
0.3833 0.7048081
0.38365 0.7048145
0.384 0.7048733
0.38435 0.7049591
0.3847 0.7049692
0.38505 0.7049993
0.3854 0.7050069999999999
0.38575 0.7050326
0.3861 0.7050331
0.38645 0.7050417
0.3868 0.7050331
0.38715 0.7050474
0.3875 0.7050474
0.38785 0.7050499
0.3882 0.7050499
0.38855 0.7050074000000001
0.3889 0.7049350999999999
0.38925 0.7049350999999999
0.3896 0.7050201
0.38995 0.7050201
0.3903 0.7050201
0.39065 0.7050554
0.391 0.7050582
0.39135 0.7050554
0.3917 0.7050119
0.39205 0.7050119
0.3924 0.7050119
0.39275 0.7049827
0.3931 0.7049827
0.39345 0.7049915
0.3938 0.7049915
0.39415 0.7049774000000001
0.3945 0.7047349
0.39485 0.7047349
0.3952 0.7047349
0.39555 0.7046562
0.3959 0.7045901999999999
0.39625 0.7045901999999999
0.3966 0.7046011
0.39695 0.7046011
0.3973 0.7047535
0.39765 0.7046205
0.398 0.7047535
0.39835 0.7046581999999999
0.3987 0.704779
0.39905 0.704779
0.3994 0.7048585
0.39975 0.7049616999999999
0.4001 0.7049858
0.40045 0.7049616999999999
0.4008 0.7047602
0.40115 0.7047602
0.4015 0.7049723000000001
0.40185 0.7049723000000001
0.4022 0.7049036
0.40255 0.7049036
0.4029 0.7049156
0.40325 0.7049156
0.4036 0.704854
0.40395 0.704854
0.4043 0.704854
0.40465 0.7048628
0.405 0.7048788
0.40535 0.7049291999999999
0.4057 0.7049291999999999
0.40605 0.7048087
0.4064 0.7048087
0.40675 0.7048298000000001
0.4071 0.7048995
0.40745 0.704978
0.4078 0.7049852
0.40815 0.7049861
0.4085 0.7049861
0.40885 0.7049861
0.4092 0.704986
0.40955 0.704986
0.4099 0.7049405
0.41025 0.7049214
0.4106 0.7049199
0.41095 0.7049199
0.4113 0.7048969
0.41165 0.7047956
0.412 0.7048113
0.41235 0.7047228
0.4127 0.7047228
0.41305 0.7046878000000001
0.4134 0.7043069000000001
0.41375 0.7043069000000001
0.4141 0.7046104999999999
0.41445 0.7046104999999999
0.4148 0.7041553
0.41515 0.703751
0.4155 0.7037213999999999
0.41585 0.701887
0.4162 0.701887
0.41655 0.7038260000000001
0.4169 0.7038260000000001
0.41725 0.7033616
0.4176 0.7024961999999999
0.41795 0.7033616
0.4183 0.7042295999999999
0.41865 0.7042295999999999
0.419 0.7039826
0.41935 0.7038044
0.4197 0.7021936
0.42005 0.7028809
0.4204 0.7028809
0.42075 0.7041782
0.4211 0.7042391
0.42145 0.7041782
0.4218 0.7036508
0.42215 0.7034863
0.4225 0.7034863
0.42285 0.7034863
0.4232 0.703296
0.42355 0.7017709
0.4239 0.7017709
0.42425 0.7021288
0.4246 0.7021585
0.42495 0.7031193
0.4253 0.7036643
0.42565 0.7036643
0.426 0.7012089
0.42635 0.7012089
0.4267 0.7022292
0.42705 0.7034146
0.4274 0.7035763
0.42775 0.7037565
0.4281 0.7035763
0.42845 0.7035087
0.4288 0.7033523
0.42915 0.702395
0.4295 0.7029468000000001
0.42985 0.7029468000000001
0.4302 0.7029468000000001
0.43055 0.7031307
0.4309 0.7032084
0.43125 0.7032084
0.4316 0.7032084
0.43195 0.7036857
0.4323 0.7039951999999999
0.43265 0.7039951999999999
0.433 0.7039850000000001
0.43335 0.703951
0.4337 0.7038504
0.43405 0.7036646
0.4344 0.7036899999999999
0.43475 0.7036899999999999
0.4351 0.7036998999999999
0.43545 0.7036998999999999
0.4358 0.7036879
0.43615 0.7035429
0.4365 0.7029361999999999
0.43685 0.7029361999999999
0.4372 0.7030571999999999
0.43755 0.7031745
0.4379 0.7032825
0.43825 0.7032848
0.4386 0.7032848
0.43895 0.7034273
0.4393 0.7029105
0.43965 0.7028251999999999
0.44 0.7023851
0.44035 0.7009138
0.4407 0.7000904
0.44105 0.7003172
0.4414 0.7000904
0.44175 0.6999211999999999
0.4421 0.6999211999999999
0.44245 0.6999211999999999
0.4428 0.7016517
0.44315 0.7026252
0.4435 0.7026252
0.44385 0.6999469
0.4442 0.6999469
0.44455 0.7024884
0.4449 0.7024884
0.44525 0.7013158
0.4456 0.7013158
0.44595 0.7014956999999999
0.4463 0.7020481
0.44665 0.7027756
0.447 0.70258
0.44735 0.7027747
0.4477 0.70258
0.44805 0.7027747
0.4484 0.7026345
0.44875 0.7030613
0.4491 0.7030408
0.44945 0.7030408
0.4498 0.7028689
0.45015 0.7028689
0.4505 0.7028689
0.45085 0.7023971
0.4512 0.701647
0.45155 0.701647
0.4519 0.7014541
0.45225 0.7017018
0.4526 0.7021618000000001
0.45295 0.7021618000000001
0.4533 0.7023391999999999
0.45365 0.7023366
0.454 0.7023366
0.45435 0.7019266
0.4547 0.7016058000000001
0.45505 0.7019266
0.4554 0.7016058000000001
0.45575 0.7015800999999999
0.4561 0.7012069000000001
0.45645 0.7012069000000001
0.4568 0.7007310999999999
0.45715 0.7018833000000001
0.4575 0.7017896
0.45785 0.7017896
0.4582 0.7017896
0.45855 0.7016545999999999
0.4589 0.7016313
0.45925 0.7012375
0.4596 0.7009565
0.45995 0.7012375
0.4603 0.701495
0.46065 0.7019139
0.461 0.7020021
0.46135 0.702024
0.4617 0.7020496999999999
0.46205 0.7020496999999999
0.4624 0.7020496999999999
0.46275 0.7021546999999999
0.4631 0.7021546999999999
0.46345 0.7020772
0.4638 0.7020585
0.46415 0.7019734999999999
0.4645 0.7018483
0.46485 0.7017699000000001
0.4652 0.7009628999999999
0.46555 0.7009628999999999
0.4659 0.7005756
0.46625 0.7003852
0.4666 0.7001714
0.46695 0.7003852
0.4673 0.7001714
0.46765 0.6997548000000001
0.468 0.6991179
0.46835 0.6980223000000001
0.4687 0.6947494000000001
0.46905 0.693717
0.4694 0.6947494000000001
0.46975 0.6968331999999999
0.4701 0.6971951
0.47045 0.6986901999999999
0.4708 0.6986901999999999
0.47115 0.698932
0.4715 0.6970763000000001
0.47185 0.6968668
0.4722 0.6956600000000001
0.47255 0.6956600000000001
0.4729 0.6971621
0.47325 0.6975669
0.4736 0.6984746000000001
0.47395 0.6984746000000001
0.4743 0.6997251
0.47465 0.6970987
0.475 0.6997251
0.47535 0.6933673
0.4757 0.699805
0.47605 0.6983716
0.4764 0.6983716
0.47675 0.6983716
0.4771 0.6986967
0.47745 0.6999305
0.4778 0.6989955
0.47815 0.6999379
0.4785 0.6997143
0.47885 0.6997143
0.4792 0.699468
0.47955 0.6994657
0.4799 0.6992083
0.48025 0.6990831999999999
0.4806 0.6989941
0.48095 0.6987552
0.4813 0.6984585999999999
0.48165 0.6982308
0.482 0.6972675
0.48235 0.6972675
0.4827 0.6972675
0.48305 0.6972395
0.4834 0.6954414000000001
0.48375 0.6928626
0.4841 0.6925116
0.48445 0.6900533
0.4848 0.6872418
0.48515 0.6873821999999999
0.4855 0.6873821999999999
0.48585 0.6873821999999999
0.4862 0.6914799
0.48655 0.6925985
0.4869 0.6944422
0.48725 0.6944422
0.4876 0.690546
0.48795 0.690546
0.4883 0.6947178
0.48865 0.6947178
0.489 0.6973701
0.48935 0.6931331000000001
0.4897 0.6973701
0.49005 0.6966397
0.4904 0.6966397
0.49075 0.6964286999999999
0.4911 0.6964286999999999
0.49145 0.6969829000000001
0.4918 0.6974994999999999
0.49215 0.6969829000000001
0.4925 0.6964199000000001
0.49285 0.695988
0.4932 0.695988
0.49355 0.695988
0.4939 0.6976859000000001
0.49425 0.6976859000000001
0.4946 0.6976859000000001
0.49495 0.6981261999999999
0.4953 0.6980058000000001
0.49565 0.6988429
0.496 0.6983109000000001
0.49635 0.6986772
0.4967 0.698529
0.49705 0.698529
0.4974 0.6982828000000001
0.49775 0.6982429
0.4981 0.6982124
0.49845 0.6977786
0.4988 0.6977786
0.49915 0.6972563
0.4995 0.6980130999999999
0.49985 0.6972563
0.50055 0.6934516
0.5009 0.6934516
0.50125 0.6956279000000001
0.5016 0.6956279000000001
0.50195 0.6950054
0.5023 0.6946041999999999
0.50265 0.6896313000000001
0.503 0.6808819
0.50335 0.6834446
0.5037 0.6834446
0.50405 0.6834446
0.5044 0.6906467
0.50475 0.6931897
0.5051 0.6936353
0.50545 0.6936353
0.5058 0.6921739
0.50615 0.6921739
0.5065 0.6858941999999999
0.50685 0.687847
0.5072 0.687847
0.50755 0.6907675
0.5079 0.6907675
0.50825 0.6907675
0.5086 0.6909512
0.50895 0.6909512
0.5093 0.6906183000000001
0.50965 0.6899093000000001
0.51 0.6899093000000001
0.51035 0.6919736
0.5107 0.6926983
0.51105 0.6926983
0.5114 0.6925193000000001
0.51175 0.6925193000000001
0.5121 0.6935494000000001
0.51245 0.6962706999999999
0.5128 0.6962706999999999
0.51315 0.6953291
0.5135 0.6953291
0.51385 0.695129
0.5142 0.695129
0.51455 0.695129
0.5149 0.695802
0.51525 0.6974249
0.5156 0.6976835
0.51595 0.6976835
0.5163 0.6976835
0.51665 0.6974276
0.517 0.6978475000000001
0.51735 0.6979064
0.5177 0.6979064
0.51805 0.6979064
0.5184 0.6980816999999999
0.51875 0.6981423000000001
0.5191 0.6981423000000001
0.51945 0.6978088000000001
0.5198 0.6978088000000001
0.52015 0.6978088000000001
0.5205 0.6977471
0.52085 0.6977119
0.5212 0.6976071
0.52155 0.6974961
0.5219 0.6970536999999999
0.52225 0.6970343000000001
0.5226 0.6967730999999999
0.52295 0.6962125
0.5233 0.6901071999999999
0.52365 0.6901071999999999
0.524 0.6893097
0.52435 0.6954613000000001
0.5247 0.6954613000000001
0.52505 0.6961524
0.5254 0.6963741999999999
0.52575 0.696723
0.5261 0.6968449999999999
0.52645 0.696723
0.5268 0.6951714
0.52715 0.6941605
0.5275 0.6941605
0.52785 0.6941605
0.5282 0.6962077
0.52855 0.6962077
0.5289 0.6944973000000001
0.52925 0.6941236999999999
0.5296 0.6938888000000001
0.52995 0.6938888000000001
0.5303 0.6938888000000001
0.53065 0.691866
0.531 0.691866
0.53135 0.6952645000000001
0.5317 0.6952645000000001
0.53205 0.695079
0.5324 0.6932090999999999
0.53275 0.6933078
0.5331 0.6933078
0.53345 0.6948175
0.5338 0.6948684
0.53415 0.6949169
0.5345 0.6949169
0.53485 0.6942470000000001
0.5352 0.6934382
0.53555 0.6934154
0.5359 0.6922709
0.53625 0.6922709
0.5366 0.6922709
0.53695 0.6906266
0.5373 0.6906266
0.53765 0.6896340999999999
0.538 0.6895673000000001
0.53835 0.6887982
0.5387 0.687322
0.53905 0.6868592
0.5394 0.6856081999999999
0.53975 0.6838563
0.5401 0.6838563
0.54045 0.6806643
0.5408 0.6788006
0.54115 0.6783241
0.5415 0.6755339
0.54185 0.6747380999999999
0.5422 0.674437
0.54255 0.674437
0.5429 0.6747196
0.54325 0.6747196
0.5436 0.6747283000000001
0.54395 0.6747283000000001
0.5443 0.6775068000000001
0.54465 0.6817344
0.545 0.6817344
0.54535 0.6823389
0.5457 0.6839455
0.54605 0.6839455
0.5464 0.6836101
0.54675 0.6836101
0.5471 0.6860609000000001
0.54745 0.6879076999999999
0.5478 0.6882934
0.54815 0.6894107
0.5485 0.6901599
0.54885 0.6908125
0.5492 0.6901599
0.54955 0.6908125
0.5499 0.6883505999999999
0.55025 0.6917034000000001
0.5506 0.6917034000000001
0.55095 0.6917034000000001
0.5513 0.6925128
0.55165 0.6900105
0.552 0.6921433000000001
0.55235 0.6916767
0.5527 0.6916767
0.55305 0.6916767
0.5534 0.691937
0.55375 0.691937
0.5541 0.691937
0.55445 0.6916418000000001
0.5548 0.6916385
0.55515 0.6916385
0.5555 0.6916385
0.55585 0.6930351
0.5562 0.692861
0.55655 0.692861
0.5569 0.6917856
0.55725 0.6917856
0.5576 0.6927116
0.55795 0.6930246999999999
0.5583 0.6927116
0.55865 0.6930246999999999
0.559 0.6929072
0.55935 0.6932351
0.5597 0.6929072
0.56005 0.6927404
0.5604 0.6927404
0.56075 0.6925859000000001
0.5611 0.6928118000000001
0.56145 0.6928118000000001
0.5618 0.6928118000000001
0.56215 0.6922653
0.5625 0.6922653
0.56285 0.6929510999999999
0.5632 0.6929510999999999
0.56355 0.6919941
0.5639 0.6914051
0.56425 0.6919941
0.5646 0.6916371
0.56495 0.6916371
0.5653 0.6914920999999999
0.56565 0.6914920999999999
0.566 0.6892720999999999
0.56635 0.6869408
0.5667 0.6865939
0.56705 0.6869408
0.5674 0.6865939
0.56775 0.6860053
0.5681 0.6793785
0.56845 0.6793785
0.5688 0.6782929
0.56915 0.6805595
0.5695 0.6766198
0.56985 0.677374
0.5702 0.677374
0.57055 0.6860537
0.5709 0.6860537
0.57125 0.6839196999999999
0.5716 0.6821425999999999
0.57195 0.6839196999999999
0.5723 0.6840335
0.57265 0.6840335
0.573 0.6859233
0.57335 0.6775439
0.5737 0.6821822
0.57405 0.6775439
0.5744 0.6768075
0.57475 0.6768075
0.5751 0.6741858000000001
0.57545 0.6825656
0.5758 0.6832663
0.57615 0.6832663
0.5765 0.6805216
0.57685 0.6772915
0.5772 0.6805216
0.57755 0.6822476
0.5779 0.6828553
0.57825 0.6847996000000001
0.5786 0.6844191
0.57895 0.6849926
0.5793 0.6849926
0.57965 0.6849926
0.58 0.6850609999999999
0.58035 0.6846036999999999
0.5807 0.68595
0.58105 0.686567
0.5814 0.686567
0.58175 0.6874121
0.5821 0.6866392
0.58245 0.6866392
0.5828 0.686149
0.58315 0.686149
0.5835 0.6868868
0.58385 0.6868868
0.5842 0.6868868
0.58455 0.6881394000000001
0.5849 0.6881394000000001
0.58525 0.6869261999999999
0.5856 0.6869261999999999
0.58595 0.6869261999999999
0.5863 0.6858310000000001
0.58665 0.6857603
0.587 0.6847761
0.58735 0.6847126
0.5877 0.6819205
0.58805 0.6781646
0.5884 0.6781646
0.58875 0.6781646
0.5891 0.6790326999999999
0.58945 0.6790326999999999
0.5898 0.6739058000000001
0.59015 0.6739058000000001
0.5905 0.6788417
0.59085 0.6788417
0.5912 0.6790659000000001
0.59155 0.6786916999999999
0.5919 0.6790659000000001
0.59225 0.6786916999999999
0.5926 0.6792841
0.59295 0.6817356
0.5933 0.6817356
0.59365 0.6771275
0.594 0.676575
0.59435 0.6679378
0.5947 0.6679378
0.59505 0.6766449000000001
0.5954 0.6766449000000001
0.59575 0.6766154999999999
0.5961 0.6766154999999999
0.59645 0.6762954999999999
0.5968 0.6783243
0.59715 0.6783243
0.5975 0.6783243
0.59785 0.675898
0.5982 0.675898
0.59855 0.6780103
0.5989 0.6780103
0.59925 0.6774644000000001
0.5996 0.6774644000000001
0.59995 0.6791573000000001
0.6003 0.6791573000000001
0.60065 0.6739229999999999
0.601 0.6739229999999999
0.60135 0.6781931999999999
0.6017 0.6805995
0.60205 0.6805995
0.6024 0.6829602
0.60275 0.6829602
0.6031 0.6841345999999999
0.60345 0.6855634
0.6038 0.6855634
0.60415 0.6843081
0.6045 0.6843081
0.60485 0.6833946
0.6052 0.6855645
0.60555 0.6856871999999999
0.6059 0.6856871999999999
0.60625 0.6856871999999999
0.6066 0.6852613000000001
0.60695 0.6860944
0.6073 0.6852613000000001
0.60765 0.6860944
0.608 0.6845190999999999
0.60835 0.6848268
0.6087 0.6845190999999999
0.60905 0.6843958
0.6094 0.6838523
0.60975 0.6843958
0.6101 0.6852010999999999
0.61045 0.6852010999999999
0.6108 0.6838255999999999
0.61115 0.6837488
0.6115 0.6826924
0.61185 0.6811316999999999
0.6122 0.6794289000000001
0.61255 0.6792513000000001
0.6129 0.6767231
0.61325 0.674111
0.6136 0.6709455
0.61395 0.6684203000000001
0.6143 0.6663196
0.61465 0.6645118
0.615 0.6637649
0.61535 0.6637031999999999
0.6157 0.66289
0.61605 0.660934
0.6164 0.6597715999999999
0.61675 0.658768
0.6171 0.6560670999999999
0.61745 0.6510704
0.6178 0.6460168000000001
0.61815 0.6459911
0.6185 0.6420992
0.61885 0.640041
0.6192 0.6388473000000001
0.61955 0.6388473000000001
0.6199 0.640588
0.62025 0.6434319000000001
0.6206 0.6465531
0.62095 0.6465563
0.6213 0.6482541999999999
0.62165 0.6504585
0.622 0.6543220999999999
0.62235 0.658557
0.6227 0.6618773
0.62305 0.6653416999999999
0.6234 0.6681716999999999
0.62375 0.6685194999999999
0.6241 0.6723706
0.62445 0.6752249
0.6248 0.6752969
0.62515 0.6785524000000001
0.6255 0.6802978
0.62585 0.6813741
0.6262 0.6820467
0.62655 0.6820467
0.6269 0.6821856
0.62725 0.6828957
0.6276 0.6828957
0.62795 0.6837878000000001
0.6283 0.6840066
0.62865 0.6842378
0.629 0.6854629
0.62935 0.6859783
0.6297 0.6859831000000001
0.63005 0.6868314
0.6304 0.6868314
0.63075 0.6866591
0.6311 0.6848174
0.63145 0.6839506
0.6318 0.6777960999999999
0.63215 0.6777960999999999
0.6325 0.6831385999999999
0.63285 0.6836321999999999
0.6332 0.6840681
0.63355 0.6850718000000001
0.6339 0.6856963
0.63425 0.6857221
0.6346 0.6857221
0.63495 0.6845094
0.6353 0.6845094
0.63565 0.6835774
0.636 0.6835774
0.63635 0.6835774
0.6367 0.681517
0.63705 0.681517
0.6374 0.681517
0.63775 0.680038
0.6381 0.6807956999999999
0.63845 0.6807956999999999
0.6388 0.6807956999999999
0.63915 0.6812739999999999
0.6395 0.6812739999999999
0.63985 0.682725
0.6402 0.6836331
0.64055 0.6827289000000001
0.6409 0.6830924
0.64125 0.6827289000000001
0.6416 0.681828
0.64195 0.681828
0.6423 0.6817889
0.64265 0.6820961999999999
0.643 0.6817889
0.64335 0.6817313
0.6437 0.6806536
0.64405 0.6792708000000001
0.6444 0.6792708000000001
0.64475 0.6790178000000001
0.6451 0.6790178000000001
0.64545 0.6790178000000001
0.6458 0.6757761
0.64615 0.668201
0.6465 0.668201
0.64685 0.6738688
0.6472 0.6763319000000001
0.64755 0.6763319000000001
0.6479 0.6749093
0.64825 0.6748183000000001
0.6486 0.6748183000000001
0.64895 0.675905
0.6493 0.6766443
0.64965 0.6782768
0.65 0.6785151
0.65035 0.6792366999999999
0.6507 0.6785151
0.65105 0.6726108000000001
0.6514 0.6726108000000001
0.65175 0.6726108000000001
0.6521 0.6742562
0.65245 0.6780465
0.6528 0.6780465
0.65315 0.6780936
0.6535 0.6754340999999999
0.65385 0.6780936
0.6542 0.6729071999999999
0.65455 0.6763853
0.6549 0.6763853
0.65525 0.6763853
0.6556 0.6736013000000001
0.65595 0.6733281999999999
0.6563 0.6733281999999999
0.65665 0.6744312
0.657 0.6744312
0.65735 0.67383
0.6577 0.67383
0.65805 0.6752388
0.6584 0.6752388
0.65875 0.6752388
0.6591 0.6755846999999999
0.65945 0.6755846999999999
0.6598 0.6732348000000001
0.66015 0.6732348000000001
0.6605 0.675793
0.66085 0.675793
0.6612 0.6748099
0.66155 0.674405
0.6619 0.6748099
0.66225 0.674405
0.6626 0.6741590999999999
0.66295 0.6739424
0.6633 0.6739235
0.66365 0.6737177
0.664 0.6736445
0.66435 0.6736445
0.6647 0.6740086
0.66505 0.6740086
0.6654 0.6731288000000001
0.66575 0.672035
0.6661 0.671395
0.66645 0.671499
0.6668 0.671499
0.66715 0.6718059000000001
0.6675 0.6719001
0.66785 0.6721752
0.6682 0.6721752
0.66855 0.6725315
0.6689 0.6725315
0.66925 0.6733249
0.6696 0.6747548000000001
0.66995 0.6759835
0.6703 0.6760395
0.67065 0.6775536
0.671 0.6775536
0.67135 0.6786503
0.6717 0.6797014
0.67205 0.6797723000000001
0.6724 0.6800619999999999
0.67275 0.6810294
0.6731 0.6816404
0.67345 0.6821182
0.6738 0.6833111
0.67415 0.6835034000000001
0.6745 0.6837703
0.67485 0.6838598000000001
0.6752 0.6851689000000001
0.67555 0.6851689000000001
0.6759 0.6852983
0.67625 0.6854224
0.6766 0.6854224
0.67695 0.6854922
0.6773 0.6854922
0.67765 0.6858446
0.678 0.6858446
0.67835 0.6851528
0.6787 0.6838769
0.67905 0.6839312
0.6794 0.6839312
0.67975 0.6840206
0.6801 0.6840206
0.68045 0.6838935
0.6808 0.6825177
0.68115 0.6819211
0.6815 0.6819211
0.68185 0.6805929000000001
0.6822 0.6797499
0.68255 0.6797499
0.6829 0.6797499
0.68325 0.6794378000000001
0.6836 0.6794378000000001
0.68395 0.6787422
0.6843 0.6781401
0.68465 0.6781401
0.685 0.6793955
0.68535 0.6814789000000001
0.6857 0.6816055
0.68605 0.6816055
0.6864 0.6813486999999999
0.68675 0.6771339
0.6871 0.6771339
0.68745 0.6804569
0.6878 0.6811583000000001
0.68815 0.6816786
0.6885 0.6816786
0.68885 0.6803603
0.6892 0.6803603
0.68955 0.6746924
0.6899 0.6799028
0.69025 0.6791496
0.6906 0.6799028
0.69095 0.6791496
0.6913 0.6777704999999999
0.69165 0.6771969
0.692 0.6757032
0.69235 0.6755618
0.6927 0.6757032
0.69305 0.6754559
0.6934 0.6742220999999999
0.69375 0.6742220999999999
0.6941 0.6742220999999999
0.69445 0.6748283
0.6948 0.6738605
0.69515 0.6738605
0.6955 0.6738192
0.69585 0.6719106
0.6962 0.6719106
0.69655 0.6730528
0.6969 0.6730528
0.69725 0.6729148
0.6976 0.6678130999999999
0.69795 0.6699241
0.6983 0.6688751000000001
0.69865 0.6688751000000001
0.699 0.6670556
0.69935 0.6652238
0.6997 0.6652238
0.70005 0.6589094
0.7004 0.6558822
0.70075 0.6558822
0.7011 0.6558978
0.70145 0.6558978
0.7018 0.6549362
0.70215 0.6544406
0.7025 0.6544406
0.70285 0.6544406
0.7032 0.6568762
0.70355 0.6568762
0.7039 0.656361
0.70425 0.656361
0.7046 0.6576234000000001
0.70495 0.6576234000000001
0.7053 0.6576234000000001
0.70565 0.6643238
0.706 0.6643238
0.70635 0.6643238
0.7067 0.6646226
0.70705 0.6646226
0.7074 0.6662655
0.70775 0.6662655
0.7081 0.6670031
0.70845 0.6670031
0.7088 0.6690122
0.70915 0.6671524
0.7095 0.6692216999999999
0.70985 0.6698364
0.7102 0.671379
0.71055 0.671379
0.7109 0.6714773
0.71125 0.6707741
0.7116 0.6714773
0.71195 0.6733179
0.7123 0.6733179
0.71265 0.6725304
0.713 0.6721461
0.71335 0.6721233
0.7137 0.6721461
0.71405 0.6721868000000001
0.7144 0.6721868000000001
0.71475 0.6699509
0.7151 0.6697056
0.71545 0.6669555
0.7158 0.6634268
0.71615 0.6632467
0.7165 0.6563281999999999
0.71685 0.6450323
0.7172 0.6424784
0.71755 0.6318201999999999
0.7179 0.6305258
0.71825 0.6236877
0.7186 0.6236877
0.71895 0.6108208
0.7193 0.6089036999999999
0.71965 0.6089036999999999
0.72 0.5954031999999999
0.72035 0.5954031999999999
0.7207 0.5950849
0.72105 0.5950849
0.7214 0.5940939000000001
0.72175 0.5872319
0.7221 0.5924676
0.72245 0.5880975
0.7228 0.5880975
0.72315 0.5828243000000001
0.7235 0.5509968000000001
0.72385 0.5417668000000001
0.7242 0.5417668000000001
0.72455 0.5254731
0.7249 0.5033608
0.72525 0.5033608
0.7256 0.4885589
0.72595 0.4885589
0.7263 0.4816844
0.72665 0.4823349
0.727 0.4476654
0.72735 0.4632968
0.7277 0.4632968
0.72805 0.4765281
0.7284 0.5043085999999999
0.72875 0.5195350000000001
0.7291 0.5275703
0.72945 0.5275703
0.7298 0.5250058000000001
0.73015 0.5250058000000001
0.7305 0.5399482
0.73085 0.5625551999999999
0.7312 0.5837175
0.73155 0.5837175
0.7319 0.5837175
0.73225 0.5776281
0.7326 0.5913831
0.73295 0.5776281
0.7333 0.5913831
0.73365 0.6140279000000001
0.734 0.6140279000000001
0.73435 0.6200078
0.7347 0.6294494
0.73505 0.6316429
0.7354 0.6363325
0.73575 0.6363325
0.7361 0.6363325
0.73645 0.6450340999999999
0.7368 0.6450340999999999
0.73715 0.6453675
0.7375 0.6527229999999999
0.73785 0.6540123999999999
0.7382 0.657429
0.73855 0.6594734
0.7389 0.657429
0.73925 0.661333
0.7396 0.6648241
0.73995 0.6671541999999999
0.7403 0.6674908
0.74065 0.671661
0.741 0.671661
0.74135 0.6723693000000001
0.7417 0.6728993000000001
0.74205 0.6747999
0.7424 0.6747999
0.74275 0.6749966
0.7431 0.6766647
0.74345 0.6768255999999999
0.7438 0.6768255999999999
0.74415 0.6766595000000001
0.7445 0.6766595000000001
0.74485 0.6772429
0.7452 0.6772429
0.74555 0.6772429
0.7459 0.6764796
0.74625 0.6775234
0.7466 0.6775234
0.74695 0.6775234
0.7473 0.6775845
0.74765 0.6772552
0.748 0.6776998000000001
0.74835 0.6775768
0.7487 0.6775768
0.74905 0.6775768
0.7494 0.6776291
0.74975 0.6776291
0.7501 0.6776291
0.75045 0.6773906999999999
0.7508 0.6781108
0.75115 0.678136
0.7515 0.6782041999999999
0.75185 0.6782041999999999
0.7522 0.6782041999999999
0.75255 0.6779791000000001
0.7529 0.6779791000000001
0.75325 0.6784834
0.7536 0.6784983
0.75395 0.6784983
0.7543 0.6784983
0.75465 0.6788054
0.755 0.678373
0.75535 0.6786091999999999
0.7557 0.6786091999999999
0.75605 0.6786091999999999
0.7564 0.6784545
0.75675 0.6782745
0.7571 0.6778168999999999
0.75745 0.6766254
0.7578 0.6766254
0.75815 0.6769477
0.7585 0.6769477
0.75885 0.6764195
0.7592 0.6761916
0.75955 0.6742844
0.7599 0.6742663000000001
0.76025 0.6736768
0.7606 0.6724800999999999
0.76095 0.6724800999999999
0.7613 0.6734435999999999
0.76165 0.6734435999999999
0.762 0.6716721999999999
0.76235 0.6710134
0.7627 0.6707119
0.76305 0.6703150999999999
0.7634 0.6703150999999999
0.76375 0.6700378
0.7641 0.6699946999999999
0.76445 0.6691201999999999
0.7648 0.6690222
0.76515 0.6690222
0.7655 0.6693063
0.76585 0.6693063
0.7662 0.6689149999999999
0.76655 0.6688548000000001
0.7669 0.6676126
0.76725 0.6676126
0.7676 0.6683979
0.76795 0.6693064000000001
0.7683 0.6693064000000001
0.76865 0.6688203
0.769 0.6687093000000001
0.76935 0.6687093000000001
0.7697 0.6688177
0.77005 0.6688177
0.7704 0.6683724
0.77075 0.6679701
0.7711 0.6676791999999999
0.77145 0.6675955
0.7718 0.6673604000000001
0.77215 0.6672161
0.7725 0.6659958
0.77285 0.6634665
0.7732 0.6610106
0.77355 0.6610106
0.7739 0.6612593000000001
0.77425 0.6622722
0.7746 0.6622722
0.77495 0.6620767
0.7753 0.6613116
0.77565 0.6598088000000001
0.776 0.6585559
0.77635 0.6577444
0.7767 0.6574177
0.77705 0.6566097
0.7774 0.6555062
0.77775 0.6553707
0.7781 0.6540208000000001
0.77845 0.6525773
0.7788 0.6512908000000001
0.77915 0.6497076
0.7795 0.6462064000000001
0.77985 0.6430455
0.7802 0.6386934
0.78055 0.638678
0.7809 0.6334675000000001
0.78125 0.6314376
0.7816 0.6307669
0.78195 0.62954
0.7823 0.629239
0.78265 0.6291393
0.783 0.6267595
0.78335 0.6261127
0.7837 0.6213574000000001
0.78405 0.6213574000000001
0.7844 0.6270996
0.78475 0.6341451
0.7851 0.6351505999999999
0.78545 0.6351505999999999
0.7858 0.6334565
0.78615 0.6333512
0.7865 0.6334565
0.78685 0.6334704000000001
0.7872 0.6344533
0.78755 0.6375592
0.7879 0.6377151999999999
0.78825 0.6399349
0.7886 0.6400897
0.78895 0.6410932
0.7893 0.6410932
0.78965 0.6415810000000001
0.79 0.6415810000000001
0.79035 0.6411538
0.7907 0.6410986
0.79105 0.6388927
0.7914 0.6365503
0.79175 0.6364241
0.7921 0.6342097
0.79245 0.6302211
0.7928 0.627189
0.79315 0.627189
0.7935 0.6272857
0.79385 0.6272857
0.7942 0.623979
0.79455 0.6232259
0.7949 0.6177814
0.79525 0.6177723
0.7956 0.6177723
0.79595 0.6073003
0.7963 0.6073003
0.79665 0.6073003
0.797 0.6130055999999999
0.79735 0.6130055999999999
0.7977 0.6130055999999999
0.79805 0.6149094
0.7984 0.6156965
0.79875 0.6157249
0.7991 0.6168557
0.79945 0.6197917
0.7998 0.6217791
0.80015 0.621815
0.8005 0.6232958000000001
0.80085 0.6261441999999999
0.8012 0.6261441999999999
0.80155 0.6261581999999999
0.8019 0.6261581999999999
0.80225 0.6272287
0.8026 0.6281786
0.80295 0.6319206
0.8033 0.6319206
0.80365 0.6344162
0.804 0.6344294
0.80435 0.6359751
0.8047 0.6383255999999999
0.80505 0.6404865
0.8054 0.6412404
0.80575 0.6412404
0.8061 0.6400158
0.80645 0.6400158
0.8068 0.6448121
0.80715 0.6476554
0.8075 0.6476554
0.80785 0.6497265999999999
0.8082 0.6503705
0.80855 0.6505499
0.8089 0.6505499
0.80925 0.6475257
0.8096 0.6475257
0.80995 0.6511726999999999
0.8103 0.6522463000000001
0.81065 0.6522463000000001
0.811 0.652454
0.81135 0.6532521
0.8117 0.6537739
0.81205 0.6544215999999999
0.8124 0.6552658
0.81275 0.6573108
0.8131 0.6552658
0.81345 0.6592875
0.8138 0.6597844
0.81415 0.6599767
0.8145 0.6599767
0.81485 0.6301764
0.8152 0.6301764
0.81555 0.6593473000000001
0.8159 0.6603331
0.81625 0.6603331
0.8166 0.6628599000000001
0.81695 0.6617523
0.8173 0.6630264
0.81765 0.6617523
0.818 0.6613602
0.81835 0.6613602
0.8187 0.6613602
0.81905 0.664912
0.8194 0.6655209
0.81975 0.6655209
0.8201 0.6663213000000001
0.82045 0.6667487
0.8208 0.6667487
0.82115 0.6672511999999999
0.8215 0.6665179
0.82185 0.6665179
0.8222 0.6659292
0.82255 0.6644774999999999
0.8229 0.6608177
0.82325 0.6274755
0.8236 0.6399338000000001
0.82395 0.6399338000000001
0.8243 0.6662275
0.82465 0.6687379
0.825 0.6688082
0.82535 0.6688082
0.8257 0.6680723000000001
0.82605 0.6680723000000001
0.8264 0.6691670999999999
0.82675 0.6695299
0.8271 0.6691670999999999
0.82745 0.6669556999999999
0.8278 0.6573414000000001
0.82815 0.6659495
0.8285 0.6659495
0.82885 0.6659495
0.8292 0.6673595
0.82955 0.6685738
0.8299 0.6685738
0.83025 0.66783
0.8306 0.66783
0.83095 0.6682973000000001
0.8313 0.6694985
0.83165 0.6682973000000001
0.832 0.6639851999999999
0.83235 0.6639851999999999
0.8327 0.6596635999999999
0.83305 0.6683816
0.8334 0.6656284
0.83375 0.6656284
0.8341 0.6496408
0.83445 0.6496408
0.8348 0.6496408
0.83515 0.6584949999999999
0.8355 0.6553909000000001
0.83585 0.6553909000000001
0.8362 0.6528669
0.83655 0.6523946999999999
0.8369 0.6498873000000001
0.83725 0.6477824000000001
0.8376 0.6361164
0.83795 0.6327299
0.8383 0.6327299
0.83865 0.6320521
0.839 0.6320521
0.83935 0.6326853
0.8397 0.6343706
0.84005 0.6353009
0.8404 0.6353009
0.84075 0.6261883
0.8411 0.6218968
0.84145 0.6218968
0.8418 0.6223005
0.84215 0.6224441
0.8425 0.6333167
0.84285 0.6433727
0.8432 0.6433727
0.84355 0.6427639
0.8439 0.6388623999999999
0.84425 0.6388623999999999
0.8446 0.6407889
0.84495 0.6418186
0.8453 0.6458421999999999
0.84565 0.6465169
0.846 0.6511183
0.84635 0.6544433000000001
0.8467 0.6544433000000001
0.84705 0.654354
0.8474 0.6539454
0.84775 0.6536102
0.8481 0.6536102
0.84845 0.6524583
0.8488 0.6555350000000001
0.84915 0.6575557
0.8495 0.6575557
0.84985 0.6566774999999999
0.8502 0.6540802
0.85055 0.6449087
0.8509 0.6449087
0.85125 0.6449087
0.8516 0.6496203
0.85195 0.6479041999999999
0.8523 0.6479041999999999
0.85265 0.6479041999999999
0.853 0.6437552
0.85335 0.6389862
0.8537 0.6355744000000001
0.85405 0.6318838000000001
0.8544 0.6261996
0.85475 0.6225476
0.8551 0.6222944
0.85545 0.6136050999999999
0.8558 0.6136050999999999
0.85615 0.6047008
0.8565 0.6038444000000001
0.85685 0.5998723000000001
0.8572 0.5885045
0.85755 0.5846135
0.8579 0.5456656
0.85825 0.5456656
0.8586 0.5456656
0.85895 0.5368512
0.8593 0.5368512
0.85965 0.5368512
0.86 0.5324654999999999
0.86035 0.5098024999999999
0.8607 0.5052686
0.86105 0.4853002999999999
0.8614 0.480764
0.86175 0.4727003999999999
0.8621 0.4592838999999999
0.86245 0.4592838999999999
0.8628 0.4543698
0.86315 0.4564225999999999
0.8635 0.4307380999999999
0.86385 0.4275877
0.8642 0.4251914
0.86455 0.4057203
0.8649 0.4251914
0.86525 0.4609242999999999
0.8656 0.4614420999999999
0.86595 0.4789653
0.8663 0.4877882
0.86665 0.4877882
0.867 0.4362145
0.86735 0.4362145
0.8677 0.4468896
0.86805 0.4979367999999999
0.8684 0.5159633
0.86875 0.5228923
0.8691 0.5438153
0.86945 0.5500797
0.8698 0.5500797
0.87015 0.5500797
0.8705 0.5474015
0.87085 0.5255055999999999
0.8712 0.5108056
0.87155 0.5255055999999999
0.8719 0.5244158
0.87225 0.5785358
0.8726 0.5299575
0.87295 0.5299575
0.8733 0.5299575
0.87365 0.5566194999999999
0.874 0.5762464
0.87435 0.5821805
0.8747 0.5821805
0.87505 0.5821805
0.8754 0.5914758000000001
0.87575 0.5590807
0.8761 0.572666
0.87645 0.5725931
0.8768 0.5725931
0.87715 0.5625019
0.8775 0.4969252999999999
0.87785 0.4969252999999999
0.8782 0.4812179
0.87855 0.4812179
0.8789 0.5541739
0.87925 0.5541739
0.8796 0.4116480999999999
0.87995 0.340597
0.8803 0.3781986
0.88065 0.340597
0.881 0.3149707
0.88135 0.3131109
0.8817 0.2621337
0.88205 0.19204
0.8824 0.1136918999999999
0.88275 0.1136918999999999
0.8831 0.1136918999999999
0.88345 0.1143855
0.8838 0.1086283999999999
0.88415 0.1143855
0.8845 0.1469261
0.88485 0.1815811
0.8852 0.1983343
0.88555 0.1983343
0.8859 0.1809305
0.88625 0.1354987
0.8866 0.0590255
0.88695 0.0474575
0.8873 0.0474575
0.88765 0.0573876999999999
0.888 0.0707677
0.88835 0.0707677
0.8887 0.0996116
0.88905 0.0611692999999999
0.8894 0.1059688999999999
0.88975 0.1045905999999999
0.8901 0.1349888
0.89045 0.1284167
0.8908 0.1284167
0.89115 0.1261588
0.8915 0.1261588
0.89185 0.1453971
0.8922 0.1453971
0.89255 0.1453971
0.8929 0.145875
0.89325 0.145875
0.8936 0.1295961
0.89395 0.1188749
0.8943 0.1188749
0.89465 0.1222201
0.895 0.1222201
0.89535 0.108172
0.8957 0.108172
0.89605 0.1280859
0.8964 0.1530672
0.89675 0.1995814
0.8971 0.1995814
0.89745 0.2121299
0.8978 0.2030009
0.89815 0.2121299
0.8985 0.2030009
0.89885 0.2064503999999999
0.8992 0.2012929
0.89955 0.189128
0.8999 0.189128
0.90025 0.2630343
0.9006 0.2807373
0.90095 0.3142494
0.9013 0.3351659
0.90165 0.3687045
0.902 0.3687045
0.90235 0.3760307
0.9027 0.3760307
0.90305 0.3949508
0.9034 0.4391012999999999
0.90375 0.3949508
0.9041 0.4585849
0.90445 0.4871567
0.9048 0.4949415
0.90515 0.4949415
0.9055 0.5198302
0.90585 0.5491095
0.9062 0.5491095
0.90655 0.5207257000000001
0.9069 0.5207257000000001
0.90725 0.5210306
0.9076 0.5210306
0.90795 0.5338701
0.9083 0.4738814
0.90865 0.5338701
0.909 0.5560239
0.90935 0.5560239
0.9097 0.5012402
0.91005 0.5012402
0.9104 0.5477426
0.91075 0.5687453
0.9111 0.5894018
0.91145 0.5930243000000001
0.9118 0.5930243000000001
0.91215 0.5835826
0.9125 0.5772058000000001
0.91285 0.5772058000000001
0.9132 0.5772058000000001
0.91355 0.5239371
0.9139 0.5893068
0.91425 0.5900758
0.9146 0.6061076999999999
0.91495 0.6032326
0.9153 0.6032326
0.91565 0.5747666
0.916 0.5735064999999999
0.91635 0.5735064999999999
0.9167 0.5735064999999999
0.91705 0.5893614
0.9174 0.6044792
0.91775 0.6044792
0.9181 0.5872119
0.91845 0.5872119
0.9188 0.5872119
0.91915 0.5783149000000001
0.9195 0.5778082
0.91985 0.5783149000000001
0.9202 0.5923358
0.92055 0.5923358
0.9209 0.6127315
0.92125 0.5917047
0.9216 0.5620404
0.92195 0.5620404
0.9223 0.4723707
0.92265 0.5751647
0.923 0.6140623000000001
0.92335 0.6140623000000001
0.9237 0.5898187
0.92405 0.5898187
0.9244 0.5898187
0.92475 0.5964362
0.9251 0.5828106
0.92545 0.5964362
0.9258 0.5801473
0.92615 0.5801473
0.9265 0.5801473
0.92685 0.4195162
0.9272 0.5577664000000001
0.92755 0.5577664000000001
0.9279 0.5577664000000001
0.92825 0.5917144
0.9286 0.5917144
0.92895 0.5970203000000001
0.9293 0.6119938
0.92965 0.6119938
0.93 0.5594275
0.93035 0.5066512
0.9307 0.4798105
0.93105 0.4614932
0.9314 0.4614932
0.93175 0.4614932
0.9321 0.5375032
0.93245 0.5133089
0.9328 0.5375032
0.93315 0.5877441999999999
0.9335 0.5877441999999999
0.93385 0.5175932
0.9342 0.4971107
0.93455 0.4914936
0.9349 0.4971107
0.93525 0.4914936
0.9356 0.5974404999999999
0.93595 0.5769323000000001
0.9363 0.5974404999999999
0.93665 0.5769323000000001
0.937 0.5730062
0.93735 0.5730062
0.9377 0.5139676
0.93805 0.4917354999999999
0.9384 0.4917354999999999
0.93875 0.5297742
0.9391 0.5820771
0.93945 0.5844819
0.9398 0.5844819
0.94015 0.601232
0.9405 0.4627640999999999
0.94085 0.6067600000000001
0.9412 0.6048422
0.94155 0.6240325
0.9419 0.6288134
0.94225 0.6301794
0.9426 0.6301794
0.94295 0.5157149000000001
0.9433 0.5157149000000001
0.94365 0.5517552
0.944 0.5517552
0.94435 0.4953303
0.9447 0.4953303
0.94505 0.6012449000000001
0.9454 0.6012449000000001
0.94575 0.6012449000000001
0.9461 0.6005339
0.94645 0.6005339
0.9468 0.5466944
0.94715 0.5466944
0.9475 0.5381212
0.94785 0.5719605
0.9482 0.6090749
0.94855 0.616081
0.9489 0.6090749
0.94925 0.549089
0.9496 0.549089
0.94995 0.5656435000000001
0.9503 0.5844951
0.95065 0.6252803000000001
0.951 0.6252803000000001
0.95135 0.5974275
0.9517 0.5974275
0.95205 0.6042558000000001
0.9524 0.6042558000000001
0.95275 0.5809263000000001
0.9531 0.5748083
0.95345 0.5748083
0.9538 0.6240166
0.95415 0.6240166
0.9545 0.6186981
0.95485 0.6186981
0.9552 0.6007296999999999
0.95555 0.6162426
0.9559 0.6162426
0.95625 0.6162426
0.9566 0.6134986
0.95695 0.5770441
0.9573 0.5770441
0.95765 0.6209100000000001
0.958 0.6209100000000001
0.95835 0.6201715
0.9587 0.6162786
0.95905 0.6162786
0.9594 0.5769873999999999
0.95975 0.5769873999999999
0.9601 0.6020042
0.96045 0.6020042
0.9608 0.5938019
0.96115 0.5938019
0.9615 0.5938019
0.96185 0.5868477
0.9622 0.5793031
0.96255 0.5224429
0.9629 0.5224429
0.96325 0.5269513000000001
0.9636 0.5269513000000001
0.96395 0.5269513000000001
0.9643 0.5380705
0.96465 0.5380705
0.965 0.5220099
0.96535 0.5117413
0.9657 0.510497
0.96605 0.4955014
0.9664 0.4941051999999999
0.96675 0.4941051999999999
0.9671 0.4701973
0.96745 0.4811690999999999
0.9678 0.4811690999999999
0.96815 0.5070337
0.9685 0.5070337
0.96885 0.5001106
0.9692 0.489334
0.96955 0.4864146
0.9699 0.4788265
0.97025 0.4480376
0.9706 0.4166699
0.97095 0.4074038
0.9713 0.4166699
0.97165 0.4386590999999999
0.972 0.4550924
0.97235 0.4790776
0.9727 0.4809148
0.97305 0.4790776
0.9734 0.4689462
0.97375 0.4681694999999999
0.9741 0.459974
0.97445 0.4681694999999999
0.9748 0.4805544
0.97515 0.4805544
0.9755 0.4805544
0.97585 0.4959805999999999
0.9762 0.4959805999999999
0.97655 0.4610825
0.9769 0.4046035999999999
0.97725 0.4610825
0.9776 0.4359934
0.97795 0.4359934
0.9783 0.4107596999999999
0.97865 0.4107596999999999
0.979 0.4301145999999999
0.97935 0.4590127
0.9797 0.4590127
0.98005 0.3685969
0.9804 0.3511508
0.98075 0.3511508
0.9811 0.3511508
0.98145 0.3658624
0.9818 0.3658624
0.98215 0.3545642
0.9825 0.3545642
0.98285 0.1292414
0.9832 0.2987896
0.98355 0.2987896
0.9839 0.2987896
0.98425 0.3052757
0.9846 0.298349
0.98495 0.3244822
0.9853 0.1348453
0.98565 0.2198041
0.986 0.158628
0.98635 0.2198041
0.9867 0.1880642
0.98705 0.1880642
0.9874 0.1880642
0.98775 0.2032202
0.9881 0.2032202
0.98845 0.0143635999999999
0.9888 0.0143635999999999
0.98915 0.0635677
0.9895 0.2092899
0.98985 0.128923
0.9902 0.2062452
0.99055 0.128923
0.9909 0.2062452
0.99125 0.2074692
0.9916 0.2154962
0.99195 0.2074692
0.9923 0.230598
0.99265 0.2650172
0.993 0.2739864
0.99335 0.2739864
0.9937 0.2539421
0.99405 0.2539421
0.9944 0.2587589
0.99475 0.2587589
0.9951 0.1831192999999999
0.99545 0.1831192999999999
0.9958 0.0470656999999999
0.99615 0.2331003999999999
0.9965 0.0470656999999999
0.99685 0.2331003999999999
0.9972 0.2471605
0.99755 0.2471605
0.9979 0.2685378
0.99825 0.1987313
0.9986 0.2248235
0.99895 0.1938599
0.9993 0.1908433
