0.3 0.0056165
0.30035 0.0056255
0.3007 0.0056346
0.30105 0.0056437
0.3014 0.0056529
0.30175 0.0056622
0.3021 0.0056716
0.30245 0.005681
0.3028 0.0056905
0.30315 0.0057
0.3035 0.0057096
0.30385 0.0057193
0.3042 0.0057291
0.30455 0.0057389
0.3049 0.0057488
0.30525 0.0057586999999999
0.3056 0.0057687
0.30595 0.0057788
0.3063 0.0057889
0.30665 0.0057991
0.307 0.0058093999999999
0.30735 0.0058198
0.3077 0.0058302
0.30805 0.0058406
0.3084 0.0058512
0.30875 0.0058618
0.3091 0.0058724
0.30945 0.0058832
0.3098 0.005894
0.31015 0.0059048
0.3105 0.0059156999999999
0.31085 0.0059267
0.3112 0.0059378
0.31155 0.0059489
0.3119 0.00596
0.31225 0.0059713
0.3126 0.0059826
0.31295 0.005994
0.3133 0.0060053999999999
0.31365 0.0060168999999999
0.314 0.0060285
0.31435 0.0060401
0.3147 0.0060518
0.31505 0.0060634999999999
0.3154 0.0060753
0.31575 0.0060872
0.3161 0.0060991
0.31645 0.0061111
0.3168 0.0061231
0.31715 0.0061351999999999
0.3175 0.0061473
0.31785 0.0061595
0.3182 0.0061718
0.31855 0.0061841
0.3189 0.0061965
0.31925 0.0062089
0.3196 0.0062214
0.31995 0.006234
0.3203 0.0062466
0.32065 0.0062591999999999
0.321 0.0062718999999999
0.32135 0.0062847
0.3217 0.0062975
0.32205 0.0063104
0.3224 0.0063233
0.32275 0.0063361999999999
0.3231 0.0063493
0.32345 0.0063623
0.3238 0.0063755
0.32415 0.0063886
0.3245 0.0064018999999999
0.32485 0.0064152
0.3252 0.0064284999999999
0.32555 0.0064418999999999
0.3259 0.0064553
0.32625 0.0064688
0.3266 0.0064823
0.32695 0.0064957999999999
0.3273 0.0065095
0.32765 0.0065231
0.328 0.0065368
0.32835 0.0065506
0.3287 0.0065643999999999
0.32905 0.0065781999999999
0.3294 0.0065921
0.32975 0.0066061
0.3301 0.00662
0.33045 0.006634
0.3308 0.0066481
0.33115 0.0066623
0.3315 0.0066764
0.33185 0.0066906
0.3322 0.0067048
0.33255 0.0067191
0.3329 0.0067334
0.33325 0.0067478
0.3336 0.0067622
0.33395 0.0067766
0.3343 0.0067911
0.33465 0.0068055999999999
0.335 0.0068202
0.33535 0.0068348
0.3357 0.0068494
0.33605 0.0068641
0.3364 0.0068788
0.33675 0.0068935
0.3371 0.0069083
0.33745 0.0069231
0.3378 0.0069378999999999
0.33815 0.0069528
0.3385 0.0069676999999999
0.33885 0.0069826
0.3392 0.0069976
0.33955 0.0070126
0.3399 0.0070276
0.34025 0.0070426999999999
0.3406 0.0070578
0.34095 0.0070729
0.3413 0.0070881
0.34165 0.0071033
0.342 0.0071185
0.34235 0.0071337
0.3427 0.0071489999999999
0.34305 0.0071643
0.3434 0.0071797
0.34375 0.0071951
0.3441 0.0072105
0.34445 0.0072259
0.3448 0.0072413
0.34515 0.0072568
0.3455 0.0072723
0.34585 0.0072878999999999
0.3462 0.0073034999999999
0.34655 0.007319
0.3469 0.0073346999999999
0.34725 0.0073503
0.3476 0.0073659999999999
0.34795 0.0073817
0.3483 0.0073973999999999
0.34865 0.0074131
0.349 0.0074289
0.34935 0.0074447
0.3497 0.0074605
0.35005 0.0074763
0.3504 0.0074922
0.35075 0.0075081
0.3511 0.0075239999999999
0.35145 0.0075399
0.3518 0.0075558
0.35215 0.0075718
0.3525 0.0075876999999999
0.35285 0.0076036999999999
0.3532 0.0076198
0.35355 0.0076358
0.3539 0.0076518999999999
0.35425 0.0076679
0.3546 0.007684
0.35495 0.0077001
0.3553 0.0077161999999999
0.35565 0.0077323999999999
0.356 0.0077483999999999
0.35635 0.0077646999999999
0.3567 0.0077808999999999
0.35705 0.007797
0.3574 0.0078132999999999
0.35775 0.0078295
0.3581 0.0078456
0.35845 0.007862
0.3588 0.0078782
0.35915 0.0078946
0.3595 0.0079107
0.35985 0.0079268
0.3602 0.0079433
0.36055 0.0079595
0.3609 0.007976
0.36125 0.0079925
0.3616 0.0080089
0.36195 0.0080253
0.3623 0.0080416
0.36265 0.0080581
0.363 0.0080745
0.36335 0.0080909
0.3637 0.0081073
0.36405 0.0081237
0.3644 0.0081402
0.36475 0.0081566
0.3651 0.0081731
0.36545 0.0081894999999999
0.3658 0.0082059
0.36615 0.0082224
0.3665 0.0082389
0.36685 0.0082553
0.3672 0.0082718
0.36755 0.0082883
0.3679 0.0083047
0.36825 0.0083212
0.3686 0.0083376
0.36895 0.0083542
0.3693 0.0083707
0.36965 0.0083872
0.37 0.0084036
0.37035 0.0084201
0.3707 0.0084363999999999
0.37105 0.008453
0.3714 0.0084695999999999
0.37175 0.008486
0.3721 0.0085025
0.37245 0.008519
0.3728 0.0085353
0.37315 0.0085519999999999
0.3735 0.0085685
0.37385 0.0085849
0.3742 0.0086015
0.37455 0.0086179
0.3749 0.008634
0.37525 0.0086509
0.3756 0.0086665
0.37595 0.0086838
0.3763 0.0086999
0.37665 0.0087167999999999
0.377 0.0087331
0.37735 0.0087496
0.3777 0.0087657999999999
0.37805 0.0087822
0.3784 0.008799
0.37875 0.008815
0.3791 0.0088316
0.37945 0.0088463
0.3798 0.0088642999999999
0.38015 0.0088805999999999
0.3805 0.0088973
0.38085 0.0089138
0.3812 0.0089302
0.38155 0.0089466
0.3819 0.0089626
0.38225 0.0089784
0.3826 0.0089953
0.38295 0.0090121
0.3833 0.0090283999999999
0.38365 0.0090447
0.384 0.009061
0.38435 0.0090774
0.3847 0.0090937
0.38505 0.00911
0.3854 0.0091262
0.38575 0.0091425
0.3861 0.0091587
0.38645 0.0091749
0.3868 0.0091912
0.38715 0.0092073
0.3875 0.0092236
0.38785 0.0092398
0.3882 0.009256
0.38855 0.0092721
0.3889 0.0092882
0.38925 0.0093043999999999
0.3896 0.0093207
0.38995 0.0093367
0.3903 0.0093527
0.39065 0.009369
0.391 0.0093851
0.39135 0.0094012
0.3917 0.009417
0.39205 0.0094332
0.3924 0.0094492999999999
0.39275 0.0094647999999999
0.3931 0.0094812999999999
0.39345 0.0094974
0.3938 0.0095132999999999
0.39415 0.0095287
0.3945 0.0095452
0.39485 0.0095608
0.3952 0.0095766
0.39555 0.0095928
0.3959 0.0096083
0.39625 0.0096239
0.3966 0.00964
0.39695 0.0096563
0.3973 0.0096712999999999
0.39765 0.0096877
0.398 0.0097032999999999
0.39835 0.0097194999999999
0.3987 0.0097349999999999
0.39905 0.0097507999999999
0.3994 0.0097664
0.39975 0.0097822999999999
0.4001 0.009798
0.40045 0.0098136
0.4008 0.009829
0.40115 0.0098436
0.4015 0.0098604
0.40185 0.0098761
0.4022 0.0098903999999999
0.40255 0.0099069
0.4029 0.0099224999999999
0.40325 0.0099379999999999
0.4036 0.0099531
0.40395 0.0099687999999999
0.4043 0.0099843
0.40465 0.0099996
0.405 0.010015
0.40535 0.0100305
0.4057 0.0100452999999999
0.40605 0.0100598
0.4064 0.0100747999999999
0.40675 0.0100904
0.4071 0.010106
0.40745 0.0101217
0.4078 0.010137
0.40815 0.0101522
0.4085 0.0101675
0.40885 0.0101813999999999
0.4092 0.0101976
0.40955 0.0102126
0.4099 0.0102274
0.41025 0.0102422
0.4106 0.0102572999999999
0.41095 0.0102723
0.4113 0.0102872
0.41165 0.0103022
0.412 0.0103165
0.41235 0.0103317
0.4127 0.0103464
0.41305 0.0103611
0.4134 0.0103749
0.41375 0.0103901
0.4141 0.0104053
0.41445 0.0104197
0.4148 0.0104338
0.41515 0.0104477
0.4155 0.0104622999999999
0.41585 0.0104754999999999
0.4162 0.0104882999999999
0.41655 0.010506
0.4169 0.0105212999999999
0.41725 0.0105327999999999
0.4176 0.0105485
0.41795 0.0105613999999999
0.4183 0.0105786
0.41865 0.0105925
0.419 0.0106059
0.41935 0.0106178
0.4197 0.0106339
0.42005 0.0106461
0.4204 0.0106613
0.42075 0.0106771
0.4211 0.0106915
0.42145 0.0107058999999999
0.4218 0.0107196
0.42215 0.0107323
0.4225 0.0107473999999999
0.42285 0.0107617
0.4232 0.0107747
0.42355 0.0107865
0.4239 0.0107972
0.42425 0.0108146
0.4246 0.0108295
0.42495 0.0108419
0.4253 0.0108579
0.42565 0.0108712
0.426 0.0108808
0.42635 0.0108954
0.4267 0.0109117
0.42705 0.0109238999999999
0.4274 0.0109392999999999
0.42775 0.0109522
0.4281 0.010966
0.42845 0.0109791
0.4288 0.0109903
0.42915 0.0110055
0.4295 0.0110178
0.42985 0.0110313999999999
0.4302 0.0110447
0.43055 0.0110569
0.4309 0.0110722
0.43125 0.0110844
0.4316 0.0110972
0.43195 0.0111109
0.4323 0.0111238999999999
0.43265 0.0111367
0.433 0.0111493
0.43335 0.0111622
0.4337 0.0111743
0.43405 0.0111872
0.4344 0.0111994
0.43475 0.0112123999999999
0.4351 0.0112252
0.43545 0.0112375
0.4358 0.0112499
0.43615 0.0112623
0.4365 0.0112727
0.43685 0.0112857
0.4372 0.0112982999999999
0.43755 0.0113114
0.4379 0.0113242
0.43825 0.011337
0.4386 0.0113497999999999
0.43895 0.0113612
0.4393 0.0113733999999999
0.43965 0.0113832
0.44 0.0113917999999999
0.44035 0.0113962
0.4407 0.0114082
0.44105 0.0114185
0.4414 0.0114318
0.44175 0.0114417999999999
0.4421 0.0114572
0.44245 0.0114738999999999
0.4428 0.0114849
0.44315 0.0115033
0.4435 0.011516
0.44385 0.0115252
0.4442 0.0115372
0.44455 0.0115521
0.4449 0.0115642
0.44525 0.0115744
0.4456 0.0115837
0.44595 0.0115976
0.4463 0.0116107
0.44665 0.0116211
0.447 0.0116338
0.44735 0.0116447
0.4477 0.0116563999999999
0.44805 0.0116668
0.4484 0.0116792
0.44875 0.0116898
0.4491 0.0117016
0.44945 0.0117127
0.4498 0.0117232
0.45015 0.0117343
0.4505 0.0117454999999999
0.45085 0.0117555
0.4512 0.0117653999999999
0.45155 0.011776
0.4519 0.0117868
0.45225 0.011796
0.4526 0.0118091
0.45295 0.01182
0.4533 0.0118272999999999
0.45365 0.0118409999999999
0.454 0.0118512
0.45435 0.0118577
0.4547 0.0118713
0.45505 0.0118811
0.4554 0.0118921
0.45575 0.0119021
0.4561 0.0119116
0.45645 0.0119211
0.4568 0.011933
0.45715 0.0119388
0.4575 0.0119522
0.45785 0.0119616
0.4582 0.0119701
0.45855 0.0119805
0.4589 0.0119889
0.45925 0.0119966
0.4596 0.0120062
0.45995 0.0120165
0.4603 0.0120295
0.46065 0.0120419
0.461 0.0120532
0.46135 0.0120629999999999
0.4617 0.0120738999999999
0.46205 0.0120843
0.4624 0.0120943
0.46275 0.0121042999999999
0.4631 0.0121136
0.46345 0.0121231
0.4638 0.0121326
0.46415 0.0121418999999999
0.4645 0.012151
0.46485 0.0121602999999999
0.4652 0.0121683
0.46555 0.012177
0.4659 0.0121875
0.46625 0.0121949
0.4666 0.0122051
0.46695 0.012214
0.4673 0.0122237
0.46765 0.0122326
0.468 0.0122406
0.46835 0.0122487
0.4687 0.0122543
0.46905 0.0122634
0.4694 0.0122717
0.46975 0.0122829
0.4701 0.0122919
0.47045 0.0123035
0.4708 0.0123146
0.47115 0.0123184
0.4715 0.0123305
0.47185 0.0123371
0.4722 0.0123433
0.47255 0.0123483
0.4729 0.0123629999999999
0.47325 0.0123711
0.4736 0.0123813999999999
0.47395 0.0123918
0.4743 0.0123968
0.47465 0.0124051
0.475 0.012408
0.47535 0.0124247
0.4757 0.0124269
0.47605 0.0124415999999999
0.4764 0.0124473
0.47675 0.0124534
0.4771 0.0124646
0.47745 0.0124705
0.4778 0.0124795
0.47815 0.0124863
0.4785 0.012495
0.47885 0.0125016
0.4792 0.012508
0.47955 0.0125142
0.4799 0.0125202999999999
0.48025 0.0125265
0.4806 0.0125322
0.48095 0.0125404
0.4813 0.0125452999999999
0.48165 0.0125517
0.482 0.0125555
0.48235 0.0125626
0.4827 0.0125694999999999
0.48305 0.0125756
0.4834 0.0125764
0.48375 0.0125843999999999
0.4841 0.0125843999999999
0.48445 0.0125703
0.4848 0.0125638
0.48515 0.0125592
0.4855 0.0125592
0.48585 0.0125675
0.4862 0.0125893
0.48655 0.0126007
0.4869 0.0126312999999999
0.48725 0.0126502
0.4876 0.0126533
0.48795 0.0126786
0.4883 0.0126957
0.48865 0.0127097
0.489 0.0127116
0.48935 0.0127225
0.4897 0.0127234
0.49005 0.0127399
0.4904 0.0127442
0.49075 0.0127459
0.4911 0.0127575
0.49145 0.0127656
0.4918 0.012772
0.49215 0.0127805
0.4925 0.0127838
0.49285 0.0127868
0.4932 0.0127967999999999
0.49355 0.0128066
0.4939 0.0128093
0.49425 0.0128179
0.4946 0.0128247
0.49495 0.01283
0.4953 0.0128379
0.49565 0.0128429
0.496 0.0128497
0.49635 0.0128551
0.4967 0.0128612999999999
0.49705 0.0128668999999999
0.4974 0.0128726
0.49775 0.0128784
0.4981 0.0128841
0.49845 0.0128888
0.4988 0.0128934
0.49915 0.0129
0.4995 0.0129043999999999
0.49985 0.0129110999999999
0.50055 0.0129172
0.5009 0.0129197999999999
0.50125 0.0129298
0.5016 0.0129342
0.50195 0.0129381
0.5023 0.0129381
0.50265 0.0129423
0.503 0.0129384999999999
0.50335 0.0129462
0.5037 0.0129511
0.50405 0.0129536
0.5044 0.0129608
0.50475 0.0129731
0.5051 0.0129774
0.50545 0.0129817999999999
0.5058 0.0129817999999999
0.50615 0.0129827
0.5065 0.0129851
0.50685 0.0129950999999999
0.5072 0.0129950999999999
0.50755 0.0130012
0.5079 0.0130023
0.50825 0.0130031
0.5086 0.0130085
0.50895 0.0130169999999999
0.5093 0.0130170999999999
0.50965 0.0130197
0.51 0.0130245
0.51035 0.0130307
0.5107 0.0130399
0.51105 0.0130497999999999
0.5114 0.0130593
0.51175 0.0130597
0.5121 0.0130758999999999
0.51245 0.0130881
0.5128 0.0130973999999999
0.51315 0.0131043
0.5135 0.0131102999999999
0.51385 0.013119
0.5142 0.013124
0.51455 0.0131277999999999
0.5149 0.0131367
0.51525 0.0131402999999999
0.5156 0.0131473999999999
0.51595 0.0131518
0.5163 0.0131555
0.51665 0.0131614
0.517 0.013165
0.51735 0.0131705
0.5177 0.013174
0.51805 0.0131776
0.5184 0.0131818999999999
0.51875 0.0131852999999999
0.5191 0.0131887
0.51945 0.0131907999999999
0.5198 0.0131941
0.52015 0.0131986
0.5205 0.0132021
0.52085 0.013205
0.5212 0.0132076
0.52155 0.0132114
0.5219 0.0132143
0.52225 0.0132182999999999
0.5226 0.013222
0.52295 0.0132247999999999
0.5233 0.0132267
0.52365 0.013228
0.524 0.0132378999999999
0.52435 0.0132387
0.5247 0.0132482
0.52505 0.0132537
0.5254 0.0132582
0.52575 0.0132636
0.5261 0.0132668
0.52645 0.0132677
0.5268 0.0132714
0.52715 0.0132757999999999
0.5275 0.0132771
0.52785 0.0132782999999999
0.5282 0.0132874
0.52855 0.01329
0.5289 0.0132907999999999
0.52925 0.0132933
0.5296 0.0132950999999999
0.52995 0.0132987
0.5303 0.0133006
0.53065 0.0133006
0.531 0.0133006
0.53135 0.0133083
0.5317 0.0133083
0.53205 0.013309
0.5324 0.0133089
0.53275 0.0133089
0.5331 0.0133089
0.53345 0.0133111999999999
0.5338 0.0133115
0.53415 0.0133143
0.5345 0.0133143
0.53485 0.0133127999999999
0.5352 0.0133097
0.53555 0.0133047
0.5359 0.0133021
0.53625 0.0132937
0.5366 0.0132902
0.53695 0.0132836
0.5373 0.0132833
0.53765 0.0132709
0.538 0.0132602
0.53835 0.0132524
0.5387 0.0132462999999999
0.53905 0.0132378999999999
0.5394 0.0132237
0.53975 0.0132172
0.5401 0.0132051
0.54045 0.0131777
0.5408 0.0131504999999999
0.54115 0.0131149
0.5415 0.0130822999999999
0.54185 0.0130426
0.5422 0.0130213
0.54255 0.0130181
0.5429 0.0130213
0.54325 0.0130215
0.5436 0.0130416
0.54395 0.0130845
0.5443 0.0131342
0.54465 0.0131955
0.545 0.0132453
0.54535 0.013246
0.5457 0.0132953
0.54605 0.0133289999999999
0.5464 0.0133499
0.54675 0.0133781
0.5471 0.0133982
0.54745 0.0134091
0.5478 0.01342
0.54815 0.0134235999999999
0.5485 0.0134317
0.54885 0.0134361999999999
0.5492 0.0134408999999999
0.54955 0.013441
0.5499 0.0134489
0.55025 0.0134504
0.5506 0.0134548
0.55095 0.0134571
0.5513 0.0134576
0.55165 0.0134614
0.552 0.0134624
0.55235 0.013465
0.5527 0.013465
0.55305 0.0134656
0.5534 0.0134685
0.55375 0.0134694
0.5541 0.0134697999999999
0.55445 0.0134697999999999
0.5548 0.0134702
0.55515 0.0134714
0.5555 0.0134714
0.55585 0.0134731
0.5562 0.0134757999999999
0.55655 0.0134767
0.5569 0.0134768
0.55725 0.0134784
0.5576 0.0134812999999999
0.55795 0.0134829
0.5583 0.0134836
0.55865 0.0134846
0.559 0.0134878
0.55935 0.0134882
0.5597 0.013491
0.56005 0.0134918999999999
0.5604 0.0134924
0.56075 0.0134952
0.5611 0.0134959
0.56145 0.0134969
0.5618 0.0134974999999999
0.56215 0.0134976
0.5625 0.013499
0.56285 0.0135004
0.5632 0.0135004
0.56355 0.0135001
0.5639 0.0134992999999999
0.56425 0.0135001
0.5646 0.0135002999999999
0.56495 0.0135002999999999
0.5653 0.0134998
0.56565 0.0134986999999999
0.566 0.0134963
0.56635 0.0134933
0.5667 0.0134932
0.56705 0.0134931
0.5674 0.0134929
0.56775 0.0134927
0.5681 0.0134867
0.56845 0.0134867
0.5688 0.0134851
0.56915 0.0134866
0.5695 0.0134822
0.56985 0.0134811
0.5702 0.0134811
0.57055 0.0134888
0.5709 0.0134888
0.57125 0.0134839
0.5716 0.0134833
0.57195 0.0134807
0.5723 0.0134802999999999
0.57265 0.0134790999999999
0.573 0.0134752999999999
0.57335 0.0134657
0.5737 0.0134610999999999
0.57405 0.0134579
0.5744 0.0134454
0.57475 0.0134383999999999
0.5751 0.0134279
0.57545 0.0134374
0.5758 0.0134374
0.57615 0.0134374
0.5765 0.0134392
0.57685 0.0134523
0.5772 0.0134568999999999
0.57755 0.0134657
0.5779 0.0134732
0.57825 0.0134811
0.5786 0.0134963
0.57895 0.0134976
0.5793 0.0135094
0.57965 0.0135191
0.58 0.0135292
0.58035 0.0135389999999999
0.5807 0.0135449999999999
0.58105 0.0135538999999999
0.5814 0.0135574999999999
0.58175 0.0135591
0.5821 0.0135654
0.58245 0.0135666
0.5828 0.0135682999999999
0.58315 0.013572
0.5835 0.013576
0.58385 0.0135764999999999
0.5842 0.0135772
0.58455 0.0135788999999999
0.5849 0.0135788999999999
0.58525 0.0135806
0.5856 0.0135809
0.58595 0.0135809
0.5863 0.0135807
0.58665 0.0135805
0.587 0.0135799
0.58735 0.0135799
0.5877 0.0135777
0.58805 0.0135726
0.5884 0.0135726
0.58875 0.013572
0.5891 0.0135711
0.58945 0.0135711
0.5898 0.0135625
0.59015 0.0135625
0.5905 0.0135629
0.59085 0.0135629
0.5912 0.0135562
0.59155 0.013552
0.5919 0.013552
0.59225 0.0135493
0.5926 0.0135474999999999
0.59295 0.0135435
0.5933 0.0135435
0.59365 0.0135347
0.594 0.0135268
0.59435 0.0134983
0.5947 0.0134983
0.59505 0.0135056
0.5954 0.0135056
0.59575 0.0135025
0.5961 0.0134996
0.59645 0.0134996
0.5968 0.0135019
0.59715 0.013507
0.5975 0.013507
0.59785 0.013506
0.5982 0.013506
0.59855 0.0135157
0.5989 0.0135172
0.59925 0.0135191
0.5996 0.0135249
0.59995 0.0135325
0.6003 0.013536
0.60065 0.0135381
0.601 0.0135407999999999
0.60135 0.0135492
0.6017 0.0135517
0.60205 0.013559
0.6024 0.0135652
0.60275 0.0135692999999999
0.6031 0.0135706
0.60345 0.0135754
0.6038 0.0135762
0.60415 0.0135762
0.6045 0.0135762
0.60485 0.0135727
0.6052 0.0135727
0.60555 0.0135713999999999
0.6059 0.0135668
0.60625 0.0135589
0.6066 0.0135533999999999
0.60695 0.013553
0.6073 0.0135474
0.60765 0.0135366
0.608 0.0135268
0.60835 0.013512
0.6087 0.013505
0.60905 0.0135024
0.6094 0.013502
0.60975 0.013502
0.6101 0.013498
0.61045 0.013488
0.6108 0.013471
0.61115 0.0134507999999999
0.6115 0.0134189
0.61185 0.0133739
0.6122 0.0133213
0.61255 0.013321
0.6129 0.0132536
0.61325 0.0131613
0.6136 0.0130515999999999
0.61395 0.0129697999999999
0.6143 0.0128932
0.61465 0.0128309
0.615 0.0128017
0.61535 0.0128017
0.6157 0.0127701
0.61605 0.0127015
0.6164 0.0126576
0.61675 0.0126223
0.6171 0.0125191
0.61745 0.0123312
0.6178 0.0121395
0.61815 0.0121384
0.6185 0.0119885
0.61885 0.011908
0.6192 0.0118665
0.61955 0.0118665
0.6199 0.0119258
0.62025 0.0120325
0.6206 0.0121495
0.62095 0.0121506
0.6213 0.0122142
0.62165 0.012295
0.622 0.0124389
0.62235 0.0125954999999999
0.6227 0.0127173999999999
0.62305 0.0128382
0.6234 0.0129611
0.62375 0.0129617999999999
0.6241 0.0130804
0.62445 0.0131757
0.6248 0.0132484
0.62515 0.0133052
0.6255 0.0133569999999999
0.62585 0.0134037
0.6262 0.0134367
0.62655 0.0134377
0.6269 0.0134581
0.62725 0.0134764
0.6276 0.0134902999999999
0.62795 0.0135021
0.6283 0.0135243
0.62865 0.013535
0.629 0.0135431
0.62935 0.0135445
0.6297 0.0135521
0.63005 0.0135594
0.6304 0.0135673
0.63075 0.0135702
0.6311 0.0135705
0.63145 0.0135705
0.6318 0.0135667
0.63215 0.0135667
0.6325 0.0135776
0.63285 0.0135792
0.6332 0.0135813999999999
0.63355 0.0135817
0.6339 0.0135831
0.63425 0.0135832
0.6346 0.0135834
0.63495 0.0135834
0.6353 0.0135834
0.63565 0.0135817999999999
0.636 0.0135803
0.63635 0.0135803
0.6367 0.0135758999999999
0.63705 0.0135758999999999
0.6374 0.0135758999999999
0.63775 0.0135748
0.6381 0.0135748
0.63845 0.0135727
0.6388 0.0135697
0.63915 0.0135655
0.6395 0.0135646
0.63985 0.0135646
0.6402 0.0135623999999999
0.64055 0.013561
0.6409 0.0135564
0.64125 0.0135480999999999
0.6416 0.0135425
0.64195 0.0135368
0.6423 0.0135342
0.64265 0.0135325
0.643 0.013531
0.64335 0.0135296
0.6437 0.0135296
0.64405 0.0135312
0.6444 0.0135336
0.64475 0.0135336
0.6451 0.0135299
0.64545 0.0135226
0.6458 0.0135226
0.64615 0.013506
0.6465 0.013506
0.64685 0.0135088999999999
0.6472 0.0135172
0.64755 0.0135172
0.6479 0.0135007
0.64825 0.01349
0.6486 0.0134767
0.64895 0.0134767
0.6493 0.0134659
0.64965 0.013461
0.65 0.013455
0.65035 0.0134488
0.6507 0.0134461
0.65105 0.0134317
0.6514 0.0134317
0.65175 0.0134317
0.6521 0.0134339
0.65245 0.0134276
0.6528 0.0134276
0.65315 0.0134126
0.6535 0.0134014
0.65385 0.0133736999999999
0.6542 0.0133734
0.65455 0.0133624
0.6549 0.0133602999999999
0.65525 0.0133531
0.6556 0.0133292
0.65595 0.0132912999999999
0.6563 0.0132912999999999
0.65665 0.0132942
0.657 0.0132997
0.65735 0.0132997
0.6577 0.0132928
0.65805 0.0132876
0.6584 0.0132791
0.65875 0.0132658
0.6591 0.013258
0.65945 0.0132576
0.6598 0.0132576
0.66015 0.013258
0.6605 0.013258
0.66085 0.0132559
0.6612 0.0132447999999999
0.66155 0.0132323999999999
0.6619 0.0132145
0.66225 0.0131924
0.6626 0.0131737
0.66295 0.0131735
0.6633 0.0131645
0.66365 0.0131608
0.664 0.0131597
0.66435 0.0131567
0.6647 0.0131536
0.66505 0.013141
0.6654 0.0131027
0.66575 0.013102
0.6661 0.0130575999999999
0.66645 0.0130385
0.6668 0.0130385
0.66715 0.013053
0.6675 0.0130546
0.66785 0.0130652999999999
0.6682 0.0130851
0.66855 0.0130867
0.6689 0.0131012
0.66925 0.0131228999999999
0.6696 0.0131542
0.66995 0.013189
0.6703 0.0132231
0.67065 0.013253
0.671 0.0132735999999999
0.67135 0.0132760999999999
0.6717 0.0133071
0.67205 0.013343
0.6724 0.0133699999999999
0.67275 0.0133961
0.6731 0.0134145
0.67345 0.0134304
0.6738 0.0134417
0.67415 0.0134435
0.6745 0.0134535
0.67485 0.0134671
0.6752 0.0134835
0.67555 0.0134939999999999
0.6759 0.0134985
0.67625 0.0135035
0.6766 0.0135078
0.67695 0.0135082
0.6773 0.0135117
0.67765 0.0135137
0.678 0.0135137
0.67835 0.0135103999999999
0.6787 0.0135064
0.67905 0.0134953
0.6794 0.0134817999999999
0.67975 0.0134817
0.6801 0.0134668999999999
0.68045 0.0134559
0.6808 0.0134454
0.68115 0.0134402999999999
0.6815 0.0134214
0.68185 0.0133871
0.6822 0.0133567
0.68255 0.0133552
0.6829 0.0133552
0.68325 0.0133581999999999
0.6836 0.0133652
0.68395 0.0133677999999999
0.6843 0.0133812999999999
0.68465 0.0133929
0.685 0.0133932999999999
0.68535 0.0133947
0.6857 0.0134013
0.68605 0.0134081
0.6864 0.0134081
0.68675 0.0134043
0.6871 0.0134043
0.68745 0.0134419999999999
0.6878 0.0134447
0.68815 0.0134447
0.6885 0.0134345
0.68885 0.0134318999999999
0.6892 0.0134318999999999
0.68955 0.0134545999999999
0.6899 0.0134589
0.69025 0.0134563
0.6906 0.0134563999999999
0.69095 0.0134563
0.6913 0.0134556
0.69165 0.0134532999999999
0.692 0.0134532999999999
0.69235 0.0134495
0.6927 0.0134437999999999
0.69305 0.0134405
0.6934 0.0134312
0.69375 0.013423
0.6941 0.013423
0.69445 0.0134077
0.6948 0.0134038999999999
0.69515 0.0133811
0.6955 0.0133531
0.69585 0.0132822999999999
0.6962 0.0132822999999999
0.69655 0.0132822999999999
0.6969 0.0132390999999999
0.69725 0.0131913999999999
0.6976 0.0131861
0.69795 0.0131352
0.6983 0.0131239
0.69865 0.0130888
0.699 0.0130136
0.69935 0.0130087
0.6997 0.0129173
0.70005 0.0128305
0.7004 0.0127779
0.70075 0.0127321
0.7011 0.0126774
0.70145 0.0126102
0.7018 0.0125541
0.70215 0.0125317
0.7025 0.0125541
0.70285 0.0125613999999999
0.7032 0.0126258
0.70355 0.0126258
0.7039 0.0126059
0.70425 0.0126059
0.7046 0.0126293999999999
0.70495 0.0126309
0.7053 0.0127614
0.70565 0.0128859
0.706 0.0128962
0.70635 0.0129200999999999
0.7067 0.0129217999999999
0.70705 0.0129619
0.7074 0.0129909
0.70775 0.0130109
0.7081 0.0130607
0.70845 0.013102
0.7088 0.0131228999999999
0.70915 0.013125
0.7095 0.0131287
0.70985 0.0131461
0.7102 0.0131884999999999
0.71055 0.0131897
0.7109 0.0132264
0.71125 0.0132541
0.7116 0.0132541
0.71195 0.0132429
0.7123 0.0132266
0.71265 0.0132266
0.713 0.0132437999999999
0.71335 0.0132445
0.7137 0.0132607
0.71405 0.0132607
0.7144 0.0132347
0.71475 0.0131834
0.7151 0.0131149
0.71545 0.0130026
0.7158 0.0128499
0.71615 0.0128472999999999
0.7165 0.0126407999999999
0.71685 0.0124229
0.7172 0.0121597
0.71755 0.0119073
0.7179 0.0116782999999999
0.71825 0.0114722
0.7186 0.0113207
0.71895 0.0112622
0.7193 0.0110997
0.71965 0.0108111
0.72 0.0104988999999999
0.72035 0.0103359
0.7207 0.0103016
0.72105 0.0101852
0.7214 0.010013
0.72175 0.0100111
0.7221 0.0099198
0.72245 0.0099051
0.7228 0.0097818
0.72315 0.009526
0.7235 0.0092088
0.72385 0.0088886
0.7242 0.0084666
0.72455 0.0084375
0.7249 0.0077507
0.72525 0.0070081999999999
0.7256 0.0065714
0.72595 0.0065714
0.7263 0.0065433999999999
0.72665 0.0063765
0.727 0.0058571
0.72735 0.0058537
0.7277 0.0058537
0.72805 0.0063076
0.7284 0.0070098999999999
0.72875 0.0074756
0.7291 0.0076746
0.72945 0.0078268
0.7298 0.0080162
0.73015 0.0080197
0.7305 0.0084052
0.73085 0.0089213
0.7312 0.0094029
0.73155 0.0097249
0.7319 0.0098979
0.73225 0.0100297999999999
0.7326 0.0101244
0.73295 0.0101437
0.7333 0.0103737
0.73365 0.0107304
0.734 0.010981
0.73435 0.0111784
0.7347 0.0114155
0.73505 0.0115265
0.7354 0.0116988999999999
0.73575 0.011699
0.7361 0.0118966
0.73645 0.0120749
0.7368 0.0120987
0.73715 0.0122167
0.7375 0.0124158999999999
0.73785 0.0125302
0.7382 0.0126537
0.73855 0.0126575
0.7389 0.0127792
0.73925 0.0128672
0.7396 0.0129813
0.73995 0.0130514999999999
0.7403 0.0131131
0.74065 0.0131758999999999
0.741 0.0132302
0.74135 0.0132352999999999
0.7417 0.0132642
0.74205 0.013293
0.7424 0.0133216
0.74275 0.0133357
0.7431 0.013355
0.74345 0.0133722999999999
0.7438 0.0133802
0.74415 0.013382
0.7445 0.0133838
0.74485 0.0133842
0.7452 0.0133842
0.74555 0.0133842
0.7459 0.0133847
0.74625 0.0133847
0.7466 0.0133804
0.74695 0.0133787
0.7473 0.0133782
0.74765 0.0133742999999999
0.748 0.0133742999999999
0.74835 0.0133742999999999
0.7487 0.0133736
0.74905 0.0133736
0.7494 0.0133689999999999
0.74975 0.0133669999999999
0.7501 0.0133607
0.75045 0.0133607
0.7508 0.0133659
0.75115 0.0133683
0.7515 0.0133683
0.75185 0.0133616
0.7522 0.0133528
0.75255 0.0133528
0.7529 0.0133546999999999
0.75325 0.0133645
0.7536 0.0133652999999999
0.75395 0.0133652999999999
0.7543 0.0133593
0.75465 0.0133532
0.755 0.0133501
0.75535 0.0133491
0.7557 0.0133453
0.75605 0.0133389999999999
0.7564 0.0133299
0.75675 0.0133186
0.7571 0.0133084
0.75745 0.0132965
0.7578 0.0132829
0.75815 0.0132823999999999
0.7585 0.0132738
0.75885 0.0132641
0.7592 0.0132416
0.75955 0.01318
0.7599 0.0131543999999999
0.76025 0.0131285
0.7606 0.0131112
0.76095 0.0131112
0.7613 0.0131265
0.76165 0.0131265
0.762 0.0130546999999999
0.76235 0.0130199999999999
0.7627 0.0130032
0.76305 0.0129915
0.7634 0.0129909
0.76375 0.0129909
0.7641 0.0129764
0.76445 0.0129436
0.7648 0.0129398
0.76515 0.0129398
0.7655 0.0129572
0.76585 0.0129572
0.7662 0.0129436
0.76655 0.0129429
0.7669 0.012893
0.76725 0.012893
0.7676 0.0129304
0.76795 0.0129774
0.7683 0.0129774
0.76865 0.0129589
0.769 0.0129543
0.76935 0.0129543
0.7697 0.0129648
0.77005 0.0129648
0.7704 0.0129595
0.77075 0.0129353999999999
0.7711 0.0129328
0.77145 0.0129261
0.7718 0.0129222999999999
0.77215 0.0129216
0.7725 0.0128672
0.77285 0.0127618
0.7732 0.0126632
0.77355 0.0126632
0.7739 0.0126772
0.77425 0.012724
0.7746 0.0127252
0.77495 0.0127252
0.7753 0.0126896
0.77565 0.0126278
0.776 0.012578
0.77635 0.0125488999999999
0.7767 0.0125344
0.77705 0.0125037999999999
0.7774 0.012461
0.77775 0.0124593
0.7781 0.0123965
0.77845 0.0123363999999999
0.7788 0.012282
0.77915 0.0122161
0.7795 0.0120843
0.77985 0.0119375
0.7802 0.0117538
0.78055 0.011752
0.7809 0.0115503999999999
0.78125 0.0114607999999999
0.7816 0.0114244
0.78195 0.0114022
0.7823 0.01139
0.78265 0.011358
0.783 0.011244
0.78335 0.0112426
0.7837 0.0110471
0.78405 0.0110471
0.7844 0.0112706
0.78475 0.0115815
0.7851 0.0116119
0.78545 0.0116119
0.7858 0.0115327
0.78615 0.0115327
0.7865 0.011533
0.78685 0.0115789
0.7872 0.0116476
0.78755 0.0117081
0.7879 0.011767
0.78825 0.011822
0.7886 0.0118525
0.78895 0.0118558999999999
0.7893 0.0118765
0.78965 0.0118853
0.79 0.011894
0.79035 0.011894
0.7907 0.0118456
0.79105 0.0117921
0.7914 0.0116857
0.79175 0.011684
0.7921 0.0115485
0.79245 0.0113987
0.7928 0.011266
0.79315 0.011266
0.7935 0.011268
0.79385 0.011268
0.7942 0.0111196
0.79455 0.0111183
0.7949 0.0109837
0.79525 0.0109138
0.7956 0.0109138
0.79595 0.0109235
0.7963 0.0109235
0.79665 0.0108352999999999
0.797 0.0107555
0.79735 0.0107521
0.7977 0.0107521
0.79805 0.0107597
0.7984 0.0108004
0.79875 0.0108196
0.7991 0.0108366
0.79945 0.0109663
0.7998 0.0110824
0.80015 0.0110835999999999
0.8005 0.0111121
0.80085 0.0112269
0.8012 0.0112371
0.80155 0.0112392999999999
0.8019 0.0112392999999999
0.80225 0.0113706
0.8026 0.0114764
0.80295 0.0114819
0.8033 0.0115586
0.80365 0.0115698
0.804 0.0116227999999999
0.80435 0.0116425
0.8047 0.0117452
0.80505 0.0118134
0.8054 0.0118506
0.80575 0.0118521
0.8061 0.0119081
0.80645 0.011998
0.8068 0.0120979
0.80715 0.0121796
0.8075 0.0122112
0.80785 0.0122207
0.8082 0.012268
0.80855 0.012268
0.8089 0.0122566
0.80925 0.0122432999999999
0.8096 0.0122432999999999
0.80995 0.0123161
0.8103 0.0123436
0.81065 0.0123544
0.811 0.0123866
0.81135 0.0124084
0.8117 0.0125009
0.81205 0.012569
0.8124 0.0126255
0.81275 0.0126435
0.8131 0.0126778999999999
0.81345 0.0127148
0.8138 0.0127818
0.81415 0.0127848
0.8145 0.0127848
0.81485 0.0127782
0.8152 0.0127782
0.81555 0.0128769
0.8159 0.0128951999999999
0.81625 0.0129277
0.8166 0.0129425
0.81695 0.0129715
0.8173 0.0129894
0.81765 0.0129894
0.818 0.0129894
0.81835 0.0130372999999999
0.8187 0.0130557
0.81905 0.0130695
0.8194 0.0130747
0.81975 0.0130789999999999
0.8201 0.0130923
0.82045 0.0131301
0.8208 0.013144
0.82115 0.013144
0.8215 0.0131543
0.82185 0.0131543
0.8222 0.0131442999999999
0.82255 0.0131439
0.8229 0.0131439
0.82325 0.0131203
0.8236 0.0131329
0.82395 0.0131329
0.8243 0.0131773
0.82465 0.0131785
0.825 0.0131773
0.82535 0.0131767
0.8257 0.0131675
0.82605 0.0131675
0.8264 0.0131831
0.82675 0.0131831
0.8271 0.0131796
0.82745 0.0131796
0.8278 0.0131604999999999
0.82815 0.0131787
0.8285 0.0131787
0.82885 0.0131787
0.8292 0.0131817999999999
0.82955 0.0131894
0.8299 0.0131894
0.83025 0.0131985
0.8306 0.0131998999999999
0.83095 0.0131998999999999
0.8313 0.0131989
0.83165 0.0131949999999999
0.832 0.0131727999999999
0.83235 0.0131646
0.8327 0.0131276
0.83305 0.0131276
0.8334 0.0131048
0.83375 0.0130709
0.8341 0.0130186
0.83445 0.0129713
0.8348 0.0128928
0.83515 0.0127291
0.8355 0.012636
0.83585 0.0125012
0.8362 0.012384
0.83655 0.0123837999999999
0.8369 0.0122617
0.83725 0.0121392999999999
0.8376 0.0119917
0.83795 0.0118039
0.8383 0.0114974
0.83865 0.0114656
0.839 0.0114652
0.83935 0.0114656
0.8397 0.0116322
0.84005 0.0116322
0.8404 0.0115695
0.84075 0.0113202999999999
0.8411 0.0110175
0.84145 0.0110175
0.8418 0.011044
0.84215 0.0110444999999999
0.8425 0.0114804
0.84285 0.0119113
0.8432 0.0119113
0.84355 0.011885
0.8439 0.0117027
0.84425 0.0117027
0.8446 0.0118127
0.84495 0.0118324
0.8453 0.0120529
0.84565 0.0120529
0.846 0.0122407
0.84635 0.0123769
0.8467 0.0123769
0.84705 0.0123632
0.8474 0.0123457
0.84775 0.0123452999999999
0.8481 0.0123452999999999
0.84845 0.0123036
0.8488 0.0124095
0.84915 0.0125177
0.8495 0.0125177
0.84985 0.0124818
0.8502 0.01237
0.85055 0.0120498
0.8509 0.0120498
0.85125 0.0120498
0.8516 0.0121822
0.85195 0.0120865
0.8523 0.0120865
0.85265 0.0119461
0.853 0.0117422999999999
0.85335 0.0117127
0.8537 0.0115748
0.85405 0.0114132
0.8544 0.0112107
0.85475 0.0110286
0.8551 0.011027
0.85545 0.0107996
0.8558 0.010734
0.85615 0.0103895
0.8565 0.0103895
0.85685 0.0101698999999999
0.8572 0.0097459
0.85755 0.0094078999999999
0.8579 0.0085098
0.85825 0.0085098
0.8586 0.0085534
0.85895 0.0085534
0.8593 0.0084106
0.85965 0.0083723999999999
0.86 0.0078007
0.86035 0.0072061999999999
0.8607 0.0070065
0.86105 0.0064283
0.8614 0.0061617
0.86175 0.0060211
0.8621 0.0055693
0.86245 0.0055693
0.8628 0.0054865
0.86315 0.0055368
0.8635 0.0054817
0.86385 0.0054817
0.8642 0.004455
0.86455 0.004455
0.8649 0.0045347
0.86525 0.0057769
0.8656 0.0057978
0.86595 0.0062946
0.8663 0.0063299
0.86665 0.0063299
0.867 0.0051315
0.86735 0.0051315
0.8677 0.0051881
0.86805 0.0060031
0.8684 0.0073876
0.86875 0.0076486
0.8691 0.0083056
0.86945 0.0084907
0.8698 0.0086789
0.87015 0.0086789
0.8705 0.0086789
0.87085 0.0081685
0.8712 0.0071974999999999
0.87155 0.0081685
0.8719 0.0082447
0.87225 0.0093877999999999
0.8726 0.0085998999999999
0.87295 0.0085998999999999
0.8733 0.0085998999999999
0.87365 0.0094653
0.874 0.0095896
0.87435 0.0100489999999999
0.8747 0.0100489999999999
0.87505 0.0100489999999999
0.8754 0.0103676
0.87575 0.0091316
0.8761 0.0091929
0.87645 0.0091929
0.8768 0.0091929
0.87715 0.0094736
0.8775 0.00794
0.87785 0.0079487
0.8782 0.00794
0.87855 0.0079487
0.8789 0.0091286
0.87925 0.0091286
0.8796 0.00418
0.87995 0.0033548
0.8803 0.0036229
0.88065 0.0033548
0.881 0.0024695999999999
0.88135 0.002294
0.8817 0.0015499
0.88205 0.0007329
0.8824 0.0002105
0.88275 0.0002105
0.8831 0.0002105
0.88345 0.0002069
0.8838 0.0001821
0.88415 0.0002069
0.8845 0.0003713
0.88485 0.0006628999999999
0.8852 0.0007934999999999
0.88555 0.0007934999999999
0.8859 0.0006025
0.88625 0.0003128999999999
0.8866 5.44e-05
0.88695 2.8600000000000004e-05
0.8873 2.8600000000000004e-05
0.88765 4.17e-05
0.888 6.92e-05
0.88835 6.92e-05
0.8887 0.0001448
0.88905 3.27e-05
0.8894 0.000158
0.88975 0.0001721999999999
0.8901 0.0003182
0.89045 0.0002804
0.8908 0.0002804
0.89115 0.0002719
0.8915 0.0002719
0.89185 0.0003517
0.8922 0.0003517
0.89255 0.0003517
0.8929 0.0003747
0.89325 0.0003747
0.8936 0.0002809
0.89395 0.000218
0.8943 0.000218
0.89465 0.0002466
0.895 0.0002466
0.89535 0.0001653
0.8957 0.0001653
0.89605 0.0002703
0.8964 0.0004354
0.89675 0.0008070999999999
0.8971 0.0008070999999999
0.89745 0.0010089
0.8978 0.0008269
0.89815 0.0010089
0.8985 0.0008945
0.89885 0.0010456
0.8992 0.0008945
0.89955 0.0008763
0.8999 0.0008763
0.90025 0.0020054
0.9006 0.0024709
0.90095 0.0025278
0.9013 0.0028761
0.90165 0.0034764
0.902 0.0034764
0.90235 0.0040113
0.9027 0.0040268
0.90305 0.0040268
0.9034 0.0053525
0.90375 0.0039808
0.9041 0.0055337
0.90445 0.006831
0.9048 0.0069959
0.90515 0.0070076
0.9055 0.0079026
0.90585 0.0089796
0.9062 0.0089796
0.90655 0.0071581
0.9069 0.0071581
0.90725 0.0085906
0.9076 0.0085906
0.90795 0.0098372999999999
0.9083 0.0058338999999999
0.90865 0.0102299
0.909 0.0096366
0.90935 0.0096366
0.9097 0.0066573
0.91005 0.0066573
0.9104 0.010415
0.91075 0.010415
0.9111 0.0106466
0.91145 0.0107212
0.9118 0.0107212
0.91215 0.0104102999999999
0.9125 0.0101721
0.91285 0.0101023
0.9132 0.0101023
0.91355 0.0101612
0.9139 0.0104717
0.91425 0.0108821
0.9146 0.0109573999999999
0.91495 0.0110442
0.9153 0.0110442
0.91565 0.0101284
0.916 0.0101284
0.91635 0.0094432
0.9167 0.0109871
0.91705 0.0111134
0.9174 0.0115535
0.91775 0.0115535
0.9181 0.0116247
0.91845 0.0116595
0.9188 0.0116595
0.91915 0.0117358
0.9195 0.0117479
0.91985 0.0117479
0.9202 0.0113639
0.92055 0.0110416
0.9209 0.0113639
0.92125 0.0110416
0.9216 0.0107047
0.92195 0.0088152
0.9223 0.005241
0.92265 0.0088152
0.923 0.0117264
0.92335 0.0117264
0.9237 0.0117432
0.92405 0.0115306
0.9244 0.0115306
0.92475 0.0109834
0.9251 0.0109215
0.92545 0.0109834
0.9258 0.0103452999999999
0.92615 0.0103452999999999
0.9265 0.0103452999999999
0.92685 0.0064912999999999
0.9272 0.0117087
0.92755 0.0117087
0.9279 0.0117087
0.92825 0.0111612
0.9286 0.0111612
0.92895 0.0114769
0.9293 0.0115941
0.92965 0.0116478
0.93 0.0115941
0.93035 0.0085172
0.9307 0.0074825
0.93105 0.0073373999999999
0.9314 0.0073373999999999
0.93175 0.0073373999999999
0.9321 0.0076492999999999
0.93245 0.0076492999999999
0.9328 0.0120542999999999
0.93315 0.0120542999999999
0.9335 0.0104414
0.93385 0.0104414
0.9342 0.0105947
0.93455 0.0105947
0.9349 0.0105947
0.93525 0.0094781
0.9356 0.0124738
0.93595 0.0111991
0.9363 0.0121076
0.93665 0.0112902
0.937 0.0121076
0.93735 0.0118222
0.9377 0.0118222
0.93805 0.0109847
0.9384 0.0065305
0.93875 0.0065305
0.9391 0.0109929
0.93945 0.0109929
0.9398 0.0103523
0.94015 0.0103523
0.9405 0.0100188999999999
0.94085 0.0121405
0.9412 0.011874
0.94155 0.0126788
0.9419 0.0126461
0.94225 0.0126461
0.9426 0.0125165
0.94295 0.0123482
0.9433 0.0123482
0.94365 0.0123482
0.944 0.0122796
0.94435 0.0122796
0.9447 0.012442
0.94505 0.012442
0.9454 0.012442
0.94575 0.0118978
0.9461 0.0124449
0.94645 0.0119283
0.9468 0.0119283
0.94715 0.0105647
0.9475 0.0105647
0.94785 0.0118914
0.9482 0.0122187
0.94855 0.0122681
0.9489 0.0122187
0.94925 0.0116726
0.9496 0.0116726
0.94995 0.0121757999999999
0.9503 0.0122627999999999
0.95065 0.0122627999999999
0.951 0.0120613
0.95135 0.0119429
0.9517 0.0119429
0.95205 0.0119891
0.9524 0.0120004999999999
0.95275 0.0120004999999999
0.9531 0.0123221
0.95345 0.0124213999999999
0.9538 0.0124683
0.95415 0.0124683
0.9545 0.0124611
0.95485 0.0123704
0.9552 0.0123057
0.95555 0.0122348999999999
0.9559 0.0121714
0.95625 0.0121714
0.9566 0.0120691
0.95695 0.0120228
0.9573 0.0119506
0.95765 0.0119506
0.958 0.0119506
0.95835 0.0119265
0.9587 0.011902
0.95905 0.0118191
0.9594 0.0116397999999999
0.95975 0.0116127
0.9601 0.0115524
0.96045 0.0114384
0.9608 0.0111126
0.96115 0.01086
0.9615 0.0108363
0.96185 0.0105569
0.9622 0.0102212
0.96255 0.0101481
0.9629 0.0096595
0.96325 0.0093115
0.9636 0.0087692999999999
0.96395 0.0087383
0.9643 0.0087021
0.96465 0.0084969
0.965 0.0080655
0.96535 0.0080244
0.9657 0.0077182
0.96605 0.0074505
0.9664 0.0073244
0.96675 0.0073244
0.9671 0.0072492999999999
0.96745 0.0066209999999999
0.9678 0.0066209999999999
0.96815 0.0075946
0.9685 0.0075946
0.96885 0.007309
0.9692 0.0069393
0.96955 0.0068286999999999
0.9699 0.0064854
0.97025 0.0056184
0.9706 0.0046083
0.97095 0.0044262
0.9713 0.0046083
0.97165 0.0052728
0.972 0.0059605
0.97235 0.0066305999999999
0.9727 0.0068841
0.97305 0.0068841
0.9734 0.0065623999999999
0.97375 0.0064072
0.9741 0.0064046
0.97445 0.0064072
0.9748 0.0065803
0.97515 0.0067318
0.9755 0.0068809
0.97585 0.0075113
0.9762 0.0075113
0.97655 0.0070607
0.9769 0.0069353999999999
0.97725 0.0068503999999999
0.9776 0.0065749
0.97795 0.0065749
0.9783 0.006248
0.97865 0.0055831
0.979 0.0055831
0.97935 0.0065688999999999
0.9797 0.0065688999999999
0.98005 0.0050086
0.9804 0.0042788999999999
0.98075 0.0042788999999999
0.9811 0.0042788999999999
0.98145 0.0040058
0.9818 0.0040058
0.98215 0.0037329999999999
0.9825 0.0035975
0.98285 0.00011
0.9832 0.002411
0.98355 0.002411
0.9839 0.0024793
0.98425 0.0025221999999999
0.9846 0.0024793
0.98495 0.0027935
0.9853 0.0004962
0.98565 0.0012550999999999
0.986 0.0003135
0.98635 0.0011282
0.9867 0.0010579
0.98705 0.0010579
0.9874 0.0009170999999999
0.98775 0.0009170999999999
0.9881 0.0008868999999999
0.98845 1.39e-05
0.9888 1.39e-05
0.98915 8.170000000000001e-05
0.9895 0.000962
0.98985 0.0003915
0.9902 0.0011943
0.99055 0.0003915
0.9909 0.0011943
0.99125 0.0013176
0.9916 0.0014154
0.99195 0.0014154
0.9923 0.001568
0.99265 0.0019788
0.993 0.0019937
0.99335 0.0019937
0.9937 0.0016922999999999
0.99405 0.0016922999999999
0.9944 0.0019367999999999
0.99475 0.0019367999999999
0.9951 0.0009021
0.99545 0.0009021
0.9958 2.55e-05
0.99615 0.0012319
0.9965 5.7000000000000005e-06
0.99685 0.0012319
0.9972 0.001764
0.99755 0.001764
0.9979 0.0023002
0.99825 0.0012238
0.9986 0.0015657
0.99895 0.0012806
0.9993 0.0012806
