0.3 0.3084325
0.30035 0.3105965
0.3007 0.3112912
0.30105 0.3112912
0.3014 0.3111296
0.30175 0.3104966
0.3021 0.309355
0.30245 0.3071172
0.3028 0.3022204
0.30315 0.2884246
0.3035 0.2884246
0.30385 0.2899347
0.3042 0.3015875
0.30455 0.3054623
0.3049 0.3068977
0.30525 0.3074455
0.3056 0.3074455
0.30595 0.3074014
0.3063 0.3071055
0.30665 0.3066902
0.307 0.3061742
0.30735 0.3055474
0.3077 0.304782
0.30805 0.3038161
0.3084 0.3025254
0.30875 0.3006929
0.3091 0.2976109
0.30945 0.2915957
0.3098 0.2778507
0.31015 0.2717886
0.3105 0.2717886
0.31085 0.2877982
0.3112 0.2936434
0.31155 0.2959354
0.3119 0.2967889
0.31225 0.2968005
0.3126 0.2968005
0.31295 0.2964211
0.3133 0.2959075
0.31365 0.2953087
0.314 0.2946303
0.31435 0.2939055999999999
0.3147 0.2931188
0.31505 0.2923004
0.3154 0.2914399
0.31575 0.2905388
0.3161 0.2895963
0.31645 0.2886116
0.3168 0.2875822
0.31715 0.2865055999999999
0.3175 0.2853768
0.31785 0.28419
0.3182 0.2829625999999999
0.31855 0.2816308
0.3189 0.2802310999999999
0.31925 0.27867
0.3196 0.2769618
0.31995 0.2749733
0.3203 0.2724944
0.32065 0.2690281
0.321 0.2632042999999999
0.32135 0.2505716
0.3217 0.2454578
0.32205 0.2454578
0.3224 0.257777
0.32275 0.2608232
0.3231 0.2608232
0.32345 0.2600969999999999
0.3238 0.2586177
0.32415 0.2568701
0.3245 0.2549195999999999
0.32485 0.2527549
0.3252 0.2504962999999999
0.32555 0.248101
0.3259 0.2455679999999999
0.32625 0.2428913999999999
0.3266 0.2400607
0.32695 0.2371457
0.3273 0.2339717999999999
0.32765 0.2306042999999999
0.328 0.2271304
0.32835 0.2233489
0.3287 0.2194117
0.32905 0.2149494
0.3294 0.2087648999999999
0.32975 0.198324
0.3301 0.1821016
0.33045 0.1821016
0.3308 0.1982004
0.33115 0.2071646
0.3315 0.2120841
0.33185 0.2156047999999999
0.3322 0.2186424
0.33255 0.2213487999999999
0.3329 0.2239757
0.33325 0.2263348
0.3336 0.2286143
0.33395 0.2306642
0.3343 0.2326489999999999
0.33465 0.2344389999999999
0.335 0.2361195
0.33535 0.2376993
0.3357 0.2391866
0.33605 0.2406433
0.3364 0.2419056
0.33675 0.2431442
0.3371 0.2443074999999999
0.33745 0.2453982
0.3378 0.2464171
0.33815 0.2473226
0.3385 0.2482004
0.33885 0.2489632
0.3392 0.2496902
0.33955 0.2502969
0.3399 0.2508393
0.34025 0.2512431
0.3406 0.2515184
0.34095 0.2515313999999999
0.3413 0.2515313999999999
0.34165 0.2511457
0.342 0.2503786
0.34235 0.2490383
0.3427 0.2468578999999999
0.34305 0.243402
0.3434 0.2381967
0.34375 0.2299003999999999
0.3441 0.2170655
0.34445 0.1979216
0.3448 0.1979216
0.34515 0.2116506
0.3455 0.2252169
0.34585 0.2346422
0.3462 0.2409383
0.34655 0.2454311
0.3469 0.2487142
0.34725 0.2511769
0.3476 0.2530693
0.34795 0.2545554
0.3483 0.2557461
0.34865 0.2567171
0.349 0.2575211
0.34935 0.2581608999999999
0.3497 0.2587354
0.35005 0.2592264999999999
0.3504 0.2596229
0.35075 0.2599906
0.3511 0.2602877
0.35145 0.2605462
0.3518 0.260792
0.35215 0.2609872
0.3525 0.2611567
0.35285 0.2613037
0.3532 0.2614299
0.35355 0.2615377
0.3539 0.2616289
0.35425 0.2617044
0.3546 0.2617658
0.35495 0.2618138
0.3553 0.26185
0.35565 0.2618592999999999
0.356 0.2618638
0.35635 0.2618638
0.3567 0.2618619
0.35705 0.2618127999999999
0.3574 0.2617698
0.35775 0.2617698
0.3581 0.261709
0.35845 0.2616661
0.3588 0.2615991
0.35915 0.261542
0.3595 0.2613472
0.35985 0.2613182
0.3602 0.2611967
0.36055 0.2610824
0.3609 0.2609934
0.36125 0.2609934
0.3616 0.2608816
0.36195 0.2607794
0.3623 0.2606351
0.36265 0.2605222
0.363 0.2603931
0.36335 0.2602473
0.3637 0.2601082
0.36405 0.2599191
0.3644 0.2598083
0.36475 0.2596476
0.3651 0.2594823
0.36545 0.2593079
0.3658 0.2591288
0.36615 0.2589593
0.3665 0.2587839
0.36685 0.258592
0.3672 0.2583989
0.36755 0.258208
0.3679 0.2580029
0.36825 0.2577991
0.3686 0.2575629
0.36895 0.2573786
0.3693 0.2571484
0.36965 0.2569319
0.37 0.2566635
0.37035 0.2564627
0.3707 0.2561913
0.37105 0.2559639
0.3714 0.2557415
0.37175 0.2554689
0.3721 0.2551898999999999
0.37245 0.2549636
0.3728 0.2546598
0.37315 0.2544251
0.3735 0.2540609
0.37385 0.2538488
0.3742 0.2535332
0.37455 0.2532031
0.3749 0.2526820999999999
0.37525 0.2526672
0.3756 0.2522402
0.37595 0.2520341
0.3763 0.2513582
0.37665 0.2511572
0.377 0.2510034
0.37735 0.2506782999999999
0.3777 0.2502923999999999
0.37805 0.2499029
0.3784 0.2495904
0.37875 0.2488527999999999
0.3791 0.2487333
0.37945 0.2478759
0.3798 0.2475632
0.38015 0.2475632
0.3805 0.2470446
0.38085 0.2467429
0.3812 0.2463342
0.38155 0.2458682
0.3819 0.2452973
0.38225 0.2448422
0.3826 0.2444501
0.38295 0.2439791999999999
0.3833 0.2433475
0.38365 0.2429666999999999
0.384 0.2423791
0.38435 0.2419062
0.3847 0.241333
0.38505 0.2407797
0.3854 0.2401860999999999
0.38575 0.239578
0.3861 0.2389675
0.38645 0.2383197
0.3868 0.2376633
0.38715 0.2369757
0.3875 0.2362617
0.38785 0.2355641
0.3882 0.2348587
0.38855 0.2340856
0.3889 0.2332515
0.38925 0.232336
0.3896 0.2316375
0.38995 0.2307247
0.3903 0.2298751
0.39065 0.2290074
0.391 0.2280434999999999
0.39135 0.2271054
0.3917 0.2260319
0.39205 0.2249719999999999
0.3924 0.2239361
0.39275 0.2227628999999999
0.3931 0.2216349
0.39345 0.2204385999999999
0.3938 0.2191841
0.39415 0.2177817999999999
0.3945 0.2165027
0.39485 0.2149788
0.3952 0.2135992
0.39555 0.212017
0.3959 0.2102717
0.39625 0.2085534999999999
0.3966 0.2067932
0.39695 0.2049817999999999
0.3973 0.2029774
0.39765 0.200837
0.398 0.198514
0.39835 0.1963852
0.3987 0.1936767
0.39905 0.1911091
0.3994 0.1884849999999999
0.39975 0.1855868
0.4001 0.1822098
0.40045 0.178927
0.4008 0.1752887
0.40115 0.1708697
0.4015 0.1675779
0.40185 0.16334
0.4022 0.1585924
0.40255 0.154032
0.4029 0.1487847
0.40325 0.1433434
0.4036 0.1372757
0.40395 0.1309289
0.4043 0.1134578
0.40465 0.1134578
0.405 0.1268418
0.40535 0.1341463
0.4057 0.139405
0.40605 0.1442477999999999
0.4064 0.148917
0.40675 0.1532262
0.4071 0.156836
0.40745 0.160317
0.4078 0.1635207
0.40815 0.1665973
0.4085 0.1690655
0.40885 0.1693283
0.4092 0.1744433
0.40955 0.1767182
0.4099 0.1787614
0.41025 0.1807459
0.4106 0.1824357
0.41095 0.1840702
0.4113 0.185579
0.41165 0.1870112
0.412 0.1881374
0.41235 0.1894387
0.4127 0.1904826
0.41305 0.1913201
0.4134 0.1915525
0.41375 0.1931403
0.4141 0.1941591
0.41445 0.1949272
0.4148 0.1955314
0.41515 0.1961642999999999
0.4155 0.1961642999999999
0.41585 0.1957968
0.4162 0.1957968
0.41655 0.1983036
0.4169 0.1988437
0.41725 0.1991317
0.4176 0.1996093
0.41795 0.1999194
0.4183 0.2000193999999999
0.41865 0.2001573999999999
0.419 0.2009771
0.41935 0.2010335
0.4197 0.2010335
0.42005 0.2006157
0.4204 0.2006157
0.42075 0.2016731
0.4211 0.2021835
0.42145 0.2020173999999999
0.4218 0.2020173999999999
0.42215 0.2020173999999999
0.4225 0.2023976
0.42285 0.2029793999999999
0.4232 0.2029793999999999
0.42355 0.2028697
0.4239 0.2028697
0.42425 0.2029976
0.4246 0.2033443
0.42495 0.2035295
0.4253 0.2035295
0.42565 0.2035295
0.426 0.2029897
0.42635 0.2029897
0.4267 0.2033829
0.42705 0.2036961
0.4274 0.2038409
0.42775 0.2038409
0.4281 0.2037028
0.42845 0.2032402
0.4288 0.2032402
0.42915 0.2021246
0.4295 0.2026051
0.42985 0.2026051
0.4302 0.2026051
0.43055 0.2032326
0.4309 0.2020737999999999
0.43125 0.2025751
0.4316 0.2022267
0.43195 0.2025751
0.4323 0.2029387
0.43265 0.2029387
0.433 0.2027385
0.43335 0.2027097
0.4337 0.2023433
0.43405 0.2022977999999999
0.4344 0.202163
0.43475 0.2020941
0.4351 0.2020934999999999
0.43545 0.201974
0.4358 0.2016887
0.43615 0.2016127
0.4365 0.2012097
0.43685 0.2008291
0.4372 0.2008831
0.43755 0.2008291
0.4379 0.2007934
0.43825 0.2006295
0.4386 0.2005557
0.43895 0.2002921
0.4393 0.2002891
0.43965 0.1995063999999999
0.44 0.1992966
0.44035 0.1985237
0.4407 0.1984136
0.44105 0.1984136
0.4414 0.1983167
0.44175 0.1978623
0.4421 0.1978623
0.44245 0.1978623
0.4428 0.1979366
0.44315 0.1977599
0.4435 0.1977599
0.44385 0.1964416
0.4442 0.1964416
0.44455 0.1967747
0.4449 0.1967747
0.44525 0.1956542
0.4456 0.195621
0.44595 0.1956542
0.4463 0.195621
0.44665 0.1956088
0.447 0.1952815
0.44735 0.1949669
0.4477 0.1948955
0.44805 0.1946894
0.4484 0.1935152
0.44875 0.194366
0.4491 0.1938418999999999
0.44945 0.1938418999999999
0.4498 0.1935656
0.45015 0.1933901
0.4505 0.1931418999999999
0.45085 0.192425
0.4512 0.192159
0.45155 0.1918338
0.4519 0.1917749
0.45225 0.1914776
0.4526 0.1912511
0.45295 0.1912511
0.4533 0.1908352
0.45365 0.1904106
0.454 0.1904106
0.45435 0.1895482
0.4547 0.1893997999999999
0.45505 0.1893997999999999
0.4554 0.1891775
0.45575 0.1882213
0.4561 0.1872965
0.45645 0.1880716
0.4568 0.1872509
0.45715 0.1871845
0.4575 0.1868242
0.45785 0.1868242
0.4582 0.1863311
0.45855 0.1862429
0.4589 0.1858796
0.45925 0.1849579999999999
0.4596 0.184359
0.45995 0.1844241
0.4603 0.1843819
0.46065 0.1843819
0.461 0.184023
0.46135 0.1837186
0.4617 0.1833943999999999
0.46205 0.1829377999999999
0.4624 0.1825217999999999
0.46275 0.182391
0.4631 0.1820007
0.46345 0.1814030999999999
0.4638 0.1808465
0.46415 0.1807591
0.4645 0.1802757
0.46485 0.1800268
0.4652 0.1790606
0.46555 0.1788254
0.4659 0.1787072
0.46625 0.1776752999999999
0.4666 0.1772015
0.46695 0.1768223
0.4673 0.1767817
0.46765 0.1748351
0.468 0.1742435
0.46835 0.1742435
0.4687 0.1718806
0.46905 0.1676444
0.4694 0.1718806
0.46975 0.1728135
0.4701 0.1728135
0.47045 0.1727187
0.4708 0.1714754
0.47115 0.1713076
0.4715 0.1704865
0.47185 0.1696005
0.4722 0.1660476
0.47255 0.1655956
0.4729 0.1655956
0.47325 0.1680128
0.4736 0.1680665
0.47395 0.1680128
0.4743 0.1668935
0.47465 0.1665253
0.475 0.1665618999999999
0.47535 0.1495148
0.4757 0.1657587
0.47605 0.1637037999999999
0.4764 0.1637037999999999
0.47675 0.1636297999999999
0.4771 0.1616434
0.47745 0.1630207
0.4778 0.1616441
0.47815 0.1618009
0.4785 0.1616441
0.47885 0.1612603
0.4792 0.16027
0.47955 0.1600895
0.4799 0.1594899
0.48025 0.1591743
0.4806 0.1585605
0.48095 0.1582659
0.4813 0.1562176
0.48165 0.1558484
0.482 0.155939
0.48235 0.1546996
0.4827 0.1546996
0.48305 0.1536285
0.4834 0.1519478
0.48375 0.1512549
0.4841 0.1512549
0.48445 0.1487497
0.4848 0.1458921
0.48515 0.1470685
0.4855 0.1469302999999999
0.48585 0.1469302999999999
0.4862 0.1461514
0.48655 0.1461514
0.4869 0.146678
0.48725 0.146678
0.4876 0.1438201
0.48795 0.1413721
0.4883 0.1438201
0.48865 0.1446942
0.489 0.1460739
0.48935 0.1446942
0.4897 0.1438765
0.49005 0.143
0.4904 0.143
0.49075 0.1398968
0.4911 0.1398968
0.49145 0.1398968
0.4918 0.1402597
0.49215 0.1394747
0.4925 0.1389507
0.49285 0.1350184
0.4932 0.1350184
0.49355 0.1355492
0.4939 0.1355492
0.49425 0.1348782999999999
0.4946 0.1342716
0.49495 0.1348022
0.4953 0.1335884
0.49565 0.1335884
0.496 0.1334669
0.49635 0.1330043
0.4967 0.1326082999999999
0.49705 0.1320218
0.4974 0.1309364
0.49775 0.1299629
0.4981 0.1291002
0.49845 0.1279591
0.4988 0.1279591
0.49915 0.127929
0.4995 0.127929
0.49985 0.1269308999999999
0.50055 0.1219057
0.5009 0.1219057
0.50125 0.123722
0.5016 0.123722
0.50195 0.1231428
0.5023 0.1223075
0.50265 0.1200453
0.503 0.1063037
0.50335 0.108372
0.5037 0.108372
0.50405 0.1114866
0.5044 0.1164375
0.50475 0.1164375
0.5051 0.1174484
0.50545 0.1174484
0.5058 0.1173722
0.50615 0.1161185
0.5065 0.1159216
0.50685 0.1106675
0.5072 0.1106675
0.50755 0.1106675
0.5079 0.1100451
0.50825 0.1100451
0.5086 0.1115911
0.50895 0.1115911
0.5093 0.1102372
0.50965 0.10967
0.51 0.1094589999999999
0.51035 0.10967
0.5107 0.1094589999999999
0.51105 0.1089866999999999
0.5114 0.1086005
0.51175 0.1089866999999999
0.5121 0.1088371
0.51245 0.1088371
0.5128 0.1083563
0.51315 0.1057463
0.5135 0.1057463
0.51385 0.1050942
0.5142 0.1050942
0.51455 0.1050567
0.5149 0.1050567
0.51525 0.106025
0.5156 0.106025
0.51595 0.1044461
0.5163 0.103245
0.51665 0.1031135
0.517 0.1031135
0.51735 0.1020035
0.5177 0.1019576
0.51805 0.1017398
0.5184 0.10048
0.51875 0.1004755
0.5191 0.1004755
0.51945 0.0993898
0.5198 0.0992929
0.52015 0.0986073
0.5205 0.0986073
0.52085 0.0978235
0.5212 0.0973924999999999
0.52155 0.097005
0.5219 0.0963668
0.52225 0.0957838999999999
0.5226 0.0953548
0.52295 0.0950258
0.5233 0.0911188
0.52365 0.0911188
0.524 0.0897366
0.52435 0.0924233999999999
0.5247 0.0919635
0.52505 0.0919635
0.5254 0.0913378
0.52575 0.0910591
0.5261 0.0899452
0.52645 0.0899334
0.5268 0.0888328
0.52715 0.0886318
0.5275 0.0886318
0.52785 0.0872311
0.5282 0.0867333999999999
0.52855 0.0867333999999999
0.5289 0.0858119
0.52925 0.0858119
0.5296 0.0842675
0.52995 0.0830728
0.5303 0.0830728
0.53065 0.0830728
0.531 0.0821221
0.53135 0.0817978
0.5317 0.0817978
0.53205 0.0799461
0.5324 0.0794108
0.53275 0.0794491
0.5331 0.0794108
0.53345 0.0794145
0.5338 0.0790218999999999
0.53415 0.0788127
0.5345 0.0775143
0.53485 0.0775143
0.5352 0.077225
0.53555 0.0767585
0.5359 0.076285
0.53625 0.0746745
0.5366 0.0746745
0.53695 0.0742932
0.5373 0.0742932
0.53765 0.0733933
0.538 0.0730748999999999
0.53835 0.0725178
0.5387 0.0715545
0.53905 0.0710047
0.5394 0.0704542
0.53975 0.0697594
0.5401 0.0697594
0.54045 0.0683358
0.5408 0.0670176
0.54115 0.0670176
0.5415 0.0662758
0.54185 0.0653641
0.5422 0.0648961
0.54255 0.0647936
0.5429 0.0636535999999999
0.54325 0.0632254
0.5436 0.0629049
0.54395 0.0629049
0.5443 0.0628654
0.54465 0.0628654
0.545 0.0626591
0.54535 0.063278
0.5457 0.0628809999999999
0.54605 0.0628809999999999
0.5464 0.0611188
0.54675 0.0611188
0.5471 0.0611188
0.54745 0.0609375999999999
0.5478 0.0604406
0.54815 0.0607543
0.5485 0.0604406
0.54885 0.0602854
0.5492 0.0600315
0.54955 0.0588371999999999
0.5499 0.0579436
0.55025 0.0582175999999999
0.5506 0.0579696
0.55095 0.0579696
0.5513 0.0576454
0.55165 0.0570465
0.552 0.0567381
0.55235 0.0564062
0.5527 0.0560705
0.55305 0.0556905
0.5534 0.0552615
0.55375 0.0552615
0.5541 0.0546181
0.55445 0.0538485
0.5548 0.0538485
0.55515 0.0537019
0.5555 0.0530386999999999
0.55585 0.0531086
0.5562 0.0526474
0.55655 0.0526474
0.5569 0.0510624
0.55725 0.0510624
0.5576 0.0511805
0.55795 0.0511805
0.5583 0.0511505
0.55865 0.0506989
0.559 0.0505945999999999
0.55935 0.0502848
0.5597 0.0499919
0.56005 0.0497064
0.5604 0.0493356999999999
0.56075 0.0491246999999999
0.5611 0.0487092
0.56145 0.0484961999999999
0.5618 0.0479755
0.56215 0.0479124
0.5625 0.0473428
0.56285 0.047276
0.5632 0.0469946
0.56355 0.0466369
0.5639 0.0466369
0.56425 0.0461868
0.5646 0.0470116
0.56495 0.0443755999999999
0.5653 0.0453755
0.56565 0.0444419
0.566 0.0444524
0.56635 0.0444419
0.5667 0.0426816999999999
0.56705 0.0426816999999999
0.5674 0.0433797
0.56775 0.0433797
0.5681 0.0445283
0.56845 0.042564
0.5688 0.042564
0.56915 0.041689
0.5695 0.0401098
0.56985 0.0401098
0.5702 0.044737
0.57055 0.044737
0.5709 0.0441694
0.57125 0.0441694
0.5716 0.0424503
0.57195 0.0424503
0.5723 0.0424503
0.57265 0.0421298
0.573 0.0430926
0.57335 0.0407472
0.5737 0.0413715
0.57405 0.0401626
0.5744 0.0401416999999999
0.57475 0.0401416999999999
0.5751 0.0387445
0.57545 0.0397985999999999
0.5758 0.0396253
0.57615 0.0396253
0.5765 0.0389981
0.57685 0.0378159
0.5772 0.0383856
0.57755 0.0383856
0.5779 0.0383856
0.57825 0.0379921
0.5786 0.0374489
0.57895 0.0373504
0.5793 0.0372066999999999
0.57965 0.037056
0.58 0.0366777
0.58035 0.0363663
0.5807 0.0351363
0.58105 0.0351363
0.5814 0.0352569
0.58175 0.0352569
0.5821 0.0348899
0.58245 0.0345395
0.5828 0.0339881
0.58315 0.0330571999999999
0.5835 0.0329644
0.58385 0.0321542
0.5842 0.0316008
0.58455 0.0316008
0.5849 0.0316008
0.58525 0.0324007
0.5856 0.0324007
0.58595 0.0324007
0.5863 0.0318274
0.58665 0.0330751999999999
0.587 0.0311221
0.58735 0.0307412
0.5877 0.0283431
0.58805 0.0254963
0.5884 0.0254963
0.58875 0.0226234
0.5891 0.0226234
0.58945 0.0221310999999999
0.5898 0.020613
0.59015 0.020613
0.5905 0.0282341
0.59085 0.0282341
0.5912 0.0284279
0.59155 0.0284279
0.5919 0.0284279
0.59225 0.0291109
0.5926 0.0252238
0.59295 0.0292120999999999
0.5933 0.0247305
0.59365 0.0303283
0.594 0.0303211
0.59435 0.0303211
0.5947 0.0291814
0.59505 0.0291814
0.5954 0.0291814
0.59575 0.0297077
0.5961 0.0297077
0.59645 0.0308156999999999
0.5968 0.0312524999999999
0.59715 0.0312524999999999
0.5975 0.0312524999999999
0.59785 0.0316855
0.5982 0.0322437
0.59855 0.0322437
0.5989 0.0314735
0.59925 0.0291413999999999
0.5996 0.0314735
0.59995 0.0314285
0.6003 0.0314285
0.60065 0.0231804
0.601 0.0231804
0.60135 0.0321922
0.6017 0.0329316
0.60205 0.0329933
0.6024 0.0331671
0.60275 0.0331671
0.6031 0.0330416
0.60345 0.0320017
0.6038 0.0326754999999999
0.60415 0.0320017
0.6045 0.0326754999999999
0.60485 0.0299739
0.6052 0.0334404
0.60555 0.0334404
0.6059 0.0336331
0.60625 0.0336899
0.6066 0.033756
0.60695 0.0338788999999999
0.6073 0.0338788999999999
0.60765 0.0344202
0.608 0.0344202
0.60835 0.0343111
0.6087 0.0325697999999999
0.60905 0.0337295
0.6094 0.0333532
0.60975 0.0337295
0.6101 0.0333532
0.61045 0.0337954
0.6108 0.0326426
0.61115 0.0330104
0.6115 0.0326426
0.61185 0.0319328
0.6122 0.0319328
0.61255 0.032816
0.6129 0.035344
0.61325 0.032816
0.6136 0.0328145999999999
0.61395 0.0282214999999999
0.6143 0.0282214999999999
0.61465 0.0318985
0.615 0.0390138
0.61535 0.0390138
0.6157 0.0277374
0.61605 0.0277374
0.6164 0.0294888
0.61675 0.0297421
0.6171 0.0295709999999999
0.61745 0.0297421
0.6178 0.0295709999999999
0.61815 0.0306028
0.6185 0.0266546
0.61885 0.0249765
0.6192 0.0229329
0.61955 0.0249765
0.6199 0.0272349
0.62025 0.0296216
0.6206 0.0305904999999999
0.62095 0.0305904999999999
0.6213 0.0305904999999999
0.62165 0.0301774
0.622 0.0301774
0.62235 0.0311190999999999
0.6227 0.0311190999999999
0.62305 0.0319246
0.6234 0.0317038
0.62375 0.0317038
0.6241 0.0317038
0.62445 0.0314432
0.6248 0.0317265
0.62515 0.0322909
0.6255 0.032369
0.62585 0.0327883
0.6262 0.0327883
0.62655 0.0327584999999999
0.6269 0.0327584999999999
0.62725 0.0329912
0.6276 0.0329912
0.62795 0.0330883
0.6283 0.0329126999999999
0.62865 0.0331577
0.629 0.0332004
0.62935 0.0332523
0.6297 0.0332785
0.63005 0.0332967
0.6304 0.0332967
0.63075 0.0333017
0.6311 0.03268
0.63145 0.0320663
0.6318 0.0310414
0.63215 0.0320663
0.6325 0.0330061999999999
0.63285 0.0332231999999999
0.6332 0.0332231999999999
0.63355 0.0330788
0.6339 0.0330788
0.63425 0.0332153
0.6346 0.0332153
0.63495 0.0333861
0.6353 0.0333861
0.63565 0.033389
0.636 0.033389
0.63635 0.033389
0.6367 0.0332996
0.63705 0.0332996
0.6374 0.0332996
0.63775 0.0315451
0.6381 0.0315451
0.63845 0.0315451
0.6388 0.0303817
0.63915 0.0325845
0.6395 0.0323368
0.63985 0.0331448
0.6402 0.0334663
0.64055 0.0334663
0.6409 0.033419
0.64125 0.0331034
0.6416 0.0320402
0.64195 0.03268
0.6423 0.03268
0.64265 0.033277
0.643 0.033277
0.64335 0.033277
0.6437 0.0325991
0.64405 0.0325991
0.6444 0.0323909
0.64475 0.0323909
0.6451 0.0325154999999999
0.64545 0.0330233
0.6458 0.0330233
0.64615 0.0144114
0.6465 0.0144114
0.64685 0.0297015
0.6472 0.0305677
0.64755 0.0318575
0.6479 0.0325265
0.64825 0.0318575
0.6486 0.0321145999999999
0.64895 0.0308973
0.6493 0.0321145999999999
0.64965 0.0332138
0.65 0.0332138
0.65035 0.0333101
0.6507 0.0291617
0.65105 0.028943
0.6514 0.028943
0.65175 0.028943
0.6521 0.029057
0.65245 0.030644
0.6528 0.030644
0.65315 0.0319895
0.6535 0.0281945
0.65385 0.0321854
0.6542 0.028722
0.65455 0.0321854
0.6549 0.0323805999999999
0.65525 0.0323805999999999
0.6556 0.0286466999999999
0.65595 0.0228991
0.6563 0.0228991
0.65665 0.0254695
0.657 0.0254695
0.65735 0.0282629
0.6577 0.0282629
0.65805 0.0302865
0.6584 0.0302865
0.65875 0.0320401
0.6591 0.0320401
0.65945 0.0320401
0.6598 0.0303726
0.66015 0.0303726
0.6605 0.0322998
0.66085 0.0322998
0.6612 0.0287462
0.66155 0.0287462
0.6619 0.0306709999999999
0.66225 0.0311457999999999
0.6626 0.0311457999999999
0.66295 0.0311457999999999
0.6633 0.031089
0.66365 0.031428
0.664 0.031428
0.66435 0.0317147
0.6647 0.0318802
0.66505 0.0318802
0.6654 0.0318134
0.66575 0.0314266
0.6661 0.0303512
0.66645 0.0311120999999999
0.6668 0.0311120999999999
0.66715 0.0311120999999999
0.6675 0.0309085
0.66785 0.0309085
0.6682 0.0301015999999999
0.66855 0.0296747
0.6689 0.0296747
0.66925 0.0308086999999999
0.6696 0.0308086999999999
0.66995 0.0297113
0.6703 0.0297113
0.67065 0.0313704
0.671 0.0313704
0.67135 0.0313938
0.6717 0.0313938
0.67205 0.0317269
0.6724 0.0317269
0.67275 0.0317231
0.6731 0.0316837
0.67345 0.0315193
0.6738 0.0315193
0.67415 0.0317791
0.6745 0.0317791
0.67485 0.0317791
0.6752 0.0318949
0.67555 0.0318949
0.6759 0.0315854
0.67625 0.0315854
0.6766 0.0315854
0.67695 0.0317634
0.6773 0.031271
0.67765 0.0311904999999999
0.678 0.0308125
0.67835 0.0308125
0.6787 0.0309476
0.67905 0.0309476
0.6794 0.0308428
0.67975 0.0308342
0.6801 0.0308428
0.68045 0.0308342
0.6808 0.0294705999999999
0.68115 0.0294705999999999
0.6815 0.0294705999999999
0.68185 0.03006
0.6822 0.02951
0.68255 0.02951
0.6829 0.0291887
0.68325 0.028963
0.6836 0.0291887
0.68395 0.028963
0.6843 0.027987
0.68465 0.027987
0.685 0.0286283
0.68535 0.0286283
0.6857 0.0292045
0.68605 0.0285471
0.6864 0.0285471
0.68675 0.0272884
0.6871 0.0272884
0.68745 0.0273505999999999
0.6878 0.0282922
0.68815 0.0273505999999999
0.6885 0.028255
0.68885 0.0265375
0.6892 0.0280045999999999
0.68955 0.0222677
0.6899 0.027116
0.69025 0.0270548
0.6906 0.027116
0.69095 0.0270548
0.6913 0.0247959
0.69165 0.0235696
0.692 0.0181900999999999
0.69235 0.0181900999999999
0.6927 0.0181900999999999
0.69305 0.0167642
0.6934 0.0167642
0.69375 0.0061607
0.6941 0.0206625
0.69445 0.0249849
0.6948 0.0249849
0.69515 0.0249849
0.6955 0.0246135
0.69585 0.0221128
0.6962 0.0221128
0.69655 0.0221128
0.6969 0.0262262
0.69725 0.0245463
0.6976 0.0245463
0.69795 0.0225214
0.6983 0.0225214
0.69865 0.0225214
0.699 0.0210547
0.69935 0.0210547
0.6997 0.0232708
0.70005 0.0237739
0.7004 0.0237739
0.70075 0.0239334
0.7011 0.0216851
0.70145 0.019172
0.7018 0.019172
0.70215 0.0200359
0.7025 0.0200359
0.70285 0.0202305
0.7032 0.0202305
0.70355 0.0218756
0.7039 0.0237666
0.70425 0.0218756
0.7046 0.0235318
0.70495 0.0199877
0.7053 0.0216992
0.70565 0.0210847
0.706 0.0210847
0.70635 0.0181332
0.7067 0.0181332
0.70705 0.0181332
0.7074 0.0207048
0.70775 0.0175502
0.7081 0.0217372999999999
0.70845 0.0175502
0.7088 0.0153329
0.70915 0.0152288999999999
0.7095 0.0152288999999999
0.70985 0.0184456
0.7102 0.0205643
0.71055 0.0205643
0.7109 0.0109597
0.71125 0.0109597
0.7116 0.0117999
0.71195 0.0184114
0.7123 0.0184114
0.71265 0.0168424
0.713 0.0168424
0.71335 0.0168614
0.7137 0.0178827
0.71405 0.0178827
0.7144 0.0156113
0.71475 0.0156113
0.7151 0.0180671
0.71545 0.0180671
0.7158 0.0214388
0.71615 0.0130097999999999
0.7165 0.0041879
0.71685 0.0041879
0.7172 0.0072234
0.71755 0.0072234
0.7179 0.0072234
0.71825 0.0127669
0.7186 0.0127669
0.71895 0.003942
0.7193 0.0034181999999999
0.71965 0.003942
0.72 0.0059061999999999
0.72035 0.0091295
0.7207 0.0084307999999999
0.72105 0.0084307999999999
0.7214 0.0084307999999999
0.72175 0.0059977
0.7221 0.0137782999999999
0.72245 0.0116322
0.7228 0.0116322
0.72315 0.0058778999999999
0.7235 0.004497
0.72385 0.004497
0.7242 0.004497
0.72455 0.0072606
0.7249 0.0072606
0.72525 0.0072606
0.7256 0.0066245
0.72595 0.005349
0.7263 0.0037046999999999
0.72665 0.005349
0.727 0.002945
0.72735 0.0085649
0.7277 0.0076462
0.72805 0.0087696
0.7284 0.0100598999999999
0.72875 0.010771
0.7291 0.010771
0.72945 0.0088926
0.7298 0.0075206
0.73015 0.0084967
0.7305 0.0084967
0.73085 0.0084967
0.7312 0.0107525
0.73155 0.0065477
0.7319 0.0110282
0.73225 0.0084379
0.7326 0.0084379
0.73295 0.0055756
0.7333 0.0055756
0.73365 0.0075405
0.734 0.0075405
0.73435 0.0075405
0.7347 0.0114072999999999
0.73505 0.0142955
0.7354 0.0145613
0.73575 0.0142955
0.7361 0.0155636
0.73645 0.0118434
0.7368 0.0118434
0.73715 0.0118434
0.7375 0.0089387999999999
0.73785 0.0089387999999999
0.7382 0.0077875
0.73855 0.0077875
0.7389 0.0097292
0.73925 0.0098798999999999
0.7396 0.0109665
0.73995 0.0109665
0.7403 0.0109665
0.74065 0.0136018
0.741 0.0136018
0.74135 0.0162656
0.7417 0.0111885
0.74205 0.0171301
0.7424 0.0112887
0.74275 0.0151287999999999
0.7431 0.0151287999999999
0.74345 0.0178046
0.7438 0.0178046
0.74415 0.0178046
0.7445 0.0163035
0.74485 0.0163035
0.7452 0.0160851
0.74555 0.0160851
0.7459 0.0123737
0.74625 0.015663
0.7466 0.0152637
0.74695 0.0152637
0.7473 0.0103607999999999
0.74765 0.0103607999999999
0.748 0.0150032999999999
0.74835 0.0156221
0.7487 0.0156221
0.74905 0.0153702
0.7494 0.0153702
0.74975 0.0142334
0.7501 0.0155989
0.75045 0.0142334
0.7508 0.0154516
0.75115 0.015112
0.7515 0.015112
0.75185 0.015112
0.7522 0.0143443999999999
0.75255 0.0122951
0.7529 0.0122951
0.75325 0.0123731
0.7536 0.0138748
0.75395 0.0149585
0.7543 0.0142972999999999
0.75465 0.0147346
0.755 0.0147346
0.75535 0.0147346
0.7557 0.0144525
0.75605 0.0144367
0.7564 0.0140889999999999
0.75675 0.0140889999999999
0.7571 0.0133873
0.75745 0.0141902
0.7578 0.0130546999999999
0.75815 0.0135429
0.7585 0.0134663999999999
0.75885 0.0134663999999999
0.7592 0.0134518
0.75955 0.0132509999999999
0.7599 0.0131788999999999
0.76025 0.0129595
0.7606 0.0129595
0.76095 0.0125389
0.7613 0.0125389
0.76165 0.0123544
0.762 0.0121911
0.76235 0.0118704
0.7627 0.0111092
0.76305 0.0111092
0.7634 0.0111092
0.76375 0.0112692
0.7641 0.0112692
0.76445 0.012568
0.7648 0.012568
0.76515 0.012568
0.7655 0.0160703
0.76585 0.0160703
0.7662 0.0095521
0.76655 0.0095521
0.7669 0.0104009
0.76725 0.0112456
0.7676 0.0118129999999999
0.76795 0.0118129999999999
0.7683 0.0118129999999999
0.76865 0.0119883
0.769 0.0119883
0.76935 0.0118551
0.7697 0.0094506
0.77005 0.0094506
0.7704 0.0109172
0.77075 0.0117764
0.7711 0.0118596
0.77145 0.0123426
0.7718 0.0123426
0.77215 0.0123426
0.7725 0.0077231999999999
0.77285 0.0077231999999999
0.7732 0.008457
0.77355 0.0096215
0.7739 0.0102186
0.77425 0.0108177
0.7746 0.0111922
0.77495 0.0113902999999999
0.7753 0.0113902999999999
0.77565 0.0114423999999999
0.776 0.0114423999999999
0.77635 0.0114423999999999
0.7767 0.011086
0.77705 0.011086
0.7774 0.011086
0.77775 0.01176
0.7781 0.01176
0.77845 0.0112452
0.7788 0.0112452
0.77915 0.0139502999999999
0.7795 0.0139502999999999
0.77985 0.0127396
0.7802 0.0124497
0.78055 0.0114092
0.7809 0.0124497
0.78125 0.0128454
0.7816 0.0129521
0.78195 0.0131729999999999
0.7823 0.0129521
0.78265 0.0118277
0.783 0.0116324
0.78335 0.0104195
0.7837 0.0104195
0.78405 0.0106347
0.7844 0.0131144
0.78475 0.0106347
0.7851 0.0131144
0.78545 0.0104637999999999
0.7858 0.0141145
0.78615 0.0097875
0.7865 0.0104485
0.78685 0.0104485
0.7872 0.0113106
0.78755 0.0128571
0.7879 0.0159004999999999
0.78825 0.0159004999999999
0.7886 0.0159004999999999
0.78895 0.0112748
0.7893 0.0112748
0.78965 0.0137122999999999
0.79 0.0137122999999999
0.79035 0.0098033
0.7907 0.0098033
0.79105 0.0111756
0.7914 0.0127337
0.79175 0.0111756
0.7921 0.0127337
0.79245 0.010429
0.7928 0.010429
0.79315 0.010429
0.7935 0.0121777
0.79385 0.0121777
0.7942 0.0127466
0.79455 0.0089221
0.7949 0.0089221
0.79525 0.0052588999999999
0.7956 0.0052588999999999
0.79595 0.0081262
0.7963 0.0081262
0.79665 0.0081262
0.797 0.0102449
0.79735 0.0102449
0.7977 0.0113437
0.79805 0.0113437
0.7984 0.0113437
0.79875 0.010993
0.7991 0.010993
0.79945 0.010304
0.7998 0.0115702
0.80015 0.0115702
0.8005 0.0115702
0.80085 0.0104275
0.8012 0.0104275
0.80155 0.0105588
0.8019 0.0105588
0.80225 0.0101952
0.8026 0.0101952
0.80295 0.0176048
0.8033 0.0176048
0.80365 0.0129997999999999
0.804 0.0127829
0.80435 0.0129997999999999
0.8047 0.0157651
0.80505 0.0157651
0.8054 0.0150431
0.80575 0.0085224999999999
0.8061 0.0069957
0.80645 0.0069957
0.8068 0.0081687
0.80715 0.0081687
0.8075 0.0013852
0.80785 0.0013852
0.8082 0.0091159
0.80855 0.0129822
0.8089 0.0129822
0.80925 0.0058607
0.8096 0.0058607
0.80995 0.0061393
0.8103 0.0117332
0.81065 0.0117332
0.811 0.0121142
0.81135 0.0107885
0.8117 0.0107885
0.81205 0.0097168
0.8124 0.0082595
0.81275 0.0097168
0.8131 0.0060548
0.81345 0.0090154
0.8138 0.0090154
0.81415 0.0090154
0.8145 0.0048172
0.81485 0.0026215999999999
0.8152 0.0026215999999999
0.81555 0.0086053
0.8159 0.0141437999999999
0.81625 0.0086053
0.8166 0.0110345
0.81695 0.0110345
0.8173 0.0111001
0.81765 0.0111001
0.818 0.0108994
0.81835 0.0108994
0.8187 0.0108994
0.81905 0.0133610999999999
0.8194 0.0106994
0.81975 0.0108177999999999
0.8201 0.0108177999999999
0.82045 0.0108177999999999
0.8208 0.0108792
0.82115 0.0108792
0.8215 0.0110084
0.82185 0.0131396
0.8222 0.0182207
0.82255 0.0182207
0.8229 0.0066492999999999
0.82325 0.0031574999999999
0.8236 0.0030426
0.82395 0.0030426
0.8243 0.0107742
0.82465 0.0107742
0.825 0.0120863
0.82535 0.0120007
0.8257 0.0120007
0.82605 0.0101776
0.8264 0.0101776
0.82675 0.0113972999999999
0.8271 0.0113972999999999
0.82745 0.0109396
0.8278 0.0075617
0.82815 0.0109396
0.8285 0.0114847
0.82885 0.0114847
0.8292 0.0105342
0.82955 0.0105342
0.8299 0.0105342
0.83025 0.0046405
0.8306 0.0046405
0.83095 0.0072826
0.8313 0.0122218999999999
0.83165 0.0082253999999999
0.832 0.0082253999999999
0.83235 0.0082253999999999
0.8327 0.0076415
0.83305 0.0089763
0.8334 0.0089763
0.83375 0.0089763
0.8341 0.0028774
0.83445 0.0028774
0.8348 0.0028774
0.83515 0.0115732
0.8355 0.0115732
0.83585 0.0115732
0.8362 0.0076801999999999
0.83655 0.0076801999999999
0.8369 0.0076801999999999
0.83725 0.0047154
0.8376 0.0037830999999999
0.83795 0.0037830999999999
0.8383 0.0052256
0.83865 0.0075783
0.839 0.0096332
0.83935 0.0096332
0.8397 0.0089048999999999
0.84005 0.0083176
0.8404 0.0069783999999999
0.84075 0.0069783999999999
0.8411 0.0096645
0.84145 0.0096645
0.8418 0.0090816
0.84215 0.0090816
0.8425 0.0110592
0.84285 0.0116656
0.8432 0.0110592
0.84355 0.014194
0.8439 0.0119446
0.84425 0.0119446
0.8446 0.0119446
0.84495 0.0099294
0.8453 0.0110304
0.84565 0.0110304
0.846 0.0112044
0.84635 0.012666
0.8467 0.012666
0.84705 0.0177254
0.8474 0.0177254
0.84775 0.0084079
0.8481 0.0084079
0.84845 0.0102408
0.8488 0.0107158999999999
0.84915 0.0107158999999999
0.8495 0.0098773
0.84985 0.0098773
0.8502 0.0125762999999999
0.85055 0.0125762999999999
0.8509 0.0132308
0.85125 0.0132308
0.8516 0.0132308
0.85195 0.0122747
0.8523 0.0120293
0.85265 0.0070507999999999
0.853 0.0096454
0.85335 0.00886
0.8537 0.0096454
0.85405 0.0124282
0.8544 0.0135632999999999
0.85475 0.0124282
0.8551 0.0138176
0.85545 0.0138176
0.8558 0.0138176
0.85615 0.0112036
0.8565 0.0105206
0.85685 0.0105206
0.8572 0.0107547999999999
0.85755 0.0107547999999999
0.8579 0.0101505
0.85825 0.0094653999999999
0.8586 0.0100194999999999
0.85895 0.0092196
0.8593 0.0092196
0.85965 0.0089798999999999
0.86 0.0079871
0.86035 0.0079871
0.8607 0.0079871
0.86105 0.0070093
0.8614 0.0070093
0.86175 0.0063898
0.8621 0.0058713
0.86245 0.0058713
0.8628 0.0055905
0.86315 0.0055905
0.8635 0.0055905
0.86385 0.0056907
0.8642 0.0056944
0.86455 0.0056907
0.8649 0.0056944
0.86525 0.0058073
0.8656 0.0063603999999999
0.86595 0.0063603999999999
0.8663 0.0068438999999999
0.86665 0.0071851
0.867 0.0071851
0.86735 0.0071851
0.8677 0.0071452
0.86805 0.0074234999999999
0.8684 0.0088777
0.86875 0.0095327
0.8691 0.0096183
0.86945 0.0096183
0.8698 0.009187
0.87015 0.0091448
0.8705 0.0089835
0.87085 0.0089835
0.8712 0.0100448999999999
0.87155 0.0103306
0.8719 0.0107864
0.87225 0.0107864
0.8726 0.0108636
0.87295 0.0092451
0.8733 0.0108636
0.87365 0.0132117
0.874 0.0132117
0.87435 0.0114592
0.8747 -0.0400063
0.87505 0.0092337999999999
0.8754 0.0091251
0.87575 0.0091251
0.8761 0.008392
0.87645 0.008392
0.8768 0.008392
0.87715 0.010545
0.8775 0.0087796
0.87785 0.0087796
0.8782 0.0085497
0.87855 0.0084313999999999
0.8789 0.0084313999999999
0.87925 0.0084313999999999
0.8796 0.0050412
0.87995 0.0046155
0.8803 0.0042536
0.88065 0.004181
0.881 0.0032258
0.88135 0.0030023
0.8817 0.0020879
0.88205 0.0014164
0.8824 0.0008986
0.88275 0.0008962999999999
0.8831 0.0008804
0.88345 0.0008613
0.8838 0.0008571
0.88415 0.0008613
0.8845 0.0010543
0.88485 0.0012536
0.8852 0.001452
0.88555 0.001452
0.8859 0.0013120999999999
0.88625 0.0010207
0.8866 0.0005899
0.88695 0.0005147
0.8873 0.0005147
0.88765 0.0005147
0.888 0.0005536
0.88835 0.0006818
0.8887 0.0007706
0.88905 0.0006818
0.8894 0.0008484
0.88975 0.0008974
0.8901 0.0009767999999999
0.89045 0.0009132999999999
0.8908 0.0009132999999999
0.89115 0.0008386
0.8915 0.0008386
0.89185 0.0008199
0.8922 0.0008417
0.89255 0.0008417
0.8929 0.0008638
0.89325 0.0009004
0.8936 0.0009004
0.89395 0.000847
0.8943 0.0007866
0.89465 0.0007866
0.895 0.0007915
0.89535 0.0007915
0.8957 0.0007915
0.89605 0.0008583
0.8964 0.0009201
0.89675 0.0011527
0.8971 0.0011527
0.89745 0.0012324999999999
0.8978 0.0012324999999999
0.89815 0.0014521
0.8985 0.0014521
0.89885 0.0012064999999999
0.8992 0.000373
0.89955 0.000373
0.8999 0.0002239
0.90025 0.0002239
0.9006 0.0002239
0.90095 0.000931
0.9013 0.0014564
0.90165 0.0027573
0.902 0.0027573
0.90235 0.0025756
0.9027 0.0025756
0.90305 0.0024787
0.9034 0.0029798999999999
0.90375 0.0029798999999999
0.9041 0.0041296
0.90445 0.0047594
0.9048 0.0047594
0.90515 0.0051657
0.9055 0.0043713
0.90585 0.0054751
0.9062 0.0052098
0.90655 0.0068961
0.9069 0.0052098
0.90725 0.0022575
0.9076 0.0022575
0.90795 0.0017500999999999
0.9083 0.0058017
0.90865 0.0036319
0.909 0.0058017
0.90935 0.0036319
0.9097 0.0035114
0.91005 0.0018749
0.9104 0.0022552
0.91075 0.0022552
0.9111 0.002323
0.91145 0.0030589
0.9118 0.002323
0.91215 0.0030589
0.9125 0.0052223
0.91285 0.0052223
0.9132 0.0052223
0.91355 0.0040555
0.9139 0.005942
0.91425 0.0011495
0.9146 0.0054693999999999
0.91495 0.0019553
0.9153 0.0030265
0.91565 0.0030265
0.916 0.0030265
0.91635 0.0034861999999999
0.9167 0.0016562
0.91705 0.0011991
0.9174 0.0009750999999999
0.91775 0.0009750999999999
0.9181 0.0009750999999999
0.91845 0.0011431
0.9188 0.002175
0.91915 0.002175
0.9195 0.0007233
0.91985 0.0007233
0.9202 0.0053331
0.92055 0.0070913
0.9209 0.0053331
0.92125 0.0047301
0.9216 0.0019768
0.92195 0.0047301
0.9223 0.0047354
0.92265 0.0048442
0.923 0.0047354
0.92335 0.0031016999999999
0.9237 0.0022952
0.92405 0.0031016999999999
0.9244 0.0022952
0.92475 0.0058223999999999
0.9251 0.0058223999999999
0.92545 0.0058223999999999
0.9258 0.0054316
0.92615 0.0035478
0.9265 0.0026101999999999
0.92685 0.0026101999999999
0.9272 0.001887
0.92755 0.001887
0.9279 0.0009716
0.92825 0.0019538
0.9286 0.0018514
0.92895 0.0031206
0.9293 0.0023302
0.92965 0.0023302
0.93 0.0006656
0.93035 0.0006656
0.9307 0.0003563999999999
0.93105 0.0009895
0.9314 0.0007559
0.93175 0.0009895
0.9321 0.0014975
0.93245 0.0014975
0.9328 0.0017149
0.93315 0.0018227
0.9335 0.0018227
0.93385 0.0006325
0.9342 0.0005604
0.93455 0.0003045
0.9349 0.0005604
0.93525 0.0003045
0.9356 0.0005917
0.93595 0.0008547
0.9363 0.0012934
0.93665 0.0008695
0.937 0.0008695
0.93735 0.0008695
0.9377 0.0006644
0.93805 0.0006644
0.9384 0.0006644
0.93875 0.001133
0.9391 0.001133
0.93945 0.0012102999999999
0.9398 0.0008516
0.94015 0.00138
0.9405 0.0007486
0.94085 0.0018437999999999
0.9412 0.0025725
0.94155 0.0025725
0.9419 0.0017712
0.94225 0.0016311
0.9426 0.0016311
0.94295 0.0005171
0.9433 0.0005171
0.94365 0.0007327999999999
0.944 0.0007327999999999
0.94435 0.0002367
0.9447 0.0002367
0.94505 0.0019809
0.9454 0.0019809
0.94575 0.0019809
0.9461 0.0009112
0.94645 0.0009112
0.9468 0.0009112
0.94715 0.0011815
0.9475 0.0011815
0.94785 0.0012179
0.9482 0.0017667
0.94855 0.0020500999999999
0.9489 0.0020500999999999
0.94925 0.0002479
0.9496 0.0002479
0.94995 0.0003573
0.9503 0.0006892
0.95065 0.0022447
0.951 0.0022447
0.95135 0.0009951
0.9517 0.0009951
0.95205 0.0011045
0.9524 0.0011045
0.95275 0.000846
0.9531 0.0004834
0.95345 0.0004834
0.9538 0.0007102
0.95415 0.0010392
0.9545 0.0010392
0.95485 0.0017062999999999
0.9552 0.0012054
0.95555 0.0016998
0.9559 0.0016998
0.95625 0.0017294
0.9566 0.0017294
0.95695 0.0005493
0.9573 0.0005493
0.95765 0.0020055999999999
0.958 0.0020055999999999
0.95835 0.0015905
0.9587 0.0015905
0.95905 0.0015905
0.9594 0.0005404
0.95975 0.0005404
0.9601 0.0020789
0.96045 0.0020789
0.9608 0.000968
0.96115 0.000968
0.9615 0.0013145
0.96185 0.0018158
0.9622 0.0013145
0.96255 0.0004683
0.9629 0.0004683
0.96325 0.0007572999999999
0.9636 0.0007572999999999
0.96395 0.000663
0.9643 0.000663
0.96465 0.0023631999999999
0.965 0.0023631999999999
0.96535 0.0012323
0.9657 0.000603
0.96605 0.0012323
0.9664 0.000831
0.96675 0.000831
0.9671 0.000831
0.96745 0.0008968
0.9678 0.0019462
0.96815 0.0019462
0.9685 0.0013698
0.96885 0.0005379
0.9692 0.0005379
0.96955 0.0014083
0.9699 0.0021993
0.97025 0.0021993
0.9706 0.0021857
0.97095 0.0021857
0.9713 0.0023054
0.97165 0.0025939
0.972 0.0025939
0.97235 0.0019173999999999
0.9727 0.0018826
0.97305 0.0010706
0.9734 0.0010706
0.97375 0.0007197999999999
0.9741 0.0007197999999999
0.97445 0.0007197999999999
0.9748 0.0011815999999999
0.97515 0.001585
0.9755 0.0019215
0.97585 0.0019215
0.9762 0.0016118999999999
0.97655 0.0016118999999999
0.9769 0.0023477
0.97725 0.0026718
0.9776 0.0026718
0.97795 0.0016028
0.9783 0.0009682
0.97865 0.0009682
0.979 0.0009682
0.97935 0.0010825
0.9797 0.0014458
0.98005 0.0014536
0.9804 0.0014458
0.98075 0.0009923
0.9811 0.0009923
0.98145 0.0014592
0.9818 0.0014592
0.98215 0.0011683
0.9825 0.0007737
0.98285 0.0007591
0.9832 0.0007737
0.98355 0.0009864
0.9839 0.0012140999999999
0.98425 0.0012392
0.9846 0.0012392
0.98495 0.0012392
0.9853 0.0010741
0.98565 0.0009937
0.986 0.000859
0.98635 0.000859
0.9867 0.0006331
0.98705 0.0007678
0.9874 0.0007678
0.98775 0.0007678
0.9881 0.0002697
0.98845 0.000265
0.9888 0.0002697
0.98915 0.0003922
0.9895 0.0008974
0.98985 0.0005605
0.9902 0.0010151
0.99055 0.0007592
0.9909 0.0009948
0.99125 0.0007827999999999
0.9916 0.0009948
0.99195 0.0007827999999999
0.9923 0.001068
0.99265 0.0009828
0.993 0.0010222
0.99335 0.0010222
0.9937 0.0011429
0.99405 0.0011429
0.9944 0.0013442
0.99475 0.0011394999999999
0.9951 0.0011394999999999
0.99545 0.0011394999999999
0.9958 0.0005394999999999
0.99615 0.0011518
0.9965 0.0005394999999999
0.99685 0.0011518
0.9972 0.0016554
0.99755 0.0016554
0.9979 0.0014667999999999
0.99825 0.0009826
0.9986 0.0011685
0.99895 0.0008611
0.9993 0.0008611
