0.3 0.1036307
0.30035 0.1036307
0.3007 0.1036118999999999
0.30105 0.1035931
0.3014 0.1035741
0.30175 0.103555
0.3021 0.1035358
0.30245 0.1035164
0.3028 0.103497
0.30315 0.1034773999999999
0.3035 0.1034577
0.30385 0.1034378999999999
0.3042 0.1034173
0.30455 0.1033964999999999
0.3049 0.1033756
0.30525 0.1033547
0.3056 0.1033336
0.30595 0.1033124
0.3063 0.1032912
0.30665 0.1032698
0.307 0.1032483
0.30735 0.1032268
0.3077 0.1032051
0.30805 0.1031833999999999
0.3084 0.1031615999999999
0.30875 0.1031396999999999
0.3091 0.1031176999999999
0.30945 0.1030956
0.3098 0.1030734999999999
0.31015 0.1030512
0.3105 0.1030288999999999
0.31085 0.1030065
0.3112 0.1029839999999999
0.31155 0.1029614
0.3119 0.1029388
0.31225 0.1029158999999999
0.3126 0.102893
0.31295 0.10287
0.3133 0.1028469
0.31365 0.1028237
0.314 0.1028005
0.31435 0.1027771
0.3147 0.1027538
0.31505 0.1027303
0.3154 0.1027068
0.31575 0.1026831999999999
0.3161 0.1026596
0.31645 0.1026358999999999
0.3168 0.1026121
0.31715 0.1025883
0.3175 0.1025644
0.31785 0.1025404
0.3182 0.1025164
0.31855 0.1024924
0.3189 0.1024682
0.31925 0.1024441
0.3196 0.1024198
0.31995 0.1023955
0.3203 0.1023712
0.32065 0.1023468
0.321 0.1023224
0.32135 0.1022979
0.3217 0.1022733
0.32205 0.1022487
0.3224 0.1022241
0.32275 0.1021994
0.3231 0.1021747
0.32345 0.1021498999999999
0.3238 0.102125
0.32415 0.1021002
0.3245 0.1020753
0.32485 0.1020503
0.3252 0.1020253
0.32555 0.1020002
0.3259 0.1019751
0.32625 0.10195
0.3266 0.1019248
0.32695 0.1018995
0.3273 0.1018741
0.32765 0.1018487
0.328 0.1018232
0.32835 0.1017975
0.3287 0.1017715
0.32905 0.1017449
0.3294 0.1017172
0.32975 0.1016866
0.3301 0.1016388999999999
0.33045 0.1016182
0.3308 0.1016102
0.33115 0.1015893999999999
0.3315 0.1015661
0.33185 0.1015416
0.3322 0.1015166999999999
0.33255 0.1014914
0.3329 0.101466
0.33325 0.1014405
0.3336 0.1014149999999999
0.33395 0.1013893
0.3343 0.1013636
0.33465 0.1013379
0.335 0.1013121
0.33535 0.1012863
0.3357 0.1012605
0.33605 0.1012347
0.3364 0.1012088
0.33675 0.1011828999999999
0.3371 0.1011571
0.33745 0.101132
0.3378 0.1011068
0.33815 0.1010816
0.3385 0.1010563
0.33885 0.1010311
0.3392 0.1010057999999999
0.33955 0.1009806
0.3399 0.1009553
0.34025 0.1009299999999999
0.3406 0.1009047
0.34095 0.1008794
0.3413 0.100854
0.34165 0.1008287
0.342 0.1008033
0.34235 0.1007779999999999
0.3427 0.1007526
0.34305 0.1007271999999999
0.3434 0.1007018
0.34375 0.1006763999999999
0.3441 0.100651
0.34445 0.1006253999999999
0.3448 0.1005998999999999
0.34515 0.1005746999999999
0.3455 0.1005493
0.34585 0.1005238999999999
0.3462 0.1004985
0.34655 0.1004731
0.3469 0.1004476
0.34725 0.1004222
0.3476 0.1003967
0.34795 0.1003713
0.3483 0.1003458
0.34865 0.1003203999999999
0.349 0.1002948999999999
0.34935 0.1002695
0.3497 0.100244
0.35005 0.1002186
0.3504 0.1001931
0.35075 0.1001677
0.3511 0.1001422
0.35145 0.1001168
0.3518 0.1000913
0.35215 0.1000659
0.3525 0.1000404999999999
0.35285 0.1000149999999999
0.3532 0.0999896
0.35355 0.0999641999999999
0.3539 0.0999388
0.35425 0.0999133
0.3546 0.0998875
0.35495 0.0998621
0.3553 0.0998367
0.35565 0.0998111
0.356 0.0997736999999999
0.35635 0.0997576
0.3567 0.0997352
0.35705 0.0996939
0.3574 0.0996827
0.35775 0.0996524999999999
0.3581 0.0996193
0.35845 0.0995997
0.3588 0.0995698999999999
0.35915 0.0995536
0.3595 0.099506
0.35985 0.0994686
0.3602 0.0994525
0.36055 0.0994159999999999
0.3609 0.0994119
0.36125 0.0993974
0.3616 0.0993753
0.36195 0.0993545
0.3623 0.0993216
0.36265 0.099301
0.363 0.0992757
0.36335 0.0992498
0.3637 0.0992228999999999
0.36405 0.0991928
0.3644 0.0991717
0.36475 0.099146
0.3651 0.0991199
0.36545 0.099093
0.3658 0.0990611
0.36615 0.0990395
0.3665 0.0990149999999999
0.36685 0.0989872
0.3672 0.0989603999999999
0.36755 0.098936
0.3679 0.0989075
0.36825 0.0988822
0.3686 0.0988476
0.36895 0.0988315
0.3693 0.0988023
0.36965 0.0987777
0.37 0.0987465
0.37035 0.0987185
0.3707 0.0986758
0.37105 0.0986596
0.3714 0.0986466
0.37175 0.0986133
0.3721 0.0985858
0.37245 0.0985631999999999
0.3728 0.0985171
0.37315 0.0985133
0.3735 0.0984823
0.37385 0.098453
0.3742 0.0984355
0.37455 0.098402
0.3749 0.0983551
0.37525 0.098347
0.3756 0.0983026
0.37595 0.0982615
0.3763 0.0982515
0.37665 0.0982303
0.377 0.098214
0.37735 0.0981957
0.3777 0.0981472
0.37805 0.0981196
0.3784 0.098117
0.37875 0.0980529
0.3791 0.0980484
0.37945 0.0979825
0.3798 0.0979555
0.38015 0.0979555
0.3805 0.097951
0.38085 0.0979379
0.3812 0.0979158
0.38155 0.0978938
0.3819 0.0978303
0.38225 0.0977896
0.3826 0.0977896
0.38295 0.0977896
0.3833 0.097768
0.38365 0.0977497
0.384 0.0977169
0.38435 0.0977049
0.3847 0.0976792
0.38505 0.0976557
0.3854 0.0976298999999999
0.38575 0.097606
0.3861 0.0975806
0.38645 0.0975533
0.3868 0.0975298
0.38715 0.097501
0.3875 0.0974779
0.38785 0.0974536
0.3882 0.0974348999999999
0.38855 0.0974003999999999
0.3889 0.0973661999999999
0.38925 0.0973444
0.3896 0.0973343
0.38995 0.0973047
0.3903 0.0972669999999999
0.39065 0.0972628999999999
0.391 0.0972363
0.39135 0.0972127
0.3917 0.0971681
0.39205 0.0971604
0.3924 0.097137
0.39275 0.0970865
0.3931 0.0970758999999999
0.39345 0.0970692
0.3938 0.0970405
0.39415 0.0969923999999999
0.3945 0.0969765
0.39485 0.0969443
0.3952 0.0969174
0.39555 0.0969131
0.3959 0.0968601
0.39625 0.0968153
0.3966 0.0968153
0.39695 0.0968153
0.3973 0.0967626
0.39765 0.0967454
0.398 0.0967414
0.39835 0.0967263
0.3987 0.096685
0.39905 0.0966748
0.3994 0.0966606
0.39975 0.0966522
0.4001 0.0966265
0.40045 0.0966067
0.4008 0.0965613999999999
0.40115 0.096539
0.4015 0.0965234
0.40185 0.0965234
0.4022 0.0964661999999999
0.40255 0.0964456
0.4029 0.0964456
0.40325 0.0964273999999999
0.4036 0.0963742
0.40395 0.0963728
0.4043 0.0963536
0.40465 0.0963275
0.405 0.0963123
0.40535 0.0963021
0.4057 0.0962736999999999
0.40605 0.0962387
0.4064 0.0962158
0.40675 0.0961985
0.4071 0.0961853
0.40745 0.0961733
0.4078 0.0961535
0.40815 0.0961329
0.4085 0.0961118
0.40885 0.0960693
0.4092 0.0960478
0.40955 0.0960478
0.4099 0.0960215
0.41025 0.095997
0.4106 0.0959773
0.41095 0.0959561
0.4113 0.0959226
0.41165 0.0959121
0.412 0.0958616
0.41235 0.0958502
0.4127 0.0958317
0.41305 0.0958074
0.4134 0.0957271
0.41375 0.0957271
0.4141 0.0957271
0.41445 0.0957172
0.4148 0.09565
0.41515 0.0955881
0.4155 0.0955648
0.41585 0.0953553999999999
0.4162 0.0953553999999999
0.41655 0.0955148999999999
0.4169 0.0955148999999999
0.41725 0.0954071
0.4176 0.0953381
0.41795 0.0954071
0.4183 0.095436
0.41865 0.095436
0.419 0.0953898
0.41935 0.0953314
0.4197 0.0951855
0.42005 0.095197
0.4204 0.095197
0.42075 0.0952929
0.4211 0.0952929
0.42145 0.0952804999999999
0.4218 0.0952013999999999
0.42215 0.095146
0.4225 0.095146
0.42285 0.095146
0.4232 0.0950882
0.42355 0.0949122
0.4239 0.0949111
0.42425 0.0949111
0.4246 0.0949111
0.42495 0.0949941
0.4253 0.0949938
0.42565 0.0949938
0.426 0.0947031999999999
0.42635 0.0947031999999999
0.4267 0.0947703
0.42705 0.0949113
0.4274 0.0948713
0.42775 0.0948713
0.4281 0.0948711
0.42845 0.0948268999999999
0.4288 0.0947735
0.42915 0.0946559999999999
0.4295 0.0946944
0.42985 0.0946944
0.4302 0.0946944
0.43055 0.0946949
0.4309 0.0946478
0.43125 0.0946478
0.4316 0.0946478
0.43195 0.0946602
0.4323 0.0946616
0.43265 0.0946616
0.433 0.0946321
0.43335 0.0946176
0.4337 0.0945669
0.43405 0.094566
0.4344 0.0945213
0.43475 0.0945147
0.4351 0.0945113
0.43545 0.0944798999999999
0.4358 0.0944606
0.43615 0.0944281
0.4365 0.0943291
0.43685 0.0943241
0.4372 0.0943291
0.43755 0.0943241
0.4379 0.0943031999999999
0.43825 0.0943031999999999
0.4386 0.094298
0.43895 0.0942599
0.4393 0.0942253
0.43965 0.0941775
0.44 0.0941089
0.44035 0.0939118
0.4407 0.0938089
0.44105 0.0938175
0.4414 0.0938089
0.44175 0.0937473
0.4421 0.0937473
0.44245 0.0937473
0.4428 0.093914
0.44315 0.0939748
0.4435 0.0939748
0.44385 0.0936835
0.4442 0.0936835
0.44455 0.0938983999999999
0.4449 0.0938983999999999
0.44525 0.0937615
0.4456 0.0937482
0.44595 0.0937482
0.4463 0.0937733999999999
0.44665 0.0938447999999999
0.447 0.0937968
0.44735 0.0938012
0.4477 0.0937968
0.44805 0.0937995
0.4484 0.0937396
0.44875 0.093776
0.4491 0.0937508999999999
0.44945 0.0937508999999999
0.4498 0.0937058
0.45015 0.0937018999999999
0.4505 0.0936983999999999
0.45085 0.0936223
0.4512 0.0935296
0.45155 0.0935044999999999
0.4519 0.0934945
0.45225 0.0935044999999999
0.4526 0.0935218
0.45295 0.0935218
0.4533 0.0935136999999999
0.45365 0.0934784
0.454 0.0934784
0.45435 0.0934057
0.4547 0.0933574
0.45505 0.0933863
0.4554 0.0933574
0.45575 0.0933253
0.4561 0.0932717
0.45645 0.0932717
0.4568 0.0932072
0.45715 0.0932803
0.4575 0.0932551
0.45785 0.0932551
0.4582 0.0932281
0.45855 0.0932241
0.4589 0.0931904
0.45925 0.0931172
0.4596 0.0930753999999999
0.45995 0.0931172
0.4603 0.0931212
0.46065 0.0931515
0.461 0.0931515
0.46135 0.0931396999999999
0.4617 0.0931393
0.46205 0.0931176
0.4624 0.0931043
0.46275 0.0931038
0.4631 0.0930875
0.46345 0.0930637
0.4638 0.0930518
0.46415 0.0930273999999999
0.4645 0.0929926
0.46485 0.0929868
0.4652 0.0928815
0.46555 0.0928815
0.4659 0.0928281999999999
0.46625 0.0927701
0.4666 0.0927381999999999
0.46695 0.0927583999999999
0.4673 0.0927352
0.46765 0.0926672
0.468 0.0925887
0.46835 0.0924631
0.4687 0.0920998999999999
0.46905 0.0919806
0.4694 0.0920998999999999
0.46975 0.0922901999999999
0.4701 0.0923147
0.47045 0.0924567
0.4708 0.0924567
0.47115 0.0924444
0.4715 0.092265
0.47185 0.0922182
0.4722 0.0920812
0.47255 0.0920812
0.4729 0.092212
0.47325 0.0922412
0.4736 0.0923233
0.47395 0.0923233
0.4743 0.0924151
0.47465 0.0921564
0.475 0.092399
0.47535 0.0917206
0.4757 0.092399
0.47605 0.0922135
0.4764 0.0922135
0.47675 0.0922135
0.4771 0.0922083
0.47745 0.0923341
0.4778 0.0922146
0.47815 0.0922993
0.4785 0.0922626
0.47885 0.0922626
0.4792 0.0922231
0.47955 0.0922087
0.4799 0.0921548
0.48025 0.0921531999999999
0.4806 0.0921054999999999
0.48095 0.0920923
0.4813 0.092021
0.48165 0.0920122
0.482 0.0918703
0.48235 0.0918701
0.4827 0.0918701
0.48305 0.0918407
0.4834 0.0916278
0.48375 0.0913722
0.4841 0.0913044
0.48445 0.0909719
0.4848 0.0906483999999999
0.48515 0.0906483999999999
0.4855 0.0906483999999999
0.48585 0.0906448
0.4862 0.0910509999999999
0.48655 0.0911738
0.4869 0.0913901999999999
0.48725 0.0913901999999999
0.4876 0.0910048
0.48795 0.0910048
0.4883 0.0914341
0.48865 0.0914341
0.489 0.0916831999999999
0.48935 0.0912562
0.4897 0.0916831999999999
0.49005 0.0915766
0.4904 0.0915766
0.49075 0.0915323
0.4911 0.0915323
0.49145 0.091568
0.4918 0.0916322
0.49215 0.091568
0.4925 0.091487
0.49285 0.0914205
0.4932 0.0914205
0.49355 0.0914205
0.4939 0.0915637
0.49425 0.0915637
0.4946 0.0915637
0.49495 0.0915983
0.4953 0.0915531
0.49565 0.0916286
0.496 0.0915628
0.49635 0.0915895
0.4967 0.0915631
0.49705 0.0915631
0.4974 0.0915227
0.49775 0.0915161999999999
0.4981 0.0914979
0.49845 0.0914416
0.4988 0.0914416
0.49915 0.0913543
0.4995 0.0914321
0.49985 0.0913543
0.50055 0.0909275
0.5009 0.0909275
0.50125 0.09112
0.5016 0.09112
0.50195 0.0910436
0.5023 0.0909906
0.50265 0.0904521
0.503 0.089558
0.50335 0.0897887
0.5037 0.0897887
0.50405 0.0897887
0.5044 0.0905236
0.50475 0.090764
0.5051 0.090798
0.50545 0.090798
0.5058 0.0906221
0.50615 0.0906221
0.5065 0.0899616999999999
0.50685 0.0901278
0.5072 0.0901278
0.50755 0.0904035
0.5079 0.0904035
0.50825 0.0903966
0.5086 0.0903966
0.50895 0.0903966
0.5093 0.0903423
0.50965 0.090248
0.51 0.090248
0.51035 0.0904513
0.5107 0.0905233
0.51105 0.0905233
0.5114 0.0905029
0.51175 0.0905029
0.5121 0.0906015
0.51245 0.0908822
0.5128 0.0908822
0.51315 0.0907794
0.5135 0.0907794
0.51385 0.0907422
0.5142 0.0907422
0.51455 0.0907422
0.5149 0.090789
0.51525 0.0909645
0.5156 0.0909677
0.51595 0.0909677
0.5163 0.0909677
0.51665 0.0909161999999999
0.517 0.0909685
0.51735 0.0909483
0.5177 0.0909483
0.51805 0.0909483
0.5184 0.0909447999999999
0.51875 0.0909447999999999
0.5191 0.0909403
0.51945 0.0908797
0.5198 0.0908797
0.52015 0.0908797
0.5205 0.0908529
0.52085 0.0908465
0.5212 0.090813
0.52155 0.0908104
0.5219 0.0907448
0.52225 0.0907386999999999
0.5226 0.0906951
0.52295 0.0906446
0.5233 0.0899973
0.52365 0.0899973
0.524 0.0898931
0.52435 0.090524
0.5247 0.090524
0.52505 0.0905881
0.5254 0.0906033
0.52575 0.090623
0.5261 0.0906286999999999
0.52645 0.090623
0.5268 0.0904381
0.52715 0.0903241
0.5275 0.0903241
0.52785 0.0903241
0.5282 0.0905098999999999
0.52855 0.0905098999999999
0.5289 0.090323
0.52925 0.0902748
0.5296 0.0902318
0.52995 0.0902318
0.5303 0.0902318
0.53065 0.0900016999999999
0.531 0.0900016999999999
0.53135 0.0903231999999999
0.5317 0.0903231999999999
0.53205 0.0902776999999999
0.5324 0.0900714
0.53275 0.0900714
0.5331 0.0900714
0.53345 0.0902062
0.5338 0.0902062
0.53415 0.0902062
0.5345 0.0902028
0.53485 0.0901061
0.5352 0.0900066
0.53555 0.0899669
0.5359 0.0898241999999999
0.53625 0.0898241999999999
0.5366 0.0898056
0.53695 0.0896032
0.5373 0.0896032
0.53765 0.0894706
0.538 0.0894348
0.53835 0.0893318999999999
0.5387 0.0891597
0.53905 0.0890875
0.5394 0.0889143999999999
0.53975 0.0886942
0.5401 0.0886942
0.54045 0.0883135
0.5408 0.0880688
0.54115 0.0878904
0.5415 0.0876687
0.54185 0.0874513
0.5422 0.0873641
0.54255 0.0873641
0.5429 0.0873721
0.54325 0.0873775
0.5436 0.0873956
0.54395 0.087449
0.5443 0.0877996
0.54465 0.0883167
0.545 0.0883167
0.54535 0.0884474
0.5457 0.0886675
0.54605 0.0886675
0.5464 0.0887129
0.54675 0.0887297
0.5471 0.0890067
0.54745 0.0891901
0.5478 0.089242
0.54815 0.0893506999999999
0.5485 0.0894272
0.54885 0.089491
0.5492 0.0894272
0.54955 0.089491
0.5499 0.0892198999999999
0.55025 0.0895618
0.5506 0.0895618
0.55095 0.0895618
0.5513 0.0896388
0.55165 0.0893598999999999
0.552 0.0895722
0.55235 0.0895155
0.5527 0.0895155
0.55305 0.0895155
0.5534 0.0895177
0.55375 0.0895177
0.5541 0.0895008
0.55445 0.0894781
0.5548 0.0894508999999999
0.55515 0.0894508999999999
0.5555 0.0894508999999999
0.55585 0.0895869
0.5562 0.0895453
0.55655 0.0895453
0.5569 0.089426
0.55725 0.089426
0.5576 0.0895019
0.55795 0.0895276
0.5583 0.0895019
0.55865 0.0895276
0.559 0.0894942
0.55935 0.0895226
0.5597 0.0894942
0.56005 0.0894645
0.5604 0.0894645
0.56075 0.0894283
0.5611 0.0894435
0.56145 0.0894435
0.5618 0.0894435
0.56215 0.0893645
0.5625 0.0893645
0.56285 0.0894283
0.5632 0.0894283
0.56355 0.0893046
0.5639 0.089252
0.56425 0.0893046
0.5646 0.0892433
0.56495 0.0892433
0.5653 0.0892191
0.56565 0.0892191
0.566 0.0889792
0.56635 0.0887121999999999
0.5667 0.088668
0.56705 0.0887121999999999
0.5674 0.088668
0.56775 0.0885929
0.5681 0.0878954
0.56845 0.0878954
0.5688 0.0877743
0.56915 0.0879875
0.5695 0.0875863
0.56985 0.087635
0.5702 0.087635
0.57055 0.0885336
0.5709 0.0885336
0.57125 0.0882834
0.5716 0.0881072
0.57195 0.0882747
0.5723 0.0882747
0.57265 0.0882747
0.573 0.088444
0.57335 0.0875505
0.5737 0.0880141
0.57405 0.0875505
0.5744 0.0874387
0.57475 0.0874387
0.5751 0.087123
0.57545 0.0880018
0.5758 0.0880583
0.57615 0.0880583
0.5765 0.0877791
0.57685 0.0874483
0.5772 0.0877791
0.57755 0.0879621999999999
0.5779 0.0880339
0.57825 0.0882279
0.5786 0.0882034
0.57895 0.0882748999999999
0.5793 0.0882748999999999
0.57965 0.0882748999999999
0.58 0.0882897
0.58035 0.0882511999999999
0.5807 0.0883968
0.58105 0.0884679
0.5814 0.0884679
0.58175 0.0885563
0.5821 0.0884683
0.58245 0.0884683
0.5828 0.0884123
0.58315 0.0884123
0.5835 0.0884812
0.58385 0.0884812
0.5842 0.0884812
0.58455 0.0885962
0.5849 0.0885962
0.58525 0.0884607
0.5856 0.0884607
0.58595 0.0884607
0.5863 0.0883293
0.58665 0.0883278
0.587 0.0882138
0.58735 0.0882008999999999
0.5877 0.0878985
0.58805 0.0875014
0.5884 0.0875014
0.58875 0.0875014
0.5891 0.087576
0.58945 0.087576
0.5898 0.0870185
0.59015 0.0870185
0.5905 0.0875219
0.59085 0.0875219
0.5912 0.0875137
0.59155 0.087465
0.5919 0.0875137
0.59225 0.087465
0.5926 0.0875156999999999
0.59295 0.0877526999999999
0.5933 0.0877526999999999
0.59365 0.0872347
0.594 0.0871843
0.59435 0.0862612
0.5947 0.0862612
0.59505 0.0871358999999999
0.5954 0.0871358999999999
0.59575 0.0871136
0.5961 0.0871136
0.59645 0.0870664
0.5968 0.0872751
0.59715 0.0872751
0.5975 0.0872751
0.59785 0.0870161
0.5982 0.0870161
0.59855 0.087232
0.5989 0.087232
0.59925 0.0871763999999999
0.5996 0.0871763999999999
0.59995 0.0873598
0.6003 0.0873598
0.60065 0.0868166
0.601 0.0868166
0.60135 0.0872606
0.6017 0.0875133999999999
0.60205 0.0875133999999999
0.6024 0.0877598999999999
0.60275 0.0877598999999999
0.6031 0.0878821
0.60345 0.0880275
0.6038 0.0880275
0.60415 0.0878896999999999
0.6045 0.0878896999999999
0.60485 0.0877757
0.6052 0.0880101
0.60555 0.0879934999999999
0.6059 0.0879934999999999
0.60625 0.0879934999999999
0.6066 0.0879144999999999
0.60695 0.0879867
0.6073 0.0879144999999999
0.60765 0.0879778
0.608 0.087758
0.60835 0.0877745
0.6087 0.087758
0.60905 0.0877166
0.6094 0.0876562
0.60975 0.0877166
0.6101 0.0877646
0.61045 0.0877646
0.6108 0.0875857
0.61115 0.0875588
0.6115 0.0873901
0.61185 0.0871579
0.6122 0.0868954
0.61255 0.086881
0.6129 0.0865116
0.61325 0.0861001
0.6136 0.0856054
0.61395 0.0852184
0.6143 0.0848828
0.61465 0.0845987
0.615 0.0844736
0.61535 0.0844633
0.6157 0.0843278
0.61605 0.0840189
0.6164 0.083829
0.61675 0.0836683
0.6171 0.08323
0.61745 0.0824263999999999
0.6178 0.0816105
0.61815 0.0816022
0.6185 0.0809685
0.61885 0.0806294
0.6192 0.0804355
0.61955 0.0804355
0.6199 0.0807011
0.62025 0.0811529
0.6206 0.0816453
0.62095 0.0816506
0.6213 0.0819148
0.62165 0.0822606999999999
0.622 0.0828731
0.62235 0.0835423
0.6227 0.0840646
0.62305 0.0845993999999999
0.6234 0.0850738
0.62375 0.0851044
0.6241 0.0856758999999999
0.62445 0.0861091
0.6248 0.086223
0.62515 0.0866387
0.6255 0.0868921
0.62585 0.0870691
0.6262 0.0871861999999999
0.62655 0.0871861999999999
0.6269 0.0871953999999999
0.62725 0.0873213
0.6276 0.0873213
0.62795 0.0874303999999999
0.6283 0.0874972
0.62865 0.0875335
0.629 0.0876676
0.62935 0.0877189
0.6297 0.087727
0.63005 0.0878212
0.6304 0.0878212
0.63075 0.0878123
0.6311 0.0876213
0.63145 0.0875312999999999
0.6318 0.0868911
0.63215 0.0868911
0.6325 0.087444
0.63285 0.0874959
0.6332 0.0875354
0.63355 0.0876427999999999
0.6339 0.0877013999999999
0.63425 0.0877017
0.6346 0.0877013999999999
0.63495 0.0875706
0.6353 0.0875706
0.63565 0.0874606
0.636 0.0874605
0.63635 0.0874605
0.6367 0.0872324
0.63705 0.0872324
0.6374 0.0872324
0.63775 0.0870688
0.6381 0.0871396
0.63845 0.0871396
0.6388 0.0871396
0.63915 0.0871688
0.6395 0.0871688
0.63985 0.0873045
0.6402 0.0873988
0.64055 0.0873045
0.6409 0.0873135
0.64125 0.0872913
0.6416 0.0871721999999999
0.64195 0.0871721999999999
0.6423 0.0871419
0.64265 0.0871803
0.643 0.0871419
0.64335 0.0871258
0.6437 0.0870151
0.64405 0.0868721
0.6444 0.0868721
0.64475 0.0868364
0.6451 0.0868364
0.64545 0.0868364
0.6458 0.0864915
0.64615 0.0856813999999999
0.6465 0.0856813999999999
0.64685 0.086271
0.6472 0.0865293
0.64755 0.0865293
0.6479 0.0863567
0.64825 0.08632
0.6486 0.08632
0.64895 0.086395
0.6493 0.0864891999999999
0.64965 0.0866266999999999
0.65 0.0866279
0.65035 0.0867138
0.6507 0.0866279
0.65105 0.0859978
0.6514 0.0859978
0.65175 0.0859978
0.6521 0.0861631
0.65245 0.0865438999999999
0.6528 0.0865438999999999
0.65315 0.0864935
0.6535 0.0862383999999999
0.65385 0.0864935
0.6542 0.0859016
0.65455 0.0862478999999999
0.6549 0.0862478999999999
0.65525 0.0862478999999999
0.6556 0.0859136
0.65595 0.0858244
0.6563 0.0858244
0.65665 0.0859376999999999
0.657 0.0859376999999999
0.65735 0.0858801
0.6577 0.0858801
0.65805 0.0859856
0.6584 0.0859856
0.65875 0.0859843999999999
0.6591 0.0859843999999999
0.65945 0.0859843999999999
0.6598 0.0857366
0.66015 0.0857366
0.6605 0.0860001
0.66085 0.0860001
0.6612 0.0858493
0.66155 0.0857784
0.6619 0.0858341
0.66225 0.0857784
0.6626 0.0856846
0.66295 0.0856642
0.6633 0.0856387
0.66365 0.0856209
0.664 0.0856035
0.66435 0.0856035
0.6647 0.0856059
0.66505 0.0856059
0.6654 0.0854556
0.66575 0.0852743999999999
0.6661 0.0852706
0.66645 0.0851822
0.6668 0.0851822
0.66715 0.0852337
0.6675 0.0852434
0.66785 0.0852855
0.6682 0.0852855
0.66855 0.0853694
0.6689 0.0853694
0.66925 0.0854815
0.6696 0.0856728
0.66995 0.0858549
0.6703 0.0858983
0.67065 0.0861024
0.671 0.0861024
0.67135 0.0862473
0.6717 0.0863974
0.67205 0.0864861
0.6724 0.0864955
0.67275 0.0866613
0.6731 0.0867493
0.67345 0.0868348999999999
0.6738 0.0869422
0.67415 0.0869771
0.6745 0.0870175
0.67485 0.0870447
0.6752 0.0872015
0.67555 0.0872015
0.6759 0.0872285
0.67625 0.0872516999999999
0.6766 0.0872516999999999
0.67695 0.0872651
0.6773 0.0872651
0.67765 0.087302
0.678 0.087302
0.67835 0.0872148999999999
0.6787 0.0870915
0.67905 0.0870483
0.6794 0.0870483
0.67975 0.0870483
0.6801 0.0870317
0.68045 0.0870003999999999
0.6808 0.086832
0.68115 0.0867411
0.6815 0.0867411
0.68185 0.0865039
0.6822 0.0864411
0.68255 0.086414
0.6829 0.086414
0.68325 0.0863911
0.6836 0.0863911
0.68395 0.0863224
0.6843 0.0862946
0.68465 0.0862946
0.685 0.0864218
0.68535 0.0866358
0.6857 0.0866569
0.68605 0.0866569
0.6864 0.0866548
0.68675 0.0861912
0.6871 0.0861912
0.68745 0.0865933
0.6878 0.0866637
0.68815 0.0867004
0.6885 0.0867004
0.68885 0.0865594
0.6892 0.0865594
0.68955 0.086011
0.6899 0.0865473
0.69025 0.086463
0.6906 0.0865473
0.69095 0.086463
0.6913 0.0863152
0.69165 0.0862547
0.692 0.0860929
0.69235 0.0860855
0.6927 0.0860929
0.69305 0.0860584
0.6934 0.0859077999999999
0.69375 0.0859077999999999
0.6941 0.0859077999999999
0.69445 0.085958
0.6948 0.0857923999999999
0.69515 0.0857923999999999
0.6955 0.085743
0.69585 0.0854398999999999
0.6962 0.0854398999999999
0.69655 0.0855563999999999
0.6969 0.0855563999999999
0.69725 0.0853873999999999
0.6976 0.084883
0.69795 0.0850041
0.6983 0.0848245
0.69865 0.0848245
0.699 0.0845221999999999
0.69935 0.0842955
0.6997 0.0841871999999999
0.70005 0.0834208999999999
0.7004 0.0830328999999999
0.70075 0.0830328999999999
0.7011 0.082761
0.70145 0.082761
0.7018 0.0825766999999999
0.70215 0.0824737
0.7025 0.0824737
0.70285 0.0824737
0.7032 0.0828769999999999
0.70355 0.0828769999999999
0.7039 0.0827424
0.70425 0.0827424
0.7046 0.0829534
0.70495 0.0829761
0.7053 0.0831523999999999
0.70565 0.0840333
0.706 0.0840333
0.70635 0.0840754
0.7067 0.0841033
0.70705 0.0841033
0.7074 0.0844
0.70775 0.0844023999999999
0.7081 0.0845528
0.70845 0.0846177999999999
0.7088 0.0848169999999999
0.70915 0.084661
0.7095 0.0848746
0.70985 0.0849622
0.7102 0.0851822
0.71055 0.0851822
0.7109 0.0852868
0.71125 0.0852151
0.7116 0.0852868
0.71195 0.0854284
0.7123 0.0854284
0.71265 0.0853431
0.713 0.0853323999999999
0.71335 0.0853323999999999
0.7137 0.0853549
0.71405 0.0853549
0.7144 0.0853177
0.71475 0.0849886
0.7151 0.0849069
0.71545 0.0844302
0.7158 0.0838383
0.71615 0.0838161
0.7165 0.0827953999999999
0.71685 0.0813116
0.7172 0.0806577
0.71755 0.0791993
0.7179 0.0783606999999999
0.71825 0.0774279
0.7186 0.0774279
0.71895 0.0757711
0.7193 0.0750793
0.71965 0.0750793
0.72 0.0732672
0.72035 0.0732672
0.7207 0.072649
0.72105 0.072649
0.7214 0.0722838
0.72175 0.0722838
0.7221 0.0722838
0.72245 0.0718331
0.7228 0.0712815
0.72315 0.0698493999999999
0.7235 0.0661753
0.72385 0.0648241
0.7242 0.0648241
0.72455 0.0625068999999999
0.7249 0.0589813999999999
0.72525 0.0582465
0.7256 0.0559434999999999
0.72595 0.0559434999999999
0.7263 0.0553793999999999
0.72665 0.0528869
0.727 0.0522756999999999
0.72735 0.0522756999999999
0.7277 0.0522756999999999
0.72805 0.0548581
0.7284 0.05828
0.72875 0.0608410999999999
0.7291 0.061758
0.72945 0.0621041999999999
0.7298 0.0627336
0.73015 0.0632804
0.7305 0.0648641
0.73085 0.0675881
0.7312 0.0694424999999999
0.73155 0.0694424999999999
0.7319 0.0706613999999999
0.73225 0.0708856
0.7326 0.0722248
0.73295 0.0709424999999999
0.7333 0.0722248
0.73365 0.0753817
0.734 0.0753817
0.73435 0.076453
0.7347 0.0780439
0.73505 0.0785092
0.7354 0.0792458
0.73575 0.0792458
0.7361 0.0792458
0.73645 0.0807127
0.7368 0.0807127
0.73715 0.0807821
0.7375 0.0821433
0.73785 0.0821942
0.7382 0.0828564
0.73855 0.0830665
0.7389 0.0831656
0.73925 0.083438
0.7396 0.0842059999999999
0.73995 0.0843361
0.7403 0.0845674999999999
0.74065 0.0850884
0.741 0.0851108
0.74135 0.0852498999999999
0.7417 0.0853468
0.74205 0.085583
0.7424 0.085583
0.74275 0.0856456
0.7431 0.0858655
0.74345 0.0859166999999999
0.7438 0.0859166999999999
0.74415 0.0859056
0.7445 0.0859056
0.74485 0.0859661
0.7452 0.0859661
0.74555 0.0859661
0.7459 0.0858853999999999
0.74625 0.0859862
0.7466 0.0859862
0.74695 0.0859862
0.7473 0.0859895
0.74765 0.0859481
0.748 0.0859894
0.74835 0.0859805
0.7487 0.0859805
0.74905 0.0859805
0.7494 0.0859728999999999
0.74975 0.0859728999999999
0.7501 0.0859728999999999
0.75045 0.0859357
0.7508 0.0860125
0.75115 0.0860246
0.7515 0.0860246
0.75185 0.0860213
0.7522 0.0860137
0.75255 0.085986
0.7529 0.085986
0.75325 0.0860568
0.7536 0.0860568
0.75395 0.0860568
0.7543 0.0860529999999999
0.75465 0.0860596
0.755 0.0860203
0.75535 0.0860306
0.7557 0.0860238
0.75605 0.0860238
0.7564 0.08599
0.75675 0.0859378
0.7571 0.0859066
0.75745 0.085728
0.7578 0.085728
0.75815 0.0857597
0.7585 0.0857597
0.75885 0.0856768999999999
0.7592 0.0856186
0.75955 0.0853278
0.7599 0.0852901
0.76025 0.085188
0.7606 0.0850381
0.76095 0.0850381
0.7613 0.0851581
0.76165 0.0851581
0.762 0.0848672
0.76235 0.0847465
0.7627 0.0846893
0.76305 0.0846294
0.7634 0.0846294
0.76375 0.084601
0.7641 0.0845722
0.76445 0.0844323
0.7648 0.0844146
0.76515 0.0844146
0.7655 0.0844688
0.76585 0.0844688
0.7662 0.0844043
0.76655 0.0843978
0.7669 0.0841926
0.76725 0.0841926
0.7676 0.0843271
0.76795 0.0844891
0.7683 0.0844891
0.76865 0.0844095
0.769 0.0843889999999999
0.76935 0.0843889999999999
0.7697 0.0844142
0.77005 0.0844142
0.7704 0.0843579
0.77075 0.0842789999999999
0.7711 0.0842426
0.77145 0.0842252
0.7718 0.0841914
0.77215 0.0841768999999999
0.7725 0.083967
0.77285 0.0835468
0.7732 0.083145
0.77355 0.083145
0.7739 0.0831889
0.77425 0.0833631
0.7746 0.0833631
0.77495 0.0833424
0.7753 0.0832083
0.77565 0.0829593
0.776 0.0827543999999999
0.77635 0.0826258
0.7767 0.0825689
0.77705 0.0824386
0.7774 0.0822601999999999
0.77775 0.0822426
0.7781 0.082008
0.77845 0.0817683999999999
0.7788 0.0815531
0.77915 0.0812901999999999
0.7795 0.0807312999999999
0.77985 0.0801813
0.7802 0.0794543
0.78055 0.0794498999999999
0.7809 0.0786294999999999
0.78125 0.0782583
0.7816 0.078126
0.78195 0.0779941
0.7823 0.077942
0.78265 0.0778545
0.783 0.0773896
0.78335 0.0773851
0.7837 0.0765738999999999
0.78405 0.0765738999999999
0.7844 0.0775013999999999
0.78475 0.0786805
0.7851 0.0788898999999999
0.78545 0.0788898999999999
0.7858 0.0785682
0.78615 0.0785572
0.7865 0.0785682
0.78685 0.0786323999999999
0.7872 0.078859
0.78755 0.0792605
0.7879 0.0793705
0.78825 0.0796778
0.7886 0.0797421
0.78895 0.0798572999999999
0.7893 0.0798797
0.78965 0.0799433
0.79 0.0799433
0.79035 0.0799129
0.7907 0.0798291999999999
0.79105 0.079524
0.7914 0.0791215
0.79175 0.0791058999999999
0.7921 0.0786294999999999
0.79245 0.0780129
0.7928 0.0775039
0.79315 0.0775039
0.7935 0.077515
0.79385 0.077515
0.7942 0.0769083999999999
0.79455 0.0769026999999999
0.7949 0.0760803999999999
0.79525 0.0758742
0.7956 0.0758742
0.79595 0.0749539999999999
0.7963 0.0749539999999999
0.79665 0.0749539999999999
0.797 0.0752401
0.79735 0.0752401
0.7977 0.0752401
0.79805 0.0754312
0.7984 0.0755728
0.79875 0.0756141
0.7991 0.0757585
0.79945 0.0762553
0.7998 0.0766184
0.80015 0.0766386999999999
0.8005 0.0768576
0.80085 0.0773187
0.8012 0.0773187
0.80155 0.0773466
0.8019 0.0773466
0.80225 0.077736
0.8026 0.0778373
0.80295 0.0783132
0.8033 0.0783132
0.80365 0.0786635
0.804 0.0788096
0.80435 0.0789825
0.8047 0.0793758
0.80505 0.0797
0.8054 0.0798329
0.80575 0.0798329
0.8061 0.0798329
0.80645 0.0799404
0.8068 0.0805828
0.80715 0.080996
0.8075 0.080996
0.80785 0.0812536
0.8082 0.0814088
0.80855 0.0814088
0.8089 0.0814065
0.80925 0.0810806
0.8096 0.0810806
0.80995 0.0815615
0.8103 0.081711
0.81065 0.081711
0.811 0.0817476999999999
0.81135 0.0819109
0.8117 0.082109
0.81205 0.0822804999999999
0.8124 0.0824807
0.81275 0.082656
0.8131 0.0824807
0.81345 0.0829328999999999
0.8138 0.0831446
0.81415 0.0831971
0.8145 0.0831971
0.81485 0.0800969
0.8152 0.0800969
0.81555 0.083246
0.8159 0.0833699
0.81625 0.0833699
0.8166 0.0836962
0.81695 0.0836585
0.8173 0.0837555
0.81765 0.0836585
0.818 0.0836879
0.81835 0.0836879
0.8187 0.0836879
0.81905 0.084087
0.8194 0.0841577
0.81975 0.0841577
0.8201 0.0842416999999999
0.82045 0.0843581
0.8208 0.0843581
0.82115 0.0844468999999999
0.8215 0.0843705
0.82185 0.0843705
0.8222 0.0842962
0.82255 0.0841459
0.8229 0.083828
0.82325 0.0803442
0.8236 0.0816356999999999
0.82395 0.0816356999999999
0.8243 0.0843788
0.82465 0.0846331
0.825 0.0846331
0.82535 0.0846331
0.8257 0.0845476
0.82605 0.0845476
0.8264 0.0846864
0.82675 0.0847122
0.8271 0.0846864
0.82745 0.0844595
0.8278 0.0834526
0.82815 0.0843547
0.8285 0.0843547
0.82885 0.0843547
0.8292 0.0844973
0.82955 0.0846335
0.8299 0.0846335
0.83025 0.0845756999999999
0.8306 0.0845756999999999
0.83095 0.0846199
0.8313 0.0847351
0.83165 0.0846199
0.832 0.0841501
0.83235 0.0841501
0.8327 0.0836233999999999
0.83305 0.0844822
0.8334 0.084143
0.83375 0.084143
0.8341 0.0823779999999999
0.83445 0.0823779999999999
0.8348 0.0823779999999999
0.83515 0.0827579
0.8355 0.0822322
0.83585 0.0822322
0.8362 0.0817972
0.83655 0.0817481
0.8369 0.0813067
0.83725 0.0809006999999999
0.8376 0.0792054
0.83795 0.0786253999999999
0.8383 0.0783616999999999
0.83865 0.0782443
0.839 0.0782443
0.83935 0.078307
0.8397 0.0786539
0.84005 0.0787301
0.8404 0.0787301
0.84075 0.0774481
0.8411 0.0764257
0.84145 0.0764257
0.8418 0.0765862
0.84215 0.0765991
0.8425 0.0783913
0.84285 0.080098
0.8432 0.080098
0.84355 0.0799952999999999
0.8439 0.0792525
0.84425 0.0792525
0.8446 0.0796809999999999
0.84495 0.0798173
0.8453 0.0805693
0.84565 0.0805693
0.846 0.0813972
0.84635 0.0819463999999999
0.8467 0.0819463999999999
0.84705 0.081916
0.8474 0.0818473999999999
0.84775 0.0818127
0.8481 0.0818127
0.84845 0.0816445
0.8488 0.082108
0.84915 0.0824797
0.8495 0.0824797
0.84985 0.0823351
0.8502 0.0819057
0.85055 0.0802961
0.8509 0.0802961
0.85125 0.0802961
0.8516 0.0811467
0.85195 0.0808302
0.8523 0.0808302
0.85265 0.0801771
0.853 0.079389
0.85335 0.0792775
0.8537 0.0787605
0.85405 0.0781405
0.8544 0.0772947
0.85475 0.076581
0.8551 0.0765573
0.85545 0.0752671
0.8558 0.0752671
0.85615 0.0736607
0.8565 0.0736607
0.85685 0.073007
0.8572 0.0709853
0.85755 0.0695916
0.8579 0.0648900999999999
0.85825 0.0648900999999999
0.8586 0.0651157
0.85895 0.0651157
0.8593 0.0648338
0.85965 0.0641986
0.86 0.0622036
0.86035 0.0588097
0.8607 0.0581061
0.86105 0.0542729
0.8614 0.0532675999999999
0.86175 0.0532675999999999
0.8621 0.0509239
0.86245 0.0509239
0.8628 0.0505718
0.86315 0.0506243
0.8635 0.0501816
0.86385 0.0501816
0.8642 0.0458319
0.86455 0.0429789
0.8649 0.0458319
0.86525 0.0514827
0.8656 0.0515227
0.86595 0.0541153
0.8663 0.0551756999999999
0.86665 0.0551756999999999
0.867 0.0476354
0.86735 0.0476354
0.8677 0.0490250999999999
0.86805 0.055761
0.8684 0.0600558
0.86875 0.0574172
0.8691 0.0641758
0.86945 0.0648879
0.8698 0.0651683
0.87015 0.0651683
0.8705 0.0651683
0.87085 0.0620755
0.8712 0.058766
0.87155 0.0620755
0.8719 0.062354
0.87225 0.0693498999999999
0.8726 0.0628951
0.87295 0.0628951
0.8733 0.0628951
0.87365 0.0673904999999999
0.874 0.0690568999999999
0.87435 0.0706122
0.8747 0.0706122
0.87505 0.0706122
0.8754 0.0721726
0.87575 0.0661531
0.8761 0.0690197
0.87645 0.0686444
0.8768 0.0686444
0.87715 0.0676626999999999
0.8775 0.0586828
0.87785 0.0586828
0.8782 0.0566688
0.87855 0.0566688
0.8789 0.066341
0.87925 0.066341
0.8796 0.0439734
0.87995 0.0357475
0.8803 0.0391425
0.88065 0.0357475
0.881 0.0307669
0.88135 0.0301903
0.8817 0.0238332999999999
0.88205 0.0160491
0.8824 0.0076048999999999
0.88275 0.0076048999999999
0.8831 0.0076048999999999
0.88345 0.0069759
0.8838 0.0069759
0.88415 0.0076834
0.8845 0.0109982999999999
0.88485 0.0147187999999999
0.8852 0.0162992
0.88555 0.0162992
0.8859 0.01435
0.88625 0.0099133
0.8866 0.0029704999999999
0.88695 0.0020338
0.8873 0.0020338
0.88765 0.002785
0.888 0.0038366
0.88835 0.0038366
0.8887 0.0061303
0.88905 0.002792
0.8894 0.007035
0.88975 0.0072403999999999
0.8901 0.0097973
0.89045 0.0088579
0.8908 0.0088579
0.89115 0.0086988
0.8915 0.0086988
0.89185 0.0105657999999999
0.8922 0.0105657999999999
0.89255 0.0105657999999999
0.8929 0.0101228
0.89325 0.0096118
0.8936 0.0090917
0.89395 0.0079107
0.8943 0.0079107
0.89465 0.0084495
0.895 0.0084495
0.89535 0.0072778
0.8957 0.0072778
0.89605 0.0088906
0.8964 0.0114959
0.89675 0.0165709
0.8971 0.0165709
0.89745 0.016847
0.8978 0.0165969
0.89815 0.016847
0.8985 0.0170115
0.89885 0.0175705
0.8992 0.0170115
0.89955 0.0154077
0.8999 0.0154077
0.90025 0.0268543
0.9006 0.0271884
0.90095 0.0312068
0.9013 0.0332316
0.90165 0.0379770999999999
0.902 0.0379770999999999
0.90235 0.039958
0.9027 0.039958
0.90305 0.0417774
0.9034 0.0486059
0.90375 0.0417774
0.9041 0.0507849
0.90445 0.0561964
0.9048 0.0565896999999999
0.90515 0.0565896999999999
0.9055 0.061435
0.90585 0.065991
0.9062 0.065991
0.90655 0.0605223
0.9069 0.0605223
0.90725 0.0614297
0.9076 0.0614297
0.90795 0.0662108
0.9083 0.052537
0.90865 0.0662108
0.909 0.0670811
0.90935 0.0670811
0.9097 0.0573198
0.91005 0.0573198
0.9104 0.067846
0.91075 0.0695726
0.9111 0.0725966
0.91145 0.0730068
0.9118 0.0730068
0.91215 0.0707276
0.9125 0.070158
0.91285 0.070158
0.9132 0.070158
0.91355 0.0615664
0.9139 0.0720539
0.91425 0.072839
0.9146 0.074621
0.91495 0.0745021
0.9153 0.0745021
0.91565 0.0693293
0.916 0.0693293
0.91635 0.0709961
0.9167 0.0709961
0.91705 0.0709961
0.9174 0.0756197
0.91775 0.0756197
0.9181 0.0738043999999999
0.91845 0.0738043999999999
0.9188 0.0738043999999999
0.91915 0.0731136999999999
0.9195 0.0701911
0.91985 0.0721405
0.9202 0.0721405
0.92055 0.072655
0.9209 0.0758028
0.92125 0.072655
0.9216 0.0685154
0.92195 0.0685154
0.9223 0.0525107
0.92265 0.0688814
0.923 0.0767773
0.92335 0.0767773
0.9237 0.0739736
0.92405 0.0739736
0.9244 0.0739736
0.92475 0.0735108999999999
0.9251 0.0722319
0.92545 0.0735108999999999
0.9258 0.0705203
0.92615 0.0705203
0.9265 0.0705203
0.92685 0.047882
0.9272 0.070919
0.92755 0.070919
0.9279 0.070919
0.92825 0.0727563
0.9286 0.0727563
0.92895 0.0744255
0.9293 0.0761434999999999
0.92965 0.0761434999999999
0.93 0.0705556
0.93035 0.0605138
0.9307 0.0567328
0.93105 0.0539242
0.9314 0.0539242
0.93175 0.0539242
0.9321 0.0627727
0.93245 0.0627727
0.9328 0.0666177
0.93315 0.0723101999999999
0.9335 0.0723101999999999
0.93385 0.063428
0.9342 0.0626521
0.93455 0.0597696
0.9349 0.0626521
0.93525 0.0597696
0.9356 0.0759141999999999
0.93595 0.0719349
0.9363 0.0756322
0.93665 0.0719349
0.937 0.0713743
0.93735 0.0713743
0.9377 0.0668713
0.93805 0.0626431
0.9384 0.0602063999999999
0.93875 0.0602063999999999
0.9391 0.0720664999999999
0.93945 0.0735719
0.9398 0.0735719
0.94015 0.0735719
0.9405 0.0525585
0.94085 0.0761663
0.9412 0.0753197
0.94155 0.0792674999999999
0.9419 0.0795038
0.94225 0.0795038
0.9426 0.0794106
0.94295 0.0673226
0.9433 0.0673226
0.94365 0.070399
0.944 0.070399
0.94435 0.0654162
0.9447 0.0654162
0.94505 0.0753418
0.9454 0.0753418
0.94575 0.0753418
0.9461 0.0763054
0.94645 0.0763054
0.9468 0.0698102
0.94715 0.0698102
0.9475 0.0662085
0.94785 0.0702569
0.9482 0.0769303
0.94855 0.0777606
0.9489 0.0769303
0.94925 0.0685033
0.9496 0.0685033
0.94995 0.0728096999999999
0.9503 0.0742136
0.95065 0.0782928
0.951 0.0782928
0.95135 0.0753468
0.9517 0.0753468
0.95205 0.0761044999999999
0.9524 0.0761044999999999
0.95275 0.0742306
0.9531 0.0737441
0.95345 0.0737441
0.9538 0.0788572999999999
0.95415 0.0788572999999999
0.9545 0.0782855
0.95485 0.0782855
0.9552 0.0752281
0.95555 0.0777014999999999
0.9559 0.0777014999999999
0.95625 0.0777014999999999
0.9566 0.0771803
0.95695 0.073402
0.9573 0.073402
0.95765 0.0777617
0.958 0.0777617
0.95835 0.0775309999999999
0.9587 0.0770563
0.95905 0.0770563
0.9594 0.0728223
0.95975 0.0728223
0.9601 0.0751916
0.96045 0.0751916
0.9608 0.0731261999999999
0.96115 0.0731261999999999
0.9615 0.0731261999999999
0.96185 0.0720885
0.9622 0.0707872
0.96255 0.0649748
0.9629 0.0649748
0.96325 0.0635638
0.9636 0.0635638
0.96395 0.0635638
0.9643 0.0638179
0.96465 0.0638179
0.965 0.0617336999999999
0.96535 0.0605033
0.9657 0.060135
0.96605 0.0583418999999999
0.9664 0.0571791999999999
0.96675 0.0571791999999999
0.9671 0.0553096999999999
0.96745 0.0551640999999999
0.9678 0.0551640999999999
0.96815 0.0595118
0.9685 0.0595118
0.96885 0.0583988
0.9692 0.0565133
0.96955 0.0564121999999999
0.9699 0.0544615
0.97025 0.0499941999999999
0.9706 0.0448364
0.97095 0.0438487
0.9713 0.0448364
0.97165 0.0484471999999999
0.972 0.0514613
0.97235 0.0536714
0.9727 0.0551486999999999
0.97305 0.0551486999999999
0.9734 0.0537596
0.97375 0.0537596
0.9741 0.0523962
0.97445 0.0538213
0.9748 0.0544751999999999
0.97515 0.0549697
0.9755 0.055457
0.97585 0.0581199
0.9762 0.0581199
0.97655 0.0530669999999999
0.9769 0.048124
0.97725 0.0530669999999999
0.9776 0.0502873
0.97795 0.0502873
0.9783 0.0466108
0.97865 0.0466108
0.979 0.0476753
0.97935 0.0524739
0.9797 0.0524739
0.98005 0.0403816999999999
0.9804 0.0373545
0.98075 0.0373545
0.9811 0.0373545
0.98145 0.0387124
0.9818 0.0387124
0.98215 0.036729
0.9825 0.036729
0.98285 0.0093796
0.9832 0.0291571
0.98355 0.0291571
0.9839 0.029314
0.98425 0.029314
0.9846 0.0124635
0.98495 0.0124635
0.9853 0.0124635
0.98565 0.0194953
0.986 0.0114205
0.98635 0.0194953
0.9867 0.0156829
0.98705 0.0156829
0.9874 0.0156829
0.98775 0.0180368
0.9881 0.0180368
0.98845 0.000441
0.9888 0.000441
0.98915 0.0034601
0.9895 0.0167784
0.98985 0.0095096
0.9902 0.0182808
0.99055 0.0095096
0.9909 0.0182808
0.99125 0.0182682999999999
0.9916 0.0199953
0.99195 0.0182682999999999
0.9923 0.0214953
0.99265 0.025394
0.993 0.0257156999999999
0.99335 0.0257156999999999
0.9937 0.0235373
0.99405 0.0235373
0.9944 0.0244572999999999
0.99475 0.0244572999999999
0.9951 0.0153661
0.99545 0.0153661
0.9958 0.0015473
0.99615 0.0204118
0.9965 0.0015473
0.99685 0.0204118
0.9972 0.0234313
0.99755 0.0234313
0.9979 0.0259651999999999
0.99825 0.0171218
0.9986 0.0206581999999999
0.99895 0.0168349
0.9993 0.0168349
