0.3 0.4079937
0.30035 0.411126
0.3007 0.4121304
0.30105 0.4121304
0.3014 0.4118922
0.30175 0.4109734
0.3021 0.4093179999999999
0.30245 0.4060761
0.3028 0.3989893
0.30315 0.3790622
0.3035 0.3790622
0.30385 0.3812375999999999
0.3042 0.398067
0.30455 0.4036696
0.3049 0.4057449
0.30525 0.4065357
0.3056 0.4065357
0.30595 0.4064678
0.3063 0.4060375
0.30665 0.4054346
0.307 0.4046858
0.30735 0.4037771
0.3077 0.4026679
0.30805 0.4012689
0.3084 0.3994007
0.30875 0.39675
0.3091 0.3922957
0.30945 0.3836116
0.3098 0.3638139
0.31015 0.3551034999999999
0.3105 0.3551034999999999
0.31085 0.37813
0.3112 0.3865571
0.31155 0.3898627
0.3119 0.3910925
0.31225 0.3911047
0.3126 0.3911047
0.31295 0.3905549
0.3133 0.3898112999999999
0.31365 0.3889449
0.314 0.3879639
0.31435 0.3869161
0.3147 0.3857791
0.31505 0.3845966
0.3154 0.3833538
0.31575 0.3820527
0.3161 0.3806923
0.31645 0.3792714
0.3168 0.3777866
0.31715 0.3762341
0.3175 0.374607
0.31785 0.3728969
0.3182 0.371129
0.31855 0.3692114999999999
0.3189 0.367197
0.31925 0.3649514
0.3196 0.3624957
0.31995 0.3596387
0.3203 0.3560798
0.32065 0.3511083
0.321 0.3427679
0.32135 0.3247311
0.3217 0.317451
0.32205 0.317451
0.3224 0.3350051
0.32275 0.3393558
0.3231 0.3393558
0.32345 0.3383149
0.3238 0.3362002
0.32415 0.3337037
0.3245 0.3309203
0.32485 0.3278319
0.3252 0.3246127
0.32555 0.3212021
0.3259 0.3175987
0.32625 0.3137953
0.3266 0.3097768
0.32695 0.3056446
0.3273 0.3011524
0.32765 0.2963899
0.328 0.2914847
0.32835 0.2861593
0.3287 0.2806309
0.32905 0.2744001
0.3294 0.2658277
0.32975 0.2514604
0.3301 0.2292072
0.33045 0.2292072
0.3308 0.2512424
0.33115 0.2635765
0.3315 0.2703733
0.33185 0.2752732
0.3322 0.2795264
0.33255 0.2833277
0.3329 0.2870220999999999
0.33325 0.2903435
0.3336 0.2935607999999999
0.33395 0.296452
0.3343 0.2992560999999999
0.33465 0.3017866
0.335 0.3041640999999999
0.33535 0.3064008
0.3357 0.3085072
0.33605 0.3105715
0.3364 0.3123591
0.33675 0.3141175
0.3371 0.3157685999999999
0.33745 0.3173169
0.3378 0.3187635
0.33815 0.3200496
0.3385 0.3212965
0.33885 0.3223824999999999
0.3392 0.323413
0.33955 0.3242753
0.3399 0.3250459
0.34025 0.3256191
0.3406 0.3260091
0.34095 0.3260289
0.3413 0.3260289
0.34165 0.3254738
0.342 0.3243802
0.34235 0.3224756
0.3427 0.3193755
0.34305 0.3144673
0.3434 0.307084
0.34375 0.2953469999999999
0.3441 0.2772653
0.34445 0.2505207
0.3448 0.2505207
0.34515 0.2696714
0.3455 0.288734
0.34585 0.3020429
0.3462 0.3109625
0.34655 0.3173345999999999
0.3469 0.3219975
0.34725 0.3254960999999999
0.3476 0.3281852
0.34795 0.3302972
0.3483 0.3319893
0.34865 0.3333691
0.349 0.3345112
0.34935 0.3354197
0.3497 0.3362352
0.35005 0.3369321
0.3504 0.3374940999999999
0.35075 0.3380152999999999
0.3511 0.3384359
0.35145 0.3388015
0.3518 0.339149
0.35215 0.3394244999999999
0.3525 0.3396633
0.35285 0.3398700999999999
0.3532 0.3400473
0.35355 0.3401985999999999
0.3539 0.3403255
0.35425 0.3404307
0.3546 0.3405155
0.35495 0.3405812
0.3553 0.3406303
0.35565 0.3406412
0.356 0.3406454
0.35635 0.3406454
0.3567 0.3406369999999999
0.35705 0.3405621
0.3574 0.3404995999999999
0.35775 0.3404995999999999
0.3581 0.3404112
0.35845 0.3403464
0.3588 0.3402495
0.35915 0.3401635
0.3595 0.3399015999999999
0.35985 0.3398468
0.3602 0.339681
0.36055 0.3395015
0.3609 0.3393698
0.36125 0.3393698
0.3616 0.3392100999999999
0.36195 0.3390603
0.3623 0.3388393
0.36265 0.3386886
0.363 0.3385029
0.36335 0.3382935999999999
0.3637 0.3380933
0.36405 0.3378277
0.3644 0.3376620999999999
0.36475 0.3374311
0.3651 0.337194
0.36545 0.3369442
0.3658 0.3366876
0.36615 0.3364445
0.3665 0.3361922
0.36685 0.3359176
0.3672 0.3356410999999999
0.36755 0.3353672
0.3679 0.3350739
0.36825 0.3347822
0.3686 0.3344455
0.36895 0.33418
0.3693 0.3338517
0.36965 0.3335414
0.37 0.3331619
0.37035 0.3328712
0.3707 0.3324852
0.37105 0.3321603
0.3714 0.3318406
0.37175 0.3314528
0.3721 0.3310571
0.37245 0.3307305
0.3728 0.3303
0.37315 0.3299617
0.3735 0.3294495
0.37385 0.3291419
0.3742 0.3286941
0.37455 0.3282257
0.3749 0.3275047
0.37525 0.3274559
0.3756 0.3268551
0.37595 0.3265539
0.3763 0.3255935
0.37665 0.3253727
0.377 0.3250895
0.37735 0.3246245
0.3777 0.3240775999999999
0.37805 0.3235282
0.3784 0.3230774
0.37875 0.322081
0.3791 0.3218675
0.37945 0.3206591
0.3798 0.3201997
0.38015 0.3201997
0.3805 0.3194701
0.38085 0.3190336
0.3812 0.3184518
0.38155 0.3177875
0.3819 0.3169941
0.38225 0.3163396
0.3826 0.3157764
0.38295 0.3151075
0.3833 0.3142244
0.38365 0.3136707
0.384 0.312845
0.38435 0.3121664
0.3847 0.311356
0.38505 0.3105700999999999
0.3854 0.309729
0.38575 0.3088689
0.3861 0.308002
0.38645 0.3070932
0.3868 0.3061582
0.38715 0.3051423
0.3875 0.3041774
0.38785 0.3031880999999999
0.3882 0.3021954
0.38855 0.3011054999999999
0.3889 0.2999345
0.38925 0.2986512
0.3896 0.2976541
0.38995 0.2963684
0.3903 0.2951745
0.39065 0.2939446
0.391 0.2925864
0.39135 0.2912661
0.3917 0.2897602
0.39205 0.2882478
0.3924 0.2868114
0.39275 0.2851657
0.3931 0.2835855
0.39345 0.2819027
0.3938 0.2801505999999999
0.39415 0.2781886
0.3945 0.2763935
0.39485 0.2742712
0.3952 0.272334
0.39555 0.2701254
0.3959 0.2677100999999999
0.39625 0.2653157
0.3966 0.2628552
0.39695 0.2603293
0.3973 0.2575457
0.39765 0.2545737999999999
0.398 0.2513885
0.39835 0.2484259
0.3987 0.2446712
0.39905 0.2410856999999999
0.3994 0.2375121
0.39975 0.2333627999999999
0.4001 0.228988
0.40045 0.2243259
0.4008 0.2193076
0.40115 0.2133404
0.4015 0.2086759
0.40185 0.2029643
0.4022 0.1965767999999999
0.40255 0.1902834
0.4029 0.1831752999999999
0.40325 0.1758295
0.4036 0.1676778
0.40395 0.1588591
0.4043 0.1367577
0.40465 0.1367577
0.405 0.154083
0.40535 0.1634858
0.4057 0.1705406
0.40605 0.17707
0.4064 0.1833826
0.40675 0.1889255
0.4071 0.1940931
0.40745 0.1987188999999999
0.4078 0.2032237
0.40815 0.2074398999999999
0.4085 0.2111317
0.40885 0.2112407999999999
0.4092 0.2181027999999999
0.40955 0.2213606
0.4099 0.2241596
0.41025 0.2267072
0.4106 0.2293084
0.41095 0.2314066
0.4113 0.2334325
0.41165 0.2352386
0.412 0.2369413
0.41235 0.238785
0.4127 0.2402302
0.41305 0.2414945
0.4134 0.2417052
0.41375 0.2439242
0.4141 0.2453051
0.41445 0.2463692999999999
0.4148 0.2472163999999999
0.41515 0.2480887
0.4155 0.2480887
0.41585 0.2478485999999999
0.4162 0.2478485999999999
0.41655 0.2510549
0.4169 0.2518048
0.41725 0.2522247
0.4176 0.2528759
0.41795 0.2533149
0.4183 0.2534907
0.41865 0.2536658
0.419 0.2547857
0.41935 0.2548867999999999
0.4197 0.2548867999999999
0.42005 0.2544842
0.4204 0.2544842
0.42075 0.2557927
0.4211 0.2564046
0.42145 0.2562993
0.4218 0.2562993
0.42215 0.2562993
0.4225 0.2560353999999999
0.42285 0.2568621
0.4232 0.2574533
0.42355 0.2574533
0.4239 0.2574533
0.42425 0.2577186999999999
0.4246 0.2581367
0.42495 0.258146
0.4253 0.2583657
0.42565 0.2583657
0.426 0.2577226
0.42635 0.2577226
0.4267 0.2582329
0.42705 0.2586274
0.4274 0.2588426
0.42775 0.2588426
0.4281 0.2586931
0.42845 0.2582056
0.4288 0.2581143999999999
0.42915 0.2566822
0.4295 0.2574987999999999
0.42985 0.2574987999999999
0.4302 0.2574987999999999
0.43055 0.2579808
0.4309 0.2565296
0.43125 0.257163
0.4316 0.2567594
0.43195 0.257163
0.4323 0.2576159
0.43265 0.2576159
0.433 0.2572612999999999
0.43335 0.2568372
0.4337 0.2568372
0.43405 0.2567892
0.4344 0.256592
0.43475 0.2565022999999999
0.4351 0.2564977
0.43545 0.2563359
0.4358 0.2559556
0.43615 0.2558488
0.4365 0.2553069
0.43685 0.2548047
0.4372 0.2548578999999999
0.43755 0.2548047
0.4379 0.2547342
0.43825 0.2545118
0.4386 0.2544076
0.43895 0.2540553
0.4393 0.2540512
0.43965 0.2530324
0.44 0.252726
0.44035 0.2517087999999999
0.4407 0.2515363
0.44105 0.2515363
0.4414 0.2513972
0.44175 0.2507762
0.4421 0.2507762
0.44245 0.2507762
0.4428 0.2508431
0.44315 0.2505938
0.4435 0.2505938
0.44385 0.2488772999999999
0.4442 0.2488772999999999
0.44455 0.2492401
0.4449 0.2492401
0.44525 0.2477531
0.4456 0.2476775
0.44595 0.2477531
0.4463 0.2476775
0.44665 0.2476494
0.447 0.2472061
0.44735 0.246775
0.4477 0.2466679
0.44805 0.2463713
0.4484 0.2448288
0.44875 0.2459179
0.4491 0.2452132
0.44945 0.2452132
0.4498 0.2448405
0.45015 0.2445949
0.4505 0.2442558
0.45085 0.2433092999999999
0.4512 0.2429171
0.45155 0.2424661
0.4519 0.2423992999999999
0.45225 0.2419784999999999
0.4526 0.2416541999999999
0.45295 0.2416541999999999
0.4533 0.2410782
0.45365 0.2405001
0.454 0.2405001
0.45435 0.2393106
0.4547 0.2391264
0.45505 0.2391264
0.4554 0.2388141
0.45575 0.2375296
0.4561 0.2362859
0.45645 0.23729
0.4568 0.2362722
0.45715 0.2360847
0.4575 0.2355816
0.45785 0.2355816
0.4582 0.2349417
0.45855 0.2348057
0.4589 0.2343078
0.45925 0.2330702
0.4596 0.2322607
0.45995 0.2323147999999999
0.4603 0.2322607
0.46065 0.2322344999999999
0.461 0.2317352
0.46135 0.2313254
0.4617 0.2308913
0.46205 0.2302487999999999
0.4624 0.2296808999999999
0.46275 0.2294081
0.4631 0.2289449999999999
0.46345 0.2281458
0.4638 0.2273892
0.46415 0.2272572
0.4645 0.2266038999999999
0.46485 0.2262452
0.4652 0.2249625
0.46555 0.2245957
0.4659 0.2244716
0.46625 0.2230820999999999
0.4666 0.2224157
0.46695 0.2218784
0.4673 0.2218166999999999
0.46765 0.2191968
0.468 0.2183665
0.46835 0.2183665
0.4687 0.2183665
0.46905 0.2105661
0.4694 0.217218
0.46975 0.216453
0.4701 0.216453
0.47045 0.2162708
0.4708 0.2160688
0.47115 0.214386
0.4715 0.2133799
0.47185 0.2120061
0.4722 0.2074889999999999
0.47255 0.2068414999999999
0.4729 0.2068414999999999
0.47325 0.2100541
0.4736 0.2100541
0.47395 0.2099574
0.4743 0.2091699
0.47465 0.2084708
0.475 0.2078899
0.47535 0.186971
0.4757 0.2067721
0.47605 0.2042697999999999
0.4764 0.2042697999999999
0.47675 0.2037906
0.4771 0.2013791
0.47745 0.2028968
0.4778 0.2013791
0.47815 0.2011771
0.4785 0.2011771
0.47885 0.2011771
0.4792 0.1993556
0.47955 0.1990839999999999
0.4799 0.1979469
0.48025 0.1977583999999999
0.4806 0.1968363
0.48095 0.1966994
0.4813 0.1957702
0.48165 0.1942197
0.482 0.1933316
0.48235 0.1922382999999999
0.4827 0.1922382999999999
0.48305 0.1898788
0.4834 0.1880825
0.48375 0.1869684999999999
0.4841 0.1869684999999999
0.48445 0.1841318
0.4848 0.1841318
0.48515 0.1841318
0.4855 0.1825585
0.48585 0.1818532
0.4862 0.1801689
0.48655 0.1801689
0.4869 0.1813446
0.48725 0.1813446
0.4876 0.1776737
0.48795 0.1743974999999999
0.4883 0.1776737
0.48865 0.1784802
0.489 0.1786907
0.48935 0.1784802
0.4897 0.1773109
0.49005 0.1759826
0.4904 0.1759826
0.49075 0.1718729
0.4911 0.1718729
0.49145 0.1718729
0.4918 0.1723655
0.49215 0.1714451
0.4925 0.1708297999999999
0.49285 0.1657908
0.4932 0.1657908
0.49355 0.1661888
0.4939 0.1661888
0.49425 0.1652887
0.4946 0.1645426
0.49495 0.1652487999999999
0.4953 0.1635797999999999
0.49565 0.1635797999999999
0.496 0.1633273999999999
0.49635 0.1626239
0.4967 0.1621394
0.49705 0.1613638999999999
0.4974 0.159883
0.49775 0.1588219
0.4981 0.1576171
0.49845 0.1561158999999999
0.4988 0.1561158999999999
0.49915 0.1559176
0.4995 0.1559176
0.49985 0.1546824
0.50055 0.1484912
0.5009 0.1484912
0.50125 0.1504107
0.5016 0.1504107
0.50195 0.1496221
0.5023 0.1485345
0.50265 0.1455962
0.503 0.1280914
0.50335 0.1315489
0.5037 0.1315489
0.50405 0.1315489
0.5044 0.141063
0.50475 0.141063
0.5051 0.1422872999999999
0.50545 0.1428727
0.5058 0.1435249
0.50615 0.1435249
0.5065 0.1407457999999999
0.50685 0.1342204
0.5072 0.1342204
0.50755 0.1342204
0.5079 0.1326009
0.50825 0.1326009
0.5086 0.1354557
0.50895 0.1354557
0.5093 0.132943
0.50965 0.1324698999999999
0.51 0.1320914
0.51035 0.1324293
0.5107 0.1320914
0.51105 0.1306843
0.5114 0.1305259
0.51175 0.1295956
0.5121 0.1295956
0.51245 0.1295956
0.5128 0.1295384
0.51315 0.1266118
0.5135 0.1266118
0.51385 0.1278489
0.5142 0.1278489
0.51455 0.1261061
0.5149 0.1261061
0.51525 0.1261061
0.5156 0.1256508
0.51595 0.1254530999999999
0.5163 0.1234833999999999
0.51665 0.1229581999999999
0.517 0.1229581999999999
0.51735 0.1219056
0.5177 0.121752
0.51805 0.1217176
0.5184 0.1208997
0.51875 0.1204341999999999
0.5191 0.1194559999999999
0.51945 0.1191523999999999
0.5198 0.1184368
0.52015 0.1171492
0.5205 0.1171492
0.52085 0.1171492
0.5212 0.1171541999999999
0.52155 0.1155378999999999
0.5219 0.1147158999999999
0.52225 0.1133363
0.5226 0.1128586
0.52295 0.1128586
0.5233 0.1078293999999999
0.52365 0.1078293999999999
0.524 0.1063776
0.52435 0.1095951
0.5247 0.1091023999999999
0.52505 0.1091023999999999
0.5254 0.1082801
0.52575 0.1078825
0.5261 0.1066357
0.52645 0.1063248
0.5268 0.1049811
0.52715 0.10486
0.5275 0.1036682
0.52785 0.1031077
0.5282 0.1024201
0.52855 0.1023763
0.5289 0.101225
0.52925 0.101225
0.5296 0.1003038
0.52995 0.0977924999999999
0.5303 0.0977924999999999
0.53065 0.0977683
0.531 0.0977002
0.53135 0.0977002
0.5317 0.0977002
0.53205 0.0948346
0.5324 0.0936783
0.53275 0.0936783
0.5331 0.0936783
0.53345 0.0942745
0.5338 0.0927954
0.53415 0.0925497
0.5345 0.091362
0.53485 0.0915038
0.5352 0.0906031
0.53555 0.0891261999999999
0.5359 0.089121
0.53625 0.0888188999999999
0.5366 0.0873127
0.53695 0.0869776999999999
0.5373 0.0873127
0.53765 0.0869776999999999
0.538 0.0855064
0.53835 0.084604
0.5387 0.0837666999999999
0.53905 0.0830668
0.5394 0.0821799
0.53975 0.0807511
0.5401 0.0807511
0.54045 0.0795434999999999
0.5408 0.0780763
0.54115 0.0780763
0.5415 0.0774001
0.54185 0.0766571
0.5422 0.0759946
0.54255 0.0755892
0.5429 0.0742044
0.54325 0.0735506
0.5436 0.0732231
0.54395 0.0731378999999999
0.5443 0.0730773999999999
0.54465 0.0730773999999999
0.545 0.0724044
0.54535 0.0729901
0.5457 0.0728268
0.54605 0.0728268
0.5464 0.0707897
0.54675 0.0707897
0.5471 0.0707897
0.54745 0.0704026
0.5478 0.0698581
0.54815 0.0701187
0.5485 0.0698581
0.54885 0.0695605
0.5492 0.0692166
0.54955 0.0678643
0.5499 0.0669159
0.55025 0.0670614
0.5506 0.0667648999999999
0.55095 0.0667648999999999
0.5513 0.0663834
0.55165 0.0656634
0.552 0.0652915999999999
0.55235 0.0648658
0.5527 0.0644234
0.55305 0.0639764999999999
0.5534 0.0634411999999999
0.55375 0.0634411999999999
0.5541 0.0626846
0.55445 0.0618054999999999
0.5548 0.0618054999999999
0.55515 0.0615701
0.5555 0.0609110999999999
0.55585 0.0608453
0.5562 0.0602981
0.55655 0.0602981
0.5569 0.0585425999999999
0.55725 0.0585425999999999
0.5576 0.058551
0.55795 0.058551
0.5583 0.0584818
0.55865 0.0579557
0.559 0.0577993
0.55935 0.0574270999999999
0.5597 0.0570706
0.56005 0.0567262
0.5604 0.0562800999999999
0.56075 0.0560156999999999
0.5611 0.0555249
0.56145 0.0552545999999999
0.5618 0.0546107
0.56215 0.0545764
0.5625 0.0538326
0.56285 0.0537681
0.5632 0.0534024
0.56355 0.0529525999999999
0.5639 0.0523831
0.56425 0.0509726999999999
0.5646 0.0509726999999999
0.56495 0.0515484
0.5653 0.052666
0.56565 0.0523856
0.566 0.0523856
0.56635 0.0523856
0.5667 0.0486302
0.56705 0.0487819
0.5674 0.0487819
0.56775 0.0487819
0.5681 0.0521513
0.56845 0.0491223
0.5688 0.0491223
0.56915 0.0491223
0.5695 0.0467318
0.56985 0.0441754
0.5702 0.0441754
0.57055 0.0491532
0.5709 0.0491532
0.57125 0.049273
0.5716 0.0490846999999999
0.57195 0.0490846999999999
0.5723 0.0478952
0.57265 0.0465501999999999
0.573 0.0465501999999999
0.57335 0.0465501999999999
0.5737 0.0470009
0.57405 0.0464741999999999
0.5744 0.0457949999999999
0.57475 0.0457949999999999
0.5751 0.0445446999999999
0.57545 0.0456786
0.5758 0.0452767
0.57615 0.0452767
0.5765 0.0446144
0.57685 0.0431726999999999
0.5772 0.0438200999999999
0.57755 0.0437433
0.5779 0.0437433
0.57825 0.0432769999999999
0.5786 0.042684
0.57895 0.0423743
0.5793 0.0422629
0.57965 0.0421347
0.58 0.0416291
0.58035 0.0413746
0.5807 0.0400636
0.58105 0.0400636
0.5814 0.0400754
0.58175 0.0400754
0.5821 0.0397009
0.58245 0.0392614
0.5828 0.0386390999999999
0.58315 0.037605
0.5835 0.0374670999999999
0.58385 0.0364943
0.5842 0.0358386999999999
0.58455 0.0364943
0.5849 0.0364043
0.58525 0.0372985
0.5856 0.0371041
0.58595 0.0380364
0.5863 0.0371041
0.58665 0.0361154
0.587 0.0354955
0.58735 0.0354955
0.5877 0.0323190999999999
0.58805 0.0291278
0.5884 0.0291278
0.58875 0.0258962999999999
0.5891 0.0258962999999999
0.58945 0.0252601
0.5898 0.0241058
0.59015 0.0241058
0.5905 0.0322788
0.59085 0.0322788
0.5912 0.0332359
0.59155 0.0325755
0.5919 0.0325755
0.59225 0.0325755
0.5926 0.0371185999999999
0.59295 0.0371185999999999
0.5933 0.0347359
0.59365 0.0347359
0.594 0.0315029999999999
0.59435 0.0315029999999999
0.5947 0.0315029999999999
0.59505 0.0332411
0.5954 0.0332411
0.59575 0.0338308
0.5961 0.0338308
0.59645 0.0351436999999999
0.5968 0.0356009
0.59715 0.035638
0.5975 0.035638
0.59785 0.0355889999999999
0.5982 0.0355889999999999
0.59855 0.0335045
0.5989 0.0359389
0.59925 0.0335045
0.5996 0.0359389
0.59995 0.0361328
0.6003 0.0361328
0.60065 0.0282077999999999
0.601 0.0282077999999999
0.60135 0.0366498
0.6017 0.0375604
0.60205 0.0376144
0.6024 0.0377574
0.60275 0.0377574
0.6031 0.0378738
0.60345 0.0380091
0.6038 0.0380091
0.60415 0.0375524999999999
0.6045 0.0361427
0.60485 0.0347848
0.6052 0.0361427
0.60555 0.0383109
0.6059 0.0383109
0.60625 0.038316
0.6066 0.0380775
0.60695 0.0385184
0.6073 0.0374727
0.60765 0.037937
0.608 0.037937
0.60835 0.0381522
0.6087 0.0381522
0.60905 0.0381786
0.6094 0.0381786
0.60975 0.0381786
0.6101 0.0389971
0.61045 0.0379717
0.6108 0.0379717
0.61115 0.0374332
0.6115 0.0374332
0.61185 0.0384445999999999
0.6122 0.0384445999999999
0.61255 0.0377595
0.6129 0.0375181
0.61325 0.0377595
0.6136 0.0389645999999999
0.61395 0.0414974
0.6143 0.0424677
0.61465 0.0414974
0.615 0.0353462
0.61535 0.0301584
0.6157 0.0301584
0.61605 0.0306193
0.6164 0.0333443
0.61675 0.0334773
0.6171 0.0333443
0.61745 0.0333443
0.6178 0.0333443
0.61815 0.0343754
0.6185 0.0343754
0.61885 0.0279267999999999
0.6192 0.0262897
0.61955 0.0279267999999999
0.6199 0.0333844
0.62025 0.0345035
0.6206 0.0347025
0.62095 0.0366968
0.6213 0.0366968
0.62165 0.0343619
0.622 0.0343619
0.62235 0.0352117
0.6227 0.0352117
0.62305 0.0328795
0.6234 0.0328795
0.62375 0.0358642
0.6241 0.0361926
0.62445 0.0358642
0.6248 0.0361926
0.62515 0.0368051
0.6255 0.0368454
0.62585 0.0371475
0.6262 0.037395
0.62655 0.037395
0.6269 0.037395
0.62725 0.0376561
0.6276 0.0376561
0.62795 0.0377686999999999
0.6283 0.0376184
0.62865 0.0378644999999999
0.629 0.0379316999999999
0.62935 0.0380022
0.6297 0.0380173
0.63005 0.0380563
0.6304 0.0380563
0.63075 0.0380928
0.6311 0.0374279999999999
0.63145 0.0367943
0.6318 0.0356260999999999
0.63215 0.0367943
0.6325 0.0378333
0.63285 0.0380555999999999
0.6332 0.0380555999999999
0.63355 0.0379139999999999
0.6339 0.0379139999999999
0.63425 0.0380892
0.6346 0.0380892
0.63495 0.038281
0.6353 0.038281
0.63565 0.0383071999999999
0.636 0.0383071999999999
0.63635 0.0383071999999999
0.6367 0.0382435
0.63705 0.0382435
0.6374 0.0382435
0.63775 0.0363618
0.6381 0.0363618
0.63845 0.0363618
0.6388 0.0349883
0.63915 0.037563
0.6395 0.0373176
0.63985 0.0377534
0.6402 0.0384983
0.64055 0.0384983
0.6409 0.0384442
0.64125 0.0381772
0.6416 0.0369565
0.64195 0.0376802
0.6423 0.0376802
0.64265 0.0382193
0.643 0.0382653
0.64335 0.0383894
0.6437 0.0382653
0.64405 0.0354903
0.6444 0.0354903
0.64475 0.0374363
0.6451 0.0374363
0.64545 0.0374363
0.6458 0.0270265999999999
0.64615 0.0152442
0.6465 0.0152442
0.64685 0.0250887
0.6472 0.0342996999999999
0.64755 0.0342996999999999
0.6479 0.0305223999999999
0.64825 0.0305223999999999
0.6486 0.0343666
0.64895 0.035899
0.6493 0.0372696999999999
0.64965 0.0383925
0.65 0.0383925
0.65035 0.0384839
0.6507 0.0339682
0.65105 0.0337379
0.6514 0.0306499
0.65175 0.0134338
0.6521 0.0134338
0.65245 0.036007
0.6528 0.036007
0.65315 0.0371324
0.6535 0.0299598
0.65385 0.0374255999999999
0.6542 0.0332057
0.65455 0.0370486
0.6549 0.0370486
0.65525 0.0370486
0.6556 0.0342698
0.65595 0.0308299
0.6563 0.0308299
0.65665 0.0330301
0.657 0.0330301
0.65735 0.0312647
0.6577 0.0312647
0.65805 0.0333411999999999
0.6584 0.0333411999999999
0.65875 0.0373041999999999
0.6591 0.0374271
0.65945 0.0374271
0.6598 0.0374271
0.66015 0.0378842
0.6605 0.03871
0.66085 0.0378842
0.6612 0.0367449
0.66155 0.0367323
0.6619 0.0367323
0.66225 0.0367323
0.6626 0.0376995
0.66295 0.0365304
0.6633 0.0365304
0.66365 0.0365304
0.664 0.037545
0.66435 0.037545
0.6647 0.0373255
0.66505 0.037146
0.6654 0.0367549
0.66575 0.0366688
0.6661 0.0354161
0.66645 0.0365103
0.6668 0.0362927
0.66715 0.0365103
0.6675 0.0362927
0.66785 0.0367821999999999
0.6682 0.0341879999999999
0.66855 0.0339961
0.6689 0.0339961
0.66925 0.0360394
0.6696 0.0368054
0.66995 0.0360394
0.6703 0.0365905
0.67065 0.0365905
0.671 0.0365905
0.67135 0.0372047
0.6717 0.0370005
0.67205 0.0372244
0.6724 0.037002
0.67275 0.0371539
0.6731 0.0371539
0.67345 0.0371539
0.6738 0.037384
0.67415 0.0368859
0.6745 0.0365621
0.67485 0.0365621
0.6752 0.0374121999999999
0.67555 0.0374121999999999
0.6759 0.0371443
0.67625 0.0364934
0.6766 0.0367103
0.67695 0.0367103
0.6773 0.0367103
0.67765 0.0369678
0.678 0.0366120999999999
0.67835 0.0367353
0.6787 0.0360987
0.67905 0.0359020999999999
0.6794 0.0359020999999999
0.67975 0.0363351
0.6801 0.0363351
0.68045 0.0360015999999999
0.6808 0.0347728
0.68115 0.0347728
0.6815 0.0347728
0.68185 0.0350096
0.6822 0.0352339
0.68255 0.0352339
0.6829 0.033798
0.68325 0.0336725
0.6836 0.033798
0.68395 0.0343273
0.6843 0.0343273
0.68465 0.0336248
0.685 0.0336248
0.68535 0.0336644
0.6857 0.0342252
0.68605 0.0336758
0.6864 0.0336758
0.68675 0.0321568
0.6871 0.0321568
0.68745 0.0320019
0.6878 0.0333064
0.68815 0.0320019
0.6885 0.0326094
0.68885 0.0313697999999999
0.6892 0.0326094
0.68955 0.013235
0.6899 0.0318352
0.69025 0.0317796
0.6906 0.0318352
0.69095 0.0317796
0.6913 0.0303327
0.69165 0.022033
0.692 0.022033
0.69235 0.022033
0.6927 0.0215505
0.69305 0.020572
0.6934 0.020572
0.69375 0.0245720999999999
0.6941 0.0259962
0.69445 0.0294774
0.6948 0.0294774
0.69515 0.0288299
0.6955 0.0265688
0.69585 0.0264156999999999
0.6962 0.0247230999999999
0.69655 0.0264156999999999
0.6969 0.0259855
0.69725 0.0267132
0.6976 0.0259855
0.69795 0.0265961
0.6983 0.0265961
0.69865 0.0275580999999999
0.699 0.0275580999999999
0.69935 0.0273117
0.6997 0.0240880999999999
0.70005 0.0273117
0.7004 0.0226292
0.70075 0.0226292
0.7011 0.0200026
0.70145 0.0082469999999999
0.7018 0.0200026
0.70215 0.0242642
0.7025 0.0242642
0.70285 0.021184
0.7032 0.021184
0.70355 0.0264642
0.7039 0.0270002
0.70425 0.0264642
0.7046 0.026291
0.70495 0.022848
0.7053 0.022848
0.70565 0.0259459999999999
0.706 0.0259459999999999
0.70635 0.0168975
0.7067 0.0168975
0.70705 0.0056125
0.7074 0.0247569999999999
0.70775 0.0064036999999999
0.7081 0.0242373
0.70845 0.0188745
0.7088 0.0188745
0.70915 0.0182352
0.7095 0.0182352
0.70985 0.0151732
0.7102 0.0251197999999999
0.71055 0.0137414999999999
0.7109 0.0133697
0.71125 0.0133697
0.7116 0.0191834
0.71195 0.0247844
0.7123 0.0247844
0.71265 0.0209552
0.713 0.0194759
0.71335 0.0194759
0.7137 0.0194759
0.71405 0.0185726
0.7144 0.0185726
0.71475 0.0182699999999999
0.7151 0.0182699999999999
0.71545 0.0182699999999999
0.7158 0.0166414
0.71615 0.0164407
0.7165 0.0050703
0.71685 0.0050703
0.7172 0.0086604
0.71755 0.0086604
0.7179 0.0086604
0.71825 0.018535
0.7186 0.018535
0.71895 0.0051516999999999
0.7193 0.0041156
0.71965 0.0051516999999999
0.72 0.0072676
0.72035 0.0111089
0.7207 0.0129108
0.72105 0.0129108
0.7214 0.015432
0.72175 0.0072113999999999
0.7221 0.0179106
0.72245 0.0149543999999999
0.7228 0.0149543999999999
0.72315 0.0074211
0.7235 0.0054136
0.72385 0.0054136
0.7242 0.0054136
0.72455 0.0087292999999999
0.7249 0.0087292999999999
0.72525 0.0087292999999999
0.7256 0.0080759
0.72595 0.0066858
0.7263 0.0044558
0.72665 0.0066858
0.727 0.003732
0.72735 0.0105137999999999
0.7277 0.0094933999999999
0.72805 0.0109144
0.7284 0.0130706
0.72875 0.0133776
0.7291 0.0133776
0.72945 0.0111292
0.7298 0.0092459
0.73015 0.0104147
0.7305 0.0104147
0.73085 0.0104147
0.7312 0.0130903
0.73155 0.0080290999999999
0.7319 0.0133687999999999
0.73225 0.0107202
0.7326 0.0107202
0.73295 0.0066906
0.7333 0.0066906
0.73365 0.0163679
0.734 0.0163679
0.73435 0.0140614
0.7347 0.0140614
0.73505 0.0170682
0.7354 0.0191787
0.73575 0.0191787
0.7361 0.0159421
0.73645 0.01478
0.7368 0.01478
0.73715 0.01478
0.7375 0.0108843
0.73785 0.0232942
0.7382 0.0140278
0.73855 0.0140278
0.7389 0.0071892
0.73925 0.0071892
0.7396 0.0123761
0.73995 0.0123761
0.7403 0.0123761
0.74065 0.0170236
0.741 0.01811
0.74135 0.0203604
0.7417 0.0203604
0.74205 0.0194497
0.7424 0.0138199999999999
0.74275 0.0180481
0.7431 0.0180481
0.74345 0.0180481
0.7438 0.0182185999999999
0.74415 0.009104
0.7445 0.0182185999999999
0.74485 0.0197529
0.7452 0.0197529
0.74555 0.019676
0.7459 0.0155083
0.74625 0.0183935
0.7466 0.0171915
0.74695 0.0171915
0.7473 0.0171915
0.74765 0.017405
0.748 0.017405
0.74835 0.017405
0.7487 0.0185868
0.74905 0.0185868
0.7494 0.0185868
0.74975 0.01774
0.7501 0.0191402
0.75045 0.01774
0.7508 0.0189389999999999
0.75115 0.0173677
0.7515 0.0189389999999999
0.75185 0.0193072
0.7522 0.0193072
0.75255 0.0156206
0.7529 0.0156206
0.75325 0.0173842
0.7536 0.0173842
0.75395 0.018284
0.7543 0.0176739
0.75465 0.0176739
0.755 0.0168172
0.75535 0.0168172
0.7557 0.0177159
0.75605 0.0177159
0.7564 0.0177159
0.75675 0.0174549
0.7571 0.0174549
0.75745 0.0163847
0.7578 0.016299
0.75815 0.0163847
0.7585 0.0165958
0.75885 0.0165958
0.7592 0.0165958
0.75955 0.0163628
0.7599 0.0162191
0.76025 0.0159805
0.7606 0.0159805
0.76095 0.0154847
0.7613 0.0154847
0.76165 0.015275
0.762 0.0150827
0.76235 0.0147488
0.7627 0.0140035
0.76305 0.0140035
0.7634 0.0140035
0.76375 0.0144156
0.7641 0.0144156
0.76445 0.0150876
0.7648 0.0155764
0.76515 0.0150876
0.7655 0.0143809
0.76585 0.0135365
0.7662 0.0112397
0.76655 0.0112397
0.7669 0.0124564
0.76725 0.0144431
0.7676 0.0144966
0.76795 0.0146672
0.7683 0.0146672
0.76865 0.0147152999999999
0.769 0.0147152999999999
0.76935 0.01459
0.7697 0.0111428
0.77005 0.0111428
0.7704 0.0132717
0.77075 0.0142248
0.7711 0.0163232
0.77145 0.0147682
0.7718 0.0153727999999999
0.77215 0.0147682
0.7725 0.0110189
0.77285 0.0110189
0.7732 0.0118068
0.77355 0.0131344
0.7739 0.0141252
0.77425 0.0143817
0.7746 0.0142127
0.77495 0.0143817
0.7753 0.014503
0.77565 0.0145061
0.776 0.0145061
0.77635 0.0145331
0.7767 0.0145331
0.77705 0.0145331
0.7774 0.0137533
0.77775 0.0137533
0.7781 0.0144155
0.77845 0.0144155
0.7788 0.0144155
0.77915 0.0162686
0.7795 0.0162686
0.77985 0.0153536
0.7802 0.0153536
0.78055 0.0148525
0.7809 0.015331
0.78125 0.015331
0.7816 0.0190841
0.78195 0.0190841
0.7823 0.0174366
0.78265 0.0148375
0.783 0.01453
0.78335 0.0144565
0.7837 0.0144565
0.78405 0.015811
0.7844 0.015811
0.78475 0.0160245
0.7851 0.0157070999999999
0.78545 0.0157070999999999
0.7858 0.0157070999999999
0.78615 0.0132421999999999
0.7865 0.0138906
0.78685 0.0138906
0.7872 0.0147754999999999
0.78755 0.0162234
0.7879 0.0162809
0.78825 0.0162809
0.7886 0.0183721
0.78895 0.0204791
0.7893 0.0183721
0.78965 0.0204791
0.79 0.0183575
0.79035 0.0183575
0.7907 0.0148962
0.79105 0.0148962
0.7914 0.0160297
0.79175 0.0160297
0.7921 0.0150614
0.79245 0.0147928
0.7928 0.0143118
0.79315 0.0143118
0.7935 0.0156996
0.79385 0.0195338
0.7942 0.0195338
0.79455 0.0129123
0.7949 0.0119057
0.79525 0.011034
0.7956 0.0119057
0.79595 0.0102727
0.7963 0.0102727
0.79665 0.0102727
0.797 0.0131947999999999
0.79735 0.0131947999999999
0.7977 0.0158061
0.79805 0.0151984
0.7984 0.0151984
0.79875 0.0151984
0.7991 0.0187474
0.79945 0.0187474
0.7998 0.0137932
0.80015 0.0137932
0.8005 0.0188664
0.80085 0.0206043
0.8012 0.0188664
0.80155 0.0138588
0.8019 0.0137122
0.80225 0.012965
0.8026 0.012965
0.80295 0.013401
0.8033 0.013401
0.80365 0.013401
0.804 0.0151941
0.80435 0.0151941
0.8047 0.0153359
0.80505 0.0161993
0.8054 0.0161993
0.80575 0.0118108
0.8061 0.0087756
0.80645 0.0087756
0.8068 0.0097869
0.80715 0.0411645999999999
0.8075 0.0411645999999999
0.80785 0.0116667
0.8082 0.0116667
0.80855 0.0187075999999999
0.8089 0.0187075999999999
0.80925 0.0074358
0.8096 0.0074358
0.80995 0.0077313999999999
0.8103 0.0144633999999999
0.81065 0.0144633999999999
0.811 0.0120228
0.81135 0.0120228
0.8117 0.0120228
0.81205 0.0123966
0.8124 0.010621
0.81275 0.0123966
0.8131 0.0075718
0.81345 0.0114216
0.8138 0.0114216
0.81415 0.0114216
0.8145 0.0060215
0.81485 0.0031601
0.8152 0.0031601
0.81555 0.0114056
0.8159 0.0135381
0.81625 0.0114056
0.8166 0.0135381
0.81695 0.0142651
0.8173 0.0142651
0.81765 0.0129526
0.818 0.0129526
0.81835 0.0138366
0.8187 0.0138366
0.81905 0.0164672
0.8194 0.0140647999999999
0.81975 0.0140647999999999
0.8201 0.0140647999999999
0.82045 0.0134663999999999
0.8208 0.0143875
0.82115 0.0121932
0.8215 0.0143875
0.82185 0.0158612
0.8222 0.0164794999999999
0.82255 0.0164794999999999
0.8229 0.0085871
0.82325 0.0038868
0.8236 0.003722
0.82395 0.003722
0.8243 0.0147602999999999
0.82465 0.0147602999999999
0.825 0.0173734
0.82535 0.014559
0.8257 0.0224513
0.82605 0.0132864
0.8264 0.0153625
0.82675 0.0153625
0.8271 0.0153625
0.82745 0.0153043999999999
0.8278 0.0100356
0.82815 0.0117349999999999
0.8285 0.0117349999999999
0.82885 0.0117349999999999
0.8292 0.0133479999999999
0.82955 0.0133479999999999
0.8299 0.0133479999999999
0.83025 0.0058662
0.8306 0.0058662
0.83095 0.0093851
0.8313 0.0115163
0.83165 0.0098786
0.832 0.0098786
0.83235 0.0098786
0.8327 0.0098973999999999
0.83305 0.0148692
0.8334 0.0143807
0.83375 0.0143807
0.8341 0.0034896999999999
0.83445 0.0034896999999999
0.8348 0.0034896999999999
0.83515 0.0153447
0.8355 0.0128452
0.83585 0.0128452
0.8362 0.0100531
0.83655 0.0100531
0.8369 0.0100531
0.83725 0.0058373
0.8376 0.0046372
0.83795 0.0046372
0.8383 0.0097532
0.83865 0.0122849999999999
0.839 0.0122849999999999
0.83935 0.0122849999999999
0.8397 0.0140317
0.84005 0.01197
0.8404 0.0092219
0.84075 0.0092219
0.8411 0.0133407999999999
0.84145 0.0133407999999999
0.8418 0.0128218
0.84215 0.0128218
0.8425 0.0154222
0.84285 0.0154222
0.8432 0.0142015999999999
0.84355 0.0142015999999999
0.8439 0.0146472
0.84425 0.0146472
0.8446 0.0146472
0.84495 0.0165309
0.8453 0.0165309
0.84565 0.0138973999999999
0.846 0.0138973999999999
0.84635 0.0152626
0.8467 0.016674
0.84705 0.016674
0.8474 0.016674
0.84775 0.0107375
0.8481 0.0107375
0.84845 0.014358
0.8488 0.0216014
0.84915 0.0216014
0.8495 0.0148565
0.84985 0.0148565
0.8502 0.0192496
0.85055 0.0192496
0.8509 0.0192496
0.85125 0.0165499
0.8516 0.015839
0.85195 0.015839
0.8523 0.015839
0.85265 0.0140764
0.853 0.0123186
0.85335 0.0123186
0.8537 0.0170725
0.85405 0.0178627
0.8544 0.0170725
0.85475 0.0178627
0.8551 0.0186472
0.85545 0.0186472
0.8558 0.0143247999999999
0.85615 0.0139998
0.8565 0.0139998
0.85685 0.0139998
0.8572 0.0130282999999999
0.85755 0.0130282999999999
0.8579 0.0130282999999999
0.85825 0.0104406
0.8586 0.0132388
0.85895 0.0111305
0.8593 0.012975
0.85965 0.0111305
0.86 0.012975
0.86035 0.0091945999999999
0.8607 0.0091945999999999
0.86105 0.0091945999999999
0.8614 0.0087621
0.86175 0.0084846
0.8621 0.0079209
0.86245 0.0079209
0.8628 0.0072468
0.86315 0.0079901
0.8635 0.0081014
0.86385 0.0085841
0.8642 0.0085841
0.86455 0.0076914
0.8649 0.0076914
0.86525 0.0079978
0.8656 0.0084396
0.86595 0.0095558999999999
0.8663 0.0095558999999999
0.86665 0.009162
0.867 0.008578
0.86735 0.0080203999999999
0.8677 0.008578
0.86805 0.0099157
0.8684 0.0101129999999999
0.86875 0.0118717
0.8691 0.0128312
0.86945 0.0118717
0.8698 0.0137583
0.87015 0.0123016
0.8705 0.0123016
0.87085 0.0123016
0.8712 0.0127305
0.87155 0.0127305
0.8719 0.0127305
0.87225 0.0151386
0.8726 0.0151386
0.87295 0.0131504
0.8733 0.0107023
0.87365 0.0098266
0.874 0.0106354
0.87435 0.0106354
0.8747 0.0125139
0.87505 0.0125139
0.8754 0.0105992999999999
0.87575 0.0105992999999999
0.8761 0.0106708
0.87645 0.0146290999999999
0.8768 0.0146290999999999
0.87715 0.0128089
0.8775 0.0116497
0.87785 0.0116497
0.8782 0.0115313
0.87855 0.0115313
0.8789 0.0133748
0.87925 0.0133748
0.8796 0.0075511
0.87995 0.0062027
0.8803 0.0058508999999999
0.88065 0.0056775
0.881 0.0043518
0.88135 0.0040707999999999
0.8817 0.0027698
0.88205 0.0018269
0.8824 0.0011482999999999
0.88275 0.0011265999999999
0.8831 0.0011131
0.88345 0.0010814
0.8838 0.0010785
0.88415 0.0010814
0.8845 0.0013352
0.88485 0.0015965999999999
0.8852 0.0018763999999999
0.88555 0.0018763999999999
0.8859 0.0016837
0.88625 0.0012933
0.8866 0.0007396
0.88695 0.0006432
0.8873 0.0006432
0.88765 0.0006432
0.888 0.0006908999999999
0.88835 0.0008663
0.8887 0.0009647999999999
0.88905 0.0008663
0.8894 0.0010744
0.88975 0.0011380999999999
0.8901 0.0012337
0.89045 0.0011535999999999
0.8908 0.0011535999999999
0.89115 0.0010407
0.8915 0.0010407
0.89185 0.0010375999999999
0.8922 0.0010302
0.89255 0.0010302
0.8929 0.0010584
0.89325 0.0011269
0.8936 0.0011269
0.89395 0.0010632999999999
0.8943 0.0009707
0.89465 0.0009707
0.895 0.0009929
0.89535 0.0009929
0.8957 0.0009929
0.89605 0.0010735
0.8964 0.0011504
0.89675 0.0014472999999999
0.8971 0.0014472999999999
0.89745 0.0016225999999999
0.8978 0.0016225999999999
0.89815 0.0018872
0.8985 0.0018872
0.89885 0.0015449
0.8992 0.0004572
0.89955 0.0004572
0.8999 0.0002781
0.90025 0.0002781
0.9006 0.0002781
0.90095 0.0011277
0.9013 0.0018451
0.90165 0.0037119
0.902 0.0037119
0.90235 0.0034641999999999
0.9027 0.0034641999999999
0.90305 0.0032778
0.9034 0.0039378999999999
0.90375 0.0039378999999999
0.9041 0.0057187
0.90445 0.0064824
0.9048 0.0071676999999999
0.90515 0.0075786999999999
0.9055 0.0075786999999999
0.90585 0.0075786999999999
0.9062 0.0071035
0.90655 0.0080106
0.9069 0.0071035
0.90725 0.0080106
0.9076 0.0082674
0.90795 0.0082674
0.9083 0.0076511
0.90865 0.004821
0.909 0.0076511
0.90935 0.004821
0.9097 0.0047813
0.91005 0.0024409
0.9104 0.0027802
0.91075 0.0027802
0.9111 0.002902
0.91145 0.0039323
0.9118 0.002902
0.91215 0.0039323
0.9125 0.0069654
0.91285 0.0069654
0.9132 0.0069654
0.91355 0.0054521
0.9139 0.0082191
0.91425 0.0013622999999999
0.9146 0.007427
0.91495 0.0023840999999999
0.9153 0.0040104
0.91565 0.0040104
0.916 0.0040104
0.91635 0.0045693999999999
0.9167 0.0020372
0.91705 0.0014245
0.9174 0.001168
0.91775 0.001168
0.9181 0.001168
0.91845 0.0014995999999999
0.9188 0.0027776
0.91915 0.0027776
0.9195 0.0008657
0.91985 0.0008657
0.9202 0.0075103
0.92055 0.0094019
0.9209 0.0075103
0.92125 0.0067176999999999
0.9216 0.0026119
0.92195 0.0067176999999999
0.9223 0.0065796
0.92265 0.0068745
0.923 0.0065796
0.92335 0.0041402999999999
0.9237 0.0029624
0.92405 0.0041402999999999
0.9244 0.0029624
0.92475 0.0078944
0.9251 0.0078944
0.92545 0.0078944
0.9258 0.0073449
0.92615 0.0050665
0.9265 0.0032277
0.92685 0.0032277
0.9272 0.0023415
0.92755 0.0023123
0.9279 0.0011533
0.92825 0.0023123
0.9286 0.0022456
0.92895 0.00397
0.9293 0.0029009
0.92965 0.0029009
0.93 0.0008064
0.93035 0.0008064
0.9307 0.0004301999999999
0.93105 0.0012003
0.9314 0.0009042
0.93175 0.0012003
0.9321 0.0018410999999999
0.93245 0.0018410999999999
0.9328 0.0020954
0.93315 0.0022432
0.9335 0.0022432
0.93385 0.0007576
0.9342 0.0006764
0.93455 0.0003754999999999
0.9349 0.0006764
0.93525 0.0003754999999999
0.9356 0.0007231
0.93595 0.0010159
0.9363 0.0015472
0.93665 0.0010375999999999
0.937 0.0010375999999999
0.93735 0.0010375999999999
0.9377 0.0008038
0.93805 0.0008038
0.9384 0.0008038
0.93875 0.0013575999999999
0.9391 0.0013575999999999
0.93945 0.0014165
0.9398 0.0010131
0.94015 0.0016204999999999
0.9405 0.0009196
0.94085 0.0022900999999999
0.9412 0.0032921
0.94155 0.0032921
0.9419 0.0021146999999999
0.94225 0.0019635
0.9426 0.0019635
0.94295 0.0006247999999999
0.9433 0.0006247999999999
0.94365 0.0008830999999999
0.944 0.0008830999999999
0.94435 0.0002876
0.9447 0.0002876
0.94505 0.0026901
0.9454 0.0026901
0.94575 0.0027545
0.9461 0.0011300999999999
0.94645 0.0011300999999999
0.9468 0.0011300999999999
0.94715 0.0014309
0.9475 0.0014309
0.94785 0.0014445
0.9482 0.0021719
0.94855 0.0025421999999999
0.9489 0.0025421999999999
0.94925 0.0003093
0.9496 0.0003093
0.94995 0.0004304999999999
0.9503 0.0008238999999999
0.95065 0.0028071999999999
0.951 0.0028071999999999
0.95135 0.0011921
0.9517 0.0011921
0.95205 0.0013157
0.9524 0.0013157
0.95275 0.0010157
0.9531 0.0005803999999999
0.95345 0.0005803999999999
0.9538 0.0008522
0.95415 0.00122
0.9545 0.00122
0.95485 0.0021561999999999
0.9552 0.0014466
0.95555 0.0020861
0.9559 0.0020861
0.95625 0.0021460999999999
0.9566 0.0021460999999999
0.95695 0.0006582999999999
0.9573 0.0006582999999999
0.95765 0.002433
0.958 0.002433
0.95835 0.0019442999999999
0.9587 0.0019442999999999
0.95905 0.0019442999999999
0.9594 0.0006464
0.95975 0.0006464
0.9601 0.0026463
0.96045 0.0026463
0.9608 0.0011427
0.96115 0.0011427
0.9615 0.0015604
0.96185 0.0022573
0.9622 0.0015604
0.96255 0.0005632
0.9629 0.0005632
0.96325 0.0009289999999999
0.9636 0.0009289999999999
0.96395 0.0007886
0.9643 0.0007886
0.96465 0.0031152
0.965 0.0031152
0.96535 0.0014820999999999
0.9657 0.000723
0.96605 0.0014820999999999
0.9664 0.0010007999999999
0.96675 0.0010007999999999
0.9671 0.0010007999999999
0.96745 0.0013040999999999
0.9678 0.0025805999999999
0.96815 0.0025805999999999
0.9685 0.0016901
0.96885 0.0006441
0.9692 0.0006441
0.96955 0.0017507999999999
0.9699 0.0029415
0.97025 0.0029415
0.9706 0.0029397
0.97095 0.0029397
0.9713 0.0031283
0.97165 0.0035716
0.972 0.0035716
0.97235 0.0025212
0.9727 0.0024728
0.97305 0.0012744
0.9734 0.0012744
0.97375 0.0008997
0.9741 0.0008997
0.97445 0.0008997
0.9748 0.0014055
0.97515 0.002013
0.9755 0.0024675
0.97585 0.0024675
0.9762 0.0021506
0.97655 0.0021506
0.9769 0.0032576999999999
0.97725 0.00365
0.9776 0.00365
0.97795 0.0021155
0.9783 0.0013568
0.97865 0.0013568
0.979 0.0013164
0.97935 0.0013164
0.9797 0.0019955
0.98005 0.0019955
0.9804 0.0019015999999999
0.98075 0.0013734
0.9811 0.0013734
0.98145 0.0020332
0.9818 0.0020332
0.98215 0.0014925999999999
0.9825 0.0010238
0.98285 0.0009355
0.9832 0.0009355
0.98355 0.0011949
0.9839 0.0016145
0.98425 0.0015848
0.9846 0.0015848
0.98495 0.0015848
0.9853 0.0013892
0.98565 0.0012603
0.986 0.0010770999999999
0.98635 0.0010770999999999
0.9867 0.0008073
0.98705 0.0009865
0.9874 0.0009865
0.98775 0.0009865
0.9881 0.0003362
0.98845 0.0003233
0.9888 0.0003362
0.98915 0.0004843999999999
0.9895 0.0011417999999999
0.98985 0.0007071
0.9902 0.0013158
0.99055 0.000997
0.9909 0.0012749
0.99125 0.000997
0.9916 0.0012749
0.99195 0.0009877
0.9923 0.0014189
0.99265 0.0012673
0.993 0.0013222
0.99335 0.0013222
0.9937 0.0015197
0.99405 0.0015197
0.9944 0.0018195
0.99475 0.001588
0.9951 0.001588
0.99545 0.0015695
0.9958 0.0007273
0.99615 0.0015695
0.9965 0.0007273
0.99685 0.0015869
0.9972 0.0022945
0.99755 0.0022945
0.9979 0.0020584
0.99825 0.0012994
0.9986 0.0015667
0.99895 0.0011260999999999
0.9993 0.0011260999999999
