0.3 0.0233253
0.30035 0.0233719
0.3007 0.0233872
0.30105 0.0233872
0.3014 0.0233849
0.30175 0.023372
0.3021 0.0233483
0.30245 0.0233012
0.3028 0.0231971
0.30315 0.0229004
0.3035 0.0229004
0.30385 0.0229342999999999
0.3042 0.0231858
0.30455 0.0232692
0.3049 0.0233004
0.30525 0.0233127
0.3056 0.0233129
0.30595 0.0233129
0.3063 0.0233072
0.30665 0.0232989
0.307 0.0232884
0.30735 0.0232755999999999
0.3077 0.0232599
0.30805 0.0232397999999999
0.3084 0.0232127
0.30875 0.023174
0.3091 0.0231083
0.30945 0.0229789
0.3098 0.0226793
0.31015 0.0225462
0.3105 0.0225462
0.31085 0.0228989
0.3112 0.0230264
0.31155 0.0230767
0.3119 0.0230958
0.31225 0.0230974
0.3126 0.0230974
0.31295 0.0230899
0.3133 0.0230796
0.31365 0.0230673
0.314 0.0230534
0.31435 0.0230384
0.3147 0.0230220999999999
0.31505 0.0230050999999999
0.3154 0.0229870999999999
0.31575 0.0229683
0.3161 0.0229485
0.31645 0.0229279
0.3168 0.0229062
0.31715 0.0228834
0.3175 0.0228595
0.31785 0.0228343
0.3182 0.0228082
0.31855 0.0227797
0.3189 0.0227497
0.31925 0.022716
0.3196 0.0226791
0.31995 0.0226358
0.3203 0.0225814
0.32065 0.0225048
0.321 0.0223745
0.32135 0.0220865
0.3217 0.0219691
0.32205 0.0219691
0.3224 0.0222546
0.32275 0.0223248
0.3231 0.0223248
0.32345 0.0223101
0.3238 0.0222773
0.32415 0.0222383
0.3245 0.0221945
0.32485 0.0221455
0.3252 0.0220942
0.32555 0.0220394
0.3259 0.0219812
0.32625 0.0219192
0.3266 0.0218532
0.32695 0.0217847
0.3273 0.0217095
0.32765 0.0216291
0.328 0.0215452
0.32835 0.0214526
0.3287 0.0213539999999999
0.32905 0.021238
0.3294 0.0210693
0.32975 0.020775
0.3301 0.0202947999999999
0.33045 0.0202947999999999
0.3308 0.0207759
0.33115 0.0210340999999999
0.3315 0.0211729
0.33185 0.0212683
0.3322 0.0213476
0.33255 0.0214169
0.3329 0.0214833
0.33325 0.0215427
0.3336 0.0215999
0.33395 0.021651
0.3343 0.0217005
0.33465 0.0217449
0.335 0.0217866
0.33535 0.0218258
0.3357 0.0218625999999999
0.33605 0.0218985
0.3364 0.0219298
0.33675 0.0219604999999999
0.3371 0.0219894
0.33745 0.0220164999999999
0.3378 0.0220418
0.33815 0.0220645
0.3385 0.0220865999999999
0.33885 0.0221059
0.3392 0.0221244
0.33955 0.0221401
0.3399 0.0221543
0.34025 0.0221652
0.3406 0.0221732
0.34095 0.0221768
0.3413 0.0221768
0.34165 0.0221696
0.342 0.0221532
0.34235 0.0221235
0.3427 0.022074
0.34305 0.0219942999999999
0.3434 0.0218722999999999
0.34375 0.0216740999999999
0.3441 0.0213587
0.34445 0.0208614
0.3448 0.0208614
0.34515 0.0212269
0.3455 0.0215682
0.34585 0.0217994
0.3462 0.021952
0.34655 0.0220602999999999
0.3469 0.0221397
0.34725 0.0221995
0.3476 0.0222458
0.34795 0.0222826
0.3483 0.0223124
0.34865 0.0223372
0.349 0.022358
0.34935 0.0223751
0.3497 0.0223907
0.35005 0.0224043
0.3504 0.0224158
0.35075 0.0224265999999999
0.3511 0.0224359
0.35145 0.0224442
0.3518 0.0224522999999999
0.35215 0.0224592
0.3525 0.0224656
0.35285 0.0224714
0.3532 0.0224768
0.35355 0.0224818
0.3539 0.0224865
0.35425 0.0224908
0.3546 0.0224948
0.35495 0.0224985
0.3553 0.0225019
0.35565 0.0225047
0.356 0.0225072999999999
0.35635 0.0225104
0.3567 0.0225104
0.35705 0.0225129
0.3574 0.0225173
0.35775 0.0225187
0.3581 0.02252
0.35845 0.0225222
0.3588 0.0225231
0.35915 0.0225231
0.3595 0.0225242
0.35985 0.0225185999999999
0.3602 0.0225185999999999
0.36055 0.0225185999999999
0.3609 0.0225282999999999
0.36125 0.0225302
0.3616 0.0225304
0.36195 0.0225304
0.3623 0.0225316
0.36265 0.0225317999999999
0.363 0.0225317999999999
0.36335 0.0225317999999999
0.3637 0.0225317
0.36405 0.0225314
0.3644 0.022531
0.36475 0.022531
0.3651 0.0225305
0.36545 0.0225296
0.3658 0.0225287999999999
0.36615 0.0225281
0.3665 0.0225278
0.36685 0.0225266
0.3672 0.0225255999999999
0.36755 0.0225247999999999
0.3679 0.0225234
0.36825 0.0225222
0.3686 0.02252
0.36895 0.0225198
0.3693 0.0225178
0.36965 0.0225166
0.37 0.0225129
0.37035 0.0225125
0.3707 0.02251
0.37105 0.0225081
0.3714 0.0225075
0.37175 0.0225046
0.3721 0.0225007999999999
0.37245 0.0225007999999999
0.3728 0.0224966
0.37315 0.0224960999999999
0.3735 0.0224904
0.37385 0.0224896
0.3742 0.0224855999999999
0.37455 0.0224817
0.3749 0.022479
0.37525 0.0224708
0.3756 0.0224725
0.37595 0.0224708
0.3763 0.0224642
0.37665 0.0224599
0.377 0.0224599
0.37735 0.0224573
0.3777 0.0224519
0.37805 0.0224446
0.3784 0.0224442
0.37875 0.02243
0.3791 0.0224052
0.37945 0.0224129
0.3798 0.0224129
0.38015 0.0224129
0.3805 0.022408
0.38085 0.0224069
0.3812 0.0224020999999999
0.38155 0.0223955999999999
0.3819 0.0223801
0.38225 0.022379
0.3826 0.0223766
0.38295 0.0223705
0.3833 0.0223559
0.38365 0.0223554
0.384 0.0223435
0.38435 0.0223403
0.3847 0.0223306
0.38505 0.0223233
0.3854 0.0223139
0.38575 0.0223035999999999
0.3861 0.0222947
0.38645 0.0222835
0.3868 0.0222725
0.38715 0.0222609
0.3875 0.0222476
0.38785 0.0222364
0.3882 0.0222250999999999
0.38855 0.0222113
0.3889 0.022191
0.38925 0.0221718
0.3896 0.0221655999999999
0.38995 0.0221472
0.3903 0.0221305999999999
0.39065 0.0221175
0.391 0.0220985
0.39135 0.0220807
0.3917 0.0220572
0.39205 0.022036
0.3924 0.0220169
0.39275 0.0219914
0.3931 0.0219657
0.39345 0.0219445
0.3938 0.0219177
0.39415 0.0218844
0.3945 0.0218591
0.39485 0.0218208
0.3952 0.0217953
0.39555 0.0217589
0.3959 0.021707
0.39625 0.0216687
0.3966 0.0216325
0.39695 0.0215928
0.3973 0.0215428
0.39765 0.021488
0.398 0.0214192
0.39835 0.0213810999999999
0.3987 0.0212955
0.39905 0.0212382999999999
0.3994 0.0211812
0.39975 0.0211017
0.4001 0.021018
0.40045 0.0209257
0.4008 0.0208225
0.40115 0.0206087
0.4015 0.0205978
0.40185 0.0204847
0.4022 0.0203267
0.40255 0.0202037999999999
0.4029 0.0200398
0.40325 0.0198585
0.4036 0.0196397
0.40395 0.019371
0.4043 0.0185332
0.40465 0.0185332
0.405 0.0191880999999999
0.40535 0.0195653
0.4057 0.0197696
0.40605 0.0199412
0.4064 0.020103
0.40675 0.0202432
0.4071 0.0203707
0.40745 0.0204891
0.4078 0.0205970999999999
0.40815 0.0206963
0.4085 0.0206963
0.40885 0.0207875
0.4092 0.0209526
0.40955 0.0210279
0.4099 0.0210934
0.41025 0.0211602999999999
0.4106 0.0212174
0.41095 0.0212719
0.4113 0.0213226
0.41165 0.0213720999999999
0.412 0.0214108
0.41235 0.0214579
0.4127 0.0214937
0.41305 0.0214937
0.4134 0.0215328
0.41375 0.0215763
0.4141 0.0216301
0.41445 0.0216583
0.4148 0.0216743
0.41515 0.0217034
0.4155 0.0217034
0.41585 0.0214829
0.4162 0.0214829
0.41655 0.0217969
0.4169 0.0218185
0.41725 0.0218226
0.4176 0.0218527
0.41795 0.0218562
0.4183 0.021868
0.41865 0.0218855999999999
0.419 0.0219199
0.41935 0.0219246
0.4197 0.0219246
0.42005 0.0218802
0.4204 0.0218802
0.42075 0.0219599
0.4211 0.0219921
0.42145 0.0219792
0.4218 0.0219792
0.42215 0.0219765
0.4225 0.0219765
0.42285 0.0220604
0.4232 0.0220604
0.42355 0.022055
0.4239 0.022055
0.42425 0.0220799
0.4246 0.0220972
0.42495 0.0221121
0.4253 0.0221367999999999
0.42565 0.0221367999999999
0.426 0.0220906
0.42635 0.0220906
0.4267 0.0221564
0.42705 0.0221720999999999
0.4274 0.0221998
0.42775 0.022206
0.4281 0.022206
0.42845 0.0221907
0.4288 0.0221907
0.42915 0.0220889
0.4295 0.0222055
0.42985 0.0222074
0.4302 0.0222074
0.43055 0.0222339
0.4309 0.0221986
0.43125 0.0222486
0.4316 0.0221986
0.43195 0.0222486
0.4323 0.0222907
0.43265 0.0222986
0.433 0.0222997
0.43335 0.0223026
0.4337 0.0223026
0.43405 0.0223026
0.4344 0.0223136
0.43475 0.0223285999999999
0.4351 0.0223364
0.43545 0.022338
0.4358 0.0223416
0.43615 0.022338
0.4365 0.0223442999999999
0.43685 0.0223342
0.4372 0.0223483
0.43755 0.0223574
0.4379 0.0223669999999999
0.43825 0.0223717999999999
0.4386 0.0223775
0.43895 0.0223825
0.4393 0.0223775
0.43965 0.0223541
0.44 0.0223452
0.44035 0.0223155
0.4407 0.0223155
0.44105 0.0223421
0.4414 0.0223421
0.44175 0.0223541
0.4421 0.0223604
0.44245 0.0223604
0.4428 0.0224005
0.44315 0.0224249
0.4435 0.0224249
0.44385 0.0223525999999999
0.4442 0.0223525999999999
0.44455 0.0224433
0.4449 0.0224433
0.44525 0.0223962
0.4456 0.0223962
0.44595 0.0224281
0.4463 0.022452
0.44665 0.022452
0.447 0.022452
0.44735 0.0224535
0.4477 0.0224535
0.44805 0.0224664
0.4484 0.022423
0.44875 0.0224877
0.4491 0.0224910999999999
0.44945 0.0224910999999999
0.4498 0.0224910999999999
0.45015 0.022494
0.4505 0.022494
0.45085 0.0224854
0.4512 0.0224799
0.45155 0.0224854
0.4519 0.0224799
0.45225 0.0224979
0.4526 0.0225047
0.45295 0.0225047
0.4533 0.0225179
0.45365 0.0225238
0.454 0.0225238
0.45435 0.0224922
0.4547 0.0224922
0.45505 0.0225166
0.4554 0.0225166
0.45575 0.0224995999999999
0.4561 0.0224588
0.45645 0.0224995999999999
0.4568 0.0224193
0.45715 0.0225237
0.4575 0.0225174
0.45785 0.0225174
0.4582 0.0225174
0.45855 0.0225188
0.4589 0.0225188
0.45925 0.0225039
0.4596 0.0224762
0.45995 0.0225039
0.4603 0.0225176
0.46065 0.0225391
0.461 0.0225418
0.46135 0.022545
0.4617 0.022545
0.46205 0.0225440999999999
0.4624 0.0225440999999999
0.46275 0.022553
0.4631 0.022553
0.46345 0.0225417
0.4638 0.0225417
0.46415 0.0225359
0.4645 0.0225469
0.46485 0.0225359
0.4652 0.0225081
0.46555 0.0225081
0.4659 0.0225081
0.46625 0.0224928
0.4666 0.0224928
0.46695 0.0225016
0.4673 0.0225016
0.46765 0.0224476
0.468 0.0224416
0.46835 0.0224416
0.4687 0.0222747
0.46905 0.0216863
0.4694 0.0222747
0.46975 0.0224449
0.4701 0.0224449
0.47045 0.0224449
0.4708 0.0224421
0.47115 0.0224421
0.4715 0.0223102999999999
0.47185 0.0223102999999999
0.4722 0.0218491
0.47255 0.0220444999999999
0.4729 0.0220444999999999
0.47325 0.0224202
0.4736 0.0224289
0.47395 0.0224202
0.4743 0.0224032999999999
0.47465 0.0223108
0.475 0.0224032999999999
0.47535 0.0198037
0.4757 0.0224165
0.47605 0.0222594
0.4764 0.0222594
0.47675 0.0222594
0.4771 0.0222172
0.47745 0.0224043
0.4778 0.0223552999999999
0.47815 0.0223914999999999
0.4785 0.0223914999999999
0.47885 0.0223914999999999
0.4792 0.0223549
0.47955 0.0222995
0.4799 0.0223549
0.48025 0.0223345
0.4806 0.0223345
0.48095 0.022316
0.4813 0.0222947
0.48165 0.0221677
0.482 0.0221677
0.48235 0.0222369
0.4827 0.0222369
0.48305 0.0221785999999999
0.4834 0.0221245999999999
0.48375 0.022078
0.4841 0.022078
0.48445 0.0218621
0.4848 0.021582
0.48515 0.0217642
0.4855 0.0217642
0.48585 0.0217642
0.4862 0.0218199
0.48655 0.0218199
0.4869 0.0219511
0.48725 0.0219511
0.4876 0.021902
0.48795 0.0211559
0.4883 0.021902
0.48865 0.0220767
0.489 0.0221812999999999
0.48935 0.0220767
0.4897 0.0221774
0.49005 0.0221365
0.4904 0.0221365
0.49075 0.0218748
0.4911 0.0218748
0.49145 0.0219662999999999
0.4918 0.0220865999999999
0.49215 0.0219890999999999
0.4925 0.0219890999999999
0.49285 0.0214104
0.4932 0.0214104
0.49355 0.0218669999999999
0.4939 0.0218669999999999
0.49425 0.0218669999999999
0.4946 0.0218076
0.49495 0.0218687999999999
0.4953 0.0218019
0.49565 0.0219165
0.496 0.0219165
0.49635 0.0219645999999999
0.4967 0.0219645999999999
0.49705 0.0219486
0.4974 0.0219429
0.49775 0.0217488
0.4981 0.0217488
0.49845 0.0216268
0.4988 0.0216268
0.49915 0.0218499
0.4995 0.0218499
0.49985 0.0217304
0.50055 0.0208539999999999
0.5009 0.0208539999999999
0.50125 0.0216870999999999
0.5016 0.021691
0.50195 0.0216870999999999
0.5023 0.0216379
0.50265 0.0214499
0.503 0.0184312999999999
0.50335 0.0184796999999999
0.5037 0.0184796999999999
0.50405 0.0200775999999999
0.5044 0.0211139
0.50475 0.0211139
0.5051 0.0214148
0.50545 0.0215099
0.5058 0.0215099
0.50615 0.0213813
0.5065 0.0212996
0.50685 0.0206258
0.5072 0.0206258
0.50755 0.0207722
0.5079 0.0207722
0.50825 0.0207722
0.5086 0.0209807
0.50895 0.0209807
0.5093 0.0210699
0.50965 0.0210059
0.51 0.0210059
0.51035 0.0210059
0.5107 0.0210846
0.51105 0.0212073
0.5114 0.0210846
0.51175 0.0212073
0.5121 0.0212487
0.51245 0.0214146
0.5128 0.0214146
0.51315 0.0210777
0.5135 0.0210777
0.51385 0.0212567
0.5142 0.0212567
0.51455 0.0211972
0.5149 0.0209754
0.51525 0.0211972
0.5156 0.0214001
0.51595 0.0214001
0.5163 0.0213155999999999
0.51665 0.0213155999999999
0.517 0.0213155999999999
0.51735 0.0213139
0.5177 0.0212817
0.51805 0.0212817
0.5184 0.0212817
0.51875 0.0213025
0.5191 0.0213025
0.51945 0.0212139
0.5198 0.0212139
0.52015 0.0212445
0.5205 0.0212483
0.52085 0.0212445
0.5212 0.0212250999999999
0.52155 0.0212105
0.5219 0.0211595999999999
0.52225 0.0211524
0.5226 0.0211595999999999
0.52295 0.0211304
0.5233 0.0200689
0.52365 0.0200689
0.524 0.0195949
0.52435 0.0210607
0.5247 0.0210607
0.52505 0.0210607
0.5254 0.0210601
0.52575 0.0210109
0.5261 0.02097
0.52645 0.0208953
0.5268 0.0209511
0.52715 0.0207641
0.5275 0.0207641
0.52785 0.0207641
0.5282 0.0208865
0.52855 0.0208865
0.5289 0.0208013
0.52925 0.0207795
0.5296 0.0204634
0.52995 0.0207574999999999
0.5303 0.0205917
0.53065 0.0205917
0.531 0.0205641
0.53135 0.0205641
0.5317 0.0205641
0.53205 0.0202434
0.5324 0.0202311
0.53275 0.0202311
0.5331 0.0203291
0.53345 0.0203631
0.5338 0.0204619
0.53415 0.0204619
0.5345 0.0204298
0.53485 0.0203581
0.5352 0.020102
0.53555 0.0202853
0.5359 0.0201848
0.53625 0.0201848
0.5366 0.0201647
0.53695 0.0200470999999999
0.5373 0.0200470999999999
0.53765 0.0199517
0.538 0.0199309
0.53835 0.0198479999999999
0.5387 0.0196680999999999
0.53905 0.0195949999999999
0.5394 0.0195949999999999
0.53975 0.0194844
0.5401 0.0194844
0.54045 0.0190504999999999
0.5408 0.0185569
0.54115 0.0185569
0.5415 0.0185192
0.54185 0.0183474
0.5422 0.0183474
0.54255 0.0183474
0.5429 0.0181612
0.54325 0.0181612
0.5436 0.0182319999999999
0.54395 0.0182719
0.5443 0.0183288
0.54465 0.0184008
0.545 0.0186499
0.54535 0.0191591
0.5457 0.0192513
0.54605 0.0192513
0.5464 0.0187137
0.54675 0.0187137
0.5471 0.0187137
0.54745 0.0191732
0.5478 0.0191001
0.54815 0.0191732
0.5485 0.0193764
0.54885 0.0193985
0.5492 0.0193764
0.54955 0.0191113
0.5499 0.0187821
0.55025 0.0191113
0.5506 0.019136
0.55095 0.0191914
0.5513 0.0191914
0.55165 0.0190273
0.552 0.018991
0.55235 0.0189836
0.5527 0.0189651
0.55305 0.0189651
0.5534 0.0190206999999999
0.55375 0.0190206999999999
0.5541 0.0189845999999999
0.55445 0.018663
0.5548 0.018663
0.55515 0.018663
0.5555 0.0183572
0.55585 0.0189166
0.5562 0.0188073
0.55655 0.0188073
0.5569 0.0180542
0.55725 0.0180542
0.5576 0.0185198
0.55795 0.0185589
0.5583 0.018579
0.55865 0.0186842999999999
0.559 0.0186485
0.55935 0.0186485
0.5597 0.018634
0.56005 0.0186107
0.5604 0.0185725
0.56075 0.0185500999999999
0.5611 0.0184988
0.56145 0.0184627999999999
0.5618 0.0184937
0.56215 0.0182832
0.5625 0.0184327
0.56285 0.0183888
0.5632 0.0183888
0.56355 0.0183595999999999
0.5639 0.0182972
0.56425 0.0182488
0.5646 0.0182139999999999
0.56495 0.0182139999999999
0.5653 0.0181299
0.56565 0.0181299
0.566 0.0181299
0.56635 0.0178829
0.5667 0.0178187
0.56705 0.0178187
0.5674 0.0178935
0.56775 0.0178935
0.5681 0.0164504
0.56845 0.0164504
0.5688 0.0167608
0.56915 0.0169198
0.5695 0.0167608
0.56985 0.0130722999999999
0.5702 0.0130722999999999
0.57055 0.0173539999999999
0.5709 0.0173539999999999
0.57125 0.0174514
0.5716 0.0173308
0.57195 0.0173485
0.5723 0.0173308
0.57265 0.0172639999999999
0.573 0.0170921
0.57335 0.0165635
0.5737 0.0170215999999999
0.57405 0.0165635
0.5744 0.016452
0.57475 0.016452
0.5751 0.0154917
0.57545 0.0167113
0.5758 0.0167113
0.57615 0.0167113
0.5765 0.0165333
0.57685 0.0154904
0.5772 0.0162589
0.57755 0.0162589
0.5779 0.0162589
0.57825 0.0164340999999999
0.5786 0.0158084
0.57895 0.0161335
0.5793 0.0161335
0.57965 0.0161335
0.58 0.015985
0.58035 0.0159604
0.5807 0.0149959
0.58105 0.0149959
0.5814 0.0158252999999999
0.58175 0.0158252999999999
0.5821 0.0157797
0.58245 0.0156884999999999
0.5828 0.015403
0.58315 0.0149725999999999
0.5835 0.0147666
0.58385 0.0149725999999999
0.5842 0.0150323999999999
0.58455 0.0150323999999999
0.5849 0.0148197999999999
0.58525 0.0148006
0.5856 0.0148006
0.58595 0.0145446
0.5863 0.0143531
0.58665 0.0141662999999999
0.587 0.01371
0.58735 0.0132455
0.5877 0.0117427
0.58805 0.0100455
0.5884 0.0100455
0.58875 0.0079596
0.5891 0.0079596
0.58945 0.007858
0.5898 0.0066259
0.59015 0.0066259
0.5905 0.0117327
0.59085 0.0117327
0.5912 0.0116572
0.59155 0.0116572
0.5919 0.0135911
0.59225 0.0135911
0.5926 0.0136485999999999
0.59295 0.0141785
0.5933 0.0141785
0.59365 0.014378
0.594 0.0108721
0.59435 0.0108721
0.5947 0.0108721
0.59505 0.013963
0.5954 0.013963
0.59575 0.0127458
0.5961 0.0127458
0.59645 0.0144578
0.5968 0.0147692999999999
0.59715 0.0147692999999999
0.5975 0.0147692999999999
0.59785 0.0145448999999999
0.5982 0.0145448999999999
0.59855 0.012916
0.5989 0.0145998
0.59925 0.012916
0.5996 0.0145998
0.59995 0.0145624
0.6003 0.0145624
0.60065 0.007018
0.601 0.007018
0.60135 0.0150006
0.6017 0.015677
0.60205 0.015677
0.6024 0.0159411
0.60275 0.0159411
0.6031 0.0159833
0.60345 0.0159833
0.6038 0.0159833
0.60415 0.0153787
0.6045 0.0153787
0.60485 0.0130728999999999
0.6052 0.0165077
0.60555 0.0163974
0.6059 0.0164201
0.60625 0.0163974
0.6066 0.0164201
0.60695 0.0165176
0.6073 0.0165176
0.60765 0.0166061
0.608 0.0161771
0.60835 0.0166612
0.6087 0.0161771
0.60905 0.01664
0.6094 0.0165449
0.60975 0.01664
0.6101 0.0167704
0.61045 0.0167704
0.6108 0.016701
0.61115 0.0166852
0.6115 0.016628
0.61185 0.0164935999999999
0.6122 0.0163945
0.61255 0.0162233
0.6129 0.0158199999999999
0.61325 0.0157297
0.6136 0.0155716
0.61395 0.0153802
0.6143 0.0152397
0.61465 0.0150787999999999
0.615 0.0150005
0.61535 0.0149503999999999
0.6157 0.0148833
0.61605 0.0146631
0.6164 0.0146603999999999
0.61675 0.0144685
0.6171 0.0142537999999999
0.61745 0.0138415999999999
0.6178 0.0132648
0.61815 0.0129619
0.6185 0.012889
0.61885 0.0128282999999999
0.6192 0.0126279
0.61955 0.0126279
0.6199 0.0128382
0.62025 0.0131257
0.6206 0.0134215
0.62095 0.0134304
0.6213 0.0134858
0.62165 0.0138245
0.622 0.0141973999999999
0.62235 0.0145797
0.6227 0.0148777
0.62305 0.0150676
0.6234 0.0152909
0.62375 0.015498
0.6241 0.0160207
0.62445 0.0160457
0.6248 0.0162347999999999
0.62515 0.0166204
0.6255 0.0166204
0.62585 0.0167129
0.6262 0.0170101
0.62655 0.0170101
0.6269 0.0170101
0.62725 0.0172092
0.6276 0.0172092
0.62795 0.0172888
0.6283 0.0170345999999999
0.62865 0.0173357
0.629 0.0173689
0.62935 0.0173722
0.6297 0.0174065999999999
0.63005 0.0174065999999999
0.6304 0.0174065999999999
0.63075 0.017375
0.6311 0.0167671
0.63145 0.0161817
0.6318 0.0153219
0.63215 0.0161817
0.6325 0.0170492
0.63285 0.017251
0.6332 0.017251
0.63355 0.0171363
0.6339 0.0171363
0.63425 0.0172031
0.6346 0.0172031
0.63495 0.0173398
0.6353 0.0173398
0.63565 0.0173398
0.636 0.0173064
0.63635 0.0173064
0.6367 0.0172023
0.63705 0.0172023
0.6374 0.0172023
0.63775 0.0157693
0.6381 0.0157693
0.63845 0.0157693
0.6388 0.0145144
0.63915 0.0163465
0.6395 0.0161719
0.63985 0.0166298
0.6402 0.0172244
0.64055 0.0172749
0.6409 0.0172244
0.64125 0.0169183
0.6416 0.0157701999999999
0.64195 0.0167461
0.6423 0.0167461
0.64265 0.0170239
0.643 0.0170239
0.64335 0.0171195
0.6437 0.015267
0.64405 0.015267
0.6444 0.015267
0.64475 0.016457
0.6451 0.016457
0.64545 0.0164969
0.6458 0.0080086
0.64615 0.0028761999999999
0.6465 0.0028761999999999
0.64685 0.012784
0.6472 0.0149100999999999
0.64755 0.0149100999999999
0.6479 0.0142032
0.64825 0.0142032
0.6486 0.01454
0.64895 0.0153983
0.6493 0.0161326
0.64965 0.0169628
0.65 0.0169628
0.65035 0.0169628
0.6507 0.0146402
0.65105 0.0132328
0.6514 0.0132328
0.65175 0.0132328
0.6521 0.0138139
0.65245 0.0150862
0.6528 0.0150862
0.65315 0.0161899
0.6535 0.0131095
0.65385 0.0161617
0.6542 0.0134852
0.65455 0.0161617
0.6549 0.0162755
0.65525 0.0162755
0.6556 0.014146
0.65595 0.010492
0.6563 0.010492
0.65665 0.0149364
0.657 0.0149364
0.65735 0.0132272999999999
0.6577 0.0132272999999999
0.65805 0.0147426
0.6584 0.0147426
0.65875 0.016158
0.6591 0.0163479
0.65945 0.0163479
0.6598 0.0145665
0.66015 0.0145665
0.6605 0.0164733
0.66085 0.0164733
0.6612 0.0139946
0.66155 0.0139946
0.6619 0.0153652
0.66225 0.0158448
0.6626 0.0159536
0.66295 0.0158448
0.6633 0.0157589
0.66365 0.0157589
0.664 0.0158472
0.66435 0.0161705
0.6647 0.0163136
0.66505 0.0163136
0.6654 0.0161329
0.66575 0.0160153
0.6661 0.0154998999999999
0.66645 0.015713
0.6668 0.015713
0.66715 0.0158679
0.6675 0.0158679
0.66785 0.0159526
0.6682 0.0152264
0.66855 0.0145532999999999
0.6689 0.0145532999999999
0.66925 0.0158861
0.6696 0.0160914999999999
0.66995 0.0158861
0.6703 0.0160914999999999
0.67065 0.0161537
0.671 0.0161537
0.67135 0.0167060999999999
0.6717 0.0168387
0.67205 0.0168387
0.6724 0.0168
0.67275 0.0168
0.6731 0.0168502
0.67345 0.0170289
0.6738 0.0171792
0.67415 0.0170872
0.6745 0.0170872
0.67485 0.0170872
0.6752 0.0173057
0.67555 0.0173057
0.6759 0.0172547
0.67625 0.017241
0.6766 0.017241
0.67695 0.017241
0.6773 0.0172808
0.67765 0.0174627
0.678 0.0172808
0.67835 0.0174272
0.6787 0.016924
0.67905 0.0169284
0.6794 0.0169284
0.67975 0.0172224
0.6801 0.0172224
0.68045 0.0170952
0.6808 0.0162118
0.68115 0.0162118
0.6815 0.0162526
0.68185 0.0167833
0.6822 0.0164439
0.68255 0.0164439
0.6829 0.0164439
0.68325 0.0161216
0.6836 0.0163584
0.68395 0.0161216
0.6843 0.0160147
0.68465 0.0160147
0.685 0.0161196
0.68535 0.0161196
0.6857 0.0163652
0.68605 0.0162739
0.6864 0.0162739
0.68675 0.0152769
0.6871 0.0152769
0.68745 0.0158132
0.6878 0.016288
0.68815 0.0158132
0.6885 0.0163347
0.68885 0.015057
0.6892 0.0163347
0.68955 0.012993
0.6899 0.0160068999999999
0.69025 0.0160068999999999
0.6906 0.0160422
0.69095 0.0160422
0.6913 0.0143962
0.69165 0.0139085
0.692 0.007289
0.69235 0.007289
0.6927 0.0104466
0.69305 0.0104466
0.6934 0.0085547
0.69375 0.0085547
0.6941 0.0104619
0.69445 0.012169
0.6948 0.0140571
0.69515 0.0140571
0.6955 0.0123941
0.69585 0.0123941
0.6962 0.0099201
0.69655 0.0107496
0.6969 0.0107496
0.69725 0.0125848
0.6976 0.0125848
0.69795 0.0134753999999999
0.6983 0.0134753999999999
0.69865 0.0134753999999999
0.699 0.0137747999999999
0.69935 0.0137747999999999
0.6997 0.0137747999999999
0.70005 0.0093752999999999
0.7004 0.0087307999999999
0.70075 0.0087307999999999
0.7011 0.0087307999999999
0.70145 0.0087027999999999
0.7018 0.0087027999999999
0.70215 0.0101824
0.7025 0.0101824
0.70285 0.0065205
0.7032 0.0065205
0.70355 0.0097417
0.7039 0.0107602
0.70425 0.0097417
0.7046 0.0095675
0.70495 0.0095386
0.7053 0.0095675
0.70565 0.0131387
0.706 0.0131387
0.70635 0.0104466
0.7067 0.0104466
0.70705 0.0104466
0.7074 0.0097577
0.70775 0.007291
0.7081 0.0097577
0.70845 0.007291
0.7088 0.0050843999999999
0.70915 0.0049421
0.7095 0.0050843999999999
0.70985 0.008877
0.7102 0.0129294999999999
0.71055 0.0129294999999999
0.7109 0.0033248
0.71125 0.0033248
0.7116 0.0061781
0.71195 0.0106181
0.7123 0.0106181
0.71265 0.0073289
0.713 0.0073289
0.71335 0.0073289
0.7137 0.0092167
0.71405 0.0063643
0.7144 0.0061766999999999
0.71475 0.0061766999999999
0.7151 0.0108497
0.71545 0.0108497
0.7158 0.0101067
0.71615 0.0053353
0.7165 0.0008032
0.71685 0.0008032
0.7172 0.0018789
0.71755 0.0018789
0.7179 0.0018789
0.71825 0.0056032
0.7186 0.0056032
0.71895 0.0006689
0.7193 0.0005726
0.71965 0.0005726
0.72 0.0011734
0.72035 0.0025045
0.7207 0.0032556999999999
0.72105 0.0032556999999999
0.7214 0.0038713
0.72175 0.001402
0.7221 0.0051287
0.72245 0.0035549999999999
0.7228 0.0035549999999999
0.72315 0.0010577
0.7235 0.0009247
0.72385 0.0009247
0.7242 0.0009247
0.72455 0.0017945999999999
0.7249 0.0017945999999999
0.72525 0.0017945999999999
0.7256 0.0015375
0.72595 0.000918
0.7263 0.0007232
0.72665 0.000918
0.727 0.0003565
0.72735 0.002162
0.7277 0.0017023
0.72805 0.0022342
0.7284 0.0028437
0.72875 0.0033144
0.7291 0.0033144
0.72945 0.0024034
0.7298 0.0019666
0.73015 0.0022984
0.7305 0.0022984
0.73085 0.0022984
0.7312 0.0034387
0.73155 0.0015220999999999
0.7319 0.0035147
0.73225 0.0023668
0.7326 0.0023668
0.73295 0.0013392999999999
0.7333 0.0013392999999999
0.73365 0.0053506
0.734 0.0053506
0.73435 0.0042918
0.7347 0.0042918
0.73505 0.0071946
0.7354 0.0079891
0.73575 0.0079891
0.7361 0.006307
0.73645 0.0047658
0.7368 0.0047658
0.73715 0.0047658
0.7375 0.0029185
0.73785 0.0090014
0.7382 0.0074984
0.73855 0.0074984
0.7389 0.0036345999999999
0.73925 0.0036345999999999
0.7396 0.0037067
0.73995 0.0037067
0.7403 0.0037067
0.74065 0.0092272999999999
0.741 0.0092272999999999
0.74135 0.0092272999999999
0.7417 0.0101468
0.74205 0.0106124
0.7424 0.0106124
0.74275 0.0084841
0.7431 0.0084841
0.74345 0.0117618
0.7438 0.0117618
0.74415 0.0097063
0.7445 0.0097063
0.74485 0.0123927
0.7452 0.0123927
0.74555 0.0123927
0.7459 0.0053905
0.74625 0.010229
0.7466 0.010229
0.74695 0.010229
0.7473 0.0109144999999999
0.74765 0.0109144999999999
0.748 0.0116379999999999
0.74835 0.0122943
0.7487 0.0116379999999999
0.74905 0.0096192999999999
0.7494 0.0096192999999999
0.74975 0.0117745
0.7501 0.0124575
0.75045 0.0117745
0.7508 0.0125135
0.75115 0.0113198999999999
0.7515 0.0113198999999999
0.75185 0.0106097
0.7522 0.0087561
0.75255 0.0096496
0.7529 0.0096496
0.75325 0.0107326
0.7536 0.011655
0.75395 0.012398
0.7543 0.0117999
0.75465 0.0122651
0.755 0.0117999
0.75535 0.012031
0.7557 0.012031
0.75605 0.012031
0.7564 0.0116826
0.75675 0.0116826
0.7571 0.0096532
0.75745 0.0103002
0.7578 0.0103002
0.75815 0.0111696
0.7585 0.0114574
0.75885 0.0114574
0.7592 0.0112876
0.75955 0.0112876
0.7599 0.0111872
0.76025 0.0111872
0.7606 0.0102177
0.76095 0.0102177
0.7613 0.0109716
0.76165 0.0109716
0.762 0.0108808999999999
0.76235 0.0107347
0.7627 0.010623
0.76305 0.0104719
0.7634 0.010578
0.76375 0.0104187
0.7641 0.0104187
0.76445 0.0101459999999999
0.7648 0.0100753999999999
0.76515 0.0099388999999999
0.7655 0.0093517
0.76585 0.0087562
0.7662 0.0072051
0.76655 0.0072051
0.7669 0.0076688999999999
0.76725 0.0086144
0.7676 0.0096036
0.76795 0.0098077999999999
0.7683 0.0099301
0.76865 0.0098077999999999
0.769 0.00964
0.76935 0.0090512999999999
0.7697 0.0072016
0.77005 0.0072016
0.7704 0.0084781
0.77075 0.0096696
0.7711 0.0099689
0.77145 0.0100822
0.7718 0.0101292
0.77215 0.0102037999999999
0.7725 0.0101292
0.77285 0.0099948
0.7732 0.0098612
0.77355 0.0098562
0.7739 0.0098612
0.77425 0.0100514
0.7746 0.0100514
0.77495 0.0100982
0.7753 0.0100793
0.77565 0.0100793
0.776 0.009953
0.77635 0.0099502
0.7767 0.0098512
0.77705 0.0098512
0.7774 0.0097878999999999
0.77775 0.0097416
0.7781 0.0096598999999999
0.77845 0.0096598999999999
0.7788 0.0095114999999999
0.77915 0.0092415
0.7795 0.0078871
0.77985 0.0078871
0.7802 0.0086468
0.78055 0.0086468
0.7809 0.0078048999999999
0.78125 0.0078048999999999
0.7816 0.0078048999999999
0.78195 0.0077277
0.7823 0.0077034999999999
0.78265 0.0074589
0.783 0.0074589
0.78335 0.0074589
0.7837 0.0075462
0.78405 0.0064643
0.7844 0.0055097
0.78475 0.0055097
0.7851 0.0076253999999999
0.78545 0.0076253999999999
0.7858 0.0076253999999999
0.78615 0.0083297
0.7865 0.0083297
0.78685 0.0060045
0.7872 0.0060045
0.78755 0.0068909999999999
0.7879 0.0078953999999999
0.78825 0.0078953999999999
0.7886 0.0078953999999999
0.78895 0.0085882
0.7893 0.0085209999999999
0.78965 0.0085408999999999
0.79 0.0085209999999999
0.79035 0.0085408999999999
0.7907 0.0085395
0.79105 0.0085395
0.7914 0.0085395
0.79175 0.0085320999999999
0.7921 0.0085271
0.79245 0.0081653
0.7928 0.0076076
0.79315 0.0066562
0.7935 0.0066562
0.79385 0.0077998
0.7942 0.0078325
0.79455 0.0078325
0.7949 0.0066732
0.79525 0.003227
0.7956 0.0066732
0.79595 0.0028151
0.7963 0.0028151
0.79665 0.0028151
0.797 0.0046949
0.79735 0.0046949
0.7977 0.0066349999999999
0.79805 0.0064006
0.7984 0.0066349999999999
0.79875 0.0068128999999999
0.7991 0.0070941
0.79945 0.0070941
0.7998 0.005386
0.80015 0.005386
0.8005 0.0077959
0.80085 0.0077959
0.8012 0.0068001
0.80155 0.0058159
0.8019 0.0049764
0.80225 0.0046406999999999
0.8026 0.0046406999999999
0.80295 0.0070482
0.8033 0.0070482
0.80365 0.0079162
0.804 0.0066878
0.80435 0.0079162
0.8047 0.0084944999999999
0.80505 0.0085488999999999
0.8054 0.0086119
0.80575 0.0086119
0.8061 0.0019927
0.80645 0.0019927
0.8068 0.0030759
0.80715 0.004757
0.8075 0.004757
0.80785 0.0042997
0.8082 0.0042997
0.80855 0.0080765
0.8089 0.0080765
0.80925 0.0017893
0.8096 0.0017893
0.80995 0.0019773
0.8103 0.0059991
0.81065 0.0059991
0.811 0.0053406999999999
0.81135 0.0051968999999999
0.8117 0.0051968999999999
0.81205 0.0046763
0.8124 0.0036806999999999
0.81275 0.0046763
0.8131 0.0021285
0.81345 0.0041263
0.8138 0.0041263
0.81415 0.0041263
0.8145 0.0012574
0.81485 0.0005809
0.8152 0.0005809
0.81555 0.0041548
0.8159 0.0059775
0.81625 0.0041548
0.8166 0.0055348
0.81695 0.0055348
0.8173 0.0055348
0.81765 0.0052277999999999
0.818 0.0052277999999999
0.81835 0.0057022
0.8187 0.0057022
0.81905 0.0073681
0.8194 0.0050111
0.81975 0.0052563
0.8201 0.0052563
0.82045 0.0052563
0.8208 0.0057047
0.82115 0.0057047
0.8215 0.0062573
0.82185 0.0081333
0.8222 0.0084175
0.82255 0.0081333
0.8229 0.0023938
0.82325 0.0007276
0.8236 0.0007032999999999
0.82395 0.0007032999999999
0.8243 0.0072638
0.82465 0.0072638
0.825 0.0086944
0.82535 0.0071316999999999
0.8257 0.0093672999999999
0.82605 0.0071316999999999
0.8264 0.005627
0.82675 0.005627
0.8271 0.005627
0.82745 0.0054966
0.8278 0.0026851999999999
0.82815 0.0054966
0.8285 0.0060571999999999
0.82885 0.0060571999999999
0.8292 0.0060571999999999
0.82955 0.0076795
0.8299 0.0076795
0.83025 0.0013307
0.8306 0.0013307
0.83095 0.0029005
0.8313 0.0067747
0.83165 0.0032424
0.832 0.0032424
0.83235 0.0032424
0.8327 0.002936
0.83305 0.0060351
0.8334 0.0056983999999999
0.83375 0.0056983999999999
0.8341 0.0007047999999999
0.83445 0.0007047999999999
0.8348 0.0007047999999999
0.83515 0.0068457
0.8355 0.0041193
0.83585 0.0041193
0.8362 0.0030433
0.83655 0.0030433
0.8369 0.0030433
0.83725 0.0016059999999999
0.8376 0.0011159
0.83795 0.0011159
0.8383 0.0032599
0.83865 0.0043493
0.839 0.0049686
0.83935 0.0049686
0.8397 0.0049901
0.84005 0.0038445999999999
0.8404 0.0028090999999999
0.84075 0.0028090999999999
0.8411 0.0057169
0.84145 0.0057169
0.8418 0.0044791
0.84215 0.0044791
0.8425 0.0064646999999999
0.84285 0.0074741
0.8432 0.0074741
0.84355 0.0075453999999999
0.8439 0.0070754999999999
0.84425 0.0066436
0.8446 0.0066436
0.84495 0.0074551
0.8453 0.0074551
0.84565 0.0074551
0.846 0.0086723999999999
0.84635 0.0086723999999999
0.8467 0.0086911
0.84705 0.0091451
0.8474 0.0091451
0.84775 0.0038001999999999
0.8481 0.0038001999999999
0.84845 0.0069939999999999
0.8488 0.0079239
0.84915 0.0079239
0.8495 0.0079239
0.84985 0.0084275
0.8502 0.0076113
0.85055 0.0077578
0.8509 0.0077578
0.85125 0.0079342
0.8516 0.0080404
0.85195 0.0083769999999999
0.8523 0.0083769999999999
0.85265 0.0072694999999999
0.853 0.0072694999999999
0.85335 0.0085292
0.8537 0.0085292
0.85405 0.0075661
0.8544 0.0075661
0.85475 0.0068313
0.8551 0.0068313
0.85545 0.0066076
0.8558 0.0066076
0.85615 0.0064046
0.8565 0.0062093999999999
0.85685 0.0059343
0.8572 0.0055271
0.85755 0.0045398
0.8579 0.0043722
0.85825 0.0042068999999999
0.8586 0.0043722
0.85895 0.0042068999999999
0.8593 0.0039409
0.85965 0.0038198999999999
0.86 0.0029465
0.86035 0.0025785
0.8607 0.0025785
0.86105 0.0022625
0.8614 0.002072
0.86175 0.0019687999999999
0.8621 0.001714
0.86245 0.001714
0.8628 0.0015783
0.86315 0.0017475
0.8635 0.0017082999999999
0.86385 0.0017082999999999
0.8642 0.0015853
0.86455 0.0015761
0.8649 0.0015853
0.86525 0.0017362999999999
0.8656 0.0018981999999999
0.86595 0.0022046999999999
0.8663 0.0023058
0.86665 0.0023058
0.867 0.0018331
0.86735 0.0017992
0.8677 0.0018331
0.86805 0.0033424
0.8684 0.0034935
0.86875 0.0034935
0.8691 0.0041568
0.86945 0.0041202
0.8698 0.0042953
0.87015 0.0041202
0.8705 0.003611
0.87085 0.003611
0.8712 0.003964
0.87155 0.0041686
0.8719 0.0051458
0.87225 0.005652
0.8726 0.0051458
0.87295 0.0046988
0.8733 0.0046988
0.87365 0.0051123
0.874 0.0055762
0.87435 0.0057065
0.8747 0.0057065
0.87505 0.0056524999999999
0.8754 0.0056524999999999
0.87575 0.0040934
0.8761 0.0052225
0.87645 0.004637
0.8768 0.004637
0.87715 0.0039496999999999
0.8775 0.0034418
0.87785 0.00347
0.8782 0.0034418
0.87855 0.00347
0.8789 0.0041148
0.87925 0.0041148
0.8796 0.0010750999999999
0.87995 0.0010651
0.8803 0.0009902
0.88065 0.0009902
0.881 0.0006347
0.88135 0.0005559
0.8817 0.0003373
0.88205 0.0002082
0.8824 0.0001182
0.88275 0.0001182
0.8831 0.0001182
0.88345 0.0001188
0.8838 0.0001163
0.88415 0.0001188
0.8845 0.0001491
0.88485 0.0001829
0.8852 0.0002165999999999
0.88555 0.0002165999999999
0.8859 0.0001923
0.88625 0.0001428
0.8866 7.8e-05
0.88695 6.8e-05
0.8873 6.8e-05
0.88765 6.8e-05
0.888 7.340000000000001e-05
0.88835 8.329999999999999e-05
0.8887 0.0001051
0.88905 8.329999999999999e-05
0.8894 0.0001123
0.88975 0.0001217
0.8901 0.0001375999999999
0.89045 0.0001258
0.8908 0.0001258
0.89115 0.0001223
0.8915 0.0001223
0.89185 0.0001082999999999
0.8922 0.0001296
0.89255 0.0001296
0.8929 0.0001328
0.89325 0.0001328
0.8936 0.0001284
0.89395 0.0001176
0.8943 0.0001159
0.89465 0.0001139
0.895 0.0001139
0.89535 0.000108
0.8957 0.000108
0.89605 0.0001217
0.8964 0.0001338
0.89675 0.0001801
0.8971 0.0001801
0.89745 0.0001636999999999
0.8978 0.0001636999999999
0.89815 0.0002222
0.8985 0.0002222
0.89885 0.0001786
0.8992 6.459999999999998e-05
0.89955 6.459999999999998e-05
0.8999 3.39e-05
0.90025 3.39e-05
0.9006 3.39e-05
0.90095 0.0001726
0.9013 0.0002561
0.90165 0.0005937
0.902 0.0005937
0.90235 0.0005097
0.9027 0.0005097
0.90305 0.0005298999999999
0.9034 0.000746
0.90375 0.000746
0.9041 0.0009041
0.90445 0.0014422
0.9048 0.001648
0.90515 0.0018457
0.9055 0.0018457
0.90585 0.0018457
0.9062 0.0017634
0.90655 0.0017634
0.9069 0.001726
0.90725 0.001726
0.9076 0.0018212
0.90795 0.0018212
0.9083 0.0016180999999999
0.90865 0.0011097
0.909 0.0016180999999999
0.90935 0.0011097
0.9097 0.0008971
0.91005 0.0003556
0.9104 0.0006269
0.91075 0.0006269
0.9111 0.0006281
0.91145 0.0009568
0.9118 0.0006281
0.91215 0.0009568
0.9125 0.0013925
0.91285 0.0013925
0.9132 0.0013925
0.91355 0.0013273
0.9139 0.002269
0.91425 0.0002721
0.9146 0.0023113
0.91495 0.0005204
0.9153 0.0008219
0.91565 0.0008219
0.916 0.0008219
0.91635 0.0011537
0.9167 0.0003805
0.91705 0.0002821
0.9174 0.0002024
0.91775 0.0002024
0.9181 0.0001665
0.91845 0.0001665
0.9188 0.0005265
0.91915 0.0005265
0.9195 0.0001585999999999
0.91985 0.0001585999999999
0.9202 0.0018852999999999
0.92055 0.0032004
0.9209 0.0018852999999999
0.92125 0.0014897
0.9216 0.0003955
0.92195 0.0014897
0.9223 0.0015140999999999
0.92265 0.0015532
0.923 0.0015140999999999
0.92335 0.0008834
0.9237 0.0005773
0.92405 0.0008834
0.9244 0.0005773
0.92475 0.0026835
0.9251 0.0026835
0.92545 0.0026835
0.9258 0.002514
0.92615 0.0011685999999999
0.9265 0.0009103
0.92685 0.0009103
0.9272 0.0004803999999999
0.92755 0.0004803999999999
0.9279 0.0002231999999999
0.92825 0.0006173999999999
0.9286 0.0005089
0.92895 0.0011733
0.9293 0.0007174999999999
0.92965 0.0007174999999999
0.93 0.0001230999999999
0.93035 0.0001230999999999
0.9307 7.730000000000001e-05
0.93105 0.0001915
0.9314 0.0001624
0.93175 0.0001915
0.9321 0.0003363
0.93245 0.0003363
0.9328 0.000436
0.93315 0.0004784
0.9335 0.0004784
0.93385 0.0001382
0.9342 0.0001134
0.93455 4.85e-05
0.9349 9.58e-05
0.93525 4.85e-05
0.9356 9.58e-05
0.93595 0.0001889999999999
0.9363 0.0003052
0.93665 0.0001889999999999
0.937 0.000184
0.93735 0.000184
0.9377 0.0001299
0.93805 0.0001299
0.9384 0.0001299
0.93875 0.0002496
0.9391 0.0002496
0.93945 0.0003218999999999
0.9398 0.0001844999999999
0.94015 0.0003815
0.9405 0.0001200999999999
0.94085 0.0004881999999999
0.9412 0.0008347999999999
0.94155 0.0008347999999999
0.9419 0.0005367
0.94225 0.0004485
0.9426 0.0004485
0.94295 0.0001039
0.9433 0.0001039
0.94365 0.0001489
0.944 0.0001489
0.94435 4.84e-05
0.9447 4.84e-05
0.94505 0.0003421
0.9454 0.0003421
0.94575 0.0003421
0.9461 0.0001648
0.94645 0.0001547
0.9468 0.0001547
0.94715 0.0002611
0.9475 0.0002611
0.94785 0.000304
0.9482 0.000488
0.94855 0.0006297
0.9489 0.0006297
0.94925 3.47e-05
0.9496 3.47e-05
0.94995 7.900000000000001e-05
0.9503 0.0001488
0.95065 0.0007367999999999
0.951 0.0007367999999999
0.95135 0.0002241
0.9517 0.0002241
0.95205 0.0002597
0.9524 0.0002597
0.95275 0.0001808
0.9531 0.0001054999999999
0.95345 0.0001054999999999
0.9538 0.0001408
0.95415 0.0002628999999999
0.9545 0.0002628999999999
0.95485 0.0004245
0.9552 0.0002855
0.95555 0.0004742
0.9559 0.0004742
0.95625 0.0004742
0.9566 0.0004723
0.95695 0.0001185
0.9573 0.0001185
0.95765 0.0006923999999999
0.958 0.0006923999999999
0.95835 0.0004388
0.9587 0.0004388
0.95905 0.0004388
0.9594 0.0001203
0.95975 0.0001203
0.9601 0.0006257
0.96045 0.0006257
0.9608 0.0002381
0.96115 0.0002381
0.9615 0.0003538
0.96185 0.000535
0.9622 0.0003538
0.96255 9.9e-05
0.9629 9.9e-05
0.96325 0.000125
0.9636 0.000125
0.96395 0.0001498
0.9643 0.0001498
0.96465 0.0007157999999999
0.965 0.0007157999999999
0.96535 0.0003022
0.9657 0.0001195
0.96605 0.0003022
0.9664 0.0001705
0.96675 0.0001705
0.9671 8.2e-05
0.96745 8.2e-05
0.9678 0.0004336
0.96815 0.0004336
0.9685 0.0003318
0.96885 0.0001136
0.9692 0.0001136
0.96955 0.000346
0.9699 0.0006425
0.97025 0.0006425
0.9706 0.0005747
0.97095 0.0005747
0.9713 0.0006067
0.97165 0.0007099999999999
0.972 0.0007099999999999
0.97235 0.0004947
0.9727 0.0004844999999999
0.97305 0.0002605
0.9734 0.0002271
0.97375 0.0001153
0.9741 0.0001153
0.97445 0.0001153
0.9748 0.0003053
0.97515 0.0004049
0.9755 0.000561
0.97585 0.000561
0.9762 0.0003415
0.97655 0.0003415
0.9769 0.0005681
0.97725 0.0007344
0.9776 0.0007344
0.97795 0.0003529999999999
0.9783 0.0001165999999999
0.97865 0.0001336
0.979 0.0001336
0.97935 0.0002454
0.9797 0.0002454
0.98005 0.0003148999999999
0.9804 0.0002448
0.98075 0.0001548
0.9811 0.0001548
0.98145 0.0002381
0.9818 0.0002381
0.98215 0.0002340999999999
0.9825 0.0001547
0.98285 9.44e-05
0.9832 0.0001547
0.98355 0.0002150999999999
0.9839 0.000227
0.98425 0.0002468
0.9846 0.0002468
0.98495 0.0002616
0.9853 0.0001937
0.98565 0.0001872
0.986 0.0001516
0.98635 0.0001516
0.9867 8.93e-05
0.98705 0.0001207
0.9874 0.0001207
0.98775 0.0001207
0.9881 4.83e-05
0.98845 3.92e-05
0.9888 3.92e-05
0.98915 5.479999999999999e-05
0.9895 0.000156
0.98985 8.25e-05
0.9902 0.0001810999999999
0.99055 0.0001104
0.9909 0.0001846
0.99125 0.0001348
0.9916 0.0001816
0.99195 0.0001348
0.9923 0.0001816
0.99265 0.0001769
0.993 0.0001865999999999
0.99335 0.0001865999999999
0.9937 0.0002054
0.99405 0.0002054
0.9944 0.0002266999999999
0.99475 0.0001681
0.9951 0.0001681
0.99545 0.0001681
0.9958 5.85e-05
0.99615 0.0001795
0.9965 5.85e-05
0.99685 0.0001795
0.9972 0.0003344
0.99755 0.0003344
0.9979 0.0002457
0.99825 0.0001661
0.9986 0.0002101
0.99895 0.0001435
0.9993 0.0001435
