0.3 0.1409239
0.30035 0.1409239
0.3007 0.1408934
0.30105 0.1408627
0.3014 0.1408319999999999
0.30175 0.1408010999999999
0.3021 0.1407702
0.30245 0.1407391
0.3028 0.1407079
0.30315 0.1406766
0.3035 0.1406451
0.30385 0.1406137999999999
0.3042 0.1405809999999999
0.30455 0.1405481
0.3049 0.1405151
0.30525 0.1404821
0.3056 0.1404489
0.30595 0.1404157
0.3063 0.1403823
0.30665 0.1403489
0.307 0.1403154
0.30735 0.1402819
0.3077 0.1402482
0.30805 0.1402145
0.3084 0.1401807
0.30875 0.1401468
0.3091 0.1401127999999999
0.30945 0.1400787
0.3098 0.1400446
0.31015 0.1400097
0.3105 0.1399761
0.31085 0.1399417999999999
0.3112 0.1399074
0.31155 0.139873
0.3119 0.1398384
0.31225 0.1398037
0.3126 0.1397688999999999
0.31295 0.1397341
0.3133 0.1396992
0.31365 0.1396642
0.314 0.1396291
0.31435 0.139594
0.3147 0.1395587999999999
0.31505 0.1395236
0.3154 0.1394882999999999
0.31575 0.1394529
0.3161 0.1394175
0.31645 0.139382
0.3168 0.1393463999999999
0.31715 0.1393107999999999
0.3175 0.1392752
0.31785 0.1392394
0.3182 0.1392036
0.31855 0.1391677999999999
0.3189 0.1391319
0.31925 0.1390959
0.3196 0.1390599
0.31995 0.1390237999999999
0.3203 0.1389877
0.32065 0.1389515
0.321 0.1389152
0.32135 0.1388786
0.3217 0.1388382999999999
0.32205 0.1388057
0.3224 0.1387696
0.32275 0.1387331
0.3231 0.1386965
0.32345 0.1386598
0.3238 0.1386231
0.32415 0.1385862
0.3245 0.1385493
0.32485 0.1385122999999999
0.3252 0.1384752
0.32555 0.1384379
0.3259 0.1384005
0.32625 0.1383627999999999
0.3266 0.1383249
0.32695 0.1382867
0.3273 0.1382479
0.32765 0.1382083999999999
0.328 0.1381677999999999
0.32835 0.1381251
0.3287 0.1380792
0.32905 0.1380267
0.3294 0.1379573999999999
0.32975 0.1378375
0.3301 0.1374101
0.33045 0.1374101
0.3308 0.1377332999999999
0.33115 0.1377632
0.3315 0.1377632
0.33185 0.1377411
0.3322 0.1377126
0.33255 0.1376806
0.3329 0.1376469
0.33325 0.1376119999999999
0.3336 0.1375765
0.33395 0.1375402999999999
0.3343 0.1375039
0.33465 0.1374672
0.335 0.1374302
0.33535 0.1373931
0.3357 0.1373559
0.33605 0.1373186
0.3364 0.1372812
0.33675 0.1372438
0.3371 0.1372063999999999
0.33745 0.1371696
0.3378 0.1371327
0.33815 0.1370958
0.3385 0.1370588999999999
0.33885 0.137022
0.3392 0.136985
0.33955 0.1369479
0.3399 0.1369109
0.34025 0.1368738
0.3406 0.1368367
0.34095 0.1367996
0.3413 0.1367624
0.34165 0.1367252
0.342 0.136688
0.34235 0.1366508
0.3427 0.1366135
0.34305 0.1365762
0.3434 0.1365388
0.34375 0.1365011
0.3441 0.1364629
0.34445 0.1364194
0.3448 0.1363708
0.34515 0.1363502999999999
0.3455 0.1363144
0.34585 0.1362775
0.3462 0.1362404
0.34655 0.1362032
0.3469 0.1361658999999999
0.34725 0.1361286
0.3476 0.1360912999999999
0.34795 0.1360539
0.3483 0.1360166
0.34865 0.1359792
0.349 0.1359418
0.34935 0.1359043999999999
0.3497 0.1358671
0.35005 0.1358297
0.3504 0.1357922999999999
0.35075 0.1357549
0.3511 0.1357175
0.35145 0.1356801
0.3518 0.1356427
0.35215 0.1356052999999999
0.3525 0.1355679
0.35285 0.1355305
0.3532 0.1354931
0.35355 0.1354557
0.3539 0.1354183
0.35425 0.1353809
0.3546 0.1353431
0.35495 0.1353057
0.3553 0.1352683
0.35565 0.1352303999999999
0.356 0.1351771
0.35635 0.1351518
0.3567 0.1351189
0.35705 0.1350471
0.3574 0.1350419
0.35775 0.134997
0.3581 0.1349479
0.35845 0.1349201
0.3588 0.1348779
0.35915 0.1348522
0.3595 0.1347707
0.35985 0.1347224
0.3602 0.1346914
0.36055 0.13465
0.3609 0.1346222
0.36125 0.1346222
0.3616 0.1345882
0.36195 0.1345579
0.3623 0.1345078999999999
0.36265 0.1344796
0.363 0.1344425
0.36335 0.1344041
0.3637 0.134365
0.36405 0.1343171
0.3644 0.1342898
0.36475 0.1342522
0.3651 0.1342139
0.36545 0.1341743
0.3658 0.1341273
0.36615 0.1340957
0.3665 0.1340601
0.36685 0.1340193999999999
0.3672 0.1339801
0.36755 0.1339441
0.3679 0.1339023999999999
0.36825 0.1338652
0.3686 0.1338144
0.36895 0.133791
0.3693 0.1337477
0.36965 0.1337122999999999
0.37 0.1336638
0.37035 0.1336263
0.3707 0.1335637999999999
0.37105 0.1335402999999999
0.3714 0.1335193
0.37175 0.1334705
0.3721 0.1334282
0.37245 0.1333977999999999
0.3728 0.1333347
0.37315 0.1333241
0.3735 0.133274
0.37385 0.1332375999999999
0.3742 0.1332071
0.37455 0.133159
0.3749 0.1330929
0.37525 0.133078
0.3756 0.1330151
0.37595 0.1329641
0.3763 0.1329386
0.37665 0.1328848
0.377 0.1328848
0.37735 0.1328581
0.3777 0.1327908
0.37805 0.1327435
0.3784 0.1327414
0.37875 0.1326454
0.3791 0.1326138
0.37945 0.1325339999999999
0.3798 0.1325072
0.38015 0.1325072
0.3805 0.1324892999999999
0.38085 0.1324767
0.3812 0.1324418999999999
0.38155 0.1324082
0.3819 0.1323085
0.38225 0.1322626
0.3826 0.1322626
0.38295 0.1322626
0.3833 0.1322188999999999
0.38365 0.1321942
0.384 0.132144
0.38435 0.1321263
0.3847 0.1320876
0.38505 0.1320532
0.3854 0.1320147
0.38575 0.1319787
0.3861 0.131942
0.38645 0.1319007
0.3868 0.1318661
0.38715 0.1318237
0.3875 0.1317867999999999
0.38785 0.1317529
0.3882 0.1317243
0.38855 0.1316755
0.3889 0.1316183
0.38925 0.1315832
0.3896 0.1315729
0.38995 0.1315283
0.3903 0.1314731
0.39065 0.1314672999999999
0.391 0.1314265
0.39135 0.1313924
0.3917 0.1313279
0.39205 0.1313137
0.3924 0.1312801
0.39275 0.1312013
0.3931 0.1311994
0.39345 0.1311757
0.3938 0.1311332999999999
0.39415 0.1310608999999999
0.3945 0.1310433
0.39485 0.1309897
0.3952 0.1309527
0.39555 0.1309506
0.3959 0.1308625
0.39625 0.1307943
0.3966 0.1307943
0.39695 0.1307943
0.3973 0.1307135
0.39765 0.1307068
0.398 0.130677
0.39835 0.1306542
0.3987 0.1305771
0.39905 0.1305662
0.3994 0.1305644
0.39975 0.1305443
0.4001 0.1305083
0.40045 0.1304766
0.4008 0.1304063
0.40115 0.1303693
0.4015 0.1303445
0.40185 0.1303445
0.4022 0.1302575
0.40255 0.1302260999999999
0.4029 0.1302260999999999
0.40325 0.1301854
0.4036 0.1300916
0.40395 0.130077
0.4043 0.1298678
0.40465 0.1298678
0.405 0.1299603
0.40535 0.1299603
0.4057 0.1299558999999999
0.40605 0.1299093
0.4064 0.1298783999999999
0.40675 0.1298522
0.4071 0.1298308
0.40745 0.1298114
0.4078 0.1297817
0.40815 0.1297506
0.4085 0.1297178
0.40885 0.1296541
0.4092 0.1296222
0.40955 0.1296222
0.4099 0.1295826
0.41025 0.1295484999999999
0.4106 0.1295187
0.41095 0.1294855
0.4113 0.1294338
0.41165 0.1294181
0.412 0.1293451
0.41235 0.1293326
0.4127 0.1293002999999999
0.41305 0.1292682
0.4134 0.1291384
0.41375 0.1291384
0.4141 0.1291384
0.41445 0.1291316
0.4148 0.1290364
0.41515 0.1289621
0.4155 0.1289131
0.41585 0.1284533
0.4162 0.1284533
0.41655 0.1288463
0.4169 0.1288463
0.41725 0.1286917
0.4176 0.128627
0.41795 0.1286917
0.4183 0.1287087
0.41865 0.1287087
0.419 0.1286466999999999
0.41935 0.128552
0.4197 0.1283702
0.42005 0.1282817
0.4204 0.1282817
0.42075 0.1284683
0.4211 0.1284683
0.42145 0.1284657
0.4218 0.1283201
0.42215 0.1282279
0.4225 0.1282279
0.42285 0.1282279
0.4232 0.1281848
0.42355 0.1279429
0.4239 0.1279308
0.42425 0.1279308
0.4246 0.1279308
0.42495 0.1280574
0.4253 0.128052
0.42565 0.128052
0.426 0.1276251
0.42635 0.1276251
0.4267 0.1277082
0.42705 0.1279249
0.4274 0.1278695
0.42775 0.1278695
0.4281 0.1278543
0.42845 0.1277717
0.4288 0.1276983
0.42915 0.1274568
0.4295 0.1275657
0.42985 0.1275657
0.4302 0.1275657
0.43055 0.127579
0.4309 0.127464
0.43125 0.127464
0.4316 0.127464
0.43195 0.1274819999999999
0.4323 0.1275135
0.43265 0.1275135
0.433 0.1274694999999999
0.43335 0.1274467
0.4337 0.1273674
0.43405 0.1273654
0.4344 0.127305
0.43475 0.1272945
0.4351 0.1272858999999999
0.43545 0.1272446
0.4358 0.127211
0.43615 0.1271628
0.4365 0.1270272
0.43685 0.1270117999999999
0.4372 0.1270185
0.43755 0.1270117999999999
0.4379 0.1269801
0.43825 0.1269728
0.4386 0.1269657
0.43895 0.126908
0.4393 0.126867
0.43965 0.1267881
0.44 0.126696
0.44035 0.1264404999999999
0.4407 0.1263153
0.44105 0.1263257
0.4414 0.1263153
0.44175 0.1262265
0.4421 0.1262265
0.44245 0.1262265
0.4428 0.1264417
0.44315 0.1264838
0.4435 0.1264838
0.44385 0.1260276
0.4442 0.1260276
0.44455 0.1263621
0.4449 0.1263621
0.44525 0.1261338
0.4456 0.1261338
0.44595 0.1261472
0.4463 0.1261862
0.44665 0.1262556
0.447 0.1261928
0.44735 0.1261928
0.4477 0.1261796
0.44805 0.1261796
0.4484 0.1260704
0.44875 0.1261455
0.4491 0.1261012
0.44945 0.1261012
0.4498 0.1260369999999999
0.45015 0.1260297
0.4505 0.126022
0.45085 0.1259081
0.4512 0.1257905
0.45155 0.1257599999999999
0.4519 0.1257291
0.45225 0.1257599999999999
0.4526 0.1257653
0.45295 0.1257653
0.4533 0.1257495
0.45365 0.1256992999999999
0.454 0.1256992999999999
0.45435 0.1255928999999999
0.4547 0.1255304
0.45505 0.1255654
0.4554 0.1255304
0.45575 0.1254623
0.4561 0.125393
0.45645 0.125393
0.4568 0.1252807
0.45715 0.1253938
0.4575 0.1253576
0.45785 0.1253576
0.4582 0.1253201
0.45855 0.1253168999999999
0.4589 0.1252681
0.45925 0.125164
0.4596 0.1250974
0.45995 0.1251529
0.4603 0.1251529
0.46065 0.1251818999999999
0.461 0.1251818999999999
0.46135 0.1251622
0.4617 0.1251563
0.46205 0.1251172
0.4624 0.1250938
0.46275 0.1250926
0.4631 0.1250691
0.46345 0.1250297
0.4638 0.1250108
0.46415 0.1249765
0.4645 0.1249208
0.46485 0.1249158999999999
0.4652 0.1247583999999999
0.46555 0.1247583999999999
0.4659 0.1246826
0.46625 0.1245901
0.4666 0.1245568
0.46695 0.1245901
0.4673 0.1245553999999999
0.46765 0.1243986
0.468 0.1243272
0.46835 0.1241553
0.4687 0.1235105
0.46905 0.1231958999999999
0.4694 0.1235105
0.46975 0.1239776
0.4701 0.1240042
0.47045 0.1241111
0.4708 0.1241111
0.47115 0.1240601
0.4715 0.1239444
0.47185 0.1236119
0.4722 0.1235993
0.47255 0.1236119
0.4729 0.1236831
0.47325 0.1238734999999999
0.4736 0.1239428999999999
0.47395 0.1239428999999999
0.4743 0.1240458999999999
0.47465 0.1236212
0.475 0.1240193
0.47535 0.122521
0.4757 0.1240193
0.47605 0.1237106
0.4764 0.1237106
0.47675 0.1237106
0.4771 0.123696
0.47745 0.1239222
0.4778 0.1237431
0.47815 0.1238655
0.4785 0.1238168
0.47885 0.1238168
0.4792 0.1237526
0.47955 0.1237443
0.4799 0.1236755
0.48025 0.1236492999999999
0.4806 0.1235979
0.48095 0.1235888
0.4813 0.123482
0.48165 0.1234595
0.482 0.1232781999999999
0.48235 0.1232672
0.4827 0.1232672
0.48305 0.1232114
0.4834 0.1229009
0.48375 0.1224494999999999
0.4841 0.1224494999999999
0.48445 0.1220222
0.4848 0.1213733999999999
0.48515 0.1214693
0.4855 0.1214693
0.48585 0.1214693
0.4862 0.1222051999999999
0.48655 0.1223061999999999
0.4869 0.1225972999999999
0.48725 0.1225972999999999
0.4876 0.1217755
0.48795 0.1217755
0.4883 0.1223992999999999
0.48865 0.1223992999999999
0.489 0.1229673
0.48935 0.1223287
0.4897 0.1229673
0.49005 0.1228115
0.4904 0.1228115
0.49075 0.1226797
0.4911 0.1226797
0.49145 0.122688
0.4918 0.1228395
0.49215 0.122688
0.4925 0.1225951
0.49285 0.1223813999999999
0.4932 0.1223813999999999
0.49355 0.1223813999999999
0.4939 0.1226498
0.49425 0.1226498
0.4946 0.1226498
0.49495 0.1227075
0.4953 0.1226346
0.49565 0.1227757
0.496 0.1226733999999999
0.49635 0.1227205
0.4967 0.1226849
0.49705 0.1226849
0.4974 0.122619
0.49775 0.1225911
0.4981 0.1225566
0.49845 0.1224763
0.4988 0.1224763
0.49915 0.1223813999999999
0.4995 0.1224668
0.49985 0.1223813999999999
0.50055 0.1214831
0.5009 0.1214831
0.50125 0.1220306
0.5016 0.1220306
0.50195 0.1219159
0.5023 0.1218588999999999
0.50265 0.1209096
0.503 0.1184571
0.50335 0.1193506
0.5037 0.1193506
0.50405 0.1193506
0.5044 0.1211671
0.50475 0.1214296
0.5051 0.1215358999999999
0.50545 0.1215358999999999
0.5058 0.1213783999999999
0.50615 0.1213783999999999
0.5065 0.1201033999999999
0.50685 0.1202769
0.5072 0.1202769
0.50755 0.1208339
0.5079 0.1208339
0.50825 0.1208339
0.5086 0.1209011
0.50895 0.1209011
0.5093 0.1208521999999999
0.50965 0.1206737
0.51 0.1206737
0.51035 0.1210609
0.5107 0.1211906
0.51105 0.1211906
0.5114 0.1210719
0.51175 0.1210719
0.5121 0.1212331999999999
0.51245 0.1217261999999999
0.5128 0.1217261999999999
0.51315 0.1214711
0.5135 0.1214711
0.51385 0.1214239
0.5142 0.1214239
0.51455 0.1214239
0.5149 0.1214595
0.51525 0.1217848999999999
0.5156 0.1218269
0.51595 0.1218269
0.5163 0.1218263
0.51665 0.1217632
0.517 0.1218263
0.51735 0.1218104
0.5177 0.1218104
0.51805 0.1218104
0.5184 0.1218192
0.51875 0.1218224
0.5191 0.1218224
0.51945 0.1217383
0.5198 0.1217383
0.52015 0.1217383
0.5205 0.1217172
0.52085 0.1217131
0.5212 0.1216827
0.52155 0.1216668999999999
0.5219 0.1215789999999999
0.52225 0.1215750999999999
0.5226 0.1215308
0.52295 0.1214398999999999
0.5233 0.1201547
0.52365 0.1201547
0.524 0.1200242
0.52435 0.1213115
0.5247 0.1213115
0.52505 0.1213803
0.5254 0.1213866
0.52575 0.1213866
0.5261 0.1213895
0.52645 0.1213663
0.5268 0.1211753999999999
0.52715 0.120918
0.5275 0.120918
0.52785 0.120918
0.5282 0.1212529
0.52855 0.1212529
0.5289 0.1209474
0.52925 0.1208154
0.5296 0.1207996
0.52995 0.1208154
0.5303 0.1207226
0.53065 0.1203787
0.531 0.1203787
0.53135 0.1209595
0.5317 0.1209595
0.53205 0.12084
0.5324 0.1204597999999999
0.53275 0.1205490999999999
0.5331 0.1205490999999999
0.53345 0.1207861
0.5338 0.1207972
0.53415 0.1208055
0.5345 0.1208055
0.53485 0.1206202
0.5352 0.1205348999999999
0.53555 0.120502
0.5359 0.1202938
0.53625 0.1202938
0.5366 0.1202938
0.53695 0.1199723999999999
0.5373 0.1199723999999999
0.53765 0.1198117
0.538 0.1197918999999999
0.53835 0.1196433
0.5387 0.1193116999999999
0.53905 0.1192598999999999
0.5394 0.1190631
0.53975 0.1186736
0.5401 0.1186736
0.54045 0.1179722
0.5408 0.1175917
0.54115 0.1175917
0.5415 0.1168491
0.54185 0.1168491
0.5422 0.116795
0.54255 0.1167577
0.5429 0.116795
0.54325 0.1167577
0.5436 0.1167478
0.54395 0.1167478
0.5443 0.1171926
0.54465 0.1180741
0.545 0.1180741
0.54535 0.1182463999999999
0.5457 0.1184008
0.54605 0.1184008
0.5464 0.1180568
0.54675 0.1180568
0.5471 0.1183868
0.54745 0.1190414
0.5478 0.1190414
0.54815 0.1191974999999999
0.5485 0.1193998
0.54885 0.1195047
0.5492 0.1193998
0.54955 0.1195047
0.5499 0.1188664
0.55025 0.1195027
0.5506 0.1195027
0.55095 0.1195027
0.5513 0.1196633
0.55165 0.1192280999999999
0.552 0.1195296
0.55235 0.1194451
0.5527 0.1194451
0.55305 0.1194451
0.5534 0.1194362
0.55375 0.1194362
0.5541 0.1194362
0.55445 0.119291
0.5548 0.1192742
0.55515 0.1192742
0.5555 0.1192742
0.55585 0.1195813999999999
0.5562 0.1194732
0.55655 0.1194732
0.5569 0.1191986
0.55725 0.1191986
0.5576 0.1193666
0.55795 0.119445
0.5583 0.1193666
0.55865 0.119445
0.559 0.1194172
0.55935 0.1194448
0.5597 0.1194172
0.56005 0.1193563999999999
0.5604 0.1193563999999999
0.56075 0.1192916
0.5611 0.1192932
0.56145 0.1192916999999999
0.5618 0.1192916999999999
0.56215 0.1191819
0.5625 0.1191819
0.56285 0.1192755
0.5632 0.1192755
0.56355 0.1190879
0.5639 0.1190069
0.56425 0.1190879
0.5646 0.1189838999999999
0.56495 0.1189838999999999
0.5653 0.1189247
0.56565 0.1189247
0.566 0.1185631
0.56635 0.1180195
0.5667 0.1178998
0.56705 0.1180195
0.5674 0.1179448
0.56775 0.1179448
0.5681 0.1158978
0.56845 0.1158978
0.5688 0.1155987
0.56915 0.1166194999999999
0.5695 0.1154813
0.56985 0.1158222999999999
0.5702 0.1158222999999999
0.57055 0.1178983
0.5709 0.1178983
0.57125 0.1175373
0.5716 0.1170368999999999
0.57195 0.1175262999999999
0.5723 0.1175262999999999
0.57265 0.1175262999999999
0.573 0.1177906
0.57335 0.1156558999999999
0.5737 0.1170831
0.57405 0.115676
0.5744 0.115676
0.57475 0.115676
0.5751 0.1148556
0.57545 0.1170903
0.5758 0.1172826
0.57615 0.1172826
0.5765 0.1166383
0.57685 0.1155452
0.5772 0.1166383
0.57755 0.1169381
0.5779 0.1169381
0.57825 0.1174356
0.5786 0.1172386
0.57895 0.1173656999999999
0.5793 0.1173656999999999
0.57965 0.1173656999999999
0.58 0.117377
0.58035 0.1172261999999999
0.5807 0.1173871
0.58105 0.1173871
0.5814 0.1173871
0.58175 0.117638
0.5821 0.1174351
0.58245 0.1174351
0.5828 0.1172078999999999
0.58315 0.1172078999999999
0.5835 0.1172655
0.58385 0.1172655
0.5842 0.1172655
0.58455 0.1174551
0.5849 0.1174551
0.58525 0.1172914999999999
0.5856 0.1172914999999999
0.58595 0.1172914999999999
0.5863 0.1170047
0.58665 0.1169943
0.587 0.1167401
0.58735 0.1166484999999999
0.5877 0.1160523
0.58805 0.115124
0.5884 0.115124
0.58875 0.115124
0.5891 0.1152673999999999
0.58945 0.1152673999999999
0.5898 0.1139855
0.59015 0.1139855
0.5905 0.115272
0.59085 0.115272
0.5912 0.1154157
0.59155 0.1154446
0.5919 0.1154456
0.59225 0.1154446
0.5926 0.1156423999999999
0.59295 0.1162608999999999
0.5933 0.1162608999999999
0.59365 0.1151474999999999
0.594 0.1150536
0.59435 0.1132148
0.5947 0.1132148
0.59505 0.1149514
0.5954 0.1150108
0.59575 0.1150108
0.5961 0.1150108
0.59645 0.1147418999999999
0.5968 0.1152778
0.59715 0.1152778
0.5975 0.1152778
0.59785 0.1146083
0.5982 0.1146083
0.59855 0.1150827
0.5989 0.1150827
0.59925 0.1148628999999999
0.5996 0.1148628999999999
0.59995 0.1153158
0.6003 0.1153158
0.60065 0.1140202
0.601 0.1140202
0.60135 0.1148773999999999
0.6017 0.1156127
0.60205 0.1156127
0.6024 0.1162569
0.60275 0.1162569
0.6031 0.1165952
0.60345 0.1168249
0.6038 0.1168249
0.60415 0.1164476999999999
0.6045 0.1164476999999999
0.60485 0.1161018
0.6052 0.1168402
0.60555 0.1168696999999999
0.6059 0.1168696999999999
0.60625 0.1168696999999999
0.6066 0.1167724
0.60695 0.1169585
0.6073 0.1167724
0.60765 0.1169585
0.608 0.1166426999999999
0.60835 0.1167742
0.6087 0.1166426999999999
0.60905 0.1166635
0.6094 0.1165348
0.60975 0.1166635
0.6101 0.1168701
0.61045 0.1168701
0.6108 0.1166502
0.61115 0.1165898
0.6115 0.1164666999999999
0.61185 0.1162196
0.6122 0.1159506
0.61255 0.1159067
0.6129 0.115452
0.61325 0.1150551
0.6136 0.1145678999999999
0.61395 0.1141466
0.6143 0.1138251
0.61465 0.1135286
0.615 0.1134134
0.61535 0.1133926
0.6157 0.1132686
0.61605 0.1129496
0.6164 0.1127653
0.61675 0.1125803999999999
0.6171 0.1121694
0.61745 0.1113859999999999
0.6178 0.1105945
0.61815 0.1105724999999999
0.6185 0.1099827999999999
0.61885 0.109667
0.6192 0.1094594
0.61955 0.1094594
0.6199 0.1097253
0.62025 0.1101583
0.6206 0.1106142
0.62095 0.1106218
0.6213 0.1108606999999999
0.62165 0.1112039
0.622 0.1117978
0.62235 0.112453
0.6227 0.1129598
0.62305 0.1135196999999999
0.6234 0.1138908999999999
0.62375 0.1139506
0.6241 0.1146206
0.62445 0.1148184
0.6248 0.1150678
0.62515 0.1155445
0.6255 0.1158087
0.62585 0.1159018
0.6262 0.1160448
0.62655 0.1160448
0.6269 0.1160767
0.62725 0.1161658999999999
0.6276 0.1161658999999999
0.62795 0.1163434999999999
0.6283 0.1163426
0.62865 0.1163495
0.629 0.1166018
0.62935 0.1166648
0.6297 0.1166831999999999
0.63005 0.1168158999999999
0.6304 0.1168158999999999
0.63075 0.116696
0.6311 0.1163846
0.63145 0.1161326
0.6318 0.1146345
0.63215 0.1146345
0.6325 0.1159471
0.63285 0.1160703999999999
0.6332 0.1160831999999999
0.63355 0.1163974
0.6339 0.1164719
0.63425 0.1164997
0.6346 0.1164997
0.63495 0.1162155
0.6353 0.1162155
0.63565 0.1160661
0.636 0.1160634
0.63635 0.1160634
0.6367 0.1155393
0.63705 0.1155393
0.6374 0.1155393
0.63775 0.1150038999999999
0.6381 0.1152392
0.63845 0.1152392
0.6388 0.1152392
0.63915 0.1154729
0.6395 0.1154729
0.63985 0.1159269
0.6402 0.1160577
0.64055 0.1159269
0.6409 0.1159549
0.64125 0.1158555
0.6416 0.1156934999999999
0.64195 0.1156481
0.6423 0.1156481
0.64265 0.1157405
0.643 0.1157405
0.64335 0.1156676
0.6437 0.1152519
0.64405 0.1147373
0.6444 0.1147373
0.64475 0.1147301
0.6451 0.1147301
0.64545 0.1147301
0.6458 0.1137365
0.64615 0.1125601
0.6465 0.1125601
0.64685 0.1135537
0.6472 0.1139049
0.64755 0.1139049
0.6479 0.1137841999999999
0.64825 0.1137383
0.6486 0.1137841999999999
0.64895 0.114026
0.6493 0.1142486
0.64965 0.1147156
0.65 0.1147156
0.65035 0.1150029
0.6507 0.1146918
0.65105 0.1132268
0.6514 0.1132268
0.65175 0.1132268
0.6521 0.1134986
0.65245 0.1145263
0.6528 0.1145263
0.65315 0.1146619999999999
0.6535 0.1138425
0.65385 0.1146905999999999
0.6542 0.1132749
0.65455 0.1141793999999999
0.6549 0.1141793999999999
0.65525 0.1141793999999999
0.6556 0.1134126999999999
0.65595 0.1133041
0.6563 0.1133041
0.65665 0.1137136
0.657 0.1137136
0.65735 0.1133551999999999
0.6577 0.1133551999999999
0.65805 0.1139408
0.6584 0.1139408
0.65875 0.1139408
0.6591 0.1141414999999999
0.65945 0.1141414999999999
0.6598 0.1133184999999999
0.66015 0.1133184999999999
0.6605 0.1142088
0.66085 0.1142088
0.6612 0.1139328999999999
0.66155 0.1138931
0.6619 0.1139328999999999
0.66225 0.1138931
0.6626 0.1140131
0.66295 0.1139583999999999
0.6633 0.1139583999999999
0.66365 0.1138771
0.664 0.1138523999999999
0.66435 0.1138523999999999
0.6647 0.1140866
0.66505 0.1140866
0.6654 0.1139598999999999
0.66575 0.1137803
0.6661 0.1134393
0.66645 0.1136789
0.6668 0.1136789
0.66715 0.113749
0.6675 0.1137651
0.66785 0.1137862
0.6682 0.1137862
0.66855 0.1136761
0.6689 0.1136761
0.66925 0.1138878999999999
0.6696 0.1141831999999999
0.66995 0.1142599999999999
0.6703 0.1144333999999999
0.67065 0.1146594
0.671 0.1146594
0.67135 0.1148703
0.6717 0.1150253
0.67205 0.1150253
0.6724 0.1150253
0.67275 0.1151513
0.6731 0.1152306
0.67345 0.1153088999999999
0.6738 0.1155813999999999
0.67415 0.1155903
0.6745 0.1155903
0.67485 0.1156241
0.6752 0.1158543
0.67555 0.1158543
0.6759 0.1158791
0.67625 0.1159010999999999
0.6766 0.1159010999999999
0.67695 0.115906
0.6773 0.115906
0.67765 0.1159451
0.678 0.1159451
0.67835 0.1158472
0.6787 0.1155321
0.67905 0.1155676
0.6794 0.1155676
0.67975 0.1156388999999999
0.6801 0.1156388999999999
0.68045 0.1156222
0.6808 0.1152859
0.68115 0.115268
0.6815 0.115268
0.68185 0.1150928999999999
0.6822 0.1149089
0.68255 0.1149089
0.6829 0.1149089
0.68325 0.1147458
0.6836 0.1147458
0.68395 0.1146203
0.6843 0.1143378999999999
0.68465 0.1143378999999999
0.685 0.1146551
0.68535 0.1151651
0.6857 0.1151886
0.68605 0.1151886
0.6864 0.1150841999999999
0.68675 0.1141
0.6871 0.1141
0.68745 0.1147317
0.6878 0.1149869999999999
0.68815 0.1150841
0.6885 0.1150841
0.68885 0.1147663
0.6892 0.1147663
0.68955 0.1134805
0.6899 0.1144903
0.69025 0.1142859
0.6906 0.1144903
0.69095 0.1142859
0.6913 0.1137845
0.69165 0.1136076
0.692 0.1132262999999999
0.69235 0.1132262999999999
0.6927 0.1132329
0.69305 0.1132329
0.6934 0.1130671
0.69375 0.1130671
0.6941 0.1130671
0.69445 0.1131981
0.6948 0.1131362
0.69515 0.1131362
0.6955 0.1131208999999999
0.69585 0.112916
0.6962 0.112916
0.69655 0.1131739
0.6969 0.1131739
0.69725 0.1134181
0.6976 0.1123275
0.69795 0.1128043
0.6983 0.1125741
0.69865 0.1125741
0.699 0.1123256
0.69935 0.1121105
0.6997 0.1121105
0.70005 0.1109762
0.7004 0.1105891
0.70075 0.1105891
0.7011 0.1106472
0.70145 0.1106472
0.7018 0.1104568
0.70215 0.1104133
0.7025 0.1104133
0.70285 0.1104133
0.7032 0.110622
0.70355 0.110622
0.7039 0.1106876
0.70425 0.1106876
0.7046 0.1107758
0.70495 0.1107758
0.7053 0.1108099999999999
0.70565 0.1118383
0.706 0.1118383
0.70635 0.1117273999999999
0.7067 0.1117273999999999
0.70705 0.1117273999999999
0.7074 0.1120247
0.70775 0.1119711
0.7081 0.1120247
0.70845 0.112007
0.7088 0.1123721999999999
0.70915 0.112007
0.7095 0.1123816
0.70985 0.1124313
0.7102 0.1128218
0.71055 0.1128218
0.7109 0.1125476
0.71125 0.1125417
0.7116 0.1125476
0.71195 0.1130761999999999
0.7123 0.1130761999999999
0.71265 0.1128206999999999
0.713 0.1127017
0.71335 0.1127017
0.7137 0.1128476999999999
0.71405 0.1128476999999999
0.7144 0.1126768
0.71475 0.1125055
0.7151 0.1123196
0.71545 0.1121375
0.7158 0.1114831
0.71615 0.1114372
0.7165 0.1103989
0.71685 0.1088338
0.7172 0.108649
0.71755 0.1072341
0.7179 0.1069226999999999
0.71825 0.1059783999999999
0.7186 0.1059783999999999
0.71895 0.1039039
0.7193 0.1037865
0.71965 0.1037865
0.72 0.1020146
0.72035 0.1020146
0.7207 0.1018573
0.72105 0.1018573
0.7214 0.1017568
0.72175 0.1007815
0.7221 0.1014759
0.72245 0.1007827
0.7228 0.1007827
0.72315 0.0996153999999999
0.7235 0.0953697
0.72385 0.0943766
0.7242 0.0943766
0.72455 0.0922893
0.7249 0.0888995
0.72525 0.0888995
0.7256 0.0864735
0.72595 0.0864735
0.7263 0.0852221
0.72665 0.0832183
0.727 0.0806564
0.72735 0.0829695
0.7277 0.0829695
0.72805 0.0853911
0.7284 0.0889746
0.72875 0.0913089
0.7291 0.0922845
0.72945 0.0928129999999999
0.7298 0.0928129999999999
0.73015 0.0934233999999999
0.7305 0.0948923
0.73085 0.0978081
0.7312 0.0990895
0.73155 0.0990895
0.7319 0.1001088
0.73225 0.098686
0.7326 0.1003759999999999
0.73295 0.098686
0.7333 0.1013725
0.73365 0.104441
0.734 0.104441
0.73435 0.1054097
0.7347 0.1065908999999999
0.73505 0.107022
0.7354 0.1077051999999999
0.73575 0.1077051999999999
0.7361 0.1077051999999999
0.73645 0.1088476999999999
0.7368 0.1088476999999999
0.73715 0.1088796
0.7375 0.1099457
0.73785 0.1101626
0.7382 0.1105897
0.73855 0.1109353
0.7389 0.1106714999999999
0.73925 0.1110708999999999
0.7396 0.1115555
0.73995 0.1118827999999999
0.7403 0.1118827999999999
0.74065 0.1126131
0.741 0.1126131
0.74135 0.1126131
0.7417 0.112688
0.74205 0.1130781
0.7424 0.1130781
0.74275 0.1130781
0.7431 0.1134537
0.74345 0.1134537
0.7438 0.1133632
0.74415 0.1132301999999999
0.7445 0.1132301999999999
0.74485 0.1136107
0.7452 0.1136107
0.74555 0.1136107
0.7459 0.1131806
0.74625 0.1134651
0.7466 0.1134651
0.74695 0.1134651
0.7473 0.1135687
0.74765 0.1135268
0.748 0.1135778
0.74835 0.113532
0.7487 0.113532
0.74905 0.113532
0.7494 0.1135864
0.74975 0.1135864
0.7501 0.1135864
0.75045 0.1134928999999999
0.7508 0.1138268
0.75115 0.1136737
0.7515 0.1137145
0.75185 0.1137145
0.7522 0.1137145
0.75255 0.1137737
0.7529 0.1137737
0.75325 0.1138187
0.7536 0.1138239
0.75395 0.1138239
0.7543 0.1138239
0.75465 0.1140166
0.755 0.1138094
0.75535 0.1139743
0.7557 0.1139743
0.75605 0.1139813
0.7564 0.1139813
0.75675 0.1139813
0.7571 0.1137618
0.75745 0.1136359
0.7578 0.1136359
0.75815 0.1136831
0.7585 0.1136831
0.75885 0.1136141
0.7592 0.1136057
0.75955 0.1133702
0.7599 0.1132759
0.76025 0.1132759
0.7606 0.1130614
0.76095 0.1130614
0.7613 0.113216
0.76165 0.113216
0.762 0.1129338999999999
0.76235 0.1128708
0.7627 0.1128319
0.76305 0.1127599999999999
0.7634 0.1127599999999999
0.76375 0.1127035
0.7641 0.1127035
0.76445 0.1125571999999999
0.7648 0.1125499
0.76515 0.1125499
0.7655 0.1125769
0.76585 0.1125769
0.7662 0.1124926
0.76655 0.1123903
0.7669 0.1123285
0.76725 0.1123285
0.7676 0.1124693
0.76795 0.1125938999999999
0.7683 0.1125938999999999
0.76865 0.1125241999999999
0.769 0.1125212
0.76935 0.1125003999999999
0.7697 0.1125003999999999
0.77005 0.1124996
0.7704 0.1124229
0.77075 0.112417
0.7711 0.1123742
0.77145 0.112356
0.7718 0.1123377999999999
0.77215 0.1122948999999999
0.7725 0.1121446
0.77285 0.1117746
0.7732 0.1114025
0.77355 0.1114025
0.7739 0.1114546
0.77425 0.1116101
0.7746 0.1116101
0.77495 0.1115618999999999
0.7753 0.1114698999999999
0.77565 0.1112591999999999
0.776 0.1110663
0.77635 0.1109381
0.7767 0.11091
0.77705 0.1107809999999999
0.7774 0.1106206
0.77775 0.1105559999999999
0.7781 0.1104027
0.77845 0.1101809
0.7788 0.1099776
0.77915 0.1097378
0.7795 0.1091783999999999
0.77985 0.1087451
0.7802 0.1081483999999999
0.78055 0.1081438
0.7809 0.1073645999999999
0.78125 0.1070394
0.7816 0.1069609
0.78195 0.1067743999999999
0.7823 0.1067698
0.78265 0.1067097
0.783 0.1063813
0.78335 0.1063509
0.7837 0.1055974
0.78405 0.1055974
0.7844 0.1064252
0.78475 0.1072513999999999
0.7851 0.107613
0.78545 0.107613
0.7858 0.1073416
0.78615 0.107274
0.7865 0.107274
0.78685 0.107274
0.7872 0.1073394
0.78755 0.1077926999999999
0.7879 0.1078724
0.78825 0.1081448999999999
0.7886 0.1081448999999999
0.78895 0.1083091
0.7893 0.1083091
0.78965 0.1084214999999999
0.79 0.1084214999999999
0.79035 0.1084105
0.7907 0.1083068
0.79105 0.1080233999999999
0.7914 0.1077208
0.79175 0.1076874
0.7921 0.1073433
0.79245 0.1068678
0.7928 0.1063873
0.79315 0.1063873
0.7935 0.1063706
0.79385 0.1063706
0.7942 0.1059095
0.79455 0.1059013999999999
0.7949 0.1050777
0.79525 0.1049281
0.7956 0.1050777
0.79595 0.1032524
0.7963 0.1032524
0.79665 0.1032524
0.797 0.1043482999999999
0.79735 0.1043482999999999
0.7977 0.1043482999999999
0.79805 0.10436
0.7984 0.1046908
0.79875 0.1046918
0.7991 0.1048958
0.79945 0.1052632
0.7998 0.1054763999999999
0.80015 0.1055181
0.8005 0.1058252
0.80085 0.1062234999999999
0.8012 0.1062234999999999
0.80155 0.1061041
0.8019 0.1061041
0.80225 0.1063265
0.8026 0.1063666
0.80295 0.1069553999999999
0.8033 0.1069553999999999
0.80365 0.1073333
0.804 0.107386
0.80435 0.1075335
0.8047 0.1078844
0.80505 0.1082953
0.8054 0.1082953
0.80575 0.1082849999999999
0.8061 0.1080837
0.80645 0.1080837
0.8068 0.1087236
0.80715 0.1091278
0.8075 0.1091278
0.80785 0.1094648
0.8082 0.1094648
0.80855 0.1095447
0.8089 0.1095447
0.80925 0.1092156
0.8096 0.1092156
0.80995 0.1095857
0.8103 0.10974
0.81065 0.10974
0.811 0.1097779
0.81135 0.1098876
0.8117 0.11
0.81205 0.1101106
0.8124 0.1102716999999999
0.81275 0.1104627999999999
0.8131 0.1102716999999999
0.81345 0.1107506
0.8138 0.1108502
0.81415 0.1108646
0.8145 0.1108646
0.81485 0.1067497
0.8152 0.1067497
0.81555 0.1108913
0.8159 0.1110083999999999
0.81625 0.1110083999999999
0.8166 0.1113293
0.81695 0.111241
0.8173 0.1113609
0.81765 0.111241
0.818 0.1112321
0.81835 0.1112321
0.8187 0.1112321
0.81905 0.1116716999999999
0.8194 0.1117479
0.81975 0.1117479
0.8201 0.1118415
0.82045 0.1119059
0.8208 0.1119059
0.82115 0.1120099
0.8215 0.1119075
0.82185 0.1119075
0.8222 0.1118354
0.82255 0.1116747
0.8229 0.1112657
0.82325 0.1062428
0.8236 0.108348
0.82395 0.108348
0.8243 0.1118853
0.82465 0.1121165
0.825 0.1121165
0.82535 0.1121165
0.8257 0.1121026
0.82605 0.1121026
0.8264 0.1122315
0.82675 0.1122484
0.8271 0.1122315
0.82745 0.1119428
0.8278 0.1107616
0.82815 0.1118315
0.8285 0.1118315
0.82885 0.1118315
0.8292 0.1119751
0.82955 0.1121214
0.8299 0.1121214
0.83025 0.1120216
0.8306 0.1120216
0.83095 0.1120759
0.8313 0.1122099999999999
0.83165 0.1120759
0.832 0.1115999
0.83235 0.1115999
0.8327 0.1109291999999999
0.83305 0.1119907
0.8334 0.1117098999999999
0.83375 0.1117098999999999
0.8341 0.1096762999999999
0.83445 0.1096762999999999
0.8348 0.1096762999999999
0.83515 0.1105867
0.8355 0.1101536
0.83585 0.1101536
0.8362 0.1097983999999999
0.83655 0.1097151
0.8369 0.1093493999999999
0.83725 0.1090155999999999
0.8376 0.1075338
0.83795 0.1068742
0.8383 0.1068742
0.83865 0.1068742
0.839 0.1068976
0.83935 0.107004
0.8397 0.1072851999999999
0.84005 0.1072826
0.8404 0.1072826
0.84075 0.1059827
0.8411 0.105288
0.84145 0.105288
0.8418 0.1054357
0.84215 0.1054461
0.8425 0.1070041
0.84285 0.1084301
0.8432 0.1084301
0.84355 0.1083387999999999
0.8439 0.1077404
0.84425 0.1077404
0.8446 0.1080698
0.84495 0.108234
0.8453 0.1093272
0.84565 0.1093272
0.846 0.1094576
0.84635 0.1099895
0.8467 0.1100223999999999
0.84705 0.1099974
0.8474 0.1099974
0.84775 0.1098273
0.8481 0.1098273
0.84845 0.1098273
0.8488 0.1102441
0.84915 0.1105188999999999
0.8495 0.1105188999999999
0.84985 0.1102291
0.8502 0.110063
0.85055 0.1087349
0.8509 0.1087349
0.85125 0.1087349
0.8516 0.1094264
0.85195 0.1091306
0.8523 0.1091306
0.85265 0.1085974
0.853 0.1079566
0.85335 0.1078306
0.8537 0.1073889
0.85405 0.1068452
0.8544 0.1059311999999999
0.85475 0.1056303
0.8551 0.1055628
0.85545 0.1047002
0.8558 0.1045490999999999
0.85615 0.1031094
0.8565 0.1031094
0.85685 0.1023673
0.8572 0.1007697999999999
0.85755 0.0995467
0.8579 0.0957297
0.85825 0.0957297
0.8586 0.0961932
0.85895 0.0961932
0.8593 0.0950018999999999
0.85965 0.0946858999999999
0.86 0.0932193
0.86035 0.0896963
0.8607 0.0888198
0.86105 0.0852817
0.8614 0.0847606
0.86175 0.0831179
0.8621 0.0814186
0.86245 0.0814186
0.8628 0.0812688999999999
0.86315 0.0814482
0.8635 0.0813375
0.86385 0.0813375
0.8642 0.0754177
0.86455 0.0742362
0.8649 0.0754177
0.86525 0.0824543
0.8656 0.0826417
0.86595 0.0854226
0.8663 0.0861131
0.86665 0.0861131
0.867 0.0774697999999999
0.86735 0.0774697999999999
0.8677 0.0809526999999999
0.86805 0.0860448
0.8684 0.0903794
0.86875 0.0913251
0.8691 0.0949574
0.86945 0.095328
0.8698 0.0958928
0.87015 0.0958928
0.8705 0.0958928
0.87085 0.0939396
0.8712 0.0890943
0.87155 0.0939396
0.8719 0.0946633
0.87225 0.0995437
0.8726 0.0948056
0.87295 0.0948056
0.8733 0.0948056
0.87365 0.0987156999999999
0.874 0.0990251
0.87435 0.1010945
0.8747 0.1010945
0.87505 0.1010945
0.8754 0.1022579
0.87575 0.0980825
0.8761 0.0993964
0.87645 0.0985041
0.8768 0.0985041
0.87715 0.0982909
0.8775 0.0917106
0.87785 0.0917106
0.8782 0.090011
0.87855 0.090011
0.8789 0.0971056
0.87925 0.0971056
0.8796 0.0682671
0.87995 0.0682671
0.8803 0.0687681
0.88065 0.0687681
0.881 0.0587942
0.88135 0.0574095
0.8817 0.0491828
0.88205 0.0373593
0.8824 0.0218925
0.88275 0.0218925
0.8831 0.0218925
0.88345 0.0221069
0.8838 0.021147
0.88415 0.0221069
0.8845 0.0285185999999999
0.88485 0.0355274
0.8852 0.0384329
0.88555 0.0384329
0.8859 0.0346514
0.88625 0.0265875
0.8866 0.0108082
0.88695 0.0080284
0.8873 0.0080284
0.88765 0.0108367999999999
0.888 0.0131733
0.88835 0.0131733
0.8887 0.01892
0.88905 0.0104692999999999
0.8894 0.0196849
0.88975 0.0206219
0.8901 0.0265378
0.89045 0.0247235
0.8908 0.0254611
0.89115 0.0247235
0.8915 0.0254611
0.89185 0.0274760999999999
0.8922 0.0274760999999999
0.89255 0.0274760999999999
0.8929 0.0284577
0.89325 0.0284577
0.8936 0.0253526
0.89395 0.0233744
0.8943 0.0233744
0.89465 0.0231988
0.895 0.0231988
0.89535 0.0207589
0.8957 0.0207589
0.89605 0.0250753
0.8964 0.0295809
0.89675 0.0396857
0.8971 0.0396857
0.89745 0.0382235
0.8978 0.0382235
0.89815 0.0397635
0.8985 0.0420584
0.89885 0.0420584
0.8992 0.0380360999999999
0.89955 0.0380360999999999
0.8999 0.0396186999999999
0.90025 0.0396186999999999
0.9006 0.0509774999999999
0.90095 0.0584274
0.9013 0.060792
0.90165 0.0734827
0.902 0.0734827
0.90235 0.0716895
0.9027 0.0716895
0.90305 0.0716895
0.9034 0.0799054999999999
0.90375 0.0716418
0.9041 0.0811735
0.90445 0.0875138999999999
0.9048 0.0880378
0.90515 0.0880459
0.9055 0.0944628
0.90585 0.0965583999999999
0.9062 0.0965583999999999
0.90655 0.0910363
0.9069 0.0894661
0.90725 0.0894661
0.9076 0.0894661
0.90795 0.0899013
0.9083 0.0776424
0.90865 0.0899013
0.909 0.099536
0.90935 0.099536
0.9097 0.0884837
0.91005 0.0884837
0.9104 0.0927628
0.91075 0.0980162
0.9111 0.1024243999999999
0.91145 0.1023646999999999
0.9118 0.1023646999999999
0.91215 0.0999354
0.9125 0.0999354
0.91285 0.0999354
0.9132 0.0999704
0.91355 0.0931023999999999
0.9139 0.1013509
0.91425 0.1017215
0.9146 0.1038887
0.91495 0.1036247
0.9153 0.1036247
0.91565 0.0971017
0.916 0.0971017
0.91635 0.0983281999999999
0.9167 0.0983281999999999
0.91705 0.0999635
0.9174 0.103243
0.91775 0.103243
0.9181 0.0999301
0.91845 0.0999301
0.9188 0.0999301
0.91915 0.0986978
0.9195 0.0984656999999999
0.91985 0.0984656999999999
0.9202 0.1021827
0.92055 0.1021827
0.9209 0.1047517
0.92125 0.1014003999999999
0.9216 0.0975745
0.92195 0.0975745
0.9223 0.0821531
0.92265 0.0983687999999999
0.923 0.1057285
0.92335 0.1057285
0.9237 0.1015995
0.92405 0.1015995
0.9244 0.1023879999999999
0.92475 0.1039369999999999
0.9251 0.1023879999999999
0.92545 0.1039369999999999
0.9258 0.0986539999999999
0.92615 0.0986539999999999
0.9265 0.0986539999999999
0.92685 0.0831604
0.9272 0.094486
0.92755 0.094486
0.9279 0.094486
0.92825 0.1017031
0.9286 0.1017031
0.92895 0.1045663
0.9293 0.1048921
0.92965 0.1048921
0.93 0.0956041
0.93035 0.0936651
0.9307 0.0790578
0.93105 0.086491
0.9314 0.086491
0.93175 0.086491
0.9321 0.0914471999999999
0.93245 0.0840276
0.9328 0.0914471999999999
0.93315 0.1007478999999999
0.9335 0.1007478999999999
0.93385 0.0915128
0.9342 0.0834169
0.93455 0.0834169
0.9349 0.0880943
0.93525 0.0880943
0.9356 0.1020973999999999
0.93595 0.1020973999999999
0.9363 0.1028854
0.93665 0.1028854
0.937 0.098049
0.93735 0.098049
0.9377 0.0845593
0.93805 0.0830973
0.9384 0.0830973
0.93875 0.0909449
0.9391 0.0999076
0.93945 0.1010452999999999
0.9398 0.0999076
0.94015 0.1031599999999999
0.9405 0.0753413
0.94085 0.1034882
0.9412 0.1044666
0.94155 0.1066299999999999
0.9419 0.1075945
0.94225 0.1075945
0.9426 0.1072758
0.94295 0.0843316
0.9433 0.0843316
0.94365 0.0917698
0.944 0.0917698
0.94435 0.0748209
0.9447 0.0748209
0.94505 0.1040780999999999
0.9454 0.1040780999999999
0.94575 0.1040780999999999
0.9461 0.1022549
0.94645 0.1022549
0.9468 0.0947833999999999
0.94715 0.0947833999999999
0.9475 0.0947833999999999
0.94785 0.1005331
0.9482 0.1041277
0.94855 0.1051444999999999
0.9489 0.1041277
0.94925 0.0908091999999999
0.9496 0.0908091999999999
0.94995 0.0944401
0.9503 0.0999753
0.95065 0.1068285
0.951 0.1068285
0.95135 0.1020503999999999
0.9517 0.1020503999999999
0.95205 0.1030744
0.9524 0.1030744
0.95275 0.0983362
0.9531 0.0968381
0.95345 0.0968381
0.9538 0.1064061999999999
0.95415 0.1064061999999999
0.9545 0.1055683999999999
0.95485 0.1055683999999999
0.9552 0.1018323
0.95555 0.1052851
0.9559 0.1052851
0.95625 0.1052851
0.9566 0.1048668
0.95695 0.0973461
0.9573 0.0973461
0.95765 0.1061022
0.958 0.1061022
0.95835 0.1058951
0.9587 0.1054193
0.95905 0.1054193
0.9594 0.0982432
0.95975 0.0982432
0.9601 0.1032114
0.96045 0.1032114
0.9608 0.1018113
0.96115 0.1018113
0.9615 0.1018113
0.96185 0.1011614
0.9622 0.0999085
0.96255 0.0881868999999999
0.9629 0.0881868999999999
0.96325 0.0937539
0.9636 0.0937539
0.96395 0.093417
0.9643 0.093417
0.96465 0.093417
0.965 0.0920003
0.96535 0.0902218
0.9657 0.0891625
0.96605 0.0869711
0.9664 0.0868936
0.96675 0.086522
0.9671 0.0816005
0.96745 0.0842695
0.9678 0.0842695
0.96815 0.0896505
0.9685 0.0896505
0.96885 0.0885565
0.9692 0.0867919
0.96955 0.0866248999999999
0.9699 0.0852329
0.97025 0.0805391999999999
0.9706 0.0751096
0.97095 0.0740261
0.9713 0.0751096
0.97165 0.0808362
0.972 0.0818824
0.97235 0.0836878
0.9727 0.0854413
0.97305 0.0836878
0.9734 0.0830487
0.97375 0.0830487
0.9741 0.0809526
0.97445 0.0834066
0.9748 0.0852131999999999
0.97515 0.085727
0.9755 0.0858873
0.97585 0.0876705
0.9762 0.0876705
0.97655 0.0841243
0.9769 0.0744462
0.97725 0.0841243
0.9776 0.0761837
0.97795 0.0788521
0.9783 0.0761837
0.97865 0.0751915
0.979 0.0751915
0.97935 0.0840168
0.9797 0.0840168
0.98005 0.0731337
0.9804 0.066875
0.98075 0.066875
0.9811 0.066875
0.98145 0.0696953999999999
0.9818 0.0696953999999999
0.98215 0.0648485
0.9825 0.0648485
0.98285 0.0173465999999999
0.9832 0.0567748
0.98355 0.0567748
0.9839 0.0580036999999999
0.98425 0.0581451
0.9846 0.0580036999999999
0.98495 0.0612488
0.9853 0.0340855
0.98565 0.0426783
0.986 0.0306701999999999
0.98635 0.0426783
0.9867 0.0319527
0.98705 0.0370007
0.9874 0.0370007
0.98775 0.0380519
0.9881 0.0380519
0.98845 0.0025374
0.9888 0.0025374
0.98915 0.01349
0.9895 0.0412283
0.98985 0.0285745
0.9902 0.0435275
0.99055 0.0285745
0.9909 0.0403513
0.99125 0.0403513
0.9916 0.0433359
0.99195 0.0433359
0.9923 0.052147
0.99265 0.0534388
0.993 0.0534388
0.99335 0.0526966
0.9937 0.050935
0.99405 0.0491925999999999
0.9944 0.0491925999999999
0.99475 0.0491925999999999
0.9951 0.0385342
0.99545 0.0385342
0.9958 0.0062526
0.99615 0.0430407
0.9965 0.0062526
0.99685 0.0430407
0.9972 0.0537270999999999
0.99755 0.0537270999999999
0.9979 0.0546774
0.99825 0.0430036
0.9986 0.0480573
0.99895 0.0427382
0.9993 0.0427382
