0.3 0.0616388
0.30035 0.0618454
0.3007 0.0619126999999999
0.30105 0.0619126999999999
0.3014 0.0619005
0.30175 0.0618422
0.3021 0.0617355
0.30245 0.0615248
0.3028 0.0610604
0.30315 0.0597388
0.3035 0.0597388
0.30385 0.0598874
0.3042 0.0610063
0.30455 0.0613771
0.3049 0.0615151999999999
0.30525 0.0615688999999999
0.3056 0.0615688999999999
0.30595 0.0615681
0.3063 0.0615415999999999
0.30665 0.0615039
0.307 0.0614565
0.30735 0.0613986
0.3077 0.0613274
0.30805 0.0612370999999999
0.3084 0.0611155999999999
0.30875 0.0609422
0.3091 0.0606488
0.30945 0.0600719
0.3098 0.0587385999999999
0.31015 0.058146
0.3105 0.058146
0.31085 0.0597119
0.3112 0.0602783
0.31155 0.0605009
0.3119 0.060585
0.31225 0.0605901999999999
0.3126 0.0605901999999999
0.31295 0.0605558
0.3133 0.0605085
0.31365 0.0604529
0.314 0.0603896999999999
0.31435 0.060322
0.3147 0.0602481999999999
0.31505 0.0601714
0.3154 0.0600904
0.31575 0.0600054
0.3161 0.0599163
0.31645 0.0598231
0.3168 0.0597254
0.31715 0.059623
0.3175 0.0595154
0.31785 0.0594019999999999
0.3182 0.0592846
0.31855 0.0591567
0.3189 0.059022
0.31925 0.0588712
0.3196 0.0587057
0.31995 0.0585121
0.3203 0.0582695
0.32065 0.0579280999999999
0.321 0.0573491999999999
0.32135 0.0560731
0.3217 0.0555520999999999
0.32205 0.0555520999999999
0.3224 0.0568121
0.32275 0.0571217
0.3231 0.0571217
0.32345 0.0570534
0.3238 0.0569066
0.32415 0.0567323
0.3245 0.0565368
0.32485 0.0563187
0.3252 0.0560903
0.32555 0.0558468
0.3259 0.055588
0.32625 0.055313
0.3266 0.0550205
0.32695 0.0547172
0.3273 0.0543848
0.32765 0.0540294999999999
0.328 0.0536597
0.32835 0.0532526999999999
0.3287 0.0528207
0.32905 0.0523154999999999
0.3294 0.0515865999999999
0.32975 0.05032
0.3301 0.0482814
0.33045 0.0482814
0.3308 0.0503179
0.33115 0.0514231999999999
0.3315 0.0520174999999999
0.33185 0.0524278
0.3322 0.0527708
0.33255 0.053071
0.3329 0.0533595
0.33325 0.0536173999999999
0.3336 0.0538658
0.33395 0.0540879
0.3343 0.0543025999999999
0.33465 0.0544956
0.335 0.0546763
0.33535 0.054846
0.3357 0.0550053999999999
0.33605 0.0551613
0.3364 0.0552963
0.33675 0.0554288999999999
0.3371 0.0555533999999999
0.33745 0.0556701
0.3378 0.0557791999999999
0.33815 0.0558764
0.3385 0.0559707
0.33885 0.0560531999999999
0.3392 0.0561317
0.33955 0.0561979
0.3399 0.0562575
0.34025 0.0563028
0.3406 0.0563349
0.34095 0.0563441
0.3413 0.0563441
0.34165 0.0563089
0.342 0.0562331
0.34235 0.0560988
0.3427 0.0558769999999999
0.34305 0.0555217
0.3434 0.0549807999999999
0.34375 0.0541058
0.3441 0.0527201
0.34445 0.0505559
0.3448 0.0505559
0.34515 0.0521336
0.3455 0.0536229
0.34585 0.0546343
0.3462 0.0553014
0.34655 0.0557749
0.3469 0.0561207
0.34725 0.0563803
0.3476 0.0565804999999999
0.34795 0.0567385
0.3483 0.056866
0.34865 0.0569709
0.349 0.0570585
0.34935 0.0571294
0.3497 0.0571934999999999
0.35005 0.0572491
0.3504 0.057295
0.35075 0.057338
0.3511 0.0573739
0.35145 0.0574058
0.3518 0.0574364
0.35215 0.0574619
0.3525 0.0574848
0.35285 0.0575054
0.3532 0.057524
0.35355 0.0575406999999999
0.3539 0.0575557
0.35425 0.0575692
0.3546 0.0575812
0.35495 0.0575919
0.3553 0.0576015
0.35565 0.0576081
0.356 0.0576140999999999
0.35635 0.0576216
0.3567 0.0576216
0.35705 0.0576264
0.3574 0.0576334
0.35775 0.0576336999999999
0.3581 0.0576342
0.35845 0.0576349
0.3588 0.0576362
0.35915 0.0576349
0.3595 0.0576219
0.35985 0.057607
0.3602 0.0576058
0.36055 0.0576058
0.3609 0.0576174999999999
0.36125 0.0576174999999999
0.3616 0.0576121
0.36195 0.0576089
0.3623 0.0575961
0.36265 0.0575955
0.363 0.0575888
0.36335 0.0575800999999999
0.3637 0.0575727
0.36405 0.0575552
0.3644 0.0575544
0.36475 0.0575454
0.3651 0.0575351999999999
0.36545 0.0575236
0.3658 0.0575119
0.36615 0.057501
0.3665 0.0574905
0.36685 0.0574774
0.3672 0.0574643
0.36755 0.0574518
0.3679 0.0574374
0.36825 0.0574231999999999
0.3686 0.0574052
0.36895 0.0573942999999999
0.3693 0.057377
0.36965 0.0573621999999999
0.37 0.0573384
0.37035 0.0573276999999999
0.3707 0.0573058
0.37105 0.0572890999999999
0.3714 0.0572749
0.37175 0.0572530999999999
0.3721 0.0572291999999999
0.37245 0.0572159
0.3728 0.0571896999999999
0.37315 0.057175
0.3735 0.0571400999999999
0.37385 0.0571295999999999
0.3742 0.0571014
0.37455 0.0570737
0.3749 0.0570369
0.37525 0.0570112
0.3756 0.0569951
0.37595 0.0569864
0.3763 0.0569294999999999
0.37665 0.0568995999999999
0.377 0.0568995999999999
0.37735 0.056875
0.3777 0.0568409999999999
0.37805 0.0568035999999999
0.3784 0.0567839
0.37875 0.0567034
0.3791 0.0566663
0.37945 0.0566187
0.3798 0.0566075
0.38015 0.0566075
0.3805 0.0565572
0.38085 0.0565378
0.3812 0.056504
0.38155 0.0564624
0.3819 0.0563978
0.38225 0.0563669
0.3826 0.0563385
0.38295 0.0562976
0.3833 0.0562286999999999
0.38365 0.0562071
0.384 0.0561468
0.38435 0.0561116
0.3847 0.0560574
0.38505 0.0560089
0.3854 0.055954
0.38575 0.0558963
0.3861 0.0558414
0.38645 0.0557793
0.3868 0.0557169999999999
0.38715 0.0556515999999999
0.3875 0.0555815
0.38785 0.0555160999999999
0.3882 0.0554505
0.38855 0.0553751999999999
0.3889 0.0552846
0.38925 0.0551889
0.3896 0.0551333
0.38995 0.0550399
0.3903 0.0549552
0.39065 0.0548747
0.391 0.054777
0.39135 0.0546832
0.3917 0.0545696
0.39205 0.054461
0.3924 0.0543586
0.39275 0.0542343
0.3931 0.0541136
0.39345 0.053995
0.3938 0.0538625
0.39415 0.0537075
0.3945 0.0535762
0.39485 0.0534039
0.3952 0.0532649
0.39555 0.0530919
0.3959 0.0528799
0.39625 0.0526919999999999
0.3966 0.0525062
0.39695 0.05231
0.3973 0.0520809999999999
0.39765 0.0518335
0.398 0.0515463
0.39835 0.0513304
0.3987 0.0509851999999999
0.39905 0.0506991999999999
0.3994 0.0504125999999999
0.39975 0.050056
0.4001 0.0496788
0.40045 0.0492685
0.4008 0.0488175
0.40115 0.0481181999999999
0.4015 0.0478696999999999
0.40185 0.0473265999999999
0.4022 0.0466862
0.40255 0.0461146
0.4029 0.0454128
0.40325 0.0446593
0.4036 0.0437787
0.40395 0.0427165
0.4043 0.0395320999999999
0.40465 0.0395320999999999
0.405 0.0419806
0.40535 0.0433679
0.4057 0.0441598
0.40605 0.0448479
0.4064 0.0454999
0.40675 0.0460624
0.4071 0.0465748
0.40745 0.0470483
0.4078 0.0474818
0.40815 0.0478804
0.4085 0.047914
0.40885 0.0482466
0.4092 0.0489045
0.40955 0.0492014
0.4099 0.0494642
0.41025 0.049723
0.4106 0.0499439
0.41095 0.0501556
0.4113 0.0503497
0.41165 0.050539
0.412 0.0506866
0.41235 0.0508587
0.4127 0.0509928
0.41305 0.0510023
0.4134 0.0511349
0.41375 0.0513174999999999
0.4141 0.0514812
0.41445 0.0515816
0.4148 0.05165
0.41515 0.0517424
0.4155 0.0517424
0.41585 0.0513526
0.4162 0.0513526
0.41655 0.0520385
0.4169 0.0521105
0.41725 0.052133
0.4176 0.0522141
0.41795 0.0522385999999999
0.4183 0.0522578
0.41865 0.0522915
0.419 0.0524096
0.41935 0.0524143
0.4197 0.0524143
0.42005 0.0522809999999999
0.4204 0.0522809999999999
0.42075 0.0524869
0.4211 0.0525904
0.42145 0.0525384
0.4218 0.0525384
0.42215 0.0525384
0.4225 0.0525623
0.42285 0.0527329
0.4232 0.0527329
0.42355 0.0527031999999999
0.4239 0.0527031999999999
0.42425 0.0527469
0.4246 0.0527923
0.42495 0.0528259
0.4253 0.0528704
0.42565 0.0528704
0.426 0.0527322
0.42635 0.0527322
0.4267 0.0528588
0.42705 0.0529173
0.4274 0.0529687
0.42775 0.0529687
0.4281 0.0529584
0.42845 0.0528908
0.4288 0.0528908
0.42915 0.0525659999999999
0.4295 0.0528506999999999
0.42985 0.0528506999999999
0.4302 0.0528506999999999
0.43055 0.0529276
0.4309 0.0527529
0.43125 0.0528763
0.4316 0.0527529
0.43195 0.0528763
0.4323 0.0529693999999999
0.43265 0.0529693999999999
0.433 0.0529645
0.43335 0.0529541999999999
0.4337 0.0529158
0.43405 0.0529068999999999
0.4344 0.0529068999999999
0.43475 0.0529286999999999
0.4351 0.0529286999999999
0.43545 0.0529242
0.4358 0.052889
0.43615 0.0528885
0.4365 0.0528511
0.43685 0.0527908
0.4372 0.0528284999999999
0.43755 0.0528284999999999
0.4379 0.0528284999999999
0.43825 0.0528271999999999
0.4386 0.0528207
0.43895 0.0528123
0.4393 0.0527916999999999
0.43965 0.0526641
0.44 0.0526557
0.44035 0.0525224
0.4407 0.0525224
0.44105 0.0525488
0.4414 0.0525488
0.44175 0.0525164999999999
0.4421 0.0525164999999999
0.44245 0.0525164999999999
0.4428 0.0526041999999999
0.44315 0.0525941
0.4435 0.0525941
0.44385 0.0523325
0.4442 0.0523325
0.44455 0.0525166
0.4449 0.0525166
0.44525 0.0523358
0.4456 0.0523358
0.44595 0.0523791999999999
0.4463 0.0524072
0.44665 0.0524072
0.447 0.0523719
0.44735 0.0523534
0.4477 0.0523432
0.44805 0.0523534
0.4484 0.0521481
0.44875 0.0523489
0.4491 0.0522785
0.44945 0.0522785
0.4498 0.0522437
0.45015 0.0522359
0.4505 0.0522131
0.45085 0.0521008
0.4512 0.0520924999999999
0.45155 0.0520827
0.4519 0.0520529999999999
0.45225 0.0520529999999999
0.4526 0.0520495
0.45295 0.0520495
0.4533 0.0520213
0.45365 0.0519721999999999
0.454 0.0519721999999999
0.45435 0.051838
0.4547 0.051838
0.45505 0.0518483
0.4554 0.0518483
0.45575 0.0517133
0.4561 0.0515732
0.45645 0.0517133
0.4568 0.0515024
0.45715 0.0516425999999999
0.4575 0.0515965
0.45785 0.0515965
0.4582 0.0515455
0.45855 0.0515196
0.4589 0.0515016999999999
0.45925 0.0513889
0.4596 0.0512870999999999
0.45995 0.0513521
0.4603 0.0513521
0.46065 0.0513521
0.461 0.0513452
0.46135 0.0513187
0.4617 0.0512941
0.46205 0.051238
0.4624 0.0511912
0.46275 0.0511895
0.4631 0.0511589999999999
0.46345 0.0510792
0.4638 0.0510215
0.46415 0.0510079
0.4645 0.0509568
0.46485 0.0509495
0.4652 0.0507939
0.46555 0.0507939
0.4659 0.0507595
0.46625 0.0506163
0.4666 0.0505872
0.46695 0.050575
0.4673 0.0505644
0.46765 0.0502865
0.468 0.0502208
0.46835 0.0502208
0.4687 0.0497328
0.46905 0.0484553
0.4694 0.0497328
0.46975 0.0500779
0.4701 0.0500779
0.47045 0.0500779
0.4708 0.0499245
0.47115 0.0499245
0.4715 0.049656
0.47185 0.049656
0.4722 0.0485324
0.47255 0.0487698
0.4729 0.0487698
0.47325 0.0495623
0.4736 0.0495661
0.47395 0.0495623
0.4743 0.0494278
0.47465 0.0492429
0.475 0.0494078
0.47535 0.0440096
0.4757 0.0494005999999999
0.47605 0.0489123
0.4764 0.0489123
0.47675 0.0489123
0.4771 0.0486209
0.47745 0.0490485
0.4778 0.0488211
0.47815 0.0488908
0.4785 0.0488439
0.47885 0.0488439
0.4792 0.0486814
0.47955 0.0485765
0.4799 0.0485814
0.48025 0.0484775
0.4806 0.0484775
0.48095 0.0483365
0.4813 0.0483325999999999
0.48165 0.0479931
0.482 0.0479931
0.48235 0.0479303
0.4827 0.0479303
0.48305 0.0477288
0.4834 0.0474801
0.48375 0.0473191999999999
0.4841 0.0473191999999999
0.48445 0.0467765
0.4848 0.0460854
0.48515 0.0464689
0.4855 0.0464689
0.48585 0.0464689
0.4862 0.0464259
0.48655 0.0464259
0.4869 0.0467058
0.48725 0.0467058
0.4876 0.0463092
0.48795 0.0450304
0.4883 0.0463092
0.48865 0.0466375
0.489 0.0468107
0.48935 0.0466375
0.4897 0.0466818
0.49005 0.0465181
0.4904 0.0465181
0.49075 0.0458179
0.4911 0.0458179
0.49145 0.0459042
0.4918 0.0461836
0.49215 0.0459042
0.4925 0.0458811
0.49285 0.0445239
0.4932 0.0445239
0.49355 0.0453228
0.4939 0.0453228
0.49425 0.0452551999999999
0.4946 0.0450879999999999
0.49495 0.0452551999999999
0.4953 0.0450251
0.49565 0.045159
0.496 0.045159
0.49635 0.045159
0.4967 0.0451246
0.49705 0.0450344
0.4974 0.0449015
0.49775 0.0444243
0.4981 0.0444243
0.49845 0.0441231999999999
0.4988 0.0441231999999999
0.49915 0.0444431999999999
0.4995 0.0444431999999999
0.49985 0.0441529
0.50055 0.0424544
0.5009 0.0424544
0.50125 0.0437041
0.5016 0.0437041
0.50195 0.043639
0.5023 0.0434688
0.50265 0.0429541
0.503 0.0371182
0.50335 0.0379049
0.5037 0.0379049
0.50405 0.0401609
0.5044 0.042131
0.50475 0.042131
0.5051 0.0426179
0.50545 0.0426559
0.5058 0.0426559
0.50615 0.0422895
0.5065 0.0421348
0.50685 0.0407361
0.5072 0.0407361
0.50755 0.0409557
0.5079 0.0409557
0.50825 0.0409557
0.5086 0.0412595
0.50895 0.0412595
0.5093 0.0411376999999999
0.50965 0.0410913
0.51 0.0410791
0.51035 0.0410791
0.5107 0.0410017
0.51105 0.0411790999999999
0.5114 0.0410017
0.51175 0.0411433
0.5121 0.0411433
0.51245 0.041435
0.5128 0.041435
0.51315 0.0406851
0.5135 0.0406851
0.51385 0.0408449
0.5142 0.0408449
0.51455 0.0406603
0.5149 0.0402033
0.51525 0.0406603
0.5156 0.0408838
0.51595 0.0408838
0.5163 0.0408838
0.51665 0.0406294
0.517 0.0406294
0.51735 0.0404077
0.5177 0.0403918
0.51805 0.0402941
0.5184 0.0402413
0.51875 0.0402098
0.5191 0.0401958
0.51945 0.0399121999999999
0.5198 0.0399121999999999
0.52015 0.0399121999999999
0.5205 0.0398486
0.52085 0.0398059
0.5212 0.039682
0.52155 0.0396402
0.5219 0.0394609
0.52225 0.0394007
0.5226 0.0393073
0.52295 0.0392984
0.5233 0.0374051
0.52365 0.0374051
0.524 0.0366865
0.52435 0.0387946999999999
0.5247 0.0387473
0.52505 0.0387473
0.5254 0.0385918
0.52575 0.0385657
0.5261 0.0382966
0.52645 0.0382471
0.5268 0.0381264
0.52715 0.0378034
0.5275 0.0377553
0.52785 0.0377553
0.5282 0.0377606999999999
0.52855 0.0377606999999999
0.5289 0.0375353
0.52925 0.037367
0.5296 0.0367997
0.52995 0.0371895999999999
0.5303 0.0368383
0.53065 0.0368383
0.531 0.036707
0.53135 0.036707
0.5317 0.036707
0.53205 0.036047
0.5324 0.035954
0.53275 0.035954
0.5331 0.0359306
0.53345 0.0360373
0.5338 0.0359989
0.53415 0.0359989
0.5345 0.0358699
0.53485 0.0356298
0.5352 0.0353116999999999
0.53555 0.0353903
0.5359 0.0351623
0.53625 0.0351623
0.5366 0.0350175
0.53695 0.0347656
0.5373 0.0347656
0.53765 0.0345588
0.538 0.0344571999999999
0.53835 0.0342566999999999
0.5387 0.0339255
0.53905 0.0337378
0.5394 0.0336621999999999
0.53975 0.0333828
0.5401 0.0333828
0.54045 0.0326761
0.5408 0.0319954999999999
0.54115 0.0319954999999999
0.5415 0.0318137999999999
0.54185 0.0314543
0.5422 0.0314543
0.54255 0.0313734
0.5429 0.0309644
0.54325 0.030947
0.5436 0.0309362
0.54395 0.030947
0.5443 0.0309362
0.54465 0.0310573
0.545 0.0312029
0.54535 0.0315313
0.5457 0.0315313
0.54605 0.0315313
0.5464 0.0310162
0.54675 0.0310162
0.5471 0.0310162
0.54745 0.0314196
0.5478 0.0312606
0.54815 0.0314196
0.5485 0.0314795
0.54885 0.0314795
0.5492 0.0314479
0.54955 0.0309406999999999
0.5499 0.030444
0.55025 0.0308308
0.5506 0.0308308
0.55095 0.0308308
0.5513 0.0307709999999999
0.55165 0.0304552
0.552 0.0304288
0.55235 0.0303166
0.5527 0.0302259
0.55305 0.0302259
0.5534 0.0301194
0.55375 0.0301194
0.5541 0.0299532
0.55445 0.029501
0.5548 0.029501
0.55515 0.029501
0.5555 0.0290594
0.55585 0.0295760999999999
0.5562 0.0293793
0.55655 0.0293793
0.5569 0.0283765999999999
0.55725 0.0283765999999999
0.5576 0.0288475
0.55795 0.0288635999999999
0.5583 0.0288475
0.55865 0.028835
0.559 0.0287658
0.55935 0.0287382999999999
0.5597 0.0286634
0.56005 0.0285827
0.5604 0.0284515999999999
0.56075 0.0284270999999999
0.5611 0.028245
0.56145 0.0282323
0.5618 0.0281214
0.56215 0.0279108
0.5625 0.0279454999999999
0.56285 0.0278438
0.5632 0.0278438
0.56355 0.0277579999999999
0.5639 0.0276365999999999
0.56425 0.0274809
0.5646 0.0273911
0.56495 0.0273911
0.5653 0.0271976
0.56565 0.0271976
0.566 0.0271976
0.56635 0.0268274
0.5667 0.0267084
0.56705 0.0267084
0.5674 0.0266584
0.56775 0.0266584
0.5681 0.0249409
0.56845 0.0249409
0.5688 0.0252318
0.56915 0.0254433
0.5695 0.0252318
0.56985 0.0209152
0.5702 0.0209152
0.57055 0.0257077
0.5709 0.0257077
0.57125 0.0256874
0.5716 0.0255004
0.57195 0.0255911
0.5723 0.0255004
0.57265 0.0253024
0.573 0.0250624
0.57335 0.0244634
0.5737 0.0249047
0.57405 0.0244634
0.5744 0.0242357
0.57475 0.0242357
0.5751 0.0230430999999999
0.57545 0.0243092
0.5758 0.0242856
0.57615 0.0242856
0.5765 0.0239669
0.57685 0.0228234
0.5772 0.023578
0.57755 0.023578
0.5779 0.023578
0.57825 0.023608
0.5786 0.0229260999999999
0.57895 0.0231378
0.5793 0.0231378
0.57965 0.0231378
0.58 0.0228194
0.58035 0.02278
0.5807 0.0217032
0.58105 0.0217032
0.5814 0.0223694
0.58175 0.0223694
0.5821 0.0222082
0.58245 0.0220447999999999
0.5828 0.0216946
0.58315 0.021126
0.5835 0.0209824999999999
0.58385 0.0210539
0.5842 0.0210139
0.58455 0.0210139
0.5849 0.0206695
0.58525 0.020595
0.5856 0.020595
0.58595 0.0202927
0.5863 0.020058
0.58665 0.0198317999999999
0.587 0.0193497
0.58735 0.0187991
0.5877 0.0170670999999999
0.58805 0.0149993
0.5884 0.0149993
0.58875 0.0124554
0.5891 0.0124554
0.58945 0.0121962
0.5898 0.0108911
0.59015 0.0108911
0.5905 0.0170095
0.59085 0.0170095999999999
0.5912 0.0170095999999999
0.59155 0.0170095999999999
0.5919 0.0189804
0.59225 0.0189804
0.5926 0.0190289
0.59295 0.0195652
0.5933 0.0195652
0.59365 0.0197935999999999
0.594 0.0162686
0.59435 0.0162686
0.5947 0.0162686
0.59505 0.0194512
0.5954 0.0194512
0.59575 0.0182343
0.5961 0.0182343
0.59645 0.0200364
0.5968 0.0203605
0.59715 0.0203605
0.5975 0.0203605
0.59785 0.0201795
0.5982 0.0201795
0.59855 0.0185919999999999
0.5989 0.0202983
0.59925 0.0185919999999999
0.5996 0.0202983
0.59995 0.0211668
0.6003 0.0211668
0.60065 0.0118995
0.601 0.0118995
0.60135 0.0207750999999999
0.6017 0.0214291
0.60205 0.0214291
0.6024 0.0216808
0.60275 0.0216808
0.6031 0.0217351
0.60345 0.0217351
0.6038 0.0217351
0.60415 0.0211297
0.6045 0.0211297
0.60485 0.0188972
0.6052 0.0222257999999999
0.60555 0.0221093
0.6059 0.0221273
0.60625 0.0221093
0.6066 0.0221273
0.60695 0.0222132
0.6073 0.0222132
0.60765 0.0222892
0.608 0.0217963
0.60835 0.0223277
0.6087 0.0217963
0.60905 0.0222009
0.6094 0.0221762
0.60975 0.0222009
0.6101 0.0223891999999999
0.61045 0.0223891999999999
0.6108 0.0223093
0.61115 0.0223035
0.6115 0.0222313
0.61185 0.0220955
0.6122 0.0219847
0.61255 0.0218218
0.6129 0.0214135
0.61325 0.0213165999999999
0.6136 0.0211586
0.61395 0.0209646
0.6143 0.0208194
0.61465 0.0206543
0.615 0.0205617
0.61535 0.020518
0.6157 0.0204363
0.61605 0.0202090999999999
0.6164 0.0202055999999999
0.61675 0.0200005
0.6171 0.0197779
0.61745 0.0193565999999999
0.6178 0.0187583
0.61815 0.0184330999999999
0.6185 0.0183647
0.61885 0.0182886
0.6192 0.0180724
0.61955 0.0180724
0.6199 0.0182775999999999
0.62025 0.0185706
0.6206 0.0188708
0.62095 0.0188740999999999
0.6213 0.0189269
0.62165 0.0192662
0.622 0.0196385
0.62235 0.0200134
0.6227 0.0203098
0.62305 0.0204857
0.6234 0.0207128
0.62375 0.020905
0.6241 0.0214139
0.62445 0.0214189
0.6248 0.0216147
0.62515 0.0219796
0.6255 0.0219796
0.62585 0.0220609
0.6262 0.0223347
0.62655 0.0223347
0.6269 0.0223347
0.62725 0.022516
0.6276 0.022516
0.62795 0.0225912
0.6283 0.0223371
0.62865 0.0226280999999999
0.629 0.0226465
0.62935 0.0226465
0.6297 0.0226758
0.63005 0.0226758
0.6304 0.0226758
0.63075 0.0226326
0.6311 0.0220514
0.63145 0.021453
0.6318 0.0206377
0.63215 0.021453
0.6325 0.0222843
0.63285 0.0224849
0.6332 0.0224849
0.63355 0.0223532
0.6339 0.0223532
0.63425 0.0224242
0.6346 0.0224242
0.63495 0.0225463
0.6353 0.0225463
0.63565 0.0225463
0.636 0.0224986
0.63635 0.0224986
0.6367 0.0223916
0.63705 0.0223916
0.6374 0.0223916
0.63775 0.0209298
0.6381 0.0209298
0.63845 0.0209298
0.6388 0.019734
0.63915 0.0215520999999999
0.6395 0.0213594
0.63985 0.0217912
0.6402 0.0223879
0.64055 0.0223879
0.6409 0.022381
0.64125 0.0220532999999999
0.6416 0.0209695
0.64195 0.0218111
0.6423 0.0218111
0.64265 0.0221674
0.643 0.0221674
0.64335 0.0222089
0.6437 0.0202492
0.64405 0.0202492
0.6444 0.0202492
0.64475 0.0214854
0.6451 0.0214854
0.64545 0.0215307
0.6458 0.0121702999999999
0.64615 0.0056355
0.6465 0.0056355
0.64685 0.0176309
0.6472 0.0198278
0.64755 0.0198278
0.6479 0.0190831
0.64825 0.0190831
0.6486 0.0194855
0.64895 0.0203291
0.6493 0.0211204
0.64965 0.0219650999999999
0.65 0.0219650999999999
0.65035 0.0219650999999999
0.6507 0.0195955
0.65105 0.0180028
0.6514 0.0180028
0.65175 0.0180028
0.6521 0.01858
0.65245 0.0199173
0.6528 0.0199173
0.65315 0.0210583
0.6535 0.0178914999999999
0.65385 0.021065
0.6542 0.0182428
0.65455 0.021065
0.6549 0.0211153
0.65525 0.0211153
0.6556 0.0188468
0.65595 0.014981
0.6563 0.014981
0.65665 0.01968
0.657 0.01968
0.65735 0.0177500999999999
0.6577 0.0177500999999999
0.65805 0.0195236
0.6584 0.0195236
0.65875 0.0209090999999999
0.6591 0.0211162
0.65945 0.0211162
0.6598 0.0191296
0.66015 0.0191296
0.6605 0.0212223
0.66085 0.0212223
0.6612 0.0187149
0.66155 0.0187149
0.6619 0.0200572
0.66225 0.0204566
0.6626 0.0206333
0.66295 0.0204566
0.6633 0.0203939
0.66365 0.0203939
0.664 0.0204466
0.66435 0.0206657999999999
0.6647 0.0208062
0.66505 0.0207840999999999
0.6654 0.0207840999999999
0.66575 0.0206136
0.6661 0.0199536
0.66645 0.0203847
0.6668 0.0203847
0.66715 0.0204285
0.6675 0.0204285
0.66785 0.0204446
0.6682 0.0197303
0.66855 0.0188614
0.6689 0.0188614
0.66925 0.0202927
0.6696 0.0205410999999999
0.66995 0.0202927
0.6703 0.0205530999999999
0.67065 0.0205642
0.671 0.0205642
0.67135 0.0210253
0.6717 0.0211192
0.67205 0.0211322999999999
0.6724 0.0211192
0.67275 0.0211322999999999
0.6731 0.0211683
0.67345 0.0214648
0.6738 0.0215245999999999
0.67415 0.0215245999999999
0.6745 0.0213412999999999
0.67485 0.0213412999999999
0.6752 0.0215101
0.67555 0.0215101
0.6759 0.0213964
0.67625 0.0213813
0.6766 0.0213813
0.67695 0.0213813
0.6773 0.021352
0.67765 0.0215030999999999
0.678 0.021352
0.67835 0.021434
0.6787 0.0208879
0.67905 0.0208879
0.6794 0.0208879
0.67975 0.0211304
0.6801 0.0211304
0.68045 0.0209991
0.6808 0.0200719
0.68115 0.0200719
0.6815 0.0200719
0.68185 0.0205970999999999
0.6822 0.0202292
0.68255 0.0202292
0.6829 0.0202292
0.68325 0.0198366
0.6836 0.0200552999999999
0.68395 0.0198366
0.6843 0.0196359
0.68465 0.0196359
0.685 0.0197305
0.68535 0.0197410999999999
0.6857 0.0199852
0.68605 0.0197410999999999
0.6864 0.0197363
0.68675 0.0188164
0.6871 0.0188164
0.68745 0.0191579
0.6878 0.0197526
0.68815 0.0191579
0.6885 0.0196372
0.68885 0.0185874
0.6892 0.0196372
0.68955 0.0164652
0.6899 0.0191993
0.69025 0.0191964
0.6906 0.0191993
0.69095 0.0191964
0.6913 0.0174632
0.69165 0.016581
0.692 0.0103915
0.69235 0.0103915
0.6927 0.0135272999999999
0.69305 0.0135272999999999
0.6934 0.0116198
0.69375 0.0116198
0.6941 0.0135705
0.69445 0.0151436
0.6948 0.0170165
0.69515 0.0170165
0.6955 0.0153543
0.69585 0.0153543
0.6962 0.0129376
0.69655 0.0137543
0.6969 0.0137543
0.69725 0.0155894
0.6976 0.0155894
0.69795 0.0163338
0.6983 0.0163338
0.69865 0.0163338
0.699 0.0165689
0.69935 0.0165689
0.6997 0.0165689
0.70005 0.0122602
0.7004 0.011674
0.70075 0.011674
0.7011 0.0117473
0.70145 0.0117473
0.7018 0.0117473
0.70215 0.013062
0.7025 0.013062
0.70285 0.0093236
0.7032 0.0093236
0.70355 0.012526
0.7039 0.0135613
0.70425 0.012526
0.7046 0.0123527
0.70495 0.012177
0.7053 0.0123527
0.70565 0.0155982
0.706 0.0155982
0.70635 0.0129561
0.7067 0.0129561
0.70705 0.0129561
0.7074 0.0124577
0.70775 0.009901
0.7081 0.0124577
0.70845 0.009901
0.7088 0.0076028999999999
0.70915 0.0075069
0.7095 0.0076028999999999
0.70985 0.0115786
0.7102 0.015153
0.71055 0.015153
0.7109 0.0053968
0.71125 0.0053968
0.7116 0.0087154
0.71195 0.0128243
0.7123 0.0128243
0.71265 0.0098404
0.713 0.0098404
0.71335 0.0098404
0.7137 0.0115599999999999
0.71405 0.0088912
0.7144 0.0087228
0.71475 0.0087228
0.7151 0.0130893
0.71545 0.0130893
0.7158 0.0121602999999999
0.71615 0.0075712
0.7165 0.0015823
0.71685 0.0015823
0.7172 0.0033178
0.71755 0.0033178
0.7179 0.0033178
0.71825 0.0079361
0.7186 0.0079361
0.71895 0.0013126
0.7193 0.0012878
0.71965 0.0013126
0.72 0.00232
0.72035 0.0042756999999999
0.7207 0.0052332
0.72105 0.0052332
0.7214 0.0060351
0.72175 0.0025901999999999
0.7221 0.0073601
0.72245 0.0056698999999999
0.7228 0.0056698999999999
0.72315 0.0022066
0.7235 0.0017859
0.72385 0.0017859
0.7242 0.0017859
0.72455 0.0032373
0.7249 0.0032373
0.72525 0.0032373
0.7256 0.0028608
0.72595 0.0019542
0.7263 0.0014165999999999
0.72665 0.0019542
0.727 0.0008544
0.72735 0.0038085999999999
0.7277 0.0032061999999999
0.72805 0.0039226
0.7284 0.0047248
0.72875 0.0051933
0.7291 0.0051933
0.72945 0.0038580999999999
0.7298 0.0034484999999999
0.73015 0.0038580999999999
0.7305 0.0039416
0.73085 0.0039416
0.7312 0.0053782
0.73155 0.002813
0.7319 0.0054394
0.73225 0.0040303
0.7326 0.0040303
0.73295 0.0024508
0.7333 0.0024508
0.73365 0.0074186
0.734 0.0074186
0.73435 0.006234
0.7347 0.006234
0.73505 0.0091706
0.7354 0.0098294
0.73575 0.0098294
0.7361 0.0082198
0.73645 0.0066678
0.7368 0.0066678
0.73715 0.0066678
0.7375 0.0045823999999999
0.73785 0.0106216
0.7382 0.0053821
0.73855 0.0053821
0.7389 0.0053821
0.73925 0.0054428
0.7396 0.0055073
0.73995 0.0055073
0.7403 0.0055073
0.74065 0.0106684
0.741 0.0106684
0.74135 0.0106684
0.7417 0.0113975
0.74205 0.0117839
0.7424 0.0117839
0.74275 0.0099897
0.7431 0.0099897
0.74345 0.0126066
0.7438 0.0126066
0.74415 0.0110797999999999
0.7445 0.0110797999999999
0.74485 0.0130158999999999
0.7452 0.0130158999999999
0.74555 0.0130158999999999
0.7459 0.0071974999999999
0.74625 0.0112815
0.7466 0.0112815
0.74695 0.0112815
0.7473 0.0117949
0.74765 0.0117949
0.748 0.0123017
0.74835 0.0127988999999999
0.7487 0.0123017
0.74905 0.0107815
0.7494 0.0107815
0.74975 0.0123457
0.7501 0.0128506
0.75045 0.0123457
0.7508 0.0128028999999999
0.75115 0.011931
0.7515 0.011931
0.75185 0.0113955
0.7522 0.0099773
0.75255 0.0106404
0.7529 0.0106404
0.75325 0.0114294
0.7536 0.0120397
0.75395 0.0125587
0.7543 0.0120977999999999
0.75465 0.0123895
0.755 0.0120977999999999
0.75535 0.0121794
0.7557 0.0121661
0.75605 0.0121661
0.7564 0.0118897999999999
0.75675 0.0118897999999999
0.7571 0.0104319999999999
0.75745 0.0108061
0.7578 0.0108061
0.75815 0.0113932999999999
0.7585 0.0115259
0.75885 0.0115259
0.7592 0.0113821
0.75955 0.0113654
0.7599 0.0112107
0.76025 0.0112107
0.7606 0.0104928
0.76095 0.0104928
0.7613 0.0109401
0.76165 0.0109401
0.762 0.0108466
0.76235 0.0107201
0.7627 0.0105925
0.76305 0.0105271
0.7634 0.0105137
0.76375 0.0103911
0.7641 0.0103911
0.76445 0.0101943
0.7648 0.0101158
0.76515 0.0101003999999999
0.7655 0.0096531
0.76585 0.0091262
0.7662 0.0076899
0.76655 0.0076899
0.7669 0.008176
0.76725 0.0090752
0.7676 0.0097566
0.76795 0.0097566
0.7683 0.0099671
0.76865 0.0098612
0.769 0.0098612
0.76935 0.0093473
0.7697 0.0076316
0.77005 0.0076316
0.7704 0.0089121
0.77075 0.0096829
0.7711 0.0099239
0.77145 0.0100046
0.7718 0.0100565
0.77215 0.0100926
0.7725 0.0100565
0.77285 0.0099841
0.7732 0.0099179
0.77355 0.0099179
0.7739 0.0099277
0.77425 0.0100727
0.7746 0.010103
0.77495 0.0101472
0.7753 0.0101459999999999
0.77565 0.0101459999999999
0.776 0.0100719
0.77635 0.0100719
0.7767 0.0100418
0.77705 0.0100418
0.7774 0.0100041
0.77775 0.0099969
0.7781 0.0099485
0.77845 0.0099485
0.7788 0.009854
0.77915 0.0096691
0.7795 0.0086815
0.77985 0.0086815
0.7802 0.0092494
0.78055 0.0092494
0.7809 0.0086482
0.78125 0.0086482
0.7816 0.0086482
0.78195 0.0085805
0.7823 0.0085682
0.78265 0.008348
0.783 0.008348
0.78335 0.008348
0.7837 0.0084281
0.78405 0.0075841
0.7844 0.0064396999999999
0.78475 0.0064396999999999
0.7851 0.0085107
0.78545 0.0085107
0.7858 0.0085107
0.78615 0.0090418
0.7865 0.0090418
0.78685 0.0072408999999999
0.7872 0.0072408999999999
0.78755 0.0078826
0.7879 0.0087021
0.78825 0.0087021
0.7886 0.0087021
0.78895 0.0092005
0.7893 0.0091598
0.78965 0.0091963
0.79 0.0091598
0.79035 0.0091963
0.7907 0.0091815
0.79105 0.0091815
0.7914 0.0091815
0.79175 0.0091665
0.7921 0.0091665
0.79245 0.0088619
0.7928 0.0084719
0.79315 0.0076796
0.7935 0.0076796
0.79385 0.0085858999999999
0.7942 0.0086011
0.79455 0.0085858999999999
0.7949 0.0077152
0.79525 0.0045923
0.7956 0.0077152
0.79595 0.00414
0.7963 0.00414
0.79665 0.00414
0.797 0.0059646
0.79735 0.0059646
0.7977 0.0076141
0.79805 0.0073573
0.7984 0.0076141
0.79875 0.0077524
0.7991 0.0079975
0.79945 0.0079975
0.7998 0.0065672
0.80015 0.0065672
0.8005 0.0085014
0.80085 0.0085014
0.8012 0.0078259
0.80155 0.0069003
0.8019 0.006219
0.80225 0.0059216
0.8026 0.0059216
0.80295 0.0079071
0.8033 0.0079071
0.80365 0.0085808999999999
0.804 0.0073858
0.80435 0.0085808999999999
0.8047 0.0090152999999999
0.80505 0.0090746
0.8054 0.0090984
0.80575 0.0090984
0.8061 0.0031783
0.80645 0.0031783
0.8068 0.0043025
0.80715 0.0053767
0.8075 0.0053767
0.80785 0.0054354
0.8082 0.0054354
0.80855 0.0086505
0.8089 0.0086505
0.80925 0.0028574
0.8096 0.0028574
0.80995 0.0030948
0.8103 0.0067927
0.81065 0.0067927
0.811 0.0064106
0.81135 0.0062616999999999
0.8117 0.0062616999999999
0.81205 0.0058398
0.8124 0.0048127
0.81275 0.0058398
0.8131 0.0031721999999999
0.81345 0.0052616999999999
0.8138 0.0052616999999999
0.81415 0.0052616999999999
0.8145 0.0021695
0.81485 0.0010859
0.8152 0.0010859
0.81555 0.0052497
0.8159 0.0069304
0.81625 0.0052497
0.8166 0.0064963
0.81695 0.0064963
0.8173 0.0064963
0.81765 0.006255
0.818 0.006255
0.81835 0.0069374
0.8187 0.0069374
0.81905 0.0080673999999999
0.8194 0.0061136
0.81975 0.0063768
0.8201 0.0063768
0.82045 0.0063768
0.8208 0.0066238999999999
0.82115 0.0066238999999999
0.8215 0.0071616
0.82185 0.0086123
0.8222 0.0088209999999999
0.82255 0.0086123
0.8229 0.0035055999999999
0.82325 0.0013454
0.8236 0.0013015999999999
0.82395 0.0013015999999999
0.8243 0.0078031
0.82465 0.0078031
0.825 0.0090379
0.82535 0.0077304
0.8257 0.0094965
0.82605 0.0077304
0.8264 0.0065302999999999
0.82675 0.0065302999999999
0.8271 0.0065302999999999
0.82745 0.0063921
0.8278 0.0038446999999999
0.82815 0.0063921
0.8285 0.0067146999999999
0.82885 0.0067146999999999
0.8292 0.0067146999999999
0.82955 0.0080952
0.8299 0.0080952
0.83025 0.0021954
0.8306 0.0021954
0.83095 0.0039795
0.8313 0.0073986
0.83165 0.0042743
0.832 0.0042743
0.83235 0.0042743
0.8327 0.0041478999999999
0.83305 0.0067858999999999
0.8334 0.0064845
0.83375 0.0064845
0.8341 0.0012687
0.83445 0.0012687
0.8348 0.0012687
0.83515 0.0073709999999999
0.8355 0.0051946
0.83585 0.0051946
0.8362 0.0041266
0.83655 0.0041266
0.8369 0.0041266
0.83725 0.0024539
0.8376 0.0018425
0.83795 0.0018425
0.8383 0.0042473
0.83865 0.0054434
0.839 0.0060203
0.83935 0.0060203
0.8397 0.0059793999999999
0.84005 0.0049313
0.8404 0.0038391999999999
0.84075 0.0038391999999999
0.8411 0.0064708
0.84145 0.0064708
0.8418 0.0053479999999999
0.84215 0.0053479999999999
0.8425 0.0071087
0.84285 0.0078987
0.8432 0.0078987
0.84355 0.0078987
0.8439 0.0075637
0.84425 0.006801
0.8446 0.006801
0.84495 0.0078919
0.8453 0.0078919
0.84565 0.0078919
0.846 0.0087335
0.84635 0.0087335
0.8467 0.0087335
0.84705 0.0095204
0.8474 0.0095204
0.84775 0.0047408
0.8481 0.0047408
0.84845 0.0068721
0.8488 0.0081551
0.84915 0.0081551
0.8495 0.0081551
0.84985 0.0085412
0.8502 0.0078621
0.85055 0.007941
0.8509 0.007941
0.85125 0.0082679
0.8516 0.0083727
0.85195 0.0082679
0.8523 0.0081465
0.85265 0.0078537
0.853 0.0078537
0.85335 0.0087436
0.8537 0.0087436
0.85405 0.0079028
0.8544 0.0079028
0.85475 0.007386
0.8551 0.007386
0.85545 0.0073309
0.8558 0.0072526
0.85615 0.0070716
0.8565 0.0067161999999999
0.85685 0.006692
0.8572 0.0064040999999999
0.85755 0.0054206
0.8579 0.0053003999999999
0.85825 0.0053003999999999
0.8586 0.0053062
0.85895 0.0053062
0.8593 0.0048257
0.85965 0.004782
0.86 0.0040036
0.86035 0.0036225
0.8607 0.0036225
0.86105 0.0029365
0.8614 0.0029365
0.86175 0.0029365
0.8621 0.0026515
0.86245 0.0026515
0.8628 0.0024746
0.86315 0.0026934
0.8635 0.0026382
0.86385 0.0026382
0.8642 0.0025069
0.86455 0.0025043
0.8649 0.0025069
0.86525 0.0026765
0.8656 0.0028583
0.86595 0.0031998
0.8663 0.0032796999999999
0.86665 0.0032796999999999
0.867 0.002796
0.86735 0.0027517
0.8677 0.002796
0.86805 0.004389
0.8684 0.0045398
0.86875 0.0045398
0.8691 0.0053729
0.86945 0.0050785
0.8698 0.0053246
0.87015 0.0050785
0.8705 0.0046118
0.87085 0.0046118
0.8712 0.0050677
0.87155 0.0051594
0.8719 0.0059958
0.87225 0.0064023
0.8726 0.0059958
0.87295 0.0055801
0.8733 0.0055801
0.87365 0.0042242
0.874 0.006572
0.87435 0.0063467
0.8747 0.0063917999999999
0.87505 0.0063467
0.8754 0.0063917999999999
0.87575 0.0050728
0.8761 0.0060638
0.87645 0.0052674
0.8768 0.0052674
0.87715 0.0050101999999999
0.8775 0.0045446
0.87785 0.0045446
0.8782 0.0045023999999999
0.87855 0.0045023999999999
0.8789 0.0049708
0.87925 0.0049708
0.8796 0.0018904
0.87995 0.0018341999999999
0.8803 0.0017137
0.88065 0.0017137
0.881 0.0012155
0.88135 0.0010969
0.8817 0.0007197999999999
0.88205 0.0004635
0.8824 0.0002681
0.88275 0.0002681
0.8831 0.0002681
0.88345 0.0002665
0.8838 0.000263
0.88415 0.0002665
0.8845 0.0003343
0.88485 0.000407
0.8852 0.0004796999999999
0.88555 0.0004796999999999
0.8859 0.0004282
0.88625 0.0003214
0.8866 0.0001743
0.88695 0.0001515
0.8873 0.0001515
0.88765 0.0001515
0.888 0.0001641
0.88835 0.0001949
0.8887 0.0002362
0.88905 0.0001949
0.8894 0.0002568
0.88975 0.0002755
0.8901 0.0003086999999999
0.89045 0.0002839999999999
0.8908 0.0002839999999999
0.89115 0.000269
0.8915 0.000269
0.89185 0.0002476
0.8922 0.00028
0.89255 0.00028
0.8929 0.0002877
0.89325 0.0002877
0.8936 0.0002865
0.89395 0.0002641999999999
0.8943 0.0002535
0.89465 0.0002535
0.895 0.0002535
0.89535 0.0002439
0.8957 0.0002439
0.89605 0.0002716
0.8964 0.0002965
0.89675 0.0003907
0.8971 0.0003907
0.89745 0.0003784
0.8978 0.0003784
0.89815 0.0004866
0.8985 0.0004866
0.89885 0.0003962
0.8992 0.0001278
0.89955 0.0001278
0.8999 7.06e-05
0.90025 7.06e-05
0.9006 7.06e-05
0.90095 0.0003407
0.9013 0.000528
0.90165 0.0010984
0.902 0.0010984
0.90235 0.0009714
0.9027 0.0009714
0.90305 0.0009916
0.9034 0.001285
0.90375 0.001285
0.9041 0.0015817
0.90445 0.0021825
0.9048 0.0024416
0.90515 0.0026114
0.9055 0.0026114
0.90585 0.0026114
0.9062 0.0025041
0.90655 0.0025607
0.9069 0.0025041
0.90725 0.0025607
0.9076 0.0028361
0.90795 0.0028361
0.9083 0.0023401
0.90865 0.0017146
0.909 0.0023401
0.90935 0.0017146
0.9097 0.0014913
0.91005 0.0007071
0.9104 0.0010637
0.91075 0.0010637
0.9111 0.0010722
0.91145 0.0014942
0.9118 0.0010722
0.91215 0.0014942
0.9125 0.0017225
0.91285 0.0019616
0.9132 0.0019616
0.91355 0.0019616
0.9139 0.0029962
0.91425 0.0004866
0.9146 0.0029509
0.91495 0.0009015
0.9153 0.0013555
0.91565 0.0013555
0.916 0.0013555
0.91635 0.0017297999999999
0.9167 0.0007016
0.91705 0.0005082
0.9174 0.0003826
0.91775 0.0003826
0.9181 0.000364
0.91845 0.000364
0.9188 0.0009369
0.91915 0.0009369
0.9195 0.0002868
0.91985 0.0002868
0.9202 0.0026107
0.92055 0.0038293
0.9209 0.0026107
0.92125 0.002205
0.9216 0.0007589
0.92195 0.002205
0.9223 0.0022056999999999
0.92265 0.0022684999999999
0.923 0.0022056999999999
0.92335 0.0014147
0.9237 0.0010033
0.92405 0.0014147
0.9244 0.0010033
0.92475 0.0031181
0.9251 0.0031181
0.92545 0.0031181
0.9258 0.0030504
0.92615 0.0017598
0.9265 0.0013787
0.92685 0.0013787
0.9272 0.0008493
0.92755 0.0008493
0.9279 0.0004029
0.92825 0.0010002
0.9286 0.000873
0.92895 0.0016863
0.9293 0.0011527999999999
0.92965 0.0011527999999999
0.93 0.0002405
0.93035 0.0002405
0.9307 0.0001385
0.93105 0.0003776999999999
0.9314 0.0002982
0.93175 0.0003776999999999
0.9321 0.0006309999999999
0.93245 0.0006309999999999
0.9328 0.0007757
0.93315 0.0008359
0.9335 0.0008359
0.93385 0.0002499
0.9342 0.0002108
0.93455 9.92e-05
0.9349 0.0001996999999999
0.93525 9.92e-05
0.9356 0.0001996999999999
0.93595 0.0003467999999999
0.9363 0.0005585
0.93665 0.0003467999999999
0.937 0.0003455
0.93735 0.0003455
0.9377 0.0002466
0.93805 0.0002466
0.9384 0.0002466
0.93875 0.0004701
0.9391 0.0004701
0.93945 0.0005558
0.9398 0.0003429
0.94015 0.000651
0.9405 0.0002563999999999
0.94085 0.0008451
0.9412 0.0012845
0.94155 0.0012845
0.9419 0.0008835
0.94225 0.0007686
0.9426 0.0007686
0.94295 0.0001935
0.9433 0.0001935
0.94365 0.0002798
0.944 0.0002798
0.94435 8.87e-05
0.9447 8.87e-05
0.94505 0.0006926
0.9454 0.0006926
0.94575 0.0006926
0.9461 0.0003248
0.94645 0.0003248
0.9468 0.0003248
0.94715 0.0004548999999999
0.9475 0.0004548999999999
0.94785 0.0005406
0.9482 0.0008308
0.94855 0.0010152
0.9489 0.0010152
0.94925 7.44e-05
0.9496 7.44e-05
0.94995 0.0001404
0.9503 0.0002726
0.95065 0.0011436
0.951 0.0011436
0.95135 0.0004096999999999
0.9517 0.0004096999999999
0.95205 0.0004735
0.9524 0.0004735
0.95275 0.0003361
0.9531 0.0001899
0.95345 0.0001899
0.9538 0.000271
0.95415 0.0004635
0.9545 0.0004635
0.95485 0.0007497999999999
0.9552 0.0005221
0.95555 0.000805
0.9559 0.000805
0.95625 0.0008061
0.9566 0.0008061
0.95695 0.0002157
0.9573 0.0002157
0.95765 0.0010649
0.958 0.0010649
0.95835 0.0007475
0.9587 0.0007475
0.95905 0.0007475
0.9594 0.000216
0.95975 0.000216
0.9601 0.0010054
0.96045 0.0010054
0.9608 0.0004221999999999
0.96115 0.0004221999999999
0.9615 0.0006144999999999
0.96185 0.0008777
0.9622 0.0006144999999999
0.96255 0.0001809
0.9629 0.0001809
0.96325 0.0002683
0.9636 0.0002683
0.96395 0.0002705
0.9643 0.0002705
0.96465 0.0011225
0.965 0.0011225
0.96535 0.0005468999999999
0.9657 0.000229
0.96605 0.0005468999999999
0.9664 0.0003269
0.96675 0.0003269
0.9671 0.0002176
0.96745 0.0002176
0.9678 0.0007831
0.96815 0.0007831
0.9685 0.0006019
0.96885 0.0002099
0.9692 0.0002099
0.96955 0.00062
0.9699 0.001032
0.97025 0.001032
0.9706 0.0009599999999999
0.97095 0.0009599999999999
0.9713 0.0010044
0.97165 0.0011427999999999
0.972 0.0011427999999999
0.97235 0.0008449999999999
0.9727 0.0008288999999999
0.97305 0.0004716
0.9734 0.0004352
0.97375 0.0002474
0.9741 0.0002474
0.97445 0.0002474
0.9748 0.0005417999999999
0.97515 0.000708
0.9755 0.0009166
0.97585 0.0009166
0.9762 0.0006369
0.97655 0.0006369
0.9769 0.0009681
0.97725 0.0011798
0.9776 0.0011798
0.97795 0.0006476
0.9783 0.0002787
0.97865 0.0002787
0.979 0.0002787
0.97935 0.0004588
0.9797 0.0005009
0.98005 0.000587
0.9804 0.0005009
0.98075 0.0003052
0.9811 0.0003052
0.98145 0.0004928999999999
0.9818 0.0004928999999999
0.98215 0.0004586
0.9825 0.0003012
0.98285 0.0002239
0.9832 0.0003012
0.98355 0.0004117
0.9839 0.0004551999999999
0.98425 0.000487
0.9846 0.000487
0.98495 0.0005006
0.9853 0.0003983
0.98565 0.0003759
0.986 0.0003153
0.98635 0.0003153
0.9867 0.0002023
0.98705 0.0002563999999999
0.9874 0.0002563999999999
0.98775 0.0002563999999999
0.9881 9.36e-05
0.98845 8.31e-05
0.9888 8.31e-05
0.98915 0.0001223
0.9895 0.0003263
0.98985 0.000181
0.9902 0.0003714
0.99055 0.0002441999999999
0.9909 0.0003728999999999
0.99125 0.0002801
0.9916 0.0003728999999999
0.99195 0.0002801
0.9923 0.0003767
0.99265 0.0003618999999999
0.993 0.0003795
0.99335 0.0003795
0.9937 0.0004164
0.99405 0.0004164
0.9944 0.0004678999999999
0.99475 0.0003647
0.9951 0.0003647
0.99545 0.0003647
0.9958 0.0001464
0.99615 0.0003832
0.9965 0.0001464
0.99685 0.0003832
0.9972 0.0006279
0.99755 0.0006279
0.9979 0.0004984
0.99825 0.0003451
0.9986 0.0004234
0.99895 0.0002986
0.9993 0.0002986
