0.3 0.0145007
0.30035 0.0145161
0.3007 0.0145315
0.30105 0.0145467999999999
0.3014 0.0145622
0.30175 0.0145777
0.3021 0.0145931
0.30245 0.0146085
0.3028 0.014624
0.30315 0.0146394
0.3035 0.0146549
0.30385 0.0146704
0.3042 0.0146858
0.30455 0.0147012
0.3049 0.0147167
0.30525 0.0147321
0.3056 0.0147476
0.30595 0.0147631
0.3063 0.0147785
0.30665 0.014794
0.307 0.0148095
0.30735 0.014825
0.3077 0.0148404
0.30805 0.0148559
0.3084 0.0148714
0.30875 0.0148869
0.3091 0.0149024
0.30945 0.0149179
0.3098 0.0149334
0.31015 0.0149489
0.3105 0.0149644
0.31085 0.0149798
0.3112 0.0149953
0.31155 0.0150108
0.3119 0.0150263
0.31225 0.0150417
0.3126 0.0150572
0.31295 0.0150726
0.3133 0.0150881
0.31365 0.0151034999999999
0.314 0.0151189
0.31435 0.0151344
0.3147 0.0151498
0.31505 0.0151652
0.3154 0.0151805
0.31575 0.0151959
0.3161 0.0152113
0.31645 0.0152266
0.3168 0.0152419999999999
0.31715 0.0152572999999999
0.3175 0.0152726
0.31785 0.0152878999999999
0.3182 0.0153032
0.31855 0.0153184
0.3189 0.0153337
0.31925 0.0153489
0.3196 0.0153640999999999
0.31995 0.0153793
0.3203 0.0153944999999999
0.32065 0.0154096
0.321 0.0154247999999999
0.32135 0.0154399
0.3217 0.015455
0.32205 0.0154700999999999
0.3224 0.0154851
0.32275 0.0155002
0.3231 0.0155152
0.32345 0.0155302
0.3238 0.0155451
0.32415 0.0155601
0.3245 0.015575
0.32485 0.0155899
0.3252 0.0156048
0.32555 0.0156195999999999
0.3259 0.0156344
0.32625 0.0156492
0.3266 0.0156639999999999
0.32695 0.0156787
0.3273 0.0156935
0.32765 0.0157081
0.328 0.0157228
0.32835 0.0157374
0.3287 0.015752
0.32905 0.0157666
0.3294 0.0157811
0.32975 0.0157956
0.3301 0.01581
0.33045 0.0158244
0.3308 0.015839
0.33115 0.0158534
0.3315 0.0158678
0.33185 0.0158821
0.3322 0.0158964
0.33255 0.0159107
0.3329 0.0159249
0.33325 0.0159390999999999
0.3336 0.0159532
0.33395 0.0159674
0.3343 0.0159815
0.33465 0.0159955
0.335 0.0160095
0.33535 0.0160235
0.3357 0.0160375
0.33605 0.0160514
0.3364 0.0160652
0.33675 0.0160791
0.3371 0.0160929
0.33745 0.0161067999999999
0.3378 0.0161206999999999
0.33815 0.0161345
0.3385 0.0161483
0.33885 0.016162
0.3392 0.0161757999999999
0.33955 0.0161894
0.3399 0.0162031
0.34025 0.0162167
0.3406 0.0162303
0.34095 0.0162438
0.3413 0.0162573
0.34165 0.0162707
0.342 0.0162842
0.34235 0.0162975
0.3427 0.0163109
0.34305 0.0163242
0.3434 0.0163374
0.34375 0.0163506
0.3441 0.0163638
0.34445 0.016377
0.3448 0.0163900999999999
0.34515 0.0164030999999999
0.3455 0.0164160999999999
0.34585 0.0164291
0.3462 0.016442
0.34655 0.0164549
0.3469 0.0164678
0.34725 0.0164805999999999
0.3476 0.0164933
0.34795 0.0165061
0.3483 0.0165187
0.34865 0.0165314
0.349 0.0165439
0.34935 0.0165565
0.3497 0.016569
0.35005 0.0165815
0.3504 0.0165939
0.35075 0.0166062
0.3511 0.0166185999999999
0.35145 0.0166307999999999
0.3518 0.0166430999999999
0.35215 0.0166553
0.3525 0.0166674
0.35285 0.0166795
0.3532 0.0166916
0.35355 0.0167036
0.3539 0.0167155
0.35425 0.0167274
0.3546 0.0167393
0.35495 0.0167510999999999
0.3553 0.0167629
0.35565 0.0167745999999999
0.356 0.0167857
0.35635 0.0167977999999999
0.3567 0.0168095
0.35705 0.0168205
0.3574 0.0168324
0.35775 0.0168437
0.3581 0.0168547
0.35845 0.0168662999999999
0.3588 0.0168773
0.35915 0.0168891
0.3595 0.0168995
0.35985 0.0169099
0.3602 0.0169216
0.36055 0.0169322
0.3609 0.016944
0.36125 0.0169553
0.3616 0.0169664
0.36195 0.0169774
0.3623 0.0169877999999999
0.36265 0.0169985
0.363 0.017009
0.36335 0.0170194
0.3637 0.0170297
0.36405 0.0170398
0.3644 0.0170502
0.36475 0.0170604
0.3651 0.0170705
0.36545 0.0170805
0.3658 0.0170903
0.36615 0.0171004
0.3665 0.0171104
0.36685 0.0171202
0.3672 0.0171299
0.36755 0.0171397
0.3679 0.0171493
0.36825 0.017159
0.3686 0.0171681
0.36895 0.0171780999999999
0.3693 0.0171874
0.36965 0.0171969
0.37 0.017206
0.37035 0.0172150999999999
0.3707 0.0172236
0.37105 0.0172332
0.3714 0.017243
0.37175 0.0172517
0.3721 0.0172607
0.37245 0.0172697
0.3728 0.0172775
0.37315 0.0172875
0.3735 0.0172962
0.37385 0.0173046
0.3742 0.0173138
0.37455 0.017322
0.3749 0.017329
0.37525 0.0173392
0.3756 0.0173443
0.37595 0.017356
0.3763 0.0173627
0.37665 0.0173727
0.377 0.0173803
0.37735 0.0173888
0.3777 0.0173958
0.37805 0.0174037
0.3784 0.0174130999999999
0.37875 0.0174193
0.3791 0.0174281
0.37945 0.0174289
0.3798 0.017443
0.38015 0.0174503
0.3805 0.0174592
0.38085 0.0174672
0.3812 0.017475
0.38155 0.0174826
0.3819 0.0174884
0.38225 0.0174935999999999
0.3826 0.0175032
0.38295 0.0175122
0.3833 0.0175192999999999
0.38365 0.0175268
0.384 0.0175335
0.38435 0.0175412
0.3847 0.0175482
0.38505 0.0175550999999999
0.3854 0.017562
0.38575 0.0175688
0.3861 0.0175755
0.38645 0.0175821
0.3868 0.0175888
0.38715 0.0175953
0.3875 0.0176023
0.38785 0.0176091
0.3882 0.0176162
0.38855 0.0176224
0.3889 0.0176287999999999
0.38925 0.0176355999999999
0.3896 0.0176427
0.38995 0.0176490999999999
0.3903 0.0176548
0.39065 0.0176622
0.391 0.0176685
0.39135 0.0176747999999999
0.3917 0.0176802
0.39205 0.0176870999999999
0.3924 0.0176933
0.39275 0.0176973
0.3931 0.0177054
0.39345 0.0177118
0.3938 0.0177175
0.39415 0.0177213
0.3945 0.0177292
0.39485 0.0177338
0.3952 0.0177389999999999
0.39555 0.0177462
0.3959 0.0177502
0.39625 0.0177548
0.3966 0.0177616
0.39695 0.0177687
0.3973 0.017771
0.39765 0.0177787999999999
0.398 0.0177836
0.39835 0.0177909
0.3987 0.0177949
0.39905 0.0178005999999999
0.3994 0.0178055999999999
0.39975 0.0178115999999999
0.4001 0.0178165
0.40045 0.0178217
0.4008 0.0178255999999999
0.40115 0.0178265
0.4015 0.0178365
0.40185 0.0178416
0.4022 0.0178417
0.40255 0.0178505
0.4029 0.0178552
0.40325 0.0178603
0.4036 0.0178634
0.40395 0.017869
0.4043 0.0178738
0.40465 0.017878
0.405 0.0178826
0.40535 0.0178874
0.4057 0.0178907
0.40605 0.0178934
0.4064 0.0178972
0.40675 0.0179019
0.4071 0.0179067999999999
0.40745 0.0179119
0.4078 0.0179160999999999
0.40815 0.0179200999999999
0.4085 0.0179229999999999
0.40885 0.0179242
0.4092 0.0179315
0.40955 0.017935
0.4099 0.0179381
0.41025 0.0179412
0.4106 0.0179447999999999
0.41095 0.0179482
0.4113 0.0179512
0.41165 0.017955
0.412 0.017956
0.41235 0.0179609
0.4127 0.0179636
0.41305 0.0179657
0.4134 0.0179662
0.41375 0.0179705
0.4141 0.0179755
0.41445 0.0179776
0.4148 0.0179780999999999
0.41515 0.0179782
0.4155 0.0179783
0.41585 0.0179783
0.4162 0.0179783
0.41655 0.0179897
0.4169 0.0179897
0.41725 0.0179942999999999
0.4176 0.0179905
0.41795 0.0179942999999999
0.4183 0.018005
0.41865 0.0180063
0.419 0.0180063
0.41935 0.0180064
0.4197 0.018005
0.42005 0.0180098
0.4204 0.0180108
0.42075 0.0180189
0.4211 0.0180214
0.42145 0.0180237
0.4218 0.0180237
0.42215 0.0180238
0.4225 0.0180267
0.42285 0.0180282
0.4232 0.0180282
0.42355 0.0180214
0.4239 0.0180214
0.42425 0.0180268
0.4246 0.0180292
0.42495 0.0180332
0.4253 0.01804
0.42565 0.01804
0.426 0.0180302
0.42635 0.0180302
0.4267 0.0180387
0.42705 0.018043
0.4274 0.0180467
0.42775 0.0180479
0.4281 0.0180492
0.42845 0.0180492
0.4288 0.0180492
0.42915 0.0180476
0.4295 0.0180497
0.42985 0.0180497
0.4302 0.0180497
0.43055 0.0180513
0.4309 0.0180547
0.43125 0.0180549
0.4316 0.0180549
0.43195 0.018058
0.4323 0.0180593
0.43265 0.0180595
0.433 0.0180599
0.43335 0.0180595
0.4337 0.0180595
0.43405 0.0180584
0.4344 0.018059
0.43475 0.018059
0.4351 0.018059
0.43545 0.0180589
0.4358 0.0180589
0.43615 0.0180581
0.4365 0.0180537
0.43685 0.0180537
0.4372 0.0180544
0.43755 0.0180559
0.4379 0.0180561
0.43825 0.0180567999999999
0.4386 0.0180567999999999
0.43895 0.0180562
0.4393 0.0180544999999999
0.43965 0.0180505999999999
0.44 0.0180442
0.44035 0.0180279
0.4407 0.018022
0.44105 0.0180239
0.4414 0.018022
0.44175 0.0180232
0.4421 0.0180232
0.44245 0.0180244
0.4428 0.0180349
0.44315 0.0180454
0.4435 0.0180454
0.44385 0.0180325
0.4442 0.0180325
0.44455 0.0180437
0.4449 0.0180437
0.44525 0.0180373
0.4456 0.0180362
0.44595 0.0180362
0.4463 0.018037
0.44665 0.0180418
0.447 0.0180388
0.44735 0.0180395
0.4477 0.0180388
0.44805 0.0180389
0.4484 0.0180359
0.44875 0.0180370999999999
0.4491 0.0180359
0.44945 0.0180358
0.4498 0.0180327
0.45015 0.0180322
0.4505 0.0180316
0.45085 0.0180270999999999
0.4512 0.0180215
0.45155 0.018019
0.4519 0.0180181
0.45225 0.0180181
0.4526 0.0180179
0.45295 0.0180179
0.4533 0.0180155
0.45365 0.0180127
0.454 0.0180127
0.45435 0.0180065999999999
0.4547 0.018003
0.45505 0.0180037999999999
0.4554 0.018003
0.45575 0.0180004
0.4561 0.0179959
0.45645 0.0179959
0.4568 0.0179917
0.45715 0.0179912
0.4575 0.0179882
0.45785 0.0179882
0.4582 0.0179839
0.45855 0.017983
0.4589 0.0179784
0.45925 0.0179706
0.4596 0.01797
0.45995 0.01797
0.4603 0.0179712
0.46065 0.0179739
0.461 0.0179739
0.46135 0.0179720999999999
0.4617 0.0179719
0.46205 0.0179703
0.4624 0.0179687
0.46275 0.0179674
0.4631 0.0179648
0.46345 0.0179622
0.4638 0.0179601
0.46415 0.0179572
0.4645 0.0179539
0.46485 0.0179517
0.4652 0.0179449
0.46555 0.0179435
0.4659 0.0179404
0.46625 0.0179338
0.4666 0.0179327
0.46695 0.0179303
0.4673 0.0179294999999999
0.46765 0.0179252
0.468 0.0179187
0.46835 0.0179114
0.4687 0.0178948
0.46905 0.0178924
0.4694 0.0178924
0.46975 0.0178928
0.4701 0.017894
0.47045 0.0179012
0.4708 0.0179012
0.47115 0.0178963
0.4715 0.017886
0.47185 0.017886
0.4722 0.0178732
0.47255 0.0178732
0.4729 0.0178740999999999
0.47325 0.0178780999999999
0.4736 0.0178780999999999
0.47395 0.0178780999999999
0.4743 0.0178773
0.47465 0.0178672
0.475 0.0178724
0.47535 0.0178457
0.4757 0.0178692999999999
0.47605 0.0178573
0.4764 0.0178573
0.47675 0.0178573
0.4771 0.0178494
0.47745 0.0178522999999999
0.4778 0.0178494
0.47815 0.0178459
0.4785 0.0178442999999999
0.47885 0.0178407
0.4792 0.0178354
0.47955 0.0178305
0.4799 0.0178245
0.48025 0.0178199
0.4806 0.0178131
0.48095 0.0178117
0.4813 0.0178025
0.48165 0.0177997
0.482 0.0177874
0.48235 0.0177840999999999
0.4827 0.0177815
0.48305 0.0177764
0.4834 0.0177587
0.48375 0.0177539
0.4841 0.0177354999999999
0.48445 0.0176842
0.4848 0.0176807
0.48515 0.0176544
0.4855 0.0176544
0.48585 0.0176551
0.4862 0.0176597
0.48655 0.0176743
0.4869 0.0177034
0.48725 0.0177034
0.4876 0.0177117
0.48795 0.0177117
0.4883 0.017734
0.48865 0.017734
0.489 0.0177377999999999
0.48935 0.0177208
0.4897 0.0177377999999999
0.49005 0.0177252
0.4904 0.0177252
0.49075 0.0177185
0.4911 0.0177185
0.49145 0.0177185
0.4918 0.0177202
0.49215 0.0177158
0.4925 0.0177046
0.49285 0.0176974
0.4932 0.0176974
0.49355 0.0176974
0.4939 0.0176949
0.49425 0.0176934
0.4946 0.0176934
0.49495 0.0176893
0.4953 0.0176861
0.49565 0.0176812
0.496 0.0176809
0.49635 0.0176747
0.4967 0.0176723
0.49705 0.0176675
0.4974 0.0176627
0.49775 0.0176584
0.4981 0.0176547
0.49845 0.0176476
0.4988 0.0176401
0.49915 0.0176398
0.4995 0.0176324
0.49985 0.0176315
0.50055 0.0176048
0.5009 0.0176045999999999
0.50125 0.0175975
0.5016 0.0175975
0.50195 0.0175897
0.5023 0.0175826
0.50265 0.017552
0.503 0.0175279
0.50335 0.0175232
0.5037 0.0175232
0.50405 0.0175232
0.5044 0.0175397
0.50475 0.0175394
0.5051 0.0175394
0.50545 0.0175375999999999
0.5058 0.0175190999999999
0.50615 0.0175190999999999
0.5065 0.0174907
0.50685 0.0174853
0.5072 0.0174853
0.50755 0.0174853
0.5079 0.0174842
0.50825 0.0174719
0.5086 0.0174719
0.50895 0.0174719
0.5093 0.0174623
0.50965 0.0174522
0.51 0.0174522
0.51035 0.0174544999999999
0.5107 0.0174582
0.51105 0.0174619
0.5114 0.0174619
0.51175 0.0174619
0.5121 0.0174657
0.51245 0.0174787
0.5128 0.0174787
0.51315 0.0174769
0.5135 0.0174769
0.51385 0.0174719
0.5142 0.0174719
0.51455 0.0174719
0.5149 0.0174666
0.51525 0.017472
0.5156 0.0174679
0.51595 0.0174679
0.5163 0.0174620999999999
0.51665 0.0174605
0.517 0.0174558
0.51735 0.0174555999999999
0.5177 0.0174505999999999
0.51805 0.0174454
0.5184 0.017443
0.51875 0.0174387
0.5191 0.0174342
0.51945 0.017426
0.5198 0.0174222999999999
0.52015 0.0174190999999999
0.5205 0.0174142
0.52085 0.0174092
0.5212 0.0174030999999999
0.52155 0.0173993
0.5219 0.0173924
0.52225 0.0173888
0.5226 0.0173815999999999
0.52295 0.0173804
0.5233 0.017351
0.52365 0.017351
0.524 0.0173408
0.52435 0.0173564
0.5247 0.0173564
0.52505 0.0173564
0.5254 0.017357
0.52575 0.0173548
0.5261 0.0173503
0.52645 0.0173472
0.5268 0.0173278
0.52715 0.0173206999999999
0.5275 0.0173206999999999
0.52785 0.0173206999999999
0.5282 0.0173154
0.52855 0.0173154
0.5289 0.0173027
0.52925 0.0172970999999999
0.5296 0.0172886
0.52995 0.0172886
0.5303 0.0172866
0.53065 0.0172664
0.531 0.0172664
0.53135 0.0172632
0.5317 0.0172632
0.53205 0.0172495
0.5324 0.017242
0.53275 0.0172347
0.5331 0.0172267
0.53345 0.0172261
0.5338 0.0172195
0.53415 0.0172148
0.5345 0.0172097999999999
0.53485 0.0171967999999999
0.5352 0.0171824
0.53555 0.0171611999999999
0.5359 0.0171598
0.53625 0.0171401
0.5366 0.0171218
0.53695 0.0171103
0.5373 0.0171026
0.53765 0.0170789
0.538 0.0170607
0.53835 0.0170432
0.5387 0.0170259
0.53905 0.0170087
0.5394 0.0169759
0.53975 0.016964
0.5401 0.0169453
0.54045 0.0169013
0.5408 0.016861
0.54115 0.016807
0.5415 0.016773
0.54185 0.0167138
0.5422 0.0166791
0.54255 0.0166786
0.5429 0.0166683
0.54325 0.0166683
0.5436 0.0166819
0.54395 0.0167214
0.5443 0.0167745999999999
0.54465 0.0168444
0.545 0.0168757
0.54535 0.0168917
0.5457 0.016935
0.54605 0.0169597999999999
0.5464 0.0169655999999999
0.54675 0.0170039
0.5471 0.0170307
0.54745 0.0170324
0.5478 0.0170432
0.54815 0.0170446
0.5485 0.0170462
0.54885 0.0170472
0.5492 0.0170462
0.54955 0.0170472
0.5499 0.0170314
0.55025 0.0170414
0.5506 0.0170405999999999
0.55095 0.0170405999999999
0.5513 0.0170345999999999
0.55165 0.0170252
0.552 0.0170234
0.55235 0.0170187999999999
0.5527 0.0170162999999999
0.55305 0.0170104
0.5534 0.0170029
0.55375 0.0170029
0.5541 0.0169969999999999
0.55445 0.0169908
0.5548 0.0169804
0.55515 0.0169803
0.5555 0.0169799
0.55585 0.0169728
0.5562 0.0169662
0.55655 0.0169662
0.5569 0.0169574
0.55725 0.0169541
0.5576 0.0169531
0.55795 0.0169490999999999
0.5583 0.0169452
0.55865 0.0169382999999999
0.559 0.0169315999999999
0.55935 0.0169302
0.5597 0.0169291
0.56005 0.0169222
0.5604 0.0169148
0.56075 0.0169142
0.5611 0.0169084
0.56145 0.0169055
0.5618 0.0169007
0.56215 0.0168916
0.5625 0.0168892
0.56285 0.0168869
0.5632 0.0168823
0.56355 0.0168688
0.5639 0.0168662999999999
0.56425 0.0168567999999999
0.5646 0.0168500999999999
0.56495 0.0168489
0.5653 0.0168426
0.56565 0.0168321
0.566 0.016826
0.56635 0.0168059
0.5667 0.0168022
0.56705 0.0167974
0.5674 0.0167940999999999
0.56775 0.0167842
0.5681 0.0167582
0.56845 0.0167532
0.5688 0.0167487
0.56915 0.0167391
0.5695 0.0167247999999999
0.56985 0.0167168
0.5702 0.0167168
0.57055 0.0167392
0.5709 0.0167392
0.57125 0.0167168
0.5716 0.0167163
0.57195 0.0167044999999999
0.5723 0.0167044999999999
0.57265 0.0167044999999999
0.573 0.0166931
0.57335 0.0166643
0.5737 0.0166556
0.57405 0.0166525999999999
0.5744 0.0166218
0.57475 0.0166218
0.5751 0.0165817999999999
0.57545 0.0166155
0.5758 0.0166136
0.57615 0.0166136
0.5765 0.0166115
0.57685 0.0166039
0.5772 0.0166115
0.57755 0.0166219
0.5779 0.0166315
0.57825 0.0166324
0.5786 0.0166421
0.57895 0.0166525999999999
0.5793 0.0166525999999999
0.57965 0.0166579
0.58 0.0166628
0.58035 0.0166689
0.5807 0.0166722
0.58105 0.0166815
0.5814 0.0166815
0.58175 0.0166837
0.5821 0.0166750999999999
0.58245 0.0166750999999999
0.5828 0.0166713
0.58315 0.0166713
0.5835 0.0166713
0.58385 0.0166695
0.5842 0.0166656
0.58455 0.0166637
0.5849 0.0166637
0.58525 0.0166493
0.5856 0.0166488
0.58595 0.0166488
0.5863 0.0166372
0.58665 0.0166328
0.587 0.0166244
0.58735 0.0166197
0.5877 0.0166023
0.58805 0.0165784
0.5884 0.0165784
0.58875 0.0165745
0.5891 0.0165729999999999
0.58945 0.0165729999999999
0.5898 0.0165359
0.59015 0.0165359
0.5905 0.0165457
0.59085 0.0165457
0.5912 0.0165296
0.59155 0.016517
0.5919 0.016517
0.59225 0.0165124
0.5926 0.0165102
0.59295 0.0165052
0.5933 0.0165052
0.59365 0.0164804
0.594 0.0164602
0.59435 0.0163639
0.5947 0.0163639
0.59505 0.0164293
0.5954 0.0164293
0.59575 0.0164215
0.5961 0.0164213
0.59645 0.0164071
0.5968 0.0164175
0.59715 0.0164175
0.5975 0.0164175
0.59785 0.016399
0.5982 0.016399
0.59855 0.016409
0.5989 0.016409
0.59925 0.016409
0.5996 0.0164097
0.59995 0.0164186
0.6003 0.0164186
0.60065 0.0164000999999999
0.601 0.0164000999999999
0.60135 0.0164185
0.6017 0.0164287999999999
0.60205 0.0164287999999999
0.6024 0.0164377
0.60275 0.0164377
0.6031 0.0164404
0.60345 0.0164445
0.6038 0.0164445
0.60415 0.0164361999999999
0.6045 0.0164326
0.60485 0.0164209
0.6052 0.0164222
0.60555 0.0164209
0.6059 0.0164125
0.60625 0.0163972
0.6066 0.0163940999999999
0.60695 0.0163882
0.6073 0.0163815
0.60765 0.0163592
0.608 0.0163543
0.60835 0.016331
0.6087 0.0163214
0.60905 0.0163137
0.6094 0.0163111
0.60975 0.0163067
0.6101 0.0163029
0.61045 0.0162889999999999
0.6108 0.0162646
0.61115 0.0162407
0.6115 0.0162019
0.61185 0.0161485
0.6122 0.0160864
0.61255 0.016084
0.6129 0.0160052
0.61325 0.0159013
0.6136 0.0157783999999999
0.61395 0.0156858
0.6143 0.0155997
0.61465 0.0155287999999999
0.615 0.0154943999999999
0.61535 0.0154913999999999
0.6157 0.0154543999999999
0.61605 0.015377
0.6164 0.0153268
0.61675 0.0152856
0.6171 0.015171
0.61745 0.0149651
0.6178 0.0147555
0.61815 0.0147513
0.6185 0.014587
0.61885 0.0144975
0.6192 0.0144465
0.61955 0.0144465
0.6199 0.014508
0.62025 0.01462
0.6206 0.0147401
0.62095 0.0147442
0.6213 0.0148067999999999
0.62165 0.014891
0.622 0.0150432999999999
0.62235 0.0152092999999999
0.6227 0.0153382
0.62305 0.0154661
0.6234 0.0155932
0.62375 0.0155955
0.6241 0.0157207
0.62445 0.0158218
0.6248 0.0158937
0.62515 0.0159561
0.6255 0.0160105
0.62585 0.0160584
0.6262 0.0160872
0.62655 0.016091
0.6269 0.0161002
0.62725 0.0161234
0.6276 0.0161283999999999
0.62795 0.0161365
0.6283 0.0161656
0.62865 0.0161748
0.629 0.0161843
0.62935 0.0161848
0.6297 0.0161906
0.63005 0.0161983
0.6304 0.0162051
0.63075 0.0162051
0.6311 0.0161959
0.63145 0.0161931
0.6318 0.0161616
0.63215 0.0161616
0.6325 0.0161899
0.63285 0.0161917
0.6332 0.0161911
0.63355 0.0161948999999999
0.6339 0.0161922
0.63425 0.0161948999999999
0.6346 0.0161922
0.63495 0.0161841
0.6353 0.0161841
0.63565 0.0161765
0.636 0.0161714
0.63635 0.0161714
0.6367 0.016155
0.63705 0.016155
0.6374 0.016155
0.63775 0.0161439
0.6381 0.0161439
0.63845 0.0161432
0.6388 0.0161394
0.63915 0.0161293
0.6395 0.0161293
0.63985 0.0161293
0.6402 0.0161259
0.64055 0.0161247
0.6409 0.0161165
0.64125 0.0161061
0.6416 0.0160952
0.64195 0.016085
0.6423 0.0160845
0.64265 0.0160801
0.643 0.0160766
0.64335 0.0160675
0.6437 0.0160669999999999
0.64405 0.0160617
0.6444 0.0160613
0.64475 0.0160604
0.6451 0.0160514
0.64545 0.0160412
0.6458 0.0160305
0.64615 0.0159814
0.6465 0.0159814
0.64685 0.0159878
0.6472 0.0160101
0.64755 0.0160101
0.6479 0.0159781
0.64825 0.0159739
0.6486 0.0159567
0.64895 0.015952
0.6493 0.0159439
0.64965 0.015941
0.65 0.0159383
0.65035 0.0159296999999999
0.6507 0.0159281
0.65105 0.0158702
0.6514 0.0158702
0.65175 0.0158702
0.6521 0.0158839
0.65245 0.0158918999999999
0.6528 0.0158918999999999
0.65315 0.015865
0.6535 0.0158572999999999
0.65385 0.0158276
0.6542 0.0157872
0.65455 0.0158027
0.6549 0.0157983
0.65525 0.0157983
0.6556 0.0157552
0.65595 0.0157187
0.6563 0.0157187
0.65665 0.0157197
0.657 0.0157199999999999
0.65735 0.0157199999999999
0.6577 0.0157131
0.65805 0.0157042
0.6584 0.0156983
0.65875 0.0156742
0.6591 0.0156696
0.65945 0.0156696
0.6598 0.0156635
0.66015 0.0156635
0.6605 0.015666
0.66085 0.015666
0.6612 0.0156447
0.66155 0.0156344
0.6619 0.0156140999999999
0.66225 0.0155915999999999
0.6626 0.0155684
0.66295 0.0155664999999999
0.6633 0.0155529
0.66365 0.0155513
0.664 0.0155467
0.66435 0.0155421
0.6647 0.0155381
0.66505 0.0155227999999999
0.6654 0.0154806
0.66575 0.0154752999999999
0.6661 0.0154293999999999
0.66645 0.0154056
0.6668 0.0154056
0.66715 0.0154191
0.6675 0.0154193999999999
0.66785 0.0154293999999999
0.6682 0.0154422
0.66855 0.0154510999999999
0.6689 0.0154622
0.66925 0.0154842
0.6696 0.0155176
0.66995 0.0155538999999999
0.6703 0.0155871
0.67065 0.0156187999999999
0.671 0.0156311
0.67135 0.0156434
0.6717 0.0156742
0.67205 0.0157101
0.6724 0.0157334
0.67275 0.0157621
0.6731 0.0157809
0.67345 0.0158002
0.6738 0.015806
0.67415 0.015811
0.6745 0.0158202
0.67485 0.0158333
0.6752 0.0158514999999999
0.67555 0.0158597
0.6759 0.0158606
0.67625 0.0158671
0.6766 0.0158677
0.67695 0.0158706
0.6773 0.0158706
0.67765 0.0158714
0.678 0.0158714
0.67835 0.01586
0.6787 0.0158575
0.67905 0.0158414999999999
0.6794 0.0158274
0.67975 0.015827
0.6801 0.0158091
0.68045 0.0157962
0.6808 0.015774
0.68115 0.0157729
0.6815 0.0157507
0.68185 0.0157093
0.6822 0.0156795
0.68255 0.0156734
0.6829 0.0156734
0.68325 0.0156759
0.6836 0.0156772999999999
0.68395 0.0156791
0.6843 0.0156862
0.68465 0.0156981
0.685 0.0157012
0.68535 0.0157066
0.6857 0.0157117999999999
0.68605 0.0157173
0.6864 0.0157173
0.68675 0.0156948999999999
0.6871 0.0156948999999999
0.68745 0.015744
0.6878 0.0157444999999999
0.68815 0.0157444999999999
0.6885 0.0157341
0.68885 0.0157266
0.6892 0.0157266
0.68955 0.0157185
0.6899 0.0157485
0.69025 0.0157414
0.6906 0.0157415
0.69095 0.0157414
0.6913 0.015733
0.69165 0.01573
0.692 0.0157187999999999
0.69235 0.0157142
0.6927 0.0157037999999999
0.69305 0.0157034
0.6934 0.0156829
0.69375 0.0156725
0.6941 0.0156725
0.69445 0.0156661
0.6948 0.0156222
0.69515 0.0156222
0.6955 0.0155964
0.69585 0.0155149
0.6962 0.0155149
0.69655 0.0155149
0.6969 0.0154863
0.69725 0.0154263
0.6976 0.0154004
0.69795 0.0153601
0.6983 0.0153117
0.69865 0.0153117
0.699 0.0152287
0.69935 0.0152086
0.6997 0.015128
0.70005 0.0150009
0.7004 0.0149345
0.70075 0.0148755
0.7011 0.0148668999999999
0.70145 0.0147928
0.7018 0.0147275
0.70215 0.0146883999999999
0.7025 0.0147097
0.70285 0.0147097
0.7032 0.0148043999999999
0.70355 0.0148043999999999
0.7039 0.0147607
0.70425 0.0147607
0.7046 0.0148006
0.70495 0.0148063
0.7053 0.0149129
0.70565 0.0150727999999999
0.706 0.0150727999999999
0.70635 0.0151006
0.7067 0.0151057999999999
0.70705 0.0151115
0.7074 0.015152
0.70775 0.0151932
0.7081 0.0152413999999999
0.70845 0.0152907999999999
0.7088 0.0153007999999999
0.70915 0.0153007999999999
0.7095 0.0153174
0.70985 0.0153317
0.7102 0.0153772
0.71055 0.0153821
0.7109 0.0153967
0.71125 0.0154316
0.7116 0.0154342
0.71195 0.0154316
0.7123 0.0154161
0.71265 0.0154161
0.713 0.0154217
0.71335 0.0154247
0.7137 0.0154407
0.71405 0.0154407
0.7144 0.0154125
0.71475 0.0153473999999999
0.7151 0.0152847
0.71545 0.0151641
0.7158 0.0150012
0.71615 0.0149943999999999
0.7165 0.0147714
0.71685 0.0145249
0.7172 0.0142362
0.71755 0.0139357
0.7179 0.0136573999999999
0.71825 0.0135401
0.7186 0.0133544999999999
0.71895 0.0131157999999999
0.7193 0.0131086
0.71965 0.0128271
0.72 0.0124547
0.72035 0.0122911
0.7207 0.0122542
0.72105 0.0121744
0.7214 0.0119973999999999
0.72175 0.0119846
0.7221 0.0118865
0.72245 0.0118827
0.7228 0.0117527
0.72315 0.0114815
0.7235 0.0109816
0.72385 0.0107692
0.7242 0.0103426
0.72455 0.0102091
0.7249 0.0095965
0.72525 0.0088109
0.7256 0.0083397
0.72595 0.0083397
0.7263 0.0082971
0.72665 0.0080388
0.727 0.0075736999999999
0.72735 0.0075598999999999
0.7277 0.0075598999999999
0.72805 0.0080551999999999
0.7284 0.008806
0.72875 0.0093042
0.7291 0.009515
0.72945 0.0096668
0.7298 0.0098573
0.73015 0.0098773
0.7305 0.0102712999999999
0.73085 0.0108297999999999
0.7312 0.011321
0.73155 0.0116494
0.7319 0.0117203
0.73225 0.0119892
0.7326 0.0119958
0.73295 0.0120774
0.7333 0.0122852999999999
0.73365 0.012723
0.734 0.0129876
0.73435 0.0131104999999999
0.7347 0.0134282999999999
0.73505 0.013544
0.7354 0.0137301
0.73575 0.0137353999999999
0.7361 0.0137457
0.73645 0.0141192999999999
0.7368 0.0141429
0.73715 0.0141995
0.7375 0.0144818999999999
0.73785 0.0145753
0.7382 0.0147125
0.73855 0.0147335
0.7389 0.0148578
0.73925 0.0148951999999999
0.7396 0.0150724
0.73995 0.0151253999999999
0.7403 0.0152016
0.74065 0.0152737
0.741 0.0153161
0.74135 0.0153326
0.7417 0.0153596
0.74205 0.0153944999999999
0.7424 0.015422
0.74275 0.0154269
0.7431 0.0154577
0.74345 0.0154744
0.7438 0.0154796
0.74415 0.0154824999999999
0.7445 0.0154824999999999
0.74485 0.0154824999999999
0.7452 0.01548
0.74555 0.01548
0.7459 0.0154787
0.74625 0.0154767
0.7466 0.0154751
0.74695 0.015472
0.7473 0.0154706999999999
0.74765 0.0154627
0.748 0.0154627
0.74835 0.0154627
0.7487 0.0154615
0.74905 0.0154596
0.7494 0.0154559
0.74975 0.015452
0.7501 0.0154437999999999
0.75045 0.0154437999999999
0.7508 0.0154466
0.75115 0.0154495
0.7515 0.0154495
0.75185 0.0154416
0.7522 0.0154318999999999
0.75255 0.0154307
0.7529 0.0154307
0.75325 0.0154418
0.7536 0.0154418
0.75395 0.0154397
0.7543 0.0154344
0.75465 0.0154256
0.755 0.015422
0.75535 0.0154196
0.7557 0.015415
0.75605 0.0154075
0.7564 0.0153973
0.75675 0.0153839
0.7571 0.015373
0.75745 0.0153548
0.7578 0.0153418999999999
0.75815 0.0153412
0.7585 0.0153321
0.75885 0.0153191
0.7592 0.0152958
0.75955 0.0152278999999999
0.7599 0.0152019
0.76025 0.0151737
0.7606 0.0151522999999999
0.76095 0.0151522999999999
0.7613 0.0151673
0.76165 0.0151673
0.762 0.0150907
0.76235 0.0150534
0.7627 0.015035
0.76305 0.0150207999999999
0.7634 0.0150197999999999
0.76375 0.0150191
0.7641 0.0150027999999999
0.76445 0.0149672
0.7648 0.0149614
0.76515 0.0149614
0.7655 0.0149784
0.76585 0.0149784
0.7662 0.0149617999999999
0.76655 0.0149614
0.7669 0.0149072999999999
0.76725 0.0149072999999999
0.7676 0.0149445
0.76795 0.0149921
0.7683 0.0149921
0.76865 0.0149714
0.769 0.0149651
0.76935 0.0149651
0.7697 0.0149747
0.77005 0.0149747
0.7704 0.0149667
0.77075 0.0149407999999999
0.7711 0.0149358
0.77145 0.0149298
0.7718 0.0149229
0.77215 0.0149226
0.7725 0.0148639999999999
0.77285 0.0147525
0.7732 0.0146480999999999
0.77355 0.0146480999999999
0.7739 0.0146608
0.77425 0.0147088
0.7746 0.0147088
0.77495 0.014708
0.7753 0.0146698999999999
0.77565 0.0146042
0.776 0.0145510999999999
0.77635 0.0145193999999999
0.7767 0.0145034
0.77705 0.0144705
0.7774 0.0144247
0.77775 0.0144217
0.7781 0.0143553
0.77845 0.0142914
0.7788 0.0142337
0.77915 0.0141639
0.7795 0.0140247
0.77985 0.0138713999999999
0.7802 0.0136791
0.78055 0.0136764
0.7809 0.0134653999999999
0.78125 0.0133707
0.7816 0.0133323999999999
0.78195 0.0133062
0.7823 0.0132924
0.78265 0.0132605
0.783 0.013141
0.78335 0.0131389
0.7837 0.0129335
0.78405 0.0129335
0.7844 0.0131653
0.78475 0.0134847999999999
0.7851 0.0135177
0.78545 0.0135177
0.7858 0.0134329
0.78615 0.0134324999999999
0.7865 0.0134329
0.78685 0.0134738
0.7872 0.0135403
0.78755 0.0136119
0.7879 0.0136644
0.78825 0.0137267
0.7886 0.0137527
0.78895 0.013763
0.7893 0.0137793999999999
0.78965 0.0137894
0.79 0.0137919999999999
0.79035 0.0137919999999999
0.7907 0.0137472999999999
0.79105 0.0136852
0.7914 0.0135744
0.79175 0.0135713
0.7921 0.013434
0.79245 0.0132768
0.7928 0.0131390999999999
0.79315 0.0131390999999999
0.7935 0.0131392
0.79385 0.0131392
0.7942 0.0129841
0.79455 0.0129817
0.7949 0.0128306
0.79525 0.0127637
0.7956 0.0127637
0.79595 0.0127215
0.7963 0.0127215
0.79665 0.0126348
0.797 0.0125948
0.79735 0.0125837
0.7977 0.0125837
0.79805 0.0126004999999999
0.7984 0.0126417
0.79875 0.0126576
0.7991 0.0126782
0.79945 0.0128108
0.7998 0.0129243
0.80015 0.0129256
0.8005 0.012961
0.80085 0.0130785
0.8012 0.0130785
0.80155 0.0130873
0.8019 0.0130873
0.80225 0.0132157999999999
0.8026 0.0133099
0.80295 0.0133365
0.8033 0.0133365
0.80365 0.0134174
0.804 0.0134758999999999
0.80435 0.0135014
0.8047 0.0136056
0.80505 0.0136787
0.8054 0.0137155
0.80575 0.0137183
0.8061 0.0137525
0.80645 0.0138532
0.8068 0.0139598999999999
0.80715 0.0140488
0.8075 0.0140627
0.80785 0.0140865
0.8082 0.0141412
0.80855 0.0141412
0.8089 0.0141294999999999
0.80925 0.0141024
0.8096 0.0141024
0.80995 0.0141847
0.8103 0.0142156
0.81065 0.0142156
0.811 0.0142263
0.81135 0.0142785
0.8117 0.0143617
0.81205 0.0144234
0.8124 0.0144938
0.81275 0.0144959
0.8131 0.0145102999999999
0.81345 0.0145567
0.8138 0.0146477
0.81415 0.0146559
0.8145 0.0146559
0.81485 0.0144571
0.8152 0.0144571
0.81555 0.0147192
0.8159 0.0147466
0.81625 0.0147466
0.8166 0.0148054
0.81695 0.0148315
0.8173 0.0148341
0.81765 0.0148341
0.818 0.0148563999999999
0.81835 0.0148685
0.8187 0.0148908999999999
0.81905 0.014936
0.8194 0.0149362
0.81975 0.0149362
0.8201 0.0149492999999999
0.82045 0.0150026
0.8208 0.0150026
0.82115 0.0150169999999999
0.8215 0.0150169999999999
0.82185 0.0150169999999999
0.8222 0.0149948999999999
0.82255 0.0149941
0.8229 0.014972
0.82325 0.0147487
0.8236 0.0148392
0.82395 0.0148392
0.8243 0.015019
0.82465 0.0150532999999999
0.825 0.01505
0.82535 0.01505
0.8257 0.0150256
0.82605 0.0150256
0.8264 0.0150517
0.82675 0.0150517
0.8271 0.0150472
0.82745 0.0150223999999999
0.8278 0.014941
0.82815 0.0150083
0.8285 0.0150083
0.82885 0.0150083
0.8292 0.0150301
0.82955 0.0150403
0.8299 0.0150403
0.83025 0.0150412999999999
0.8306 0.0150412999999999
0.83095 0.0150458
0.8313 0.0150497
0.83165 0.0150458
0.832 0.0149804
0.83235 0.0149804
0.8327 0.0149494
0.83305 0.0149625
0.8334 0.0149494
0.83375 0.0149045999999999
0.8341 0.0147363
0.83445 0.0147363
0.8348 0.0147363
0.83515 0.014477
0.8355 0.0144535
0.83585 0.0143369
0.8362 0.014216
0.83655 0.014215
0.8369 0.0140856
0.83725 0.0139640999999999
0.8376 0.013751
0.83795 0.0135928
0.8383 0.0132991
0.83865 0.0132639
0.839 0.0132639
0.83935 0.0132655
0.8397 0.0134288999999999
0.84005 0.0134288999999999
0.8404 0.0133722999999999
0.84075 0.0130981999999999
0.8411 0.0127991
0.84145 0.0127991
0.8418 0.0128245
0.84215 0.012825
0.8425 0.0132778
0.84285 0.0137242
0.8432 0.0137242
0.84355 0.0136951
0.8439 0.0135035
0.84425 0.0135035
0.8446 0.0136136
0.84495 0.0136401
0.8453 0.0138597999999999
0.84565 0.0138597999999999
0.846 0.0140624
0.84635 0.0142019
0.8467 0.0142019
0.84705 0.0141888
0.8474 0.0141692
0.84775 0.0141684
0.8481 0.0141684
0.84845 0.014105
0.8488 0.0142346
0.84915 0.0143355999999999
0.8495 0.0143355999999999
0.84985 0.0143032
0.8502 0.0141738
0.85055 0.0138369
0.8509 0.0138369
0.85125 0.0138369
0.8516 0.0139799
0.85195 0.0138895
0.8523 0.0138895
0.85265 0.0137301
0.853 0.0135132999999999
0.85335 0.0134778
0.8537 0.013352
0.85405 0.0131888
0.8544 0.0129625
0.85475 0.0127872
0.8551 0.012782
0.85545 0.0124868
0.8558 0.0124686
0.85615 0.0120878999999999
0.8565 0.0120878999999999
0.85685 0.0118798999999999
0.8572 0.0114348
0.85755 0.0110797999999999
0.8579 0.0100585
0.85825 0.0100585
0.8586 0.0100983
0.85895 0.0100983
0.8593 0.0099869
0.85965 0.0099621
0.86 0.0094044
0.86035 0.008803
0.8607 0.0085734
0.86105 0.0079713
0.8614 0.0076971999999999
0.86175 0.0075219
0.8621 0.0070773
0.86245 0.0070773
0.8628 0.0069724999999999
0.86315 0.0070186
0.8635 0.0069549999999999
0.86385 0.0069549999999999
0.8642 0.0059388
0.86455 0.0058094999999999
0.8649 0.0059388
0.86525 0.0072278
0.8656 0.0072784999999999
0.86595 0.0077687
0.8663 0.0078922
0.86665 0.0078922
0.867 0.0065834999999999
0.86735 0.0065834999999999
0.8677 0.0066235
0.86805 0.0077186
0.8684 0.0089601
0.86875 0.0092258
0.8691 0.0099006
0.86945 0.0100991
0.8698 0.0102264
0.87015 0.0102264
0.8705 0.0102264
0.87085 0.0095827999999999
0.8712 0.0088133
0.87155 0.0095827999999999
0.8719 0.0096133
0.87225 0.0110167
0.8726 0.0099969
0.87295 0.0099969
0.8733 0.0099969
0.87365 0.0108791
0.874 0.0112209
0.87435 0.0115697
0.8747 0.0115697
0.87505 0.0115697
0.8754 0.011926
0.87575 0.010758
0.8761 0.0108565
0.87645 0.0108565
0.8768 0.0108565
0.87715 0.0109589
0.8775 0.0091696
0.87785 0.0091696
0.8782 0.0090415
0.87855 0.0090415
0.8789 0.0106396
0.87925 0.0106396
0.8796 0.0056107
0.87995 0.0043402
0.8803 0.0049197
0.88065 0.0043402
0.881 0.0036016
0.88135 0.0033659
0.8817 0.0024882
0.88205 0.0013755
0.8824 0.0005186
0.88275 0.0005186
0.8831 0.0005186
0.88345 0.0005131
0.8838 0.0004636999999999
0.88415 0.0005131
0.8845 0.0008099
0.88485 0.0012639
0.8852 0.0014581
0.88555 0.0014581
0.8859 0.0011818
0.88625 0.0007072999999999
0.8866 0.0001683
0.88695 9.25e-05
0.8873 9.25e-05
0.88765 0.0001375
0.888 0.0002124
0.88835 0.0002124
0.8887 0.0003857
0.88905 0.0001137999999999
0.8894 0.0004194
0.88975 0.0004373999999999
0.8901 0.0007111
0.89045 0.0006474
0.8908 0.0006474
0.89115 0.000628
0.8915 0.000628
0.89185 0.0007792
0.8922 0.0007792
0.89255 0.0007792
0.8929 0.0008123
0.89325 0.0008123
0.8936 0.0006472
0.89395 0.000533
0.8943 0.000533
0.89465 0.0005872
0.895 0.0005872
0.89535 0.000436
0.8957 0.000436
0.89605 0.0006309
0.8964 0.0009122999999999
0.89675 0.0014753
0.8971 0.0014753
0.89745 0.0017699
0.8978 0.0015069
0.89815 0.0017699
0.8985 0.0015935
0.89885 0.0018013999999999
0.8992 0.0015935
0.89955 0.0015444
0.8999 0.0015444
0.90025 0.0030383
0.9006 0.0035639
0.90095 0.0036523
0.9013 0.004045
0.90165 0.0047459
0.902 0.0047459
0.90235 0.0051801
0.9027 0.0051801
0.90305 0.0053933
0.9034 0.0067441
0.90375 0.0053933
0.9041 0.0070199
0.90445 0.0083399
0.9048 0.0084067999999999
0.90515 0.0083399
0.9055 0.0093839
0.90585 0.010517
0.9062 0.010517
0.90655 0.0088495
0.9069 0.0088495
0.90725 0.0100297999999999
0.9076 0.0100297999999999
0.90795 0.0113803
0.9083 0.0075895
0.90865 0.0116032999999999
0.909 0.0108249
0.90935 0.0108249
0.9097 0.0082482
0.91005 0.0082482
0.9104 0.0118242
0.91075 0.0118242
0.9111 0.0120697
0.91145 0.0122519
0.9118 0.0122519
0.91215 0.0117247
0.9125 0.0117055
0.91285 0.0115994
0.9132 0.0115994
0.91355 0.0112566
0.9139 0.0120355
0.91425 0.0124089
0.9146 0.0125475
0.91495 0.0126057
0.9153 0.0126057
0.91565 0.0117176
0.916 0.0117176
0.91635 0.0112479
0.9167 0.0124307999999999
0.91705 0.0125802
0.9174 0.0131092999999999
0.91775 0.0131092999999999
0.9181 0.0131514999999999
0.91845 0.0131732
0.9188 0.0131732
0.91915 0.013219
0.9195 0.0130622999999999
0.91985 0.0130622999999999
0.9202 0.0129007999999999
0.92055 0.0124833
0.9209 0.0129007999999999
0.92125 0.0124833
0.9216 0.0120361
0.92195 0.0106066
0.9223 0.0068695
0.92265 0.0106066
0.923 0.0133054
0.92335 0.0133054
0.9237 0.013084
0.92405 0.0129717
0.9244 0.0129717
0.92475 0.0123257
0.9251 0.0122006
0.92545 0.0123257
0.9258 0.011913
0.92615 0.011913
0.9265 0.011913
0.92685 0.0071938
0.9272 0.0130206
0.92755 0.0130206
0.9279 0.0130206
0.92825 0.0125195
0.9286 0.0125195
0.92895 0.012675
0.9293 0.0130514999999999
0.92965 0.0130514999999999
0.93 0.0129335
0.93035 0.0094337
0.9307 0.0091028999999999
0.93105 0.0084023
0.9314 0.0084023
0.93175 0.0084023
0.9321 0.0093906
0.93245 0.0093906
0.9328 0.0130824
0.93315 0.0130824
0.9335 0.0119871
0.93385 0.0117057999999999
0.9342 0.0116167
0.93455 0.0116167
0.9349 0.0116167
0.93525 0.0103588999999999
0.9356 0.0137533999999999
0.93595 0.0122192
0.9363 0.0133949999999999
0.93665 0.0125986
0.937 0.013225
0.93735 0.0130252999999999
0.9377 0.0130252999999999
0.93805 0.0118357999999999
0.9384 0.00838
0.93875 0.00838
0.9391 0.0123152
0.93945 0.0123152
0.9398 0.0120113999999999
0.94015 0.0120113999999999
0.9405 0.0109012
0.94085 0.0135345
0.9412 0.0131994
0.94155 0.0141142
0.9419 0.0141055
0.94225 0.0141055
0.9426 0.0140061
0.94295 0.013422
0.9433 0.013422
0.94365 0.013422
0.944 0.0132057
0.94435 0.0132057
0.9447 0.0137004
0.94505 0.0137004
0.9454 0.0137407
0.94575 0.0134292
0.9461 0.0137407
0.94645 0.0134292
0.9468 0.0132572999999999
0.94715 0.0117828999999999
0.9475 0.0117828999999999
0.94785 0.0130353999999999
0.9482 0.0136377999999999
0.94855 0.0137239
0.9489 0.0136377999999999
0.94925 0.0124321
0.9496 0.0124321
0.94995 0.0134613
0.9503 0.0137173
0.95065 0.0137173
0.951 0.0135933
0.95135 0.0133608
0.9517 0.0133608
0.95205 0.0134277
0.9524 0.0134606
0.95275 0.0134606
0.9531 0.0136639999999999
0.95345 0.0137657
0.9538 0.013966
0.95415 0.013966
0.9545 0.0139639
0.95485 0.0139134
0.9552 0.0134922
0.95555 0.0137077
0.9559 0.0137077
0.95625 0.0137077
0.9566 0.0135472
0.95695 0.0133671
0.9573 0.0133671
0.95765 0.0135015999999999
0.958 0.0135015999999999
0.95835 0.0134552
0.9587 0.0133501
0.95905 0.0133501
0.9594 0.0130275
0.95975 0.0130271
0.9601 0.0129896
0.96045 0.0129896
0.9608 0.0124024
0.96115 0.0123852
0.9615 0.0123852
0.96185 0.0120711
0.9622 0.0117345
0.96255 0.0114949
0.9629 0.0108279
0.96325 0.0107297
0.9636 0.0102105
0.96395 0.010187
0.9643 0.010187
0.96465 0.0100007999999999
0.965 0.0095512999999999
0.96535 0.0094928
0.9657 0.0092
0.96605 0.0089119
0.9664 0.0087754
0.96675 0.0087754
0.9671 0.0086492999999999
0.96745 0.0081303
0.9678 0.0081303
0.96815 0.0090654
0.9685 0.0090654
0.96885 0.0087747
0.9692 0.0083784
0.96955 0.008291
0.9699 0.0079211
0.97025 0.0069995
0.9706 0.0059532
0.97095 0.0057577
0.9713 0.0059532
0.97165 0.0066611
0.972 0.0073282
0.97235 0.0080666
0.9727 0.0082896
0.97305 0.0082896
0.9734 0.0079821
0.97375 0.007831
0.9741 0.007739
0.97445 0.007831
0.9748 0.0080212
0.97515 0.008097
0.9755 0.0083016
0.97585 0.0089412
0.9762 0.0089412
0.97655 0.0083205
0.9769 0.0082707
0.97725 0.0082019
0.9776 0.0078529
0.97795 0.0078529
0.9783 0.0072865
0.97865 0.0069572
0.979 0.0069572
0.97935 0.0078311
0.9797 0.0078311
0.98005 0.0059405
0.9804 0.0053256
0.98075 0.0053256
0.9811 0.0053256
0.98145 0.0051225
0.9818 0.0051225
0.98215 0.0049258
0.9825 0.0047674
0.98285 0.0003371
0.9832 0.0034379
0.98355 0.0034379
0.9839 0.0034861999999999
0.98425 0.0035195
0.9846 0.0034861999999999
0.98495 0.0038858
0.9853 0.0009218999999999
0.98565 0.0020071
0.986 0.0007335
0.98635 0.0019267
0.9867 0.0017644
0.98705 0.0017644
0.9874 0.0015800999999999
0.98775 0.0015800999999999
0.9881 0.0015800999999999
0.98845 3.39e-05
0.9888 3.39e-05
0.98915 0.0002233
0.9895 0.0016463
0.98985 0.0007774
0.9902 0.0018903
0.99055 0.0007774
0.9909 0.0018903
0.99125 0.0020206
0.9916 0.0021514
0.99195 0.0021514
0.9923 0.0023439
0.99265 0.0028364
0.993 0.0029205
0.99335 0.0029205
0.9937 0.0025408
0.99405 0.0025408
0.9944 0.0027814
0.99475 0.0027814
0.9951 0.001498
0.99545 0.001498
0.9958 6.850000000000001e-05
0.99615 0.0020302
0.9965 2.18e-05
0.99685 0.0020302
0.9972 0.0025275
0.99755 0.0025275
0.9979 0.0031464
0.99825 0.0019291
0.9986 0.0023141
0.99895 0.0019437
0.9993 0.0019437
