0.3 0.0650279
0.30035 0.0650535999999999
0.3007 0.0650535999999999
0.30105 0.0650523
0.3014 0.0650413
0.30175 0.0650244
0.3021 0.0649994
0.30245 0.0649565
0.3028 0.0648704
0.30315 0.0646355
0.3035 0.0646355
0.30385 0.0646431
0.3042 0.0648286
0.30455 0.0648847
0.3049 0.064901
0.30525 0.064901
0.3056 0.0648967
0.30595 0.0648868
0.3063 0.0648741
0.30665 0.0648594
0.307 0.0648427
0.30735 0.064824
0.3077 0.0648026999999999
0.30805 0.0647775999999999
0.3084 0.0647464
0.30875 0.0647048
0.3091 0.0646395999999999
0.30945 0.0645179
0.3098 0.0642377
0.31015 0.064092
0.3105 0.064092
0.31085 0.0644077
0.3112 0.0645134
0.31155 0.0645501
0.3119 0.0645552
0.31225 0.0645552
0.3126 0.0645443
0.31295 0.0645293
0.3133 0.0645115
0.31365 0.0644919
0.314 0.0644706
0.31435 0.0644482
0.3147 0.0644245
0.31505 0.0643999
0.3154 0.0643743
0.31575 0.0643476
0.3161 0.0643199
0.31645 0.0642910999999999
0.3168 0.0642611
0.31715 0.0642298999999999
0.3175 0.0641972
0.31785 0.0641629
0.3182 0.0641273
0.31855 0.064089
0.3189 0.0640485
0.31925 0.0640037
0.3196 0.0639546
0.31995 0.0638976
0.3203 0.0638269
0.32065 0.0637286999999999
0.321 0.0635649
0.32135 0.0632124
0.3217 0.0630506
0.32205 0.0630506
0.3224 0.0633804999999999
0.32275 0.0634608
0.3231 0.0634608
0.32345 0.0634295999999999
0.3238 0.0633808999999999
0.32415 0.0633231
0.3245 0.0632582
0.32485 0.0631856
0.3252 0.0631086
0.32555 0.0630258
0.3259 0.062937
0.32625 0.0628418
0.3266 0.06274
0.32695 0.0626336
0.3273 0.0625173
0.32765 0.0623928999999999
0.328 0.0622627
0.32835 0.0621173
0.3287 0.0619558
0.32905 0.0617534999999999
0.3294 0.0614327999999999
0.32975 0.0607835
0.3301 0.059416
0.33045 0.059416
0.3308 0.0607663
0.33115 0.0613122
0.3315 0.0615554999999999
0.33185 0.0616998
0.3322 0.0618069
0.33255 0.0618938
0.3329 0.0619754
0.33325 0.062047
0.3336 0.0621160999999999
0.33395 0.0621769
0.3343 0.0622353
0.33465 0.0622862
0.335 0.0623325
0.33535 0.0623745999999999
0.3357 0.0624126999999999
0.33605 0.062449
0.3364 0.0624780999999999
0.33675 0.0625058
0.3371 0.0625304
0.33745 0.062552
0.3378 0.0625708
0.33815 0.0625855
0.3385 0.062599
0.33885 0.0626086
0.3392 0.0626164999999999
0.33955 0.0626205
0.3399 0.0626205
0.34025 0.0626193999999999
0.3406 0.0626124
0.34095 0.0626002
0.3413 0.0625812
0.34165 0.0625531
0.342 0.0625125
0.34235 0.0624538
0.3427 0.0623678
0.34305 0.06224
0.3434 0.0620521
0.34375 0.0617519
0.3441 0.0612783
0.34445 0.0606533999999999
0.3448 0.0606533999999999
0.34515 0.0610422
0.3455 0.0615169
0.34585 0.0618356
0.3462 0.0620335
0.34655 0.0621658
0.3469 0.0622568
0.34725 0.0623207
0.3476 0.0623661999999999
0.34795 0.0623989
0.3483 0.0624223
0.34865 0.062439
0.349 0.0624505
0.34935 0.062457
0.3497 0.0624615
0.35005 0.0624625
0.3504 0.0624625
0.35075 0.0624606999999999
0.3511 0.0624568
0.35145 0.0624518
0.3518 0.0624463
0.35215 0.0624394
0.3525 0.0624317
0.35285 0.0624234
0.3532 0.0624145
0.35355 0.0624049999999999
0.3539 0.062395
0.35425 0.0623845
0.3546 0.0623736
0.35495 0.0623623
0.3553 0.0623506999999999
0.35565 0.0623376999999999
0.356 0.0623202999999999
0.35635 0.0623117
0.3567 0.0623005
0.35705 0.062273
0.3574 0.0622552
0.35775 0.0622552
0.3581 0.0622362
0.35845 0.0622269
0.3588 0.06221
0.35915 0.0622005
0.3595 0.0621416999999999
0.35985 0.0621395999999999
0.3602 0.0621072
0.36055 0.0621072
0.3609 0.0621053
0.36125 0.0621053
0.3616 0.0620890999999999
0.36195 0.0620770999999999
0.3623 0.0620501999999999
0.36265 0.0620429999999999
0.363 0.0620267
0.36335 0.062009
0.3637 0.061992
0.36405 0.0619595
0.3644 0.0619578
0.36475 0.0619403
0.3651 0.0619225
0.36545 0.0619031999999999
0.3658 0.0618809999999999
0.36615 0.0618654
0.3665 0.0618491999999999
0.36685 0.0618289999999999
0.3672 0.0618096999999999
0.36755 0.0617919999999999
0.3679 0.0617709
0.36825 0.0617518
0.3686 0.0617254
0.36895 0.0617143
0.3693 0.0616909
0.36965 0.0616734
0.37 0.0616424999999999
0.37035 0.0616285999999999
0.3707 0.0615966
0.37105 0.0615815
0.3714 0.0615693999999999
0.37175 0.0615422
0.3721 0.0615151999999999
0.37245 0.0615028
0.3728 0.0614697
0.37315 0.0614603
0.3735 0.0614224
0.37385 0.0614113
0.3742 0.0613861
0.37455 0.0613579
0.3749 0.0613238
0.37525 0.0612945
0.3756 0.0612758
0.37595 0.0612568
0.3763 0.0612246999999999
0.37665 0.0611932
0.377 0.0611932
0.37735 0.0611756999999999
0.3777 0.0611380999999999
0.37805 0.0611003
0.3784 0.0610982
0.37875 0.0610276999999999
0.3791 0.0609483
0.37945 0.0609410999999999
0.3798 0.0609410999999999
0.38015 0.0609410999999999
0.3805 0.0609082
0.38085 0.060907
0.3812 0.0608797
0.38155 0.0608525999999999
0.3819 0.0607753
0.38225 0.0607544
0.3826 0.0607502
0.38295 0.0607396
0.3833 0.0606914
0.38365 0.0606800999999999
0.384 0.0606333
0.38435 0.0606196
0.3847 0.0605838
0.38505 0.0605545
0.3854 0.0605196
0.38575 0.0604841
0.3861 0.0604509
0.38645 0.0604112
0.3868 0.060375
0.38715 0.0603347
0.3875 0.0602920999999999
0.38785 0.0602568999999999
0.3882 0.0602225
0.38855 0.0601752
0.3889 0.0601058
0.38925 0.0600548999999999
0.3896 0.0600418
0.38995 0.0599880999999999
0.3903 0.059932
0.39065 0.0599056
0.391 0.0598511999999999
0.39135 0.0598034
0.3917 0.0597308999999999
0.39205 0.059685
0.3924 0.0596356
0.39275 0.0595572
0.3931 0.0595025
0.39345 0.0594543
0.3938 0.0593857
0.39415 0.0592875
0.3945 0.0592469
0.39485 0.0591468
0.3952 0.0590889999999999
0.39555 0.0590184999999999
0.3959 0.0588789
0.39625 0.0587833
0.3966 0.0587213
0.39695 0.0586543999999999
0.3973 0.0585368
0.39765 0.0584328
0.398 0.0582842
0.39835 0.0582268
0.3987 0.0580211
0.39905 0.0579192
0.3994 0.0578338
0.39975 0.0576789999999999
0.4001 0.0575148
0.40045 0.0573313
0.4008 0.0571079
0.40115 0.0566791999999999
0.4015 0.0564228
0.40185 0.0564228
0.4022 0.0560228
0.40255 0.0558196
0.4029 0.0554828
0.40325 0.0551285999999999
0.4036 0.0547574
0.40395 0.0544708
0.4043 0.0530018
0.40465 0.0530018
0.405 0.0542285
0.40535 0.0545565
0.4057 0.0548065
0.40605 0.0550649
0.4064 0.0553472
0.40675 0.0556021999999999
0.4071 0.055834
0.40745 0.0560455
0.4078 0.0562293
0.40815 0.0563909
0.4085 0.0563909
0.40885 0.0565333
0.4092 0.0567783
0.40955 0.056885
0.4099 0.0569698
0.41025 0.0570593
0.4106 0.057133
0.41095 0.0571988
0.4113 0.0572462
0.41165 0.0573163999999999
0.412 0.0573353
0.41235 0.0574077
0.4127 0.05744
0.41305 0.05744
0.4134 0.05747
0.41375 0.05747
0.4141 0.0575845
0.41445 0.0575845
0.4148 0.0575963
0.41515 0.0575739
0.4155 0.0575559999999999
0.41585 0.056612
0.4162 0.056612
0.41655 0.0576442999999999
0.4169 0.0576442999999999
0.41725 0.0576625999999999
0.4176 0.0576131999999999
0.41795 0.0576445
0.4183 0.0576445
0.41865 0.0576916999999999
0.419 0.0576916999999999
0.41935 0.057672
0.4197 0.0575928999999999
0.42005 0.0573399999999999
0.4204 0.0573399999999999
0.42075 0.0576403
0.4211 0.0577302
0.42145 0.0576403
0.4218 0.0575495
0.42215 0.0574535999999999
0.4225 0.0574535999999999
0.42285 0.057615
0.4232 0.057615
0.42355 0.0574686
0.4239 0.0574686
0.42425 0.0574943
0.4246 0.0574948
0.42495 0.0576126
0.4253 0.0576511
0.42565 0.0576511
0.426 0.0572933
0.42635 0.0572933
0.4267 0.0574288
0.42705 0.0576078
0.4274 0.0576156999999999
0.42775 0.0576156999999999
0.4281 0.0575945
0.42845 0.0574900999999999
0.4288 0.0574688999999999
0.42915 0.0570585
0.4295 0.0573414
0.42985 0.0573414
0.4302 0.0573414
0.43055 0.0574166999999999
0.4309 0.0572160999999999
0.43125 0.0573044999999999
0.4316 0.057247
0.43195 0.0573044999999999
0.4323 0.0574441
0.43265 0.0574441
0.433 0.0574089
0.43335 0.0574074
0.4337 0.0573314
0.43405 0.0573289
0.4344 0.0573124
0.43475 0.0573124
0.4351 0.0573124
0.43545 0.0572993
0.4358 0.0572577
0.43615 0.0572344
0.4365 0.057144
0.43685 0.0571020999999999
0.4372 0.0571346
0.43755 0.0571175999999999
0.4379 0.0571175999999999
0.43825 0.0571175999999999
0.4386 0.0571085
0.43895 0.0570913
0.4393 0.05705
0.43965 0.0569307
0.44 0.0568693
0.44035 0.0566386
0.4407 0.0566213
0.44105 0.0566379
0.4414 0.0566213
0.44175 0.056582
0.4421 0.056582
0.44245 0.056582
0.4428 0.0567644999999999
0.44315 0.0567896999999999
0.4435 0.0567896999999999
0.44385 0.0562823
0.4442 0.0562823
0.44455 0.0567028
0.4449 0.0567028
0.44525 0.0563141999999999
0.4456 0.0563141999999999
0.44595 0.0565043999999999
0.4463 0.0565821
0.44665 0.0565961
0.447 0.0565821
0.44735 0.0565503
0.4477 0.0565378
0.44805 0.0565378
0.4484 0.0563614
0.44875 0.0565699
0.4491 0.0565014
0.44945 0.0565014
0.4498 0.0564498
0.45015 0.0564498
0.4505 0.0564493
0.45085 0.0563082
0.4512 0.0562393
0.45155 0.0562393
0.4519 0.0561721
0.45225 0.0562489
0.4526 0.0562489
0.45295 0.0562489
0.4533 0.0562599
0.45365 0.0562034
0.454 0.0562034
0.45435 0.0560798999999999
0.4547 0.0560643
0.45505 0.0560798999999999
0.4554 0.0560643
0.45575 0.0559134
0.4561 0.0558295999999999
0.45645 0.0559134
0.4568 0.0556607
0.45715 0.0559239
0.4575 0.0558861
0.45785 0.0558861
0.4582 0.0558678
0.45855 0.0558348
0.4589 0.0558160999999999
0.45925 0.0556976999999999
0.4596 0.0556020999999999
0.45995 0.0556968
0.4603 0.0556968
0.46065 0.0557495999999999
0.461 0.0557495999999999
0.46135 0.0557347
0.4617 0.055733
0.46205 0.0556776999999999
0.4624 0.0556730999999999
0.46275 0.0556563999999999
0.4631 0.0556563999999999
0.46345 0.0555893
0.4638 0.0555595
0.46415 0.055554
0.4645 0.0555033
0.46485 0.0554822
0.4652 0.0552851
0.46555 0.0552851
0.4659 0.0552244
0.46625 0.0550913
0.4666 0.0550845
0.46695 0.0550913
0.4673 0.05508
0.46765 0.0547581
0.468 0.0546317
0.46835 0.0546317
0.4687 0.053699
0.46905 0.0523821
0.4694 0.053699
0.46975 0.0546406999999999
0.4701 0.0546406999999999
0.47045 0.0546406999999999
0.4708 0.0545893
0.47115 0.0545893
0.4715 0.0542675999999999
0.47185 0.0541942
0.4722 0.0530368
0.47255 0.0535574
0.4729 0.0535574
0.47325 0.0544099
0.4736 0.0544824
0.47395 0.0544099
0.4743 0.0544753
0.47465 0.0538596
0.475 0.0544549999999999
0.47535 0.0487046
0.4757 0.0544549999999999
0.47605 0.0538764
0.4764 0.0538764
0.47675 0.0538764
0.4771 0.0537898
0.47745 0.0543428
0.4778 0.0540966
0.47815 0.0542625999999999
0.4785 0.0542222
0.47885 0.0542222
0.4792 0.0541233
0.47955 0.0540481
0.4799 0.0540661999999999
0.48025 0.0539449
0.4806 0.0539449
0.48095 0.0538895
0.4813 0.053827
0.48165 0.0535475
0.482 0.0535294999999999
0.48235 0.0534520999999999
0.4827 0.0534520999999999
0.48305 0.0532751
0.4834 0.052867
0.48375 0.0525007
0.4841 0.0525007
0.48445 0.0519082
0.4848 0.0505264
0.48515 0.0511153
0.4855 0.0511153
0.48585 0.0511153
0.4862 0.0519120999999999
0.48655 0.0519120999999999
0.4869 0.0523875
0.48725 0.0523875
0.4876 0.0512972
0.48795 0.0507551999999999
0.4883 0.0512972
0.48865 0.0523813
0.489 0.0530738
0.48935 0.0523813
0.4897 0.0530738
0.49005 0.0528404
0.4904 0.0528404
0.49075 0.0522958
0.4911 0.0522958
0.49145 0.0522958
0.4918 0.052689
0.49215 0.0522333
0.4925 0.0522333
0.49285 0.0508464999999999
0.4932 0.0508464999999999
0.49355 0.051611
0.4939 0.0518378
0.49425 0.0518378
0.4946 0.0518378
0.49495 0.0520666999999999
0.4953 0.0518442999999999
0.49565 0.0522544
0.496 0.0521596999999999
0.49635 0.0522106
0.4967 0.0521649999999999
0.49705 0.0521649999999999
0.4974 0.0520634
0.49775 0.0516753
0.4981 0.0516728
0.49845 0.0514972
0.4988 0.0514972
0.49915 0.0516947
0.4995 0.0516947
0.49985 0.0515396999999999
0.50055 0.0483462
0.5009 0.0483462
0.50125 0.0510089
0.5016 0.0510089
0.50195 0.0508573
0.5023 0.0508002
0.50265 0.049417
0.503 0.0393892
0.50335 0.0422846
0.5037 0.0422846
0.50405 0.0427786
0.5044 0.0493758
0.50475 0.0493758
0.5051 0.0499214
0.50545 0.050172
0.5058 0.050172
0.50615 0.0501584
0.5065 0.0483974
0.50685 0.0470631999999999
0.5072 0.0470631999999999
0.50755 0.0480768
0.5079 0.0480768
0.50825 0.0480768
0.5086 0.0485406
0.50895 0.048619
0.5093 0.048619
0.50965 0.0482827
0.51 0.0482827
0.51035 0.048736
0.5107 0.0492385999999999
0.51105 0.0492385999999999
0.5114 0.0490382
0.51175 0.0490382
0.5121 0.0492265999999999
0.51245 0.0501854
0.5128 0.0501854
0.51315 0.0492631999999999
0.5135 0.0492631999999999
0.51385 0.0495061999999999
0.5142 0.0495061999999999
0.51455 0.0495061999999999
0.5149 0.0490832
0.51525 0.0498425
0.5156 0.0502057
0.51595 0.0502057
0.5163 0.0500783
0.51665 0.0500742
0.517 0.0500742
0.51735 0.0500403
0.5177 0.0499941999999999
0.51805 0.0500124
0.5184 0.0500124
0.51875 0.0500715
0.5191 0.0500715
0.51945 0.0498639
0.5198 0.0498639
0.52015 0.0498678
0.5205 0.0499064
0.52085 0.0498678
0.5212 0.0498464
0.52155 0.0497925
0.5219 0.0496167
0.52225 0.0496163
0.5226 0.0496167
0.52295 0.0494784
0.5233 0.0459274999999999
0.52365 0.0459274999999999
0.524 0.0449009
0.52435 0.0492791999999999
0.5247 0.0492791999999999
0.52505 0.0492791999999999
0.5254 0.0492943
0.52575 0.0491510999999999
0.5261 0.0490177
0.52645 0.0488814
0.5268 0.0489185
0.52715 0.0483253
0.5275 0.0483253
0.52785 0.0483253
0.5282 0.0487356
0.52855 0.0487356
0.5289 0.0482803
0.52925 0.0481933
0.5296 0.0472944
0.52995 0.0481933
0.5303 0.0472898
0.53065 0.0472432
0.531 0.0472432
0.53135 0.0478001
0.5317 0.0478001
0.53205 0.0471959999999999
0.5324 0.0461578
0.53275 0.0470488
0.5331 0.0470488
0.53345 0.0472736
0.5338 0.0474288
0.53415 0.0474288
0.5345 0.0474039
0.53485 0.0469782
0.5352 0.0466981
0.53555 0.0468304
0.5359 0.0464481999999999
0.53625 0.0464481999999999
0.5366 0.046436
0.53695 0.0458996
0.5373 0.0458996
0.53765 0.0455846
0.538 0.0455404
0.53835 0.0452647
0.5387 0.0444886999999999
0.53905 0.0444528
0.5394 0.0444245
0.53975 0.0437248
0.5401 0.0437248
0.54045 0.0423017
0.5408 0.0409147
0.54115 0.0409147
0.5415 0.0398115999999999
0.54185 0.0394404
0.5422 0.0394404
0.54255 0.0394148
0.5429 0.0396338
0.54325 0.0394544
0.5436 0.0394544
0.54395 0.0394544
0.5443 0.0396909
0.54465 0.0412336
0.545 0.0412336
0.54535 0.0426157
0.5457 0.0427231
0.54605 0.0427231
0.5464 0.040067
0.54675 0.040067
0.5471 0.040067
0.54745 0.0428627
0.5478 0.0426015
0.54815 0.0428627
0.5485 0.0435244
0.54885 0.0436595
0.5492 0.0435244
0.54955 0.0432426999999999
0.5499 0.0414739
0.55025 0.0427971
0.5506 0.0427971
0.55095 0.0428793
0.5513 0.0429226
0.55165 0.0428793
0.552 0.0426416
0.55235 0.0425814
0.5527 0.0425814
0.55305 0.0425814
0.5534 0.042508
0.55375 0.042508
0.5541 0.0424753
0.55445 0.041796
0.5548 0.041796
0.55515 0.041796
0.5555 0.0413145999999999
0.55585 0.0424584999999999
0.5562 0.0420265
0.55655 0.0420265
0.5569 0.0406328
0.55725 0.0406328
0.5576 0.041486
0.55795 0.0417578
0.5583 0.041486
0.55865 0.0418273
0.559 0.0417472
0.55935 0.0417472
0.5597 0.041706
0.56005 0.0415849
0.5604 0.0415041
0.56075 0.0413097
0.5611 0.0413097
0.56145 0.0412817
0.5618 0.0412044
0.56215 0.0410455
0.5625 0.0411534
0.56285 0.041119
0.5632 0.041119
0.56355 0.0408191999999999
0.5639 0.0407695
0.56425 0.040681
0.5646 0.0404441999999999
0.56495 0.0404441999999999
0.5653 0.0401020999999999
0.56565 0.0401020999999999
0.566 0.0399934
0.56635 0.0385706
0.5667 0.0385366
0.56705 0.0385706
0.5674 0.0393166
0.56775 0.0393166
0.5681 0.0319775
0.56845 0.0319775
0.5688 0.0323497
0.56915 0.0360245
0.5695 0.0323497
0.56985 0.0273163999999999
0.5702 0.0273163999999999
0.57055 0.0384935999999999
0.5709 0.0384935999999999
0.57125 0.0382979
0.5716 0.0375858
0.57195 0.0381879
0.5723 0.0381879
0.57265 0.0381879
0.573 0.0378914
0.57335 0.0331808
0.5737 0.0373526
0.57405 0.0336263
0.5744 0.0336263
0.57475 0.0336263
0.5751 0.0282656
0.57545 0.0369386999999999
0.5758 0.0370291
0.57615 0.0370291
0.5765 0.0360922
0.57685 0.0309748
0.5772 0.0359738
0.57755 0.0359738
0.5779 0.0359738
0.57825 0.0367673
0.5786 0.0354074
0.57895 0.0362705999999999
0.5793 0.0362705999999999
0.57965 0.0362705999999999
0.58 0.0358792
0.58035 0.0357499
0.5807 0.0338285
0.58105 0.0338285
0.5814 0.0358295
0.58175 0.0359161999999999
0.5821 0.0358295
0.58245 0.0353793
0.5828 0.0338865999999999
0.58315 0.0338865999999999
0.5835 0.0332991999999999
0.58385 0.0340143
0.5842 0.0340143
0.58455 0.0340143
0.5849 0.0334005
0.58525 0.0334005
0.5856 0.0335657
0.58595 0.0335657
0.5863 0.0329852
0.58665 0.0329754
0.587 0.0319851
0.58735 0.0312973
0.5877 0.0291529
0.58805 0.0232214
0.5884 0.0232214
0.58875 0.0228279
0.5891 0.0228279
0.58945 0.0228279
0.5898 0.0115512
0.59015 0.0115512
0.5905 0.0265731
0.59085 0.0265731
0.5912 0.0259471999999999
0.59155 0.0259471999999999
0.5919 0.0291827
0.59225 0.0291827
0.5926 0.0294774999999999
0.59295 0.0316418
0.5933 0.0316418
0.59365 0.029174
0.594 0.0209204
0.59435 0.0144627999999999
0.5947 0.0144627999999999
0.59505 0.0272194
0.5954 0.0272194
0.59575 0.0251682
0.5961 0.0251682
0.59645 0.027478
0.5968 0.0297759
0.59715 0.0297759
0.5975 0.0297759
0.59785 0.0273307
0.5982 0.0273307
0.59855 0.026312
0.5989 0.0268352
0.59925 0.026312
0.5996 0.0268352
0.59995 0.0288134
0.6003 0.0288134
0.60065 0.0139893
0.601 0.0139893
0.60135 0.0272865
0.6017 0.0314712999999999
0.60205 0.0314712999999999
0.6024 0.033388
0.60275 0.033388
0.6031 0.0344635
0.60345 0.0344635
0.6038 0.0344635
0.60415 0.0325045
0.6045 0.0325045
0.60485 0.0269231
0.6052 0.035292
0.60555 0.0349815999999999
0.6059 0.0349815999999999
0.60625 0.0349815999999999
0.6066 0.0348951
0.60695 0.0351411
0.6073 0.0348951
0.60765 0.0353658
0.608 0.0341179
0.60835 0.0352365
0.6087 0.0341179
0.60905 0.0348484
0.6094 0.0344218
0.60975 0.0348484
0.6101 0.0354901
0.61045 0.0354901
0.6108 0.0351343
0.61115 0.0348835
0.6115 0.0348088
0.61185 0.0343848
0.6122 0.033982
0.61255 0.033736
0.6129 0.0326083
0.61325 0.0319455
0.6136 0.031412
0.61395 0.0306765
0.6143 0.0303053
0.61465 0.0297699
0.615 0.0295268
0.61535 0.0294892
0.6157 0.029275
0.61605 0.0286046
0.6164 0.0284688
0.61675 0.0278804
0.6171 0.027392
0.61745 0.0261762
0.6178 0.0248011
0.61815 0.0244081
0.6185 0.0238782
0.61885 0.0234710999999999
0.6192 0.0229551
0.61955 0.0229551
0.6199 0.0234585
0.62025 0.0241685
0.6206 0.0248524
0.62095 0.0248929
0.6213 0.0250832
0.62165 0.0258390999999999
0.622 0.0268096
0.62235 0.0278714999999999
0.6227 0.0286952
0.62305 0.0293485
0.6234 0.0297793
0.62375 0.030056
0.6241 0.0317529999999999
0.62445 0.0317529999999999
0.6248 0.0324657
0.62515 0.0333916999999999
0.6255 0.0333916999999999
0.62585 0.0337365
0.6262 0.0343045
0.62655 0.0343045
0.6269 0.0343514
0.62725 0.034717
0.6276 0.034717
0.62795 0.0350999
0.6283 0.0342832
0.62865 0.0350999
0.629 0.035347
0.62935 0.035347
0.6297 0.0354198
0.63005 0.0356804
0.6304 0.0356804
0.63075 0.0346911
0.6311 0.0346274
0.63145 0.0315509999999999
0.6318 0.0269568
0.63215 0.0269568
0.6325 0.0333808
0.63285 0.0335642
0.6332 0.0335642
0.63355 0.0331374
0.6339 0.0331374
0.63425 0.0344788
0.6346 0.0344788
0.63495 0.0338437
0.6353 0.0338437
0.63565 0.0338437
0.636 0.0337533999999999
0.63635 0.0337533999999999
0.6367 0.0323757999999999
0.63705 0.0323757999999999
0.6374 0.0323757999999999
0.63775 0.0269469
0.6381 0.0281427
0.63845 0.0281427
0.6388 0.0281427
0.63915 0.0312890999999999
0.6395 0.0316257
0.63985 0.0326676
0.6402 0.0342656999999999
0.64055 0.0342656999999999
0.6409 0.0334063
0.64125 0.0326380999999999
0.6416 0.031786
0.64195 0.0314759
0.6423 0.0314759
0.64265 0.0332962
0.643 0.0332962
0.64335 0.0333009
0.6437 0.0295091
0.64405 0.0257086
0.6444 0.0257086
0.64475 0.0289668
0.6451 0.0289668
0.64545 0.0289668
0.6458 0.012508
0.64615 0.0056983999999999
0.6465 0.0056983999999999
0.64685 0.0175972
0.6472 0.0214455
0.64755 0.0214455
0.6479 0.0194826
0.64825 0.0194826
0.6486 0.0226064999999999
0.64895 0.0256000999999999
0.6493 0.0267397999999999
0.64965 0.0309406999999999
0.65 0.0309406999999999
0.65035 0.0315727
0.6507 0.0277399
0.65105 0.0170706999999999
0.6514 0.0170706999999999
0.65175 0.0170706999999999
0.6521 0.0200993
0.65245 0.0285490999999999
0.6528 0.0285490999999999
0.65315 0.0288019999999999
0.6535 0.017449
0.65385 0.0312364
0.6542 0.0202717
0.65455 0.0283192
0.6549 0.0283192
0.65525 0.0283192
0.6556 0.0206907
0.65595 0.0172066
0.6563 0.0172066
0.65665 0.0255477
0.657 0.0255477
0.65735 0.0186175
0.6577 0.0186175
0.65805 0.0280736
0.6584 0.0280736
0.65875 0.0280736
0.6591 0.0293988
0.65945 0.0293988
0.6598 0.0217433
0.66015 0.0217433
0.6605 0.0297955
0.66085 0.0297955
0.6612 0.0245137
0.66155 0.0245137
0.6619 0.0273925
0.66225 0.0277245
0.6626 0.0293028
0.66295 0.0284574
0.6633 0.0284574
0.66365 0.0281305
0.664 0.0281305
0.66435 0.0289339999999999
0.6647 0.0300346999999999
0.66505 0.0300346999999999
0.6654 0.0297297
0.66575 0.0292212
0.6661 0.0267471
0.66645 0.028502
0.6668 0.028502
0.66715 0.0291436
0.6675 0.0291436
0.66785 0.0292345
0.6682 0.0286014
0.66855 0.0258624
0.6689 0.0258624
0.66925 0.0289364
0.6696 0.0292205999999999
0.66995 0.0292205999999999
0.6703 0.0301950999999999
0.67065 0.0307535
0.671 0.0307535
0.67135 0.0316167
0.6717 0.0315415
0.67205 0.0315415
0.6724 0.0311824
0.67275 0.0311824
0.6731 0.0314503
0.67345 0.0318047
0.6738 0.0328896
0.67415 0.03267
0.6745 0.03267
0.67485 0.03267
0.6752 0.0333676
0.67555 0.0333676
0.6759 0.0334345
0.67625 0.0333385
0.6766 0.0333385
0.67695 0.0333385
0.6773 0.0333194
0.67765 0.033643
0.678 0.0333194
0.67835 0.0335017
0.6787 0.0314985
0.67905 0.0319377
0.6794 0.0319377
0.67975 0.0328571
0.6801 0.0328571
0.68045 0.0327243
0.6808 0.0302037
0.68115 0.0302037
0.6815 0.0302037
0.68185 0.0316236
0.6822 0.0305134
0.68255 0.0305134
0.6829 0.0305134
0.68325 0.0291571
0.6836 0.0294341999999999
0.68395 0.0291571
0.6843 0.0271569
0.68465 0.0271569
0.685 0.0287218999999999
0.68535 0.0305820999999999
0.6857 0.0308686
0.68605 0.0305820999999999
0.6864 0.0302466
0.68675 0.0255006
0.6871 0.0255006
0.68745 0.0290247
0.6878 0.0298598999999999
0.68815 0.0290247
0.6885 0.0291829999999999
0.68885 0.0288368
0.6892 0.0291829999999999
0.68955 0.0178859
0.6899 0.0276459999999999
0.69025 0.0271819
0.6906 0.0276459999999999
0.69095 0.0271819
0.6913 0.0211835999999999
0.69165 0.0188775999999999
0.692 0.0094646
0.69235 0.0094646
0.6927 0.0119417
0.69305 0.0119417
0.6934 0.0111199
0.69375 0.0111199
0.6941 0.0111199
0.69445 0.0150809
0.6948 0.0187218
0.69515 0.0187218
0.6955 0.0163421
0.69585 0.0163421
0.6962 0.0180608
0.69655 0.0183365999999999
0.6969 0.0180608
0.69725 0.0198375999999999
0.6976 0.0155744
0.69795 0.021782
0.6983 0.0216922
0.69865 0.0216922
0.699 0.0209251
0.69935 0.0209251
0.6997 0.0209251
0.70005 0.0089052
0.7004 0.0084058
0.70075 0.0084058
0.7011 0.0127052
0.70145 0.0127052
0.7018 0.0127052
0.70215 0.0130043
0.7025 0.0130043
0.70285 0.0084346
0.7032 0.0084346
0.70355 0.0099994
0.7039 0.0150682
0.70425 0.0112236
0.7046 0.0133166
0.70495 0.0112236
0.7053 0.0133166
0.70565 0.0184612
0.706 0.0184612
0.70635 0.01318
0.7067 0.01318
0.70705 0.01318
0.7074 0.0139612
0.70775 0.0092495
0.7081 0.0139612
0.70845 0.0092495
0.7088 0.0102061
0.70915 0.0071623999999999
0.7095 0.0102061
0.70985 0.0125476
0.7102 0.0189123
0.71055 0.0189123
0.7109 0.0063433
0.71125 0.0063433
0.7116 0.0086758
0.71195 0.0164407
0.7123 0.0164407
0.71265 0.0126986
0.713 0.0114947
0.71335 0.0114947
0.7137 0.0121226
0.71405 0.0121226
0.7144 0.0096432999999999
0.71475 0.0096432999999999
0.7151 0.0156275
0.71545 0.0156275
0.7158 0.0124798
0.71615 0.008235
0.7165 0.002825
0.71685 0.002825
0.7172 0.0027119
0.71755 0.0027119
0.7179 0.0027119
0.71825 0.005598
0.7186 0.005598
0.71895 0.0014606
0.7193 0.0014606
0.71965 0.0017643
0.72 0.0017643
0.72035 0.0030647
0.7207 0.0048633999999999
0.72105 0.0048633999999999
0.7214 0.0048633999999999
0.72175 0.0024884
0.7221 0.006964
0.72245 0.0049245
0.7228 0.0049245
0.72315 0.0023120999999999
0.7235 0.001633
0.72385 0.001633
0.7242 0.001633
0.72455 0.0022429
0.7249 0.0025384
0.72525 0.0025384
0.7256 0.0022716
0.72595 0.0015841
0.7263 0.0013547
0.72665 0.0015841
0.727 0.0007074
0.72735 0.0029352
0.7277 0.0025705
0.72805 0.0029352
0.7284 0.0035641999999999
0.72875 0.0043453999999999
0.7291 0.0043453999999999
0.72945 0.0030706999999999
0.7298 0.0026754
0.73015 0.002864
0.7305 0.002864
0.73085 0.0031669
0.7312 0.0036945999999999
0.73155 0.0031669
0.7319 0.0036945999999999
0.73225 0.0021226
0.7326 0.0021983
0.73295 0.0021226
0.7333 0.0021983
0.73365 0.0079305
0.734 0.0079305
0.73435 0.004898
0.7347 0.004898
0.73505 0.0075857
0.7354 0.00988
0.73575 0.00988
0.7361 0.0067688
0.73645 0.005589
0.7368 0.005589
0.73715 0.005589
0.7375 0.0039134
0.73785 0.0113807
0.7382 0.0075998
0.73855 0.0075998
0.7389 0.0054867
0.73925 0.0054867
0.7396 0.0050443999999999
0.73995 0.0050443999999999
0.7403 0.0050443999999999
0.74065 0.010656
0.741 0.010656
0.74135 0.010656
0.7417 0.0114488
0.74205 0.0156412
0.7424 0.0156412
0.74275 0.0156412
0.7431 0.016914
0.74345 0.016914
0.7438 0.0165826
0.74415 0.0127938999999999
0.7445 0.0127938999999999
0.74485 0.0202504
0.7452 0.0202504
0.74555 0.0202504
0.7459 0.0100818
0.74625 0.0153078
0.7466 0.0153078
0.74695 0.0153078
0.7473 0.0187092
0.74765 0.0187092
0.748 0.0188175
0.74835 0.0197685
0.7487 0.0188175
0.74905 0.0151902
0.7494 0.0151902
0.74975 0.0181174
0.7501 0.0206242
0.75045 0.0181174
0.7508 0.0223901
0.75115 0.0194456
0.7515 0.0194456
0.75185 0.0194456
0.7522 0.0180634
0.75255 0.018321
0.7529 0.018321
0.75325 0.0200925
0.7536 0.0206096
0.75395 0.0224874
0.7543 0.0206096
0.75465 0.0228664999999999
0.755 0.0205275
0.75535 0.0228447
0.7557 0.0227671
0.75605 0.0228447
0.7564 0.0227671
0.75675 0.0229262
0.7571 0.0191194999999999
0.75745 0.0198733
0.7578 0.0198733
0.75815 0.0206102
0.7585 0.021406
0.75885 0.0215215
0.7592 0.021406
0.75955 0.0215215
0.7599 0.0213505999999999
0.76025 0.0213505999999999
0.7606 0.019288
0.76095 0.019288
0.7613 0.0210488
0.76165 0.0210488
0.762 0.0203680999999999
0.76235 0.0201958
0.7627 0.0200943
0.76305 0.0199057999999999
0.7634 0.0196799
0.76375 0.0189766
0.7641 0.0189766
0.76445 0.0185709
0.7648 0.0185303
0.76515 0.0182279
0.7655 0.0177743
0.76585 0.0177399
0.7662 0.0173165999999999
0.76655 0.0173165999999999
0.7669 0.0171705999999999
0.76725 0.0173465999999999
0.7676 0.0179796
0.76795 0.0179796
0.7683 0.0181584
0.76865 0.0180152
0.769 0.0180152
0.76935 0.0177050999999999
0.7697 0.0172583
0.77005 0.0171901
0.7704 0.0171901
0.77075 0.0178857
0.7711 0.0180294
0.77145 0.0183410999999999
0.7718 0.0184754
0.77215 0.0185515999999999
0.7725 0.0185515999999999
0.77285 0.0181343
0.7732 0.0174799
0.77355 0.0174799
0.7739 0.0178674
0.77425 0.0181119
0.7746 0.0181119
0.77495 0.0181053
0.7753 0.0180684
0.77565 0.0179965
0.776 0.0176484
0.77635 0.0175016
0.7767 0.0172269
0.77705 0.0170826
0.7774 0.0169315999999999
0.77775 0.0166663
0.7781 0.0162395
0.77845 0.0162395
0.7788 0.0157401
0.77915 0.0151638
0.7795 0.0129021
0.77985 0.0129021
0.7802 0.0135676
0.78055 0.0135676
0.7809 0.0109474
0.78125 0.0109474
0.7816 0.0109474
0.78195 0.010683
0.7823 0.0104006
0.78265 0.0104006
0.783 0.0104006
0.78335 0.0102222
0.7837 0.0109586
0.78405 0.009633
0.7844 0.0095132
0.78475 0.0095132
0.7851 0.0115363
0.78545 0.0115363
0.7858 0.0119315
0.78615 0.0113955
0.7865 0.0113955
0.78685 0.0061167999999999
0.7872 0.0061167999999999
0.78755 0.0072177
0.7879 0.0105131
0.78825 0.0105131
0.7886 0.0105131
0.78895 0.0106828
0.7893 0.0106828
0.78965 0.0118151
0.79 0.0118151
0.79035 0.0122905
0.7907 0.0112942
0.79105 0.0113423
0.7914 0.0112942
0.79175 0.0113423
0.7921 0.0112825
0.79245 0.0111038
0.7928 0.0099431
0.79315 0.0100013
0.7935 0.0100013
0.79385 0.0102392
0.7942 0.0105069999999999
0.79455 0.0105069999999999
0.7949 0.0077289
0.79525 0.0049036999999999
0.7956 0.0077289
0.79595 0.0027851
0.7963 0.0027851
0.79665 0.0027851
0.797 0.0053883
0.79735 0.0053883
0.7977 0.0075794
0.79805 0.0075794
0.7984 0.007704
0.79875 0.0080389
0.7991 0.0084536
0.79945 0.0084536
0.7998 0.0056
0.80015 0.0056
0.8005 0.0095612
0.80085 0.0098444
0.8012 0.0095612
0.80155 0.0070046
0.8019 0.0049619
0.80225 0.0042612
0.8026 0.0042612
0.80295 0.0080445
0.8033 0.0080445
0.80365 0.0092696
0.804 0.0081735
0.80435 0.0092696
0.8047 0.0103407
0.80505 0.0108745
0.8054 0.0112281
0.80575 0.0108745
0.8061 0.0029201
0.80645 0.0029201
0.8068 0.0035274
0.80715 0.0055398999999999
0.8075 0.0055398999999999
0.80785 0.0050391
0.8082 0.0050391
0.80855 0.0092257
0.8089 0.0092257
0.80925 0.0034729999999999
0.8096 0.0034729999999999
0.80995 0.0040434
0.8103 0.0063319
0.81065 0.0063319
0.811 0.0056462
0.81135 0.0045519
0.8117 0.0045519
0.81205 0.0043457
0.8124 0.0037773
0.81275 0.0043457
0.8131 0.0026201
0.81345 0.0040063
0.8138 0.0040063
0.81415 0.0040063
0.8145 0.0027319
0.81485 0.0009167
0.8152 0.0009167
0.81555 0.0043083999999999
0.8159 0.0043098
0.81625 0.0043098
0.8166 0.0045071
0.81695 0.0045071
0.8173 0.0051595
0.81765 0.0051595
0.818 0.0048438
0.81835 0.0048438
0.8187 0.0048438
0.81905 0.008028
0.8194 0.0069408
0.81975 0.0069408
0.8201 0.0069408
0.82045 0.0060989
0.8208 0.0060989
0.82115 0.0060989
0.8215 0.0080321
0.82185 0.0080321
0.8222 0.0072643999999999
0.82255 0.0072164
0.8229 0.0025199
0.82325 0.0008436
0.8236 0.000873
0.82395 0.000873
0.8243 0.0067297
0.82465 0.0067297
0.825 0.0074997
0.82535 0.0065581999999999
0.8257 0.0098748
0.82605 0.0065581999999999
0.8264 0.0077323
0.82675 0.0077323
0.8271 0.0077323
0.82745 0.0053345
0.8278 0.0022323
0.82815 0.0053345
0.8285 0.005635
0.82885 0.005635
0.8292 0.005635
0.82955 0.0066868
0.8299 0.0066868
0.83025 0.002977
0.8306 0.002977
0.83095 0.0037135999999999
0.8313 0.0066434
0.83165 0.0037135999999999
0.832 0.0029029
0.83235 0.0029029
0.8327 0.0028222
0.83305 0.0055344999999999
0.8334 0.0043558999999999
0.83375 0.0043558999999999
0.8341 0.0011367
0.83445 0.0011367
0.8348 0.0011367
0.83515 0.0059645
0.8355 0.0048861999999999
0.83585 0.0048861999999999
0.8362 0.0041836999999999
0.83655 0.0039107
0.8369 0.0039107
0.83725 0.0030116
0.8376 0.0017069
0.83795 0.0017069
0.8383 0.0035869
0.83865 0.0057695
0.839 0.0059983
0.83935 0.0059983
0.8397 0.0055022
0.84005 0.0050217
0.8404 0.0050217
0.84075 0.0050217
0.8411 0.0054715
0.84145 0.0054715
0.8418 0.0045101
0.84215 0.0045101
0.8425 0.0072217
0.84285 0.0081771
0.8432 0.0081771
0.84355 0.0083594
0.8439 0.0074526
0.84425 0.0065523
0.8446 0.0065523
0.84495 0.0079628
0.8453 0.0079628
0.84565 0.0079628
0.846 0.0101047
0.84635 0.0101047
0.8467 0.0101047
0.84705 0.0123807999999999
0.8474 0.0123807999999999
0.84775 0.0073244
0.8481 0.0073244
0.84845 0.0089204
0.8488 0.0104982
0.84915 0.0104982
0.8495 0.0104982
0.84985 0.0109589
0.8502 0.0094153
0.85055 0.0095913
0.8509 0.0095913
0.85125 0.0099887
0.8516 0.0101596
0.85195 0.0108897
0.8523 0.0108897
0.85265 0.0094414
0.853 0.0075305
0.85335 0.0075305
0.8537 0.0098305
0.85405 0.0098305
0.8544 0.0092874
0.85475 0.0084829
0.8551 0.0084829
0.85545 0.0075158999999999
0.8558 0.0075158999999999
0.85615 0.0070205
0.8565 0.0070355
0.85685 0.0066158999999999
0.8572 0.0061068999999999
0.85755 0.0049789
0.8579 0.0043696
0.85825 0.0043696
0.8586 0.0044449
0.85895 0.0044449
0.8593 0.0040625999999999
0.85965 0.003786
0.86 0.0029980999999999
0.86035 0.0027538
0.8607 0.0026274
0.86105 0.00233
0.8614 0.0021544
0.86175 0.002152
0.8621 0.0018677
0.86245 0.0018677
0.8628 0.0017862
0.86315 0.0018566
0.8635 0.0018555999999999
0.86385 0.0018555999999999
0.8642 0.0016271
0.86455 0.0015834
0.8649 0.0016271
0.86525 0.0017942999999999
0.8656 0.0019508
0.86595 0.0022052
0.8663 0.0023122
0.86665 0.0023122
0.867 0.001707
0.86735 0.001707
0.8677 0.0019687999999999
0.86805 0.0031699
0.8684 0.0033505
0.86875 0.00346
0.8691 0.0041153
0.86945 0.0037533
0.8698 0.0039949
0.87015 0.0038835
0.8705 0.0038835
0.87085 0.0037256
0.8712 0.0036141999999999
0.87155 0.0037256
0.8719 0.0044538999999999
0.87225 0.0055175
0.8726 0.0044538999999999
0.87295 0.0040189
0.8733 0.0040189
0.87365 0.0046726999999999
0.874 0.0049552
0.87435 0.0051537
0.8747 0.0051836
0.87505 0.0051537
0.8754 0.0051836
0.87575 0.0036895
0.8761 0.0048778
0.87645 0.0038774
0.8768 0.0038774
0.87715 0.0033729
0.8775 0.002328
0.87785 0.002328
0.8782 0.0022589
0.87855 0.0022589
0.8789 0.0030695999999999
0.87925 0.0030695999999999
0.8796 0.0011104
0.87995 0.0009864
0.8803 0.0010602
0.88065 0.0009864
0.881 0.000765
0.88135 0.0007247
0.8817 0.0005466
0.88205 0.0003918
0.8824 0.0002467
0.88275 0.0002467
0.8831 0.0002467
0.88345 0.0002481
0.8838 0.0002419
0.88415 0.0002481
0.8845 0.0003025
0.88485 0.0003559
0.8852 0.0004007
0.88555 0.0004007
0.8859 0.0003655
0.88625 0.0002863999999999
0.8866 0.0001651
0.88695 0.0001456
0.8873 0.0001456
0.88765 0.0001456
0.888 0.0001585999999999
0.88835 0.0001625
0.8887 0.0002209
0.88905 0.0001625
0.8894 0.0002301
0.88975 0.000242
0.8901 0.0002793999999999
0.89045 0.0002604
0.8908 0.0002634
0.89115 0.0002604
0.8915 0.0002634
0.89185 0.0002201999999999
0.8922 0.0002761
0.89255 0.0002761
0.8929 0.0002824
0.89325 0.0002824
0.8936 0.0002638
0.89395 0.0002440999999999
0.8943 0.0002440999999999
0.89465 0.0002400999999999
0.895 0.0002400999999999
0.89535 0.0002242
0.8957 0.0002242
0.89605 0.0002508
0.8964 0.0002778
0.89675 0.0003447
0.8971 0.0003447
0.89745 0.0003341
0.8978 0.0003341
0.89815 0.0003895
0.8985 0.0003895
0.89885 0.0003355
0.8992 0.000182
0.89955 0.000182
0.8999 0.0001408
0.90025 0.0001408
0.9006 0.0001408
0.90095 0.0003291
0.9013 0.0005621
0.90165 0.0007078
0.902 0.0007078
0.90235 0.0007019999999999
0.9027 0.0007019999999999
0.90305 0.0007019999999999
0.9034 0.0008711
0.90375 0.0008666
0.9041 0.0008711
0.90445 0.0011710999999999
0.9048 0.0018308
0.90515 0.0018308
0.9055 0.0012802
0.90585 0.0012802
0.9062 0.0012825
0.90655 0.0012825
0.9069 0.001263
0.90725 0.001263
0.9076 0.0012289999999999
0.90795 0.0012289999999999
0.9083 0.0012289999999999
0.90865 0.0009426
0.909 0.0013736
0.90935 0.0009426
0.9097 0.0008554999999999
0.91005 0.0008052999999999
0.9104 0.0008554999999999
0.91075 0.0008926
0.9111 0.0009039
0.91145 0.001017
0.9118 0.001017
0.91215 0.001017
0.9125 0.0013486
0.91285 0.0013486
0.9132 0.0013486
0.91355 0.001073
0.9139 0.0019279
0.91425 0.0005817
0.9146 0.0019945999999999
0.91495 0.0009447
0.9153 0.0009884
0.91565 0.0009884
0.916 0.0009884
0.91635 0.0013245999999999
0.9167 0.0005237999999999
0.91705 0.0006031
0.9174 0.000505
0.91775 0.000505
0.9181 0.0002987
0.91845 0.0002987
0.9188 0.0012913
0.91915 0.0012913
0.9195 0.0003128999999999
0.91985 0.0003128999999999
0.9202 0.0024854
0.92055 0.0024854
0.9209 0.0020876
0.92125 0.0012327
0.9216 0.0009320999999999
0.92195 0.0012327
0.9223 0.0012767999999999
0.92265 0.0015402
0.923 0.0015402
0.92335 0.0009222
0.9237 0.0008087999999999
0.92405 0.0009222
0.9244 0.0006247999999999
0.92475 0.0022984
0.9251 0.0018109
0.92545 0.0021499
0.9258 0.0018109
0.92615 0.0009019
0.9265 0.0009019
0.92685 0.0009019
0.9272 0.0007754
0.92755 0.0007754
0.9279 0.0004559
0.92825 0.0012106
0.9286 0.0007784
0.92895 0.001348
0.9293 0.0009475
0.92965 0.0009475
0.93 0.0002211999999999
0.93035 0.0002211999999999
0.9307 0.000183
0.93105 0.0004795
0.9314 0.0003328999999999
0.93175 0.000495
0.9321 0.0005162999999999
0.93245 0.0005162999999999
0.9328 0.0006701
0.93315 0.0006575
0.9335 0.0006575
0.93385 0.0002759
0.9342 0.0001831
0.93455 0.0001674
0.9349 0.0001831
0.93525 0.0001674
0.9356 0.0003006
0.93595 0.0004497
0.9363 0.0005684
0.93665 0.0005684
0.937 0.0004029
0.93735 0.0004029
0.9377 0.0001828
0.93805 0.0001828
0.9384 0.0001828
0.93875 0.000681
0.9391 0.000681
0.93945 0.0007571
0.9398 0.0004152
0.94015 0.0006358
0.9405 0.0001996
0.94085 0.0006358
0.9412 0.0007721
0.94155 0.0007942
0.9419 0.0009417
0.94225 0.000819
0.9426 0.000819
0.94295 0.0001530999999999
0.9433 0.0001530999999999
0.94365 0.0002305
0.944 0.0002305
0.94435 8.3e-05
0.9447 8.3e-05
0.94505 0.0004044999999999
0.9454 0.0004044999999999
0.94575 0.0004044999999999
0.9461 0.0003112
0.94645 0.0003112
0.9468 0.0003112
0.94715 0.0003838
0.9475 0.0003838
0.94785 0.0005939
0.9482 0.0006445
0.94855 0.0006681
0.9489 0.0006445
0.94925 0.000118
0.9496 0.000118
0.94995 0.0001906
0.9503 0.0003078999999999
0.95065 0.001009
0.951 0.001009
0.95135 0.0004204
0.9517 0.0004204
0.95205 0.000454
0.9524 0.000454
0.95275 0.0002829
0.9531 0.0002143
0.95345 0.0002143
0.9538 0.0004562
0.95415 0.000574
0.9545 0.000574
0.95485 0.000574
0.9552 0.0004843999999999
0.95555 0.0006295
0.9559 0.0006295
0.95625 0.0006295
0.9566 0.0006042
0.95695 0.0002405
0.9573 0.0002405
0.95765 0.0010544
0.958 0.0010544
0.95835 0.0008663
0.9587 0.0007647
0.95905 0.0007647
0.9594 0.0002631
0.95975 0.0002631
0.9601 0.0006877999999999
0.96045 0.0006877999999999
0.9608 0.0005396
0.96115 0.0005396
0.9615 0.0006581
0.96185 0.0008939
0.9622 0.0006581
0.96255 0.0001906999999999
0.9629 0.0001906999999999
0.96325 0.0002763
0.9636 0.0002763
0.96395 0.0003509999999999
0.9643 0.0003509999999999
0.96465 0.000797
0.965 0.000797
0.96535 0.0005327
0.9657 0.0003615
0.96605 0.0005327
0.9664 0.0003615
0.96675 0.0002625
0.9671 0.0002371
0.96745 0.0002371
0.9678 0.0005717
0.96815 0.0005717
0.9685 0.0005484
0.96885 0.0003762
0.9692 0.0003762
0.96955 0.0007565
0.9699 0.0007769
0.97025 0.0007769
0.9706 0.0007666
0.97095 0.0007496
0.9713 0.0007666
0.97165 0.0007932
0.972 0.0007932
0.97235 0.0006801
0.9727 0.0005303
0.97305 0.000525
0.9734 0.0003201
0.97375 0.0002928999999999
0.9741 0.0002928999999999
0.97445 0.0002928999999999
0.9748 0.0005226
0.97515 0.0006181
0.9755 0.0006955
0.97585 0.0006955
0.9762 0.0004396
0.97655 0.0004396
0.9769 0.0006402
0.97725 0.0006984
0.9776 0.0006984
0.97795 0.0005377
0.9783 0.00022
0.97865 0.0002671
0.979 0.0002671
0.97935 0.0004056999999999
0.9797 0.0004056999999999
0.98005 0.0004394
0.9804 0.0003816999999999
0.98075 0.0003816999999999
0.9811 0.0003816999999999
0.98145 0.0004436
0.9818 0.0004436
0.98215 0.000404
0.9825 0.000293
0.98285 0.000169
0.9832 0.000293
0.98355 0.0003728999999999
0.9839 0.0003969
0.98425 0.0004083999999999
0.9846 0.0003969
0.98495 0.0004257
0.9853 0.0002784
0.98565 0.0002756
0.986 0.0002713
0.98635 0.0002713
0.9867 0.0001781999999999
0.98705 0.0002313
0.9874 0.0002313
0.98775 0.0002313
0.9881 0.0001621999999999
0.98845 8.120000000000001e-05
0.9888 8.120000000000001e-05
0.98915 0.0001196
0.9895 0.0002804
0.98985 0.0001846
0.9902 0.0002983
0.99055 0.0001846
0.9909 0.0002983
0.99125 0.0002626
0.9916 0.0003036
0.99195 0.0002626
0.9923 0.0003036
0.99265 0.0003177999999999
0.993 0.0003291
0.99335 0.0003182
0.9937 0.0003255
0.99405 0.0003182
0.9944 0.0003255
0.99475 0.0002748999999999
0.9951 0.0002695
0.99545 0.0002695
0.9958 9.67e-05
0.99615 0.0002892
0.9965 9.01e-05
0.99685 0.0002892
0.9972 0.0004034
0.99755 0.0004034
0.9979 0.0003553999999999
0.99825 0.0002673
0.9986 0.0003108
0.99895 0.0002651
0.9993 0.0002651
