0.3 0.1479074
0.30035 0.1479074
0.3007 0.1478983999999999
0.30105 0.1478892999999999
0.3014 0.1478799
0.30175 0.1478703999999999
0.3021 0.1478606
0.30245 0.1478507
0.3028 0.1478406
0.30315 0.1478303
0.3035 0.1478197999999999
0.30385 0.1478091
0.3042 0.1477971
0.30455 0.147785
0.3049 0.1477726
0.30525 0.1477601
0.3056 0.1477474
0.30595 0.1477346
0.3063 0.1477216
0.30665 0.1477084
0.307 0.1476951
0.30735 0.1476816
0.3077 0.147668
0.30805 0.1476542
0.3084 0.1476402
0.30875 0.1476261
0.3091 0.1476119
0.30945 0.1475975
0.3098 0.147583
0.31015 0.1475682999999999
0.3105 0.1475535
0.31085 0.1475385
0.3112 0.1475234
0.31155 0.1475082
0.3119 0.1474927999999999
0.31225 0.1474772
0.3126 0.1474615
0.31295 0.1474456
0.3133 0.1474297
0.31365 0.1474135
0.314 0.1473973
0.31435 0.1473809
0.3147 0.1473644
0.31505 0.1473477999999999
0.3154 0.1473311
0.31575 0.1473142
0.3161 0.1472972
0.31645 0.1472801
0.3168 0.1472629
0.31715 0.1472455
0.3175 0.1472281
0.31785 0.1472105
0.3182 0.1471927999999999
0.31855 0.147175
0.3189 0.1471571
0.31925 0.1471391
0.3196 0.147121
0.31995 0.1471027
0.3203 0.1470844
0.32065 0.147066
0.321 0.1470474
0.32135 0.1470288
0.3217 0.14701
0.32205 0.1469912
0.3224 0.1469723
0.32275 0.1469532
0.3231 0.1469341
0.32345 0.1469149
0.3238 0.1468956
0.32415 0.1468761
0.3245 0.1468566
0.32485 0.1468371
0.3252 0.1468174
0.32555 0.1467976
0.3259 0.1467777
0.32625 0.1467578
0.3266 0.1467378
0.32695 0.1467177
0.3273 0.1466974999999999
0.32765 0.1466772
0.328 0.1466568
0.32835 0.1466362999999999
0.3287 0.1466157
0.32905 0.146595
0.3294 0.146574
0.32975 0.1465523
0.3301 0.1465265
0.33045 0.1465063999999999
0.3308 0.1464897
0.33115 0.1464696
0.3315 0.1464488
0.33185 0.1464277999999999
0.3322 0.1464067
0.33255 0.1463854
0.3329 0.1463641
0.33325 0.1463427
0.3336 0.1463212
0.33395 0.1462997
0.3343 0.1462781
0.33465 0.1462563999999999
0.335 0.1462347
0.33535 0.1462128999999999
0.3357 0.146191
0.33605 0.1461691
0.3364 0.1461471
0.33675 0.1461251
0.3371 0.1461030999999999
0.33745 0.1460817
0.3378 0.1460602
0.33815 0.1460387
0.3385 0.1460171
0.33885 0.1459954
0.3392 0.1459737
0.33955 0.1459519
0.3399 0.1459301
0.34025 0.1459083
0.3406 0.1458864
0.34095 0.1458644
0.3413 0.1458424
0.34165 0.1458204
0.342 0.1457983
0.34235 0.1457761
0.3427 0.1457539
0.34305 0.1457317
0.3434 0.1457095
0.34375 0.1456871
0.3441 0.1456647999999999
0.34445 0.1456424
0.3448 0.14562
0.34515 0.1455975
0.3455 0.145575
0.34585 0.1455524
0.3462 0.1455299
0.34655 0.1455072
0.3469 0.1454846
0.34725 0.1454619
0.3476 0.1454392
0.34795 0.1454164
0.3483 0.1453936
0.34865 0.1453708
0.349 0.1453479
0.34935 0.145325
0.3497 0.1453021
0.35005 0.1452791
0.3504 0.1452562
0.35075 0.1452332
0.3511 0.1452101
0.35145 0.1451869999999999
0.3518 0.145164
0.35215 0.1451408
0.3525 0.1451177
0.35285 0.1450945
0.3532 0.1450713
0.35355 0.1450481
0.3539 0.1450247999999999
0.35425 0.1450016
0.3546 0.1449775
0.35495 0.1449542
0.3553 0.1449308
0.35565 0.1449073
0.356 0.144865
0.35635 0.1448564
0.3567 0.1448372999999999
0.35705 0.1447972
0.3574 0.1447872999999999
0.35775 0.1447572999999999
0.3581 0.1447227
0.35845 0.1447063999999999
0.3588 0.1446746
0.35915 0.1446657999999999
0.3595 0.1446165
0.35985 0.1445715
0.3602 0.1445662
0.36055 0.1445303999999999
0.3609 0.1445263
0.36125 0.1445168999999999
0.3616 0.1444993
0.36195 0.1444816
0.3623 0.1444479
0.36265 0.14443
0.363 0.1444067
0.36335 0.1443825
0.3637 0.1443564
0.36405 0.1443281
0.3644 0.1443083999999999
0.36475 0.1442842
0.3651 0.1442591
0.36545 0.1442332
0.3658 0.1442001
0.36615 0.1441812999999999
0.3665 0.1441583
0.36685 0.1441309999999999
0.3672 0.1441046
0.36755 0.144082
0.3679 0.1440534
0.36825 0.1440293
0.3686 0.1439917
0.36895 0.1439809
0.3693 0.1439513
0.36965 0.1439273999999999
0.37 0.1438962
0.37035 0.1438657
0.3707 0.143817
0.37105 0.1438041
0.3714 0.1437997999999999
0.37175 0.1437634
0.3721 0.1437371
0.37245 0.1437146
0.3728 0.1436667999999999
0.37315 0.1436527
0.3735 0.1436372
0.37385 0.1436013
0.3742 0.1435922
0.37455 0.1435537
0.3749 0.1435071
0.37525 0.1434791
0.3756 0.1434568
0.37595 0.1433772999999999
0.3763 0.1434067
0.37665 0.1433772999999999
0.377 0.1433619
0.37735 0.143348
0.3777 0.143287
0.37805 0.143275
0.3784 0.1432556
0.37875 0.1431994999999999
0.3791 0.1431963
0.37945 0.1431262
0.3798 0.1430892999999999
0.38015 0.1431030999999999
0.3805 0.1430898
0.38085 0.1430898
0.3812 0.1430724
0.38155 0.1430529999999999
0.3819 0.1429749
0.38225 0.1429285
0.3826 0.1429285
0.38295 0.1429302
0.3833 0.1429302
0.38365 0.1429145
0.384 0.1428782999999999
0.38435 0.1428742
0.3847 0.1428486
0.38505 0.1428256
0.3854 0.1427995
0.38575 0.1427764
0.3861 0.1427501
0.38645 0.1427221
0.3868 0.1426989
0.38715 0.1426677
0.3875 0.1426461
0.38785 0.1426194
0.3882 0.1426037
0.38855 0.1425607
0.3889 0.1425259999999999
0.38925 0.1425053999999999
0.3896 0.142499
0.38995 0.1424668999999999
0.3903 0.1424252
0.39065 0.1424197999999999
0.391 0.1423972
0.39135 0.1423718
0.3917 0.1423172999999999
0.39205 0.1423149
0.3924 0.1422904
0.39275 0.1422388
0.3931 0.1422253
0.39345 0.1422253
0.3938 0.1421921
0.39415 0.1421415
0.3945 0.1421
0.39485 0.1420774
0.3952 0.1420594
0.39555 0.1420342
0.3959 0.1419817
0.39625 0.1419393
0.3966 0.1419393
0.39695 0.1419393
0.3973 0.1418944
0.39765 0.1418506
0.398 0.1418905
0.39835 0.1418506
0.3987 0.1418263
0.39905 0.1418183999999999
0.3994 0.141796
0.39975 0.1417904
0.4001 0.1417664
0.40045 0.1417476
0.4008 0.1416912
0.40115 0.1416808
0.4015 0.1416687999999999
0.40185 0.1416687999999999
0.4022 0.1416009
0.40255 0.1415797
0.4029 0.1415797
0.40325 0.1415732999999999
0.4036 0.1415162999999999
0.40395 0.1415047
0.4043 0.1415024
0.40465 0.1414735
0.405 0.141456
0.40535 0.1414489
0.4057 0.1414112
0.40605 0.1413645
0.4064 0.1413382
0.40675 0.1413242
0.4071 0.1413172999999999
0.40745 0.1413122999999999
0.4078 0.1412931
0.40815 0.141273
0.4085 0.1412532
0.40885 0.1412105
0.4092 0.1411885
0.40955 0.1411885
0.4099 0.1411589999999999
0.41025 0.1411307
0.4106 0.1411117
0.41095 0.1410914
0.4113 0.1410539999999999
0.41165 0.1410477
0.412 0.1409912
0.41235 0.1409579
0.4127 0.1409551
0.41305 0.1409207999999999
0.4134 0.140826
0.41375 0.140826
0.4141 0.140826
0.41445 0.1408252
0.4148 0.140728
0.41515 0.140624
0.4155 0.1406069
0.41585 0.1404128999999999
0.4162 0.1404128999999999
0.41655 0.1405681
0.4169 0.1405681
0.41725 0.1404147
0.4176 0.1402606
0.41795 0.1404147
0.4183 0.1405185
0.41865 0.1405185
0.419 0.1404473
0.41935 0.1403867
0.4197 0.1401568
0.42005 0.1402484
0.4204 0.1402484
0.42075 0.1403934
0.4211 0.1403934
0.42145 0.1403741
0.4218 0.140284
0.42215 0.1402213
0.4225 0.1402213
0.42285 0.1402213
0.4232 0.1401198
0.42355 0.1398316
0.4239 0.1398316
0.42425 0.1398611
0.4246 0.1398611
0.42495 0.1399926
0.4253 0.1400157
0.42565 0.1400157
0.426 0.1395838999999999
0.42635 0.1395838999999999
0.4267 0.1397407
0.42705 0.1399312
0.4274 0.1398892
0.42775 0.1399157999999999
0.4281 0.1398892
0.42845 0.1398667
0.4288 0.1398049
0.42915 0.1396846
0.4295 0.1397089
0.42985 0.1397089
0.4302 0.1397089
0.43055 0.139717
0.4309 0.1397053999999999
0.43125 0.1397053999999999
0.4316 0.1397053999999999
0.43195 0.139743
0.4323 0.1397472
0.43265 0.1397472
0.433 0.1397112999999999
0.43335 0.1396992
0.4337 0.1396408999999999
0.43405 0.139629
0.4344 0.1395757999999999
0.43475 0.1395757999999999
0.4351 0.1395755
0.43545 0.1395326
0.4358 0.1395173999999999
0.43615 0.1394742
0.4365 0.1393237
0.43685 0.1393237
0.4372 0.1393282
0.43755 0.1393282
0.4379 0.1393246
0.43825 0.1393246
0.4386 0.1393246
0.43895 0.1392939
0.4393 0.139227
0.43965 0.1391645
0.44 0.13906
0.44035 0.1387269
0.4407 0.1385576
0.44105 0.1385806
0.4414 0.1385576
0.44175 0.1384899
0.4421 0.1384899
0.44245 0.1384899
0.4428 0.1387787
0.44315 0.1389511
0.4435 0.1389511
0.44385 0.1385296
0.4442 0.1385296
0.44455 0.1388721
0.4449 0.1388721
0.44525 0.1386797
0.4456 0.1386613
0.44595 0.1386613
0.4463 0.1387079
0.44665 0.1388623
0.447 0.138791
0.44735 0.138828
0.4477 0.138791
0.44805 0.138828
0.4484 0.1387717999999999
0.44875 0.138822
0.4491 0.1387985
0.44945 0.1387985
0.4498 0.1387341
0.45015 0.1387341
0.4505 0.1387341
0.45085 0.138627
0.4512 0.1384776
0.45155 0.1384315
0.4519 0.1384269
0.45225 0.1384315
0.4526 0.1384963
0.45295 0.1384963
0.4533 0.1385082999999999
0.45365 0.1384657
0.454 0.1384657
0.45435 0.1383559
0.4547 0.1382826
0.45505 0.1383439
0.4554 0.1382826
0.45575 0.1382763
0.4561 0.1381771
0.45645 0.1381771
0.4568 0.1380969
0.45715 0.1382418999999999
0.4575 0.1382067
0.45785 0.1382067
0.4582 0.1381758
0.45855 0.1381585
0.4589 0.138119
0.45925 0.1380165
0.4596 0.1379587
0.45995 0.1380165
0.4603 0.1380536
0.46065 0.1381236
0.461 0.1381269
0.46135 0.1381348
0.4617 0.1381269
0.46205 0.1381204
0.4624 0.1381182
0.46275 0.1381113
0.4631 0.1380981
0.46345 0.1380729
0.4638 0.1380626
0.46415 0.1380287999999999
0.4645 0.1379842
0.46485 0.1379792
0.4652 0.1378265
0.46555 0.1378265
0.4659 0.1377402
0.46625 0.1376818
0.4666 0.1376226
0.46695 0.1376444
0.4673 0.1376226
0.46765 0.1375578
0.468 0.1374075
0.46835 0.1372277
0.4687 0.1367614
0.46905 0.1367425
0.4694 0.1367425
0.46975 0.1369056
0.4701 0.1369313999999999
0.47045 0.1372519
0.4708 0.1372519
0.47115 0.1372773
0.4715 0.1370222
0.47185 0.1370222
0.4722 0.1366868
0.47255 0.1366868
0.4729 0.136909
0.47325 0.1369629
0.4736 0.1370888999999999
0.47395 0.1370888999999999
0.4743 0.1372783
0.47465 0.1368863
0.475 0.1372642
0.47535 0.1365158
0.4757 0.1372642
0.47605 0.1370245
0.4764 0.1370245
0.47675 0.1370245
0.4771 0.1370424
0.47745 0.1372204
0.4778 0.1370427
0.47815 0.1371829
0.4785 0.1371252
0.47885 0.1371252
0.4792 0.1370714999999999
0.47955 0.1370402999999999
0.4799 0.1369729
0.48025 0.1369524
0.4806 0.1368925
0.48095 0.1368608
0.4813 0.136775
0.48165 0.1367297999999999
0.482 0.1365317
0.48235 0.1365317
0.4827 0.1365272
0.48305 0.1365106
0.4834 0.1361943
0.48375 0.1359654
0.4841 0.1357077
0.48445 0.1351123
0.4848 0.1347428
0.48515 0.1347428
0.4855 0.1347428
0.48585 0.1348803999999999
0.4862 0.1351557
0.48655 0.1354306
0.4869 0.1358047
0.48725 0.1358047
0.4876 0.1354744
0.48795 0.1354744
0.4883 0.1361099999999999
0.48865 0.1361099999999999
0.489 0.136374
0.48935 0.1357484
0.4897 0.136374
0.49005 0.136235
0.4904 0.136235
0.49075 0.1362323999999999
0.4911 0.1362323999999999
0.49145 0.1363382999999999
0.4918 0.1363857
0.49215 0.1363382999999999
0.4925 0.136205
0.49285 0.1361837
0.4932 0.1361837
0.49355 0.1361837
0.4939 0.1364127
0.49425 0.1364127
0.4946 0.1364127
0.49495 0.1364712
0.4953 0.1364134
0.49565 0.1365179
0.496 0.1364302999999999
0.49635 0.1364721
0.4967 0.1364364
0.49705 0.1364364
0.4974 0.1363957999999999
0.49775 0.1363723
0.4981 0.1363717
0.49845 0.1362731
0.4988 0.1362731
0.49915 0.1361547999999999
0.4995 0.1362757999999999
0.49985 0.1361283999999999
0.50055 0.1356538
0.5009 0.1356538
0.50125 0.1357947
0.5016 0.1357947
0.50195 0.1356894
0.5023 0.1356035
0.50265 0.1349322999999999
0.503 0.1340402999999999
0.50335 0.1342937
0.5037 0.1342937
0.50405 0.1342937
0.5044 0.1349405
0.50475 0.1353315
0.5051 0.1353521
0.50545 0.1353521
0.5058 0.1350299999999999
0.50615 0.1350299999999999
0.5065 0.1342666
0.50685 0.1345419
0.5072 0.1345419
0.50755 0.1348462
0.5079 0.1348462
0.50825 0.1347942
0.5086 0.1347942
0.50895 0.1347942
0.5093 0.1347253
0.50965 0.1346015
0.51 0.1346015
0.51035 0.1348575
0.5107 0.1349754
0.51105 0.1350224
0.5114 0.1350224
0.51175 0.1350224
0.5121 0.1351812999999999
0.51245 0.1355541
0.5128 0.1355541
0.51315 0.1354952
0.5135 0.1354952
0.51385 0.1354815
0.5142 0.1354815
0.51455 0.1354815
0.5149 0.1355723
0.51525 0.1357918
0.5156 0.1358012999999999
0.51595 0.1358012999999999
0.5163 0.1358012999999999
0.51665 0.1357197
0.517 0.1358101
0.51735 0.1357792
0.5177 0.1357792
0.51805 0.1357735
0.5184 0.1357659
0.51875 0.1357659
0.5191 0.1357535
0.51945 0.1356608
0.5198 0.1356581
0.52015 0.1356581
0.5205 0.1356227
0.52085 0.1356008
0.5212 0.1355457
0.52155 0.135544
0.5219 0.1354464
0.52225 0.1354365
0.5226 0.1353581
0.52295 0.1352986
0.5233 0.1345325
0.52365 0.1345325
0.524 0.1343807
0.52435 0.1350795
0.5247 0.1350795
0.52505 0.1352025
0.5254 0.1352469
0.52575 0.1353397999999999
0.5261 0.1353422999999999
0.52645 0.1353397999999999
0.5268 0.1349944
0.52715 0.134911
0.5275 0.134911
0.52785 0.134911
0.5282 0.1351384
0.52855 0.1351384
0.5289 0.1348913
0.52925 0.1348617
0.5296 0.1348203
0.52995 0.1348203
0.5303 0.1348203
0.53065 0.1345121
0.531 0.1345121
0.53135 0.1349226
0.5317 0.1349226
0.53205 0.1348842999999999
0.5324 0.1346221
0.53275 0.1346221
0.5331 0.1346221
0.53345 0.1347458999999999
0.5338 0.1347458999999999
0.53415 0.1347458999999999
0.5345 0.134734
0.53485 0.1346165
0.5352 0.1344257
0.53555 0.1343384
0.5359 0.1341259
0.53625 0.1341259
0.5366 0.1340559999999999
0.53695 0.1337901
0.5373 0.1337901
0.53765 0.1335422
0.538 0.1334529
0.53835 0.1332909
0.5387 0.1330697
0.53905 0.1329338
0.5394 0.1326306
0.53975 0.1323262999999999
0.5401 0.1323262999999999
0.54045 0.1318047999999999
0.5408 0.1314205
0.54115 0.1308516
0.5415 0.1307918
0.54185 0.1301588
0.5422 0.129996
0.54255 0.129996
0.5429 0.1300222
0.54325 0.1300494999999999
0.5436 0.1301006
0.54395 0.1303671
0.5443 0.1309393
0.54465 0.1317497
0.545 0.1317497
0.54535 0.1320562
0.5457 0.1324773
0.54605 0.1324773
0.5464 0.1327185
0.54675 0.1329493
0.5471 0.1334321
0.54745 0.1335222
0.5478 0.1336992
0.54815 0.1338574
0.5485 0.1339212
0.54885 0.1340136
0.5492 0.1339212
0.54955 0.1340157
0.5499 0.1337786
0.55025 0.1341882999999999
0.5506 0.1341882999999999
0.55095 0.1341882999999999
0.5513 0.1342777
0.55165 0.1339392999999999
0.552 0.1342257
0.55235 0.1341522
0.5527 0.1341522
0.55305 0.1341522
0.5534 0.1341783
0.55375 0.1341783
0.5541 0.1341549
0.55445 0.1341215
0.5548 0.1341199
0.55515 0.1341199
0.5555 0.1341199
0.55585 0.1342609
0.5562 0.1342624
0.55655 0.1342624
0.5569 0.134128
0.55725 0.134128
0.5576 0.1342428
0.55795 0.1342489
0.5583 0.1342428
0.55865 0.1342489
0.559 0.1341757999999999
0.55935 0.1342455
0.5597 0.1341757999999999
0.56005 0.134159
0.5604 0.134159
0.56075 0.1341096
0.5611 0.1341698999999999
0.56145 0.1341658999999999
0.5618 0.1341658999999999
0.56215 0.1340801
0.5625 0.1340801
0.56285 0.1341405
0.5632 0.1341405
0.56355 0.13396
0.5639 0.1338815
0.56425 0.13396
0.5646 0.1338732
0.56495 0.1338732
0.5653 0.1338483
0.56565 0.1338266
0.566 0.1335
0.56635 0.1331754
0.5667 0.1331631
0.56705 0.1331754
0.5674 0.1331631
0.56775 0.1329856
0.5681 0.1323444
0.56845 0.1323444
0.5688 0.1321927
0.56915 0.1322588999999999
0.5695 0.1316865
0.56985 0.1318977999999999
0.5702 0.1318977999999999
0.57055 0.1328087
0.5709 0.1328087
0.57125 0.132433
0.5716 0.1323097
0.57195 0.1324115
0.5723 0.1324115
0.57265 0.1324115
0.573 0.1326106
0.57335 0.1316658999999999
0.5737 0.1320511
0.57405 0.1316658999999999
0.5744 0.1313097
0.57475 0.1313097
0.5751 0.1308107
0.57545 0.1319571
0.5758 0.1319571
0.57615 0.1319571
0.5765 0.1317421
0.57685 0.1314398
0.5772 0.1317421
0.57755 0.1319953
0.5779 0.1321446
0.57825 0.1323001
0.5786 0.1323793999999999
0.57895 0.1325218
0.5793 0.1325218
0.57965 0.1325756
0.58 0.132597
0.58035 0.1326509
0.5807 0.1328102
0.58105 0.133018
0.5814 0.133018
0.58175 0.1330979
0.5821 0.133026
0.58245 0.133026
0.5828 0.133026
0.58315 0.1330362
0.5835 0.1331561
0.58385 0.1331561
0.5842 0.1331561
0.58455 0.13326
0.5849 0.13326
0.58525 0.1330596
0.5856 0.1330596
0.58595 0.1330596
0.5863 0.1329287999999999
0.58665 0.1329144
0.587 0.132779
0.58735 0.1327632
0.5877 0.1324813999999999
0.58805 0.1318821
0.5884 0.1318821
0.58875 0.1318821
0.5891 0.1320739
0.58945 0.1320739
0.5898 0.1313666
0.59015 0.1313666
0.5905 0.131976
0.59085 0.131976
0.5912 0.1319441
0.59155 0.1317357
0.5919 0.1317877
0.59225 0.1317357
0.5926 0.1317877
0.59295 0.1320469
0.5933 0.1320469
0.59365 0.1315904
0.594 0.1312109
0.59435 0.128827
0.5947 0.128827
0.59505 0.1311208999999999
0.5954 0.131204
0.59575 0.131204
0.5961 0.131204
0.59645 0.1310692
0.5968 0.1314369
0.59715 0.1314369
0.5975 0.1314369
0.59785 0.131016
0.5982 0.131016
0.59855 0.1314255
0.5989 0.1314255
0.59925 0.1314255
0.5996 0.1314573
0.59995 0.1316792
0.6003 0.1316792
0.60065 0.1310695
0.601 0.1310695
0.60135 0.1316812
0.6017 0.1319638
0.60205 0.1319638
0.6024 0.1322313
0.60275 0.1322313
0.6031 0.1323256
0.60345 0.1325342
0.6038 0.1325342
0.60415 0.1324342999999999
0.6045 0.1324342999999999
0.60485 0.1323293999999999
0.6052 0.132524
0.60555 0.1324405
0.6059 0.1324405
0.60625 0.1324176
0.6066 0.1323186
0.60695 0.1323681
0.6073 0.1323186
0.60765 0.1322401
0.608 0.1319804
0.60835 0.1319444
0.6087 0.1319197999999999
0.60905 0.1318547
0.6094 0.1318268
0.60975 0.1318547
0.6101 0.1318132
0.61045 0.1318132
0.6108 0.1315481
0.61115 0.1314066
0.6115 0.1310748
0.61185 0.1306118
0.6122 0.1300847
0.61255 0.1300757
0.6129 0.1293848
0.61325 0.1285275
0.6136 0.1275088999999999
0.61395 0.1267416
0.6143 0.1260486
0.61465 0.1254759
0.615 0.1252149
0.61535 0.1252030999999999
0.6157 0.124921
0.61605 0.1242981
0.6164 0.1239081999999999
0.61675 0.1235931
0.6171 0.1226868
0.61745 0.1210398999999999
0.6178 0.1193704
0.61815 0.1193623
0.6185 0.1180637
0.61885 0.1173707
0.6192 0.1169943
0.61955 0.1169943
0.6199 0.1175337
0.62025 0.1184631
0.6206 0.1194855
0.62095 0.1194916999999999
0.6213 0.1200490999999999
0.62165 0.1207599999999999
0.622 0.1220241
0.62235 0.1234057
0.6227 0.1244905999999999
0.62305 0.1255785
0.6234 0.1266213
0.62375 0.1266702999999999
0.6241 0.12779
0.62445 0.1286748
0.6248 0.1291749
0.62515 0.1298329
0.6255 0.1303426999999999
0.62585 0.1307696
0.6262 0.131024
0.62655 0.131024
0.6269 0.1310251
0.62725 0.1313388999999999
0.6276 0.1313388999999999
0.62795 0.1315002
0.6283 0.1317067
0.62865 0.1317895
0.629 0.1319727
0.62935 0.1320296
0.6297 0.1320863
0.63005 0.1322292
0.6304 0.1322973999999999
0.63075 0.1322973999999999
0.6311 0.1320119
0.63145 0.1319293999999999
0.6318 0.1309673
0.63215 0.1309673
0.6325 0.1318993
0.63285 0.1319375
0.6332 0.1320295
0.63355 0.1321059
0.6339 0.1321713
0.63425 0.1321987
0.6346 0.1321713
0.63495 0.1320101
0.6353 0.1320101
0.63565 0.1318525
0.636 0.1318525
0.63635 0.1318525
0.6367 0.1315937
0.63705 0.1315937
0.6374 0.1315937
0.63775 0.1314296
0.6381 0.1315437
0.63845 0.1315437
0.6388 0.1315437
0.63915 0.1314712
0.6395 0.1314712
0.63985 0.1315901
0.6402 0.1316654
0.64055 0.1315901
0.6409 0.1315708
0.64125 0.1315127999999999
0.6416 0.1313484
0.64195 0.1313484
0.6423 0.1312507999999999
0.64265 0.1313713
0.643 0.1312507999999999
0.64335 0.1312602
0.6437 0.1312096
0.64405 0.1311123
0.6444 0.1311123
0.64475 0.131094
0.6451 0.1310858
0.64545 0.1310858
0.6458 0.130623
0.64615 0.1295897
0.6465 0.1295897
0.64685 0.1298498
0.6472 0.1305513999999999
0.64755 0.1305513999999999
0.6479 0.1303596
0.64825 0.1300671
0.6486 0.1303408999999999
0.64895 0.1301885
0.6493 0.1303408999999999
0.64965 0.1305716
0.65 0.1305716
0.65035 0.1306504
0.6507 0.1305655
0.65105 0.1291892
0.6514 0.1291892
0.65175 0.1291892
0.6521 0.1297495
0.65245 0.1304976
0.6528 0.1304976
0.65315 0.1302933
0.6535 0.1301247
0.65385 0.1302533
0.6542 0.1291508
0.65455 0.1299218
0.6549 0.1299218
0.65525 0.1299218
0.6556 0.1292988
0.65595 0.1292225
0.6563 0.1292225
0.65665 0.1293665
0.657 0.1293881
0.65735 0.1293881
0.6577 0.1293881
0.65805 0.1294235
0.6584 0.1294235
0.65875 0.1293094
0.6591 0.1292884
0.65945 0.1292884
0.6598 0.1290488
0.66015 0.1290488
0.6605 0.1293157
0.66085 0.1293157
0.6612 0.1290451
0.66155 0.1289721
0.6619 0.1289049
0.66225 0.1288166
0.6626 0.1285963
0.66295 0.1285816
0.6633 0.1284745
0.66365 0.1284735
0.664 0.1284556
0.66435 0.1284556
0.6647 0.1283766
0.66505 0.1283214
0.6654 0.1279947
0.66575 0.1278714
0.6661 0.1276041
0.66645 0.1274258
0.6668 0.1274258
0.66715 0.1275303
0.6675 0.1275496
0.66785 0.1276466999999999
0.6682 0.1276466999999999
0.66855 0.1278436999999999
0.6689 0.1279212
0.66925 0.1281191
0.6696 0.1284512
0.66995 0.1287811999999999
0.6703 0.1290111
0.67065 0.1293199
0.671 0.1293199
0.67135 0.1295752
0.6717 0.1298704
0.67205 0.130145
0.6724 0.1302251999999999
0.67275 0.1305377
0.6731 0.1307236
0.67345 0.1309226999999999
0.6738 0.1310076
0.67415 0.1311144
0.6745 0.1311975
0.67485 0.1313145
0.6752 0.1315428
0.67555 0.1315428
0.6759 0.1316076
0.67625 0.1316568
0.6766 0.1316568
0.67695 0.1316941
0.6773 0.1316941
0.67765 0.1317686
0.678 0.1317686
0.67835 0.1316031
0.6787 0.1315109
0.67905 0.1314082
0.6794 0.1314082
0.67975 0.1313481
0.6801 0.1312549999999999
0.68045 0.1311717999999999
0.6808 0.1309409
0.68115 0.1307142
0.6815 0.1307142
0.68185 0.1302846
0.6822 0.130184
0.68255 0.1300509
0.6829 0.1300509
0.68325 0.1301222
0.6836 0.1301222
0.68395 0.1300245
0.6843 0.1300245
0.68465 0.130127
0.685 0.1302891
0.68535 0.1305115
0.6857 0.1305569
0.68605 0.130604
0.6864 0.130604
0.68675 0.1300289
0.6871 0.1300289
0.68745 0.1307463999999999
0.6878 0.1307531999999999
0.68815 0.1307843
0.6885 0.1307843
0.68885 0.1306328
0.6892 0.1306328
0.68955 0.1297479
0.6899 0.1307892
0.69025 0.1306848
0.6906 0.1307414999999999
0.69095 0.1306848
0.6913 0.1305473999999999
0.69165 0.1304566
0.692 0.1301283
0.69235 0.1301224
0.6927 0.1301067
0.69305 0.1299625
0.6934 0.1297246
0.69375 0.1296401
0.6941 0.1296401
0.69445 0.1296401
0.6948 0.1292091
0.69515 0.1292091
0.6955 0.1291742
0.69585 0.1284178999999999
0.6962 0.1284178999999999
0.69655 0.1287244
0.6969 0.1287244
0.69725 0.1283205
0.6976 0.1270883
0.69795 0.1275046
0.6983 0.1271875999999999
0.69865 0.1271875999999999
0.699 0.1265124
0.69935 0.1258336
0.6997 0.1257862
0.70005 0.1237033999999999
0.7004 0.1228747
0.70075 0.1228747
0.7011 0.122995
0.70145 0.122995
0.7018 0.1223731
0.70215 0.1220155
0.7025 0.1220155
0.70285 0.1220155
0.7032 0.1231817
0.70355 0.1231817
0.7039 0.122738
0.70425 0.122738
0.7046 0.1231551999999999
0.70495 0.1232607
0.7053 0.1232607
0.70565 0.1254987
0.706 0.1254987
0.70635 0.1255089999999999
0.7067 0.1257556
0.70705 0.1257556
0.7074 0.1262905
0.70775 0.1263925
0.7081 0.126692
0.70845 0.1270714
0.7088 0.1273154
0.70915 0.1270714
0.7095 0.1275758
0.70985 0.1276575
0.7102 0.1280925
0.71055 0.1280925
0.7109 0.1282906999999999
0.71125 0.1282572
0.7116 0.1285014
0.71195 0.1286437
0.7123 0.1286437
0.71265 0.1285433
0.713 0.1285331
0.71335 0.1285331
0.7137 0.1286229
0.71405 0.1286229
0.7144 0.1285186999999999
0.71475 0.1277128
0.7151 0.1275619999999999
0.71545 0.1265808
0.7158 0.1252688
0.71615 0.1251431
0.7165 0.123232
0.71685 0.1207543
0.7172 0.118095
0.71755 0.1145634
0.7179 0.113521
0.71825 0.111172
0.7186 0.111172
0.71895 0.1091807
0.7193 0.1059079
0.71965 0.1059079
0.72 0.1028293999999999
0.72035 0.1028293999999999
0.7207 0.1024058
0.72105 0.1024058
0.7214 0.1011444
0.72175 0.1005809999999999
0.7221 0.1003643999999999
0.72245 0.0996116
0.7228 0.0991754
0.72315 0.0971326
0.7235 0.0897398
0.72385 0.0871281
0.7242 0.0871281
0.72455 0.0819568
0.7249 0.0815663
0.72525 0.0762282
0.7256 0.0715738
0.72595 0.0715738
0.7263 0.0706083999999999
0.72665 0.0657832
0.727 0.0652214
0.72735 0.0652214
0.7277 0.0652214
0.72805 0.0697248999999999
0.7284 0.0760414
0.72875 0.0798965
0.7291 0.0813508999999999
0.72945 0.0822653
0.7298 0.0834358
0.73015 0.0840282
0.7305 0.0871087
0.73085 0.0921228
0.7312 0.0956661999999999
0.73155 0.0956661999999999
0.7319 0.0979677
0.73225 0.0981168
0.7326 0.1011876999999999
0.73295 0.1011876999999999
0.7333 0.1016601
0.73365 0.1098059
0.734 0.1098059
0.73435 0.1098059
0.7347 0.1128214999999999
0.73505 0.113746
0.7354 0.1155609999999999
0.73575 0.1155609999999999
0.7361 0.1155633
0.73645 0.1184692
0.7368 0.1184692
0.73715 0.1186311
0.7375 0.1215306
0.73785 0.1216022
0.7382 0.1229127
0.73855 0.1235994999999999
0.7389 0.123151
0.73925 0.1245261
0.7396 0.1262431
0.73995 0.1264109
0.7403 0.127256
0.74065 0.1280699
0.741 0.1280699
0.74135 0.1284806
0.7417 0.1286868
0.74205 0.1291568
0.7424 0.1291568
0.74275 0.1293433
0.7431 0.1297402
0.74345 0.1298777
0.7438 0.1299178999999999
0.74415 0.1299354
0.7445 0.1299606
0.74485 0.1299606
0.7452 0.1299553
0.74555 0.1299553
0.7459 0.1299553
0.74625 0.1300623
0.7466 0.130046
0.74695 0.130046
0.7473 0.130046
0.74765 0.1299643
0.748 0.1300377
0.74835 0.1300377
0.7487 0.1300377
0.74905 0.1300511
0.7494 0.1300149
0.74975 0.1300149
0.7501 0.1299939
0.75045 0.1299788
0.7508 0.1299939
0.75115 0.1301018
0.7515 0.1301018
0.75185 0.1300591999999999
0.7522 0.1300093
0.75255 0.1299873
0.7529 0.1299873
0.75325 0.1301318
0.7536 0.1301318
0.75395 0.1301248
0.7543 0.1301003
0.75465 0.1300156999999999
0.755 0.1300139
0.75535 0.1299866999999999
0.7557 0.1299668
0.75605 0.1299201
0.7564 0.1298526
0.75675 0.1297363
0.7571 0.1296796
0.75745 0.1293981
0.7578 0.129397
0.75815 0.1293721
0.7585 0.1293583
0.75885 0.1292042
0.7592 0.1290632
0.75955 0.1284583
0.7599 0.1283157
0.76025 0.1280948999999999
0.7606 0.12786
0.76095 0.12786
0.7613 0.1280502
0.76165 0.1280502
0.762 0.1274336
0.76235 0.1271441
0.7627 0.1270093
0.76305 0.1268901
0.7634 0.1268901
0.76375 0.1268673
0.7641 0.1267673
0.76445 0.1264765
0.7648 0.1264364
0.76515 0.1264364
0.7655 0.1265578
0.76585 0.1265578
0.7662 0.1264155
0.76655 0.1264019
0.7669 0.1259562
0.76725 0.1259562
0.7676 0.1262387999999999
0.76795 0.1265994
0.7683 0.1265994
0.76865 0.1264249
0.769 0.1263681
0.76935 0.1263681
0.7697 0.1264262
0.77005 0.1264262
0.7704 0.1263317
0.77075 0.1261237
0.7711 0.1260565
0.77145 0.1260206
0.7718 0.1259376999999999
0.77215 0.1259291
0.7725 0.125453
0.77285 0.1245473999999999
0.7732 0.1236924
0.77355 0.1236924
0.7739 0.1237786
0.77425 0.1241472
0.7746 0.1241472
0.77495 0.1241132
0.7753 0.1238122
0.77565 0.1232742999999999
0.776 0.1228367
0.77635 0.1225671
0.7767 0.1224349999999999
0.77705 0.1221586
0.7774 0.1217783999999999
0.77775 0.1217538
0.7781 0.121238
0.77845 0.1207309
0.7788 0.1202786
0.77915 0.1197254
0.7795 0.1185895
0.77985 0.1174007
0.7802 0.1158684
0.78055 0.1158563
0.7809 0.1141813
0.78125 0.1133614
0.7816 0.1131432
0.78195 0.1128776
0.7823 0.1127378999999999
0.78265 0.1125815
0.783 0.1117036
0.78335 0.1115229
0.7837 0.1099753
0.78405 0.1099753
0.7844 0.1119331
0.78475 0.1143453
0.7851 0.1147001
0.78545 0.1147001
0.7858 0.1138914
0.78615 0.1138914
0.7865 0.1139381
0.78685 0.1141788
0.7872 0.1145672
0.78755 0.1148817999999999
0.7879 0.1156783999999999
0.78825 0.1164313
0.7886 0.1164858
0.78895 0.1167604
0.7893 0.1167795
0.78965 0.1169321
0.79 0.1169321
0.79035 0.1167878
0.7907 0.1166744
0.79105 0.1159918
0.7914 0.1151616
0.79175 0.1151265
0.7921 0.1142059
0.79245 0.1129556
0.7928 0.1118490999999999
0.79315 0.1118490999999999
0.7935 0.1118285
0.79385 0.1118285
0.7942 0.1108353
0.79455 0.1107891
0.7949 0.1107108
0.79525 0.1092011
0.7956 0.1086013
0.79595 0.1067055
0.7963 0.1067055
0.79665 0.1067055
0.797 0.1071871
0.79735 0.1074924
0.7977 0.1076596
0.79805 0.1080221
0.7984 0.1079393
0.79875 0.1080221
0.7991 0.108359
0.79945 0.109303
0.7998 0.1095945
0.80015 0.110631
0.8005 0.110631
0.80085 0.1115253
0.8012 0.1115253
0.80155 0.1115512999999999
0.8019 0.1115512999999999
0.80225 0.1123446
0.8026 0.1126259
0.80295 0.1135654
0.8033 0.1135654
0.80365 0.1142155
0.804 0.1145162
0.80435 0.1149226999999999
0.8047 0.1157116
0.80505 0.1163956999999999
0.8054 0.1166918
0.80575 0.1166918
0.8061 0.1166918
0.80645 0.1173393
0.8068 0.1183289
0.80715 0.1192049
0.8075 0.1192049
0.80785 0.1196938
0.8082 0.1200298
0.80855 0.1200309
0.8089 0.1200309
0.80925 0.1194359
0.8096 0.1194359
0.80995 0.1203422
0.8103 0.1206748
0.81065 0.1206748
0.811 0.120753
0.81135 0.1210654
0.8117 0.1213301
0.81205 0.1215464999999999
0.8124 0.1219091
0.81275 0.1225696
0.8131 0.1219091
0.81345 0.123271
0.8138 0.1234836
0.81415 0.1236964999999999
0.8145 0.1236964999999999
0.81485 0.1165094
0.8152 0.1165094
0.81555 0.1232634
0.8159 0.1237494
0.81625 0.1237494
0.8166 0.1245231
0.81695 0.1241183
0.8173 0.1246289999999999
0.81765 0.1241183
0.818 0.1240013
0.81835 0.1240013
0.8187 0.1243027
0.81905 0.1254564
0.8194 0.1254564
0.81975 0.1254564
0.8201 0.1258355
0.82045 0.1262861
0.8208 0.1262861
0.82115 0.126106
0.8215 0.126106
0.82185 0.126106
0.8222 0.1256001
0.82255 0.1255918999999999
0.8229 0.1239353
0.82325 0.1170116
0.8236 0.1201201
0.82395 0.1201201
0.8243 0.1256903
0.82465 0.1267449
0.825 0.1269666
0.82535 0.1269666
0.8257 0.1263848
0.82605 0.1263848
0.8264 0.1268398999999999
0.82675 0.126924
0.8271 0.1268398999999999
0.82745 0.1259639
0.8278 0.1235441
0.82815 0.1255839
0.8285 0.1255839
0.82885 0.1255839
0.8292 0.1263502
0.82955 0.1265628
0.8299 0.1265628
0.83025 0.1263589
0.8306 0.1263589
0.83095 0.126626
0.8313 0.1269313
0.83165 0.126626
0.832 0.1249999
0.83235 0.1249999
0.8327 0.125315
0.83305 0.1265686
0.8334 0.1255515
0.83375 0.1255515
0.8341 0.1221653
0.83445 0.1221653
0.8348 0.1221653
0.83515 0.1229296
0.8355 0.121857
0.83585 0.121857
0.8362 0.1209573
0.83655 0.1208982
0.8369 0.1198351999999999
0.83725 0.1190626
0.8376 0.1155162
0.83795 0.1154097
0.8383 0.1138675
0.83865 0.1135891
0.839 0.1135891
0.83935 0.1136956999999999
0.8397 0.1146882
0.84005 0.1146882
0.8404 0.1145861
0.84075 0.1118551999999999
0.8411 0.1100573
0.84145 0.1100573
0.8418 0.1102111
0.84215 0.1102734
0.8425 0.1139635
0.84285 0.1174854
0.8432 0.1174854
0.84355 0.1172685
0.8439 0.1156874
0.84425 0.1156874
0.8446 0.1165828
0.84495 0.1169012
0.8453 0.1183808
0.84565 0.1188642
0.846 0.1202868999999999
0.84635 0.1214311
0.8467 0.1214311
0.84705 0.1213693
0.8474 0.1212043999999999
0.84775 0.1212039
0.8481 0.1212043999999999
0.84845 0.1204281
0.8488 0.1217732
0.84915 0.12244
0.8495 0.12244
0.84985 0.122271
0.8502 0.1210803
0.85055 0.1183999
0.8509 0.1183999
0.85125 0.1183999
0.8516 0.1195912
0.85195 0.1190301
0.8523 0.1190301
0.85265 0.1175291999999999
0.853 0.1157683
0.85335 0.1154398
0.8537 0.1146361
0.85405 0.1134543999999999
0.8544 0.1113704
0.85475 0.1102553999999999
0.8551 0.1100805
0.85545 0.106644
0.8558 0.106644
0.85615 0.1065972
0.8565 0.1065972
0.85685 0.1024117
0.8572 0.0990855
0.85755 0.0958588
0.8579 0.0858157
0.85825 0.0858157
0.8586 0.0859322
0.85895 0.0859322
0.8593 0.0857026
0.85965 0.0855118
0.86 0.0812553
0.86035 0.0773442
0.8607 0.0773442
0.86105 0.0759642
0.8614 0.0688317
0.86175 0.0660043
0.8621 0.0624243
0.86245 0.0624243
0.8628 0.0624243
0.86315 0.0627947
0.8635 0.0620476
0.86385 0.0620476
0.8642 0.0559937
0.86455 0.0502713
0.8649 0.0559937
0.86525 0.0630457
0.8656 0.0634131999999999
0.86595 0.0674135
0.8663 0.0706557
0.86665 0.0706557
0.867 0.0591765
0.86735 0.0591765
0.8677 0.0594250999999999
0.86805 0.074244
0.8684 0.07811
0.86875 0.0801583999999999
0.8691 0.0857437
0.86945 0.0869948
0.8698 0.0869948
0.87015 0.0869679
0.8705 0.0866887
0.87085 0.079961
0.8712 0.0779073
0.87155 0.079961
0.8719 0.0789641
0.87225 0.0944861999999999
0.8726 0.0821702
0.87295 0.0821702
0.8733 0.0821702
0.87365 0.0894712
0.874 0.0958293
0.87435 0.0963709
0.8747 0.0963709
0.87505 0.0963709
0.8754 0.0998592
0.87575 0.0920456
0.8761 0.0938018
0.87645 0.0938018
0.8768 0.0938018
0.87715 0.0909085
0.8775 0.0723475
0.87785 0.0723475
0.8782 0.0680315
0.87855 0.0680315
0.8789 0.0889336
0.87925 0.0889336
0.8796 0.0526294
0.87995 0.0327983
0.8803 0.0449984
0.88065 0.0347314
0.881 0.0347314
0.88135 0.0315041
0.8817 0.0247043
0.88205 0.0143324999999999
0.8824 0.0060653
0.88275 0.0060653
0.8831 0.0060653
0.88345 0.0063523
0.8838 0.0056203999999999
0.88415 0.0063523
0.8845 0.0088326
0.88485 0.0129393
0.8852 0.0148871
0.88555 0.0148871
0.8859 0.0126679
0.88625 0.0082329
0.8866 0.0022953
0.88695 0.0014322
0.8873 0.0014322
0.88765 0.0017748
0.888 0.003074
0.88835 0.003074
0.8887 0.0046002
0.88905 0.002073
0.8894 0.0055533
0.88975 0.0049895
0.8901 0.0079724
0.89045 0.0072273
0.8908 0.0072273
0.89115 0.0070161
0.8915 0.0070161
0.89185 0.0090556
0.8922 0.0090556
0.89255 0.0090556
0.8929 0.0092374
0.89325 0.0092374
0.8936 0.0065467
0.89395 0.0058169
0.8943 0.0058169
0.89465 0.0063183
0.895 0.0063183
0.89535 0.0057597
0.8957 0.0057597
0.89605 0.0074718999999999
0.8964 0.0142257
0.89675 0.0152942
0.8971 0.0152942
0.89745 0.0182515
0.8978 0.0157548
0.89815 0.0182515
0.8985 0.0161853
0.89885 0.0179549
0.8992 0.0161853
0.89955 0.0136516
0.8999 0.0136516
0.90025 0.0288379
0.9006 0.0313954
0.90095 0.0338919
0.9013 0.0366467
0.90165 0.0432221
0.902 0.0432221
0.90235 0.0425659
0.9027 0.0425659
0.90305 0.0509593
0.9034 0.058695
0.90375 0.0509593
0.9041 0.0635661
0.90445 0.0706787
0.9048 0.0728453999999999
0.90515 0.0728453999999999
0.9055 0.0787253
0.90585 0.0787253
0.9062 0.080065
0.90655 0.080065
0.9069 0.080065
0.90725 0.0830016
0.9076 0.0830016
0.90795 0.0926991
0.9083 0.07214
0.90865 0.0926991
0.909 0.0854131
0.90935 0.0854131
0.9097 0.0747256
0.91005 0.0747256
0.9104 0.0957638999999999
0.91075 0.0957638999999999
0.9111 0.0986095
0.91145 0.1016237
0.9118 0.1016237
0.91215 0.0990683
0.9125 0.0966916999999999
0.91285 0.0966916999999999
0.9132 0.0966916999999999
0.91355 0.0815198999999999
0.9139 0.1011967
0.91425 0.1028068
0.9146 0.1056665
0.91495 0.1054006
0.9153 0.1054006
0.91565 0.0989528
0.916 0.0989528
0.91635 0.1001858
0.9167 0.1007396
0.91705 0.1017059
0.9174 0.1076983999999999
0.91775 0.1076983999999999
0.9181 0.1076983999999999
0.91845 0.10811
0.9188 0.10811
0.91915 0.1057685
0.9195 0.10071
0.91985 0.10071
0.9202 0.10071
0.92055 0.1029077
0.9209 0.1080041
0.92125 0.1029077
0.9216 0.0968299
0.92195 0.0931539
0.9223 0.0671943
0.92265 0.0931539
0.923 0.1090453
0.92335 0.1090453
0.9237 0.1043404
0.92405 0.1043404
0.9244 0.1043404
0.92475 0.1005952
0.9251 0.0978068
0.92545 0.1005952
0.9258 0.1005393999999999
0.92615 0.1005393999999999
0.9265 0.1005393999999999
0.92685 0.0500921
0.9272 0.1023285
0.92755 0.1023285
0.9279 0.1023285
0.92825 0.1020679999999999
0.9286 0.1006526
0.92895 0.1020679999999999
0.9293 0.1077113
0.92965 0.1077113
0.93 0.1020392
0.93035 0.0794388999999999
0.9307 0.0713766999999999
0.93105 0.0568110999999999
0.9314 0.0568110999999999
0.93175 0.0597743
0.9321 0.0860491999999999
0.93245 0.0860491999999999
0.9328 0.0957858
0.93315 0.1008637
0.9335 0.1008637
0.93385 0.0782195
0.9342 0.0782195
0.93455 0.0775656
0.9349 0.0859554
0.93525 0.0755128
0.9356 0.1077298
0.93595 0.0943484
0.9363 0.1066264
0.93665 0.1004156
0.937 0.1004156
0.93735 0.1004156
0.9377 0.0966536
0.93805 0.0846507
0.9384 0.0828309999999999
0.93875 0.0828309999999999
0.9391 0.0992985
0.93945 0.1039905
0.9398 0.1039905
0.94015 0.1039905
0.9405 0.0764193
0.94085 0.1092894
0.9412 0.1065563
0.94155 0.1138563999999999
0.9419 0.114669
0.94225 0.1151821999999999
0.9426 0.1151821999999999
0.94295 0.0986551
0.9433 0.0986551
0.94365 0.1018212
0.944 0.1018212
0.94435 0.1008758999999999
0.9447 0.1008758999999999
0.94505 0.1052993999999999
0.9454 0.1060366
0.94575 0.1060366
0.9461 0.1094494999999999
0.94645 0.1094494999999999
0.9468 0.1035121
0.94715 0.0942827
0.9475 0.0942827
0.94785 0.0958666999999999
0.9482 0.1098107
0.94855 0.1113760999999999
0.9489 0.1098107
0.94925 0.1016472
0.9496 0.1016472
0.94995 0.105484
0.9503 0.1059079999999999
0.95065 0.113177
0.951 0.113177
0.95135 0.1076063
0.9517 0.1076063
0.95205 0.1085655
0.9524 0.1085655
0.95275 0.1071268
0.9531 0.1071268
0.95345 0.1078836
0.9538 0.1141749
0.95415 0.1143696
0.9545 0.1143696
0.95485 0.1143696
0.9552 0.108556
0.95555 0.111596
0.9559 0.111596
0.95625 0.111596
0.9566 0.1105926999999999
0.95695 0.1051501
0.9573 0.1051501
0.95765 0.1119591
0.958 0.1119591
0.95835 0.1119591
0.9587 0.110993
0.95905 0.110993
0.9594 0.1038478
0.95975 0.1038478
0.9601 0.106743
0.96045 0.106743
0.9608 0.1041188999999999
0.96115 0.1041188999999999
0.9615 0.1041188999999999
0.96185 0.101063
0.9622 0.0983906
0.96255 0.0908319
0.9629 0.0908319
0.96325 0.0842353999999999
0.9636 0.084506
0.96395 0.084506
0.9643 0.0854653
0.96465 0.0854653
0.965 0.081843
0.96535 0.0806843999999999
0.9657 0.0789909999999999
0.96605 0.0763473
0.9664 0.0750721
0.96675 0.0750721
0.9671 0.0734456
0.96745 0.0726538
0.9678 0.0726538
0.96815 0.0787527
0.9685 0.0787527
0.96885 0.07592
0.9692 0.0728234
0.96955 0.0726946
0.9699 0.0692093999999999
0.97025 0.0616764
0.9706 0.0539396
0.97095 0.052301
0.9713 0.0539396
0.97165 0.0596595
0.972 0.0632597
0.97235 0.0678081
0.9727 0.070326
0.97305 0.0687103999999999
0.9734 0.0687103999999999
0.97375 0.0681946
0.9741 0.0652226
0.97445 0.0681946
0.9748 0.0697458
0.97515 0.0697458
0.9755 0.0703767
0.97585 0.075983
0.9762 0.075983
0.97655 0.0667548999999999
0.9769 0.0662988
0.97725 0.0667548999999999
0.9776 0.0646789
0.97795 0.0646789
0.9783 0.0546896
0.97865 0.0546896
0.979 0.0606113
0.97935 0.0646812
0.9797 0.0646812
0.98005 0.0431207
0.9804 0.0416852
0.98075 0.0416852
0.9811 0.0416852
0.98145 0.0429728
0.9818 0.0432268
0.98215 0.0429728
0.9825 0.0418304
0.98285 0.0082858999999999
0.9832 0.0309748
0.98355 0.0304512
0.9839 0.0305577
0.98425 0.0305577
0.9846 0.0305577
0.98495 0.0351461999999999
0.9853 0.0074914
0.98565 0.0181861
0.986 0.0108703999999999
0.98635 0.0181861
0.9867 0.0169942
0.98705 0.0169942
0.9874 0.0168258
0.98775 0.0155298
0.9881 0.0155298
0.98845 0.0003533999999999
0.9888 0.0003533999999999
0.98915 0.0020315
0.9895 0.0186394
0.98985 0.0063721
0.9902 0.0154073999999999
0.99055 0.0063721
0.9909 0.0154073999999999
0.99125 0.0160977
0.9916 0.0168836
0.99195 0.0168836
0.9923 0.0189292
0.99265 0.0233703
0.993 0.0260966
0.99335 0.0260966
0.9937 0.0222900999999999
0.99405 0.0222900999999999
0.9944 0.0225109
0.99475 0.0225109
0.9951 0.0130994
0.99545 0.0130994
0.9958 0.0010367
0.99615 0.0205178
0.9965 0.0010367
0.99685 0.0191509
0.9972 0.0191509
0.99755 0.0191509
0.9979 0.023679
0.99825 0.0159079
0.9986 0.0175571
0.99895 0.0159079
0.9993 0.0130091
