0.3 0.2240831
0.30035 0.2240831
0.3007 0.2240385
0.30105 0.223982
0.3014 0.2239172999999999
0.30175 0.2238445
0.3021 0.2237603
0.30245 0.2236518
0.3028 0.2234855
0.30315 0.2231273999999999
0.3035 0.2230288
0.30385 0.2230288
0.3042 0.2232158
0.30455 0.2232158
0.3049 0.2232037
0.30525 0.2231505999999999
0.3056 0.2230867
0.30595 0.2230171
0.3063 0.2229433999999999
0.30665 0.2228663
0.307 0.2227863
0.30735 0.2227029
0.3077 0.2226154
0.30805 0.2225221
0.3084 0.2224195
0.30875 0.2223016
0.3091 0.2221494
0.30945 0.2219185
0.3098 0.2214691
0.31015 0.2211326
0.3105 0.2211326
0.31085 0.2215209
0.3112 0.2216021
0.31155 0.2216021
0.3119 0.2215551
0.31225 0.2214892
0.3126 0.2214127999999999
0.31295 0.2213297999999999
0.3133 0.2212422999999999
0.31365 0.2211516
0.314 0.2210581
0.31435 0.2209623999999999
0.3147 0.2208642
0.31505 0.2207643
0.3154 0.2206623999999999
0.31575 0.2205585
0.3161 0.2204525
0.31645 0.2203444
0.3168 0.220234
0.31715 0.2201211
0.3175 0.2200056
0.31785 0.2198871
0.3182 0.2197662
0.31855 0.2196405
0.3189 0.2195112
0.31925 0.2193748
0.3196 0.2192314
0.31995 0.2190758
0.3203 0.2188995
0.32065 0.2186817999999999
0.321 0.2183632
0.32135 0.2176922
0.3217 0.2172264
0.32205 0.2172264
0.3224 0.2177737
0.32275 0.2177737
0.3231 0.2177382
0.32345 0.2176053
0.3238 0.2174438
0.32415 0.2172656
0.3245 0.2170717
0.32485 0.216859
0.3252 0.2166321
0.32555 0.2163855
0.3259 0.2161154
0.32625 0.2158163
0.3266 0.2154807
0.32695 0.2151076
0.3273 0.2146674
0.32765 0.2141484
0.328 0.2135408
0.32835 0.2127751
0.3287 0.2118277999999999
0.32905 0.2105685
0.3294 0.2087157
0.32975 0.2060899
0.3301 0.2025911
0.33045 0.2025911
0.3308 0.2058686
0.33115 0.2081608999999999
0.3315 0.2096721
0.33185 0.2106791999999999
0.3322 0.211391
0.33255 0.2118963999999999
0.3329 0.2122924
0.33325 0.2125795
0.3336 0.2128077
0.33395 0.212971
0.3343 0.2131005
0.33465 0.2131893
0.335 0.2132525
0.33535 0.2132949999999999
0.3357 0.2133207
0.33605 0.2133328
0.3364 0.2133328
0.33675 0.2133232999999999
0.3371 0.2133052
0.33745 0.2132786
0.3378 0.2132455
0.33815 0.213204
0.3385 0.2131594
0.33885 0.2131074
0.3392 0.2130522
0.33955 0.2129897
0.3399 0.2129231
0.34025 0.2128482999999999
0.3406 0.2127657999999999
0.34095 0.2126739999999999
0.3413 0.2125702
0.34165 0.2124503999999999
0.342 0.2123085
0.34235 0.2121352
0.3427 0.2119157
0.34305 0.2116259
0.3434 0.2112349
0.34375 0.2106361
0.3441 0.2095583
0.34445 0.2070492
0.3448 0.2070492
0.34515 0.2087504
0.3455 0.2098262
0.34585 0.2103219
0.3462 0.2105787
0.34655 0.2107282
0.3469 0.2108125
0.34725 0.2108536
0.3476 0.2108536
0.34795 0.2108534
0.3483 0.2108263
0.34865 0.2107871
0.349 0.2107384
0.34935 0.2106802
0.3497 0.2106182
0.35005 0.2105514
0.3504 0.2104788999999999
0.35075 0.2104047
0.3511 0.2103261
0.35145 0.2102452
0.3518 0.2101634
0.35215 0.2100784999999999
0.3525 0.2099918999999999
0.35285 0.2099038999999999
0.3532 0.2098145
0.35355 0.2097239
0.3539 0.2096321
0.35425 0.2095392
0.3546 0.2094445999999999
0.35495 0.2093498999999999
0.3553 0.2092542
0.35565 0.2091547999999999
0.356 0.2090224
0.35635 0.2089502
0.3567 0.2088621
0.35705 0.2086572
0.3574 0.2086171
0.35775 0.2085342
0.3581 0.2084018999999999
0.35845 0.2083271
0.3588 0.2082145
0.35915 0.2081375
0.3595 0.2078646999999999
0.35985 0.2077696
0.3602 0.207653
0.36055 0.207569
0.3609 0.207488
0.36125 0.207488
0.3616 0.2073838999999999
0.36195 0.2072972
0.3623 0.2071447
0.36265 0.2070748999999999
0.363 0.2069685
0.36335 0.2068571
0.3637 0.2067458
0.36405 0.206591
0.3644 0.2065277999999999
0.36475 0.2064174
0.3651 0.2063053
0.36545 0.2061874
0.3658 0.2060485
0.36615 0.2059547999999999
0.3665 0.2058506
0.36685 0.2057281
0.3672 0.2056102
0.36755 0.2055016
0.3679 0.2053751
0.36825 0.2052610999999999
0.3686 0.205105
0.36895 0.2050352
0.3693 0.2048991
0.36965 0.2047931
0.37 0.2046287999999999
0.37035 0.2045291
0.3707 0.2043412999999999
0.37105 0.2042619
0.3714 0.2041871
0.37175 0.2040323
0.3721 0.2038896
0.37245 0.2038055
0.3728 0.2036197
0.37315 0.2035657
0.3735 0.2033722
0.37385 0.2032904999999999
0.3742 0.2031672
0.37455 0.2030101
0.3749 0.20281
0.37525 0.2027092999999999
0.3756 0.2025481
0.37595 0.2024348
0.3763 0.2022825
0.37665 0.2021108999999999
0.377 0.2021108999999999
0.37735 0.2020149
0.3777 0.2018102
0.37805 0.2016381
0.3784 0.2016141
0.37875 0.2012638
0.3791 0.2010741
0.37945 0.2008691
0.3798 0.2008184
0.38015 0.2008184
0.3805 0.2006632
0.38085 0.2006565
0.3812 0.2005267
0.38155 0.200392
0.3819 0.2000535
0.38225 0.1998961
0.3826 0.1998503999999999
0.38295 0.1998479
0.3833 0.1996407
0.38365 0.1995728
0.384 0.1993677999999999
0.38435 0.1992977
0.3847 0.1991403
0.38505 0.1990039
0.3854 0.1988479
0.38575 0.1986946
0.3861 0.198546
0.38645 0.1983741
0.3868 0.1982226
0.38715 0.1980451
0.3875 0.1978714
0.38785 0.1977208999999999
0.3882 0.1975827
0.38855 0.1973772
0.3889 0.1971186
0.38925 0.1969039
0.3896 0.1968522
0.38995 0.1966346
0.3903 0.1964158999999999
0.39065 0.1963198
0.391 0.1961065
0.39135 0.1959269
0.3917 0.1956306
0.39205 0.1954827999999999
0.3924 0.1953005
0.39275 0.1949762
0.3931 0.1948368999999999
0.39345 0.1946517999999999
0.3938 0.1943963
0.39415 0.1940004
0.3945 0.1939136
0.39485 0.1935426
0.3952 0.1933349
0.39555 0.1931401
0.3959 0.1926719
0.39625 0.1922845
0.3966 0.1921037
0.39695 0.1919475
0.3973 0.1915204999999999
0.39765 0.191241
0.398 0.190781
0.39835 0.1906743
0.3987 0.1900128999999999
0.39905 0.1897335
0.3994 0.1895775
0.39975 0.1891885
0.4001 0.1887783999999999
0.40045 0.1883371
0.4008 0.1877469
0.40115 0.1868193
0.4015 0.1862542999999999
0.40185 0.1862542999999999
0.4022 0.1851009
0.40255 0.1847392999999999
0.4029 0.1837484999999999
0.40325 0.1824438
0.4036 0.1805703
0.40395 0.1785499
0.4043 0.1705059
0.40465 0.1705059
0.405 0.1769698999999999
0.40535 0.1794837
0.4057 0.1809392999999999
0.40605 0.1819575
0.4064 0.1827531
0.40675 0.1833005
0.4071 0.1837192
0.40745 0.1840637
0.4078 0.1843222
0.40815 0.1845306
0.4085 0.1845306
0.40885 0.1846982
0.4092 0.184996
0.40955 0.1851277999999999
0.4099 0.1852059999999999
0.41025 0.1853206
0.4106 0.1854067
0.41095 0.1854516
0.4113 0.1854724999999999
0.41165 0.1854569
0.412 0.1855825
0.41235 0.1856203
0.4127 0.1856305
0.41305 0.1856203
0.4134 0.1853927
0.41375 0.1853927
0.4141 0.1856577999999999
0.41445 0.1856577999999999
0.4148 0.1854443
0.41515 0.1853431
0.4155 0.1851658
0.41585 0.1830277
0.4162 0.1830277
0.41655 0.1850997
0.4169 0.1850997
0.41725 0.1848948
0.4176 0.1847672
0.41795 0.1848187999999999
0.4183 0.1848187999999999
0.41865 0.1848579
0.419 0.1848579
0.41935 0.1845119999999999
0.4197 0.1840575
0.42005 0.1831642
0.4204 0.1831642
0.42075 0.1841243
0.4211 0.1843645
0.42145 0.1841243
0.4218 0.183622
0.42215 0.1833666
0.4225 0.1833666
0.42285 0.1834569
0.4232 0.1834569
0.42355 0.1827073
0.4239 0.1827073
0.42425 0.1827212
0.4246 0.1827212
0.42495 0.1831455
0.4253 0.1831456
0.42565 0.1831456
0.426 0.1816979
0.42635 0.1816979
0.4267 0.1819841
0.42705 0.1827576
0.4274 0.1825938
0.42775 0.1825938
0.4281 0.1824706
0.42845 0.1820346
0.4288 0.181803
0.42915 0.1804511
0.4295 0.1811503
0.42985 0.1811503
0.4302 0.1811503
0.43055 0.1814122
0.4309 0.1805339
0.43125 0.1807205
0.4316 0.1807205
0.43195 0.1807408999999999
0.4323 0.1811606
0.43265 0.1811606
0.433 0.1809662
0.43335 0.180901
0.4337 0.1805402
0.43405 0.180529
0.4344 0.1802904
0.43475 0.1802721
0.4351 0.1802721
0.43545 0.1801455
0.4358 0.179946
0.43615 0.1797953
0.4365 0.1792958999999999
0.43685 0.1791547999999999
0.4372 0.1791861
0.43755 0.1791547999999999
0.4379 0.1790533
0.43825 0.1790019
0.4386 0.1789681
0.43895 0.178766
0.4393 0.1786417
0.43965 0.1781691
0.44 0.1778445
0.44035 0.1769459
0.4407 0.1766284
0.44105 0.1766404
0.4414 0.1766284
0.44175 0.1762725
0.4421 0.1762725
0.44245 0.1762725
0.4428 0.177002
0.44315 0.176985
0.4435 0.176985
0.44385 0.175103
0.4442 0.175103
0.44455 0.1763924
0.4449 0.1763924
0.44525 0.1751727
0.4456 0.1751727
0.44595 0.1754474999999999
0.4463 0.1756769
0.44665 0.1757652
0.447 0.1756769
0.44735 0.1755187999999999
0.4477 0.1754191
0.44805 0.1754191
0.4484 0.1747302
0.44875 0.1753539
0.4491 0.1750671
0.44945 0.1750671
0.4498 0.1748164
0.45015 0.1747871
0.4505 0.1747425
0.45085 0.1741862
0.4512 0.1737249
0.45155 0.1737118
0.4519 0.1734551
0.45225 0.1737088
0.4526 0.1736799
0.45295 0.1736799
0.4533 0.1735816
0.45365 0.1733263
0.454 0.1733263
0.45435 0.1728405
0.4547 0.1726566
0.45505 0.1727487
0.4554 0.1726566
0.45575 0.1719947999999999
0.4561 0.1718299
0.45645 0.1719947999999999
0.4568 0.1712822
0.45715 0.1718632999999999
0.4575 0.1717067
0.45785 0.1717067
0.4582 0.1715552
0.45855 0.1715125
0.4589 0.1713307
0.45925 0.1708212
0.4596 0.1704729
0.45995 0.1707122
0.4603 0.1707122
0.46065 0.1707976
0.461 0.1707976
0.46135 0.1707003
0.4617 0.1706464
0.46205 0.1704051
0.4624 0.1702969
0.46275 0.1702477999999999
0.4631 0.1701908
0.46345 0.1699244999999999
0.4638 0.1697974
0.46415 0.1696992
0.4645 0.1694217999999999
0.46485 0.1694177999999999
0.4652 0.1686218
0.46555 0.1686218
0.4659 0.1683045
0.46625 0.1677402
0.4666 0.1676962
0.46695 0.1676962
0.4673 0.1675453
0.46765 0.1663094
0.468 0.1661969
0.46835 0.165615
0.4687 0.1626972
0.46905 0.1599392999999999
0.4694 0.1626972
0.46975 0.1655933
0.4701 0.1655933
0.47045 0.165627
0.4708 0.1654705
0.47115 0.1652583999999999
0.4715 0.1649752
0.47185 0.1635946
0.4722 0.1616252
0.47255 0.1623147999999999
0.4729 0.1623147999999999
0.47325 0.164488
0.4736 0.1646466
0.47395 0.164488
0.4743 0.1648609999999999
0.47465 0.1629119
0.475 0.1648549
0.47535 0.1522734999999999
0.4757 0.1648549
0.47605 0.1630196
0.4764 0.1630196
0.47675 0.1630196
0.4771 0.1625831
0.47745 0.164116
0.4778 0.1631852999999999
0.47815 0.1637793
0.4785 0.1636069
0.47885 0.1636069
0.4792 0.1632978
0.47955 0.1631042999999999
0.4799 0.1630005
0.48025 0.162639
0.4806 0.1625644
0.48095 0.1624535
0.4813 0.1620856
0.48165 0.1616277
0.482 0.1610227
0.48235 0.1607309
0.4827 0.1607309
0.48305 0.160215
0.4834 0.1586306
0.48375 0.1569644
0.4841 0.1569644
0.48445 0.1554335
0.4848 0.1513537
0.48515 0.1529396
0.4855 0.1529396
0.48585 0.1529396
0.4862 0.1558924
0.48655 0.1558924
0.4869 0.1573701
0.48725 0.1573701
0.4876 0.1527286
0.48795 0.1527286
0.4883 0.15427
0.48865 0.1563803
0.489 0.1588591
0.48935 0.1563803
0.4897 0.1588591
0.49005 0.1578976
0.4904 0.1578976
0.49075 0.1565005
0.4911 0.1565005
0.49145 0.1565005
0.4918 0.157525
0.49215 0.1562782
0.4925 0.1560872
0.49285 0.1537965
0.4932 0.1537965
0.49355 0.1538231
0.4939 0.1549232
0.49425 0.1549232
0.4946 0.1549232
0.49495 0.1557501
0.4953 0.1553887
0.49565 0.1562042
0.496 0.1556627
0.49635 0.1558635
0.4967 0.1556647
0.49705 0.1556647
0.4974 0.1552531
0.49775 0.1546394
0.4981 0.1543045
0.49845 0.1538808
0.4988 0.1538808
0.49915 0.1539657999999999
0.4995 0.153968
0.49985 0.1539657999999999
0.50055 0.1470735
0.5009 0.1470735
0.50125 0.1516812
0.5016 0.1516812
0.50195 0.1510155
0.5023 0.1506902999999999
0.50265 0.1461102
0.503 0.1242898
0.50335 0.1338198
0.5037 0.1338198
0.50405 0.1338198
0.5044 0.1475337
0.50475 0.1475337
0.5051 0.1487877
0.50545 0.1487877
0.5058 0.1486835
0.50615 0.1486835
0.5065 0.1427069
0.50685 0.1407858
0.5072 0.1407858
0.50755 0.1437802
0.5079 0.1437802
0.50825 0.1437802
0.5086 0.1450661
0.50895 0.1450661
0.5093 0.1447356
0.50965 0.1440052999999999
0.51 0.1440052999999999
0.51035 0.1457427999999999
0.5107 0.1462942
0.51105 0.1462942
0.5114 0.1453725
0.51175 0.1453725
0.5121 0.1459683
0.51245 0.1489895
0.5128 0.1489895
0.51315 0.1465779999999999
0.5135 0.1465779999999999
0.51385 0.1465275
0.5142 0.1465275
0.51455 0.1465275
0.5149 0.1460837
0.51525 0.1481688
0.5156 0.1488132999999999
0.51595 0.1488132999999999
0.5163 0.1485797
0.51665 0.1483943
0.517 0.1484252999999999
0.51735 0.1483943
0.5177 0.1483857999999999
0.51805 0.1483857999999999
0.5184 0.1484057
0.51875 0.1485236
0.5191 0.1485236
0.51945 0.1479453
0.5198 0.1479453
0.52015 0.1479453
0.5205 0.1479203
0.52085 0.147807
0.5212 0.1476961
0.52155 0.1475867
0.5219 0.1470098
0.52225 0.1469454
0.5226 0.1468467999999999
0.52295 0.1463813
0.5233 0.1378237
0.52365 0.1378237
0.524 0.1379071
0.52435 0.1455551
0.5247 0.1455551
0.52505 0.1455551
0.5254 0.1456149
0.52575 0.1452187
0.5261 0.1447809
0.52645 0.1445939
0.5268 0.1441347
0.52715 0.1424733
0.5275 0.1424733
0.52785 0.1424733
0.5282 0.1436402
0.52855 0.1436402
0.5289 0.1422244
0.52925 0.141785
0.5296 0.1404203
0.52995 0.141785
0.5303 0.1400808
0.53065 0.1389626
0.531 0.1389626
0.53135 0.1411937
0.5317 0.1411937
0.53205 0.1396282
0.5324 0.1375876
0.53275 0.1388155
0.5331 0.1388155
0.53345 0.1395602
0.5338 0.1397609
0.53415 0.1397609
0.5345 0.1397098
0.53485 0.1384616
0.5352 0.1381882
0.53555 0.13814
0.5359 0.1370792
0.53625 0.1370792
0.5366 0.1370792
0.53695 0.1355839999999999
0.5373 0.1355839999999999
0.53765 0.134969
0.538 0.1348325
0.53835 0.1340882
0.5387 0.1321548
0.53905 0.1320882
0.5394 0.1317405
0.53975 0.1297839
0.5401 0.1297839
0.54045 0.1262114
0.5408 0.1244008
0.54115 0.1244008
0.5415 0.1211994999999999
0.54185 0.1211994999999999
0.5422 0.1211994999999999
0.54255 0.1203158999999999
0.5429 0.120768
0.54325 0.1201555
0.5436 0.1201555
0.54395 0.1201555
0.5443 0.1208243999999999
0.54465 0.124518
0.545 0.124518
0.54535 0.1266831
0.5457 0.1262925
0.54605 0.1262925
0.5464 0.1215204
0.54675 0.1215204
0.5471 0.1215204
0.54745 0.1265374
0.5478 0.1264059
0.54815 0.1265374
0.5485 0.1279303
0.54885 0.1282429
0.5492 0.1279303
0.54955 0.1277773999999999
0.5499 0.1237588
0.55025 0.1265516
0.5506 0.1265516
0.55095 0.1265516
0.5513 0.126803
0.55165 0.1260657
0.552 0.125978
0.55235 0.1255012999999999
0.5527 0.1255012999999999
0.55305 0.1255012999999999
0.5534 0.1251918
0.55375 0.1251918
0.5541 0.125088
0.55445 0.1237453
0.5548 0.1237453
0.55515 0.1237453
0.5555 0.1229924999999999
0.55585 0.1249078
0.5562 0.1238368
0.55655 0.1238368
0.5569 0.1216867
0.55725 0.1216867
0.5576 0.1224888
0.55795 0.1230755
0.5583 0.1224888
0.55865 0.1230721999999999
0.559 0.1227228
0.55935 0.1227228
0.5597 0.1225233999999999
0.56005 0.1221301
0.5604 0.1217999
0.56075 0.1213347
0.5611 0.1213347
0.56145 0.1210917
0.5618 0.1207543999999999
0.56215 0.1206521
0.5625 0.1204269
0.56285 0.1202895
0.5632 0.1202895
0.56355 0.119372
0.5639 0.1193122
0.56425 0.1189665
0.5646 0.118395
0.56495 0.118395
0.5653 0.1177643
0.56565 0.1177643
0.566 0.1169347999999999
0.56635 0.1138075
0.5667 0.1136279
0.56705 0.1138075
0.5674 0.114516
0.56775 0.114516
0.5681 0.100587
0.56845 0.100587
0.5688 0.1015937
0.56915 0.1085037
0.5695 0.1015937
0.56985 0.1000432
0.5702 0.1000432
0.57055 0.1125349
0.5709 0.1125349
0.57125 0.1116229
0.5716 0.1099901
0.57195 0.1111221
0.5723 0.1111221
0.57265 0.1111221
0.573 0.1105033
0.57335 0.1015133
0.5737 0.1089851999999999
0.57405 0.1026009
0.5744 0.1026009
0.57475 0.1026009
0.5751 0.0944486
0.57545 0.1080036
0.5758 0.1081504
0.57615 0.1081504
0.5765 0.1057704
0.57685 0.0980924
0.5772 0.1057112
0.57755 0.1057112
0.5779 0.1057112
0.57825 0.1068426
0.5786 0.1047393
0.57895 0.1054469
0.5793 0.1054046
0.57965 0.1054046
0.58 0.1044623
0.58035 0.1044267
0.5807 0.1021518
0.58105 0.1021518
0.5814 0.1037259
0.58175 0.1041063999999999
0.5821 0.1037259
0.58245 0.1029856
0.5828 0.100914
0.58315 0.100914
0.5835 0.1008497
0.58385 0.1010537
0.5842 0.1010537
0.58455 0.1010537
0.5849 0.1006315
0.58525 0.1006315
0.5856 0.100696
0.58595 0.100696
0.5863 0.0998941
0.58665 0.0998557
0.587 0.0987428
0.58735 0.0981261
0.5877 0.0953545
0.58805 0.0883333999999999
0.5884 0.0883333999999999
0.58875 0.0868716
0.5891 0.0868716
0.58945 0.0868716
0.5898 0.0754758
0.59015 0.0754758
0.5905 0.0915528
0.59085 0.0915528
0.5912 0.0925145
0.59155 0.0925145
0.5919 0.0944896
0.59225 0.0944896
0.5926 0.0951898
0.59295 0.097663
0.5933 0.097663
0.59365 0.0939187
0.594 0.0886547
0.59435 0.0773748
0.5947 0.0773748
0.59505 0.0918991
0.5954 0.0918991
0.59575 0.0912675
0.5961 0.0912675
0.59645 0.0916746
0.5968 0.0946506
0.59715 0.0946506
0.5975 0.0946506
0.59785 0.0912188999999999
0.5982 0.0912188999999999
0.59855 0.0919166999999999
0.5989 0.0919166999999999
0.59925 0.0906027
0.5996 0.0906027
0.59995 0.0941443
0.6003 0.0941443
0.60065 0.0802255
0.601 0.0802255
0.60135 0.0910388
0.6017 0.0967818
0.60205 0.0967818
0.6024 0.0998301
0.60275 0.0998301
0.6031 0.1019601
0.60345 0.1019601
0.6038 0.1019601
0.60415 0.0995731
0.6045 0.0995731
0.60485 0.0952198
0.6052 0.1029504
0.60555 0.1031628999999999
0.6059 0.1031628999999999
0.60625 0.1031628999999999
0.6066 0.1029301
0.60695 0.1035946
0.6073 0.1029301
0.60765 0.1038228
0.608 0.1026341
0.60835 0.1039966
0.6087 0.1026341
0.60905 0.1035151
0.6094 0.1028006
0.60975 0.1035151
0.6101 0.1047583999999999
0.61045 0.1047583999999999
0.6108 0.1045381
0.61115 0.1041596
0.6115 0.1041596
0.61185 0.1036875999999999
0.6122 0.1032851999999999
0.61255 0.1028808
0.6129 0.1014266
0.61325 0.1007131999999999
0.6136 0.1000838999999999
0.61395 0.0991116
0.6143 0.098688
0.61465 0.0980174
0.615 0.0977799
0.61535 0.0977402
0.6157 0.0975183999999999
0.61605 0.0967572
0.6164 0.0964867
0.61675 0.0956891999999999
0.6171 0.0951318
0.61745 0.0935306
0.6178 0.0917366
0.61815 0.0913735
0.6185 0.0905286999999999
0.61885 0.0899825
0.6192 0.0893193
0.61955 0.0893193
0.6199 0.0899763999999999
0.62025 0.0909316
0.6206 0.0918349
0.62095 0.0918961
0.6213 0.0922236
0.62165 0.0931855
0.622 0.0945043
0.62235 0.0959365
0.6227 0.0970302
0.62305 0.0982818999999999
0.6234 0.0985284999999999
0.62375 0.0988056
0.6241 0.1011842
0.62445 0.1011842
0.6248 0.1021733
0.62515 0.1031783999999999
0.6255 0.1031783999999999
0.62585 0.1036528
0.6262 0.1041525
0.62655 0.1041525
0.6269 0.1043251
0.62725 0.1046452
0.6276 0.1046452
0.62795 0.1052876
0.6283 0.1045293
0.62865 0.1052876
0.629 0.105842
0.62935 0.1058657
0.6297 0.106077
0.63005 0.1064616
0.6304 0.1064616
0.63075 0.1050601
0.6311 0.1046236
0.63145 0.1016315
0.6318 0.0930549
0.63215 0.0930549
0.6325 0.1023086
0.63285 0.1025698
0.6332 0.1023086
0.63355 0.1036163
0.6339 0.1036163
0.63425 0.1044901
0.6346 0.1044901
0.63495 0.1031026
0.6353 0.1031026
0.63565 0.1031026
0.636 0.1029527
0.63635 0.1029527
0.6367 0.1002271999999999
0.63705 0.1002271999999999
0.6374 0.1002271999999999
0.63775 0.0934608
0.6381 0.0958565
0.63845 0.0958565
0.6388 0.0958565
0.63915 0.0990951
0.6395 0.0990951
0.63985 0.1021585
0.6402 0.1031187
0.64055 0.1031187
0.6409 0.1017087
0.64125 0.1014937
0.6416 0.1012541
0.64195 0.0991089
0.6423 0.0991089
0.64265 0.1020108
0.643 0.1020108
0.64335 0.1014715
0.6437 0.0963626
0.64405 0.0909661
0.6444 0.0909661
0.64475 0.0937021
0.6451 0.0937021
0.64545 0.0937021
0.6458 0.0771123
0.64615 0.0707233
0.6465 0.0707233
0.64685 0.0811819
0.6472 0.0840308
0.64755 0.0840308
0.6479 0.0840122
0.64825 0.0840122
0.6486 0.0859423
0.64895 0.089807
0.6493 0.0917145
0.64965 0.0968411
0.65 0.0968411
0.65035 0.0986587
0.6507 0.0942238
0.65105 0.0797423
0.6514 0.0797423
0.65175 0.0797423
0.6521 0.0826081
0.65245 0.0939961
0.6528 0.0939961
0.65315 0.0944135
0.6535 0.0843991
0.65385 0.0974577
0.6542 0.0831437
0.65455 0.0930033
0.6549 0.0930033
0.65525 0.0930033
0.6556 0.084914
0.65595 0.0811651999999999
0.6563 0.0811651999999999
0.65665 0.089811
0.657 0.089811
0.65735 0.080887
0.6577 0.080887
0.65805 0.0925496
0.6584 0.0925496
0.65875 0.0925496
0.6591 0.0948128
0.65945 0.0948128
0.6598 0.0844002
0.66015 0.0844002
0.6605 0.0955158
0.66085 0.0955158
0.6612 0.0908536
0.66155 0.0908536
0.6619 0.0925985
0.66225 0.0929777
0.6626 0.0953296
0.66295 0.094388
0.6633 0.094388
0.66365 0.0935413
0.664 0.0935413
0.66435 0.0944797
0.6647 0.0965159
0.66505 0.0965159
0.6654 0.0964164
0.66575 0.0955837
0.6661 0.0923262
0.66645 0.094888
0.6668 0.094888
0.66715 0.0957282
0.6675 0.0957282
0.66785 0.0958969
0.6682 0.0951688
0.66855 0.0915531
0.6689 0.0915531
0.66925 0.0945264
0.6696 0.0957863
0.66995 0.0957863
0.6703 0.0973976
0.67065 0.0979761
0.671 0.0979761
0.67135 0.0990473
0.6717 0.0985575
0.67205 0.0985575
0.6724 0.0985575
0.67275 0.0986223
0.6731 0.0986339
0.67345 0.0989628
0.6738 0.1003453
0.67415 0.100237
0.6745 0.100237
0.67485 0.100237
0.6752 0.1012057
0.67555 0.1012057
0.6759 0.1012763
0.67625 0.101172
0.6766 0.101172
0.67695 0.101172
0.6773 0.1011743
0.67765 0.1013632
0.678 0.1011743
0.67835 0.1011357
0.6787 0.0986226
0.67905 0.0990376
0.6794 0.0990376
0.67975 0.1002731
0.6801 0.1002731
0.68045 0.1002009
0.6808 0.0973753999999999
0.68115 0.0973753999999999
0.6815 0.0973753999999999
0.68185 0.0986913
0.6822 0.0974266
0.68255 0.0974266
0.6829 0.0974266
0.68325 0.0955309999999999
0.6836 0.0955309999999999
0.68395 0.0954931
0.6843 0.0922153
0.68465 0.0922153
0.685 0.094536
0.68535 0.0978352
0.6857 0.0978682
0.68605 0.0978682
0.6864 0.0966845
0.68675 0.0905554
0.6871 0.0905554
0.68745 0.0933302
0.6878 0.0960135
0.68815 0.0956817
0.6885 0.0956817
0.68885 0.0942248999999999
0.6892 0.0942248999999999
0.68955 0.082907
0.6899 0.091446
0.69025 0.0899906999999999
0.6906 0.091446
0.69095 0.0899906999999999
0.6913 0.0827208
0.69165 0.0801919
0.692 0.072917
0.69235 0.072917
0.6927 0.0745061
0.69305 0.0745061
0.6934 0.0741947
0.69375 0.0741947
0.6941 0.0741947
0.69445 0.0767975
0.6948 0.0801583
0.69515 0.0801583
0.6955 0.0786068
0.69585 0.0786068
0.6962 0.0804959
0.69655 0.0817603
0.6969 0.0817603
0.69725 0.0848866
0.6976 0.0785854
0.69795 0.0851156
0.6983 0.0840922
0.69865 0.0840922
0.699 0.0834978999999999
0.69935 0.0834978999999999
0.6997 0.0834978999999999
0.70005 0.0715087
0.7004 0.0714843999999999
0.70075 0.0714843999999999
0.7011 0.0770561
0.70145 0.0770561
0.7018 0.0756158
0.70215 0.0756158
0.7025 0.0756158
0.70285 0.0718133
0.7032 0.0718133
0.70355 0.0723143999999999
0.7039 0.0777562
0.70425 0.0735003
0.7046 0.0757759
0.70495 0.0735003
0.7053 0.0757759
0.70565 0.0806423
0.706 0.0806423
0.70635 0.0751091
0.7067 0.0751091
0.70705 0.0751091
0.7074 0.0773356
0.70775 0.0720184
0.7081 0.0773349
0.70845 0.0720184
0.7088 0.075116
0.70915 0.0718465
0.7095 0.075116
0.70985 0.0754513999999999
0.7102 0.0814108
0.71055 0.0814108
0.7109 0.0708047
0.71125 0.0708047
0.7116 0.0729952
0.71195 0.0790654
0.7123 0.0790654
0.71265 0.0756613999999999
0.713 0.0742254
0.71335 0.0742254
0.7137 0.0768599
0.71405 0.0768599
0.7144 0.0730291
0.71475 0.0730291
0.7151 0.077694
0.71545 0.077694
0.7158 0.0742855
0.71615 0.0715273999999999
0.7165 0.067263
0.71685 0.067263
0.7172 0.0661215
0.71755 0.0661215
0.7179 0.0661215
0.71825 0.0680861
0.7186 0.0680861
0.71895 0.0625251
0.7193 0.0625251
0.71965 0.0637671
0.72 0.0637671
0.72035 0.0652015
0.7207 0.0669236
0.72105 0.0669236
0.7214 0.0669236
0.72175 0.0647557
0.7221 0.0687309
0.72245 0.0671075
0.7228 0.0671075
0.72315 0.0628871
0.7235 0.0623824
0.72385 0.0616976
0.7242 0.0616976
0.72455 0.0616976
0.7249 0.0624523
0.72525 0.0624523
0.7256 0.0610437
0.72595 0.0597536
0.7263 0.0584658
0.72665 0.0584658
0.727 0.0507807
0.72735 0.0608875
0.7277 0.0608875
0.72805 0.0609865
0.7284 0.0629396
0.72875 0.0644134
0.7291 0.0644134
0.72945 0.0632268
0.7298 0.0629872
0.73015 0.0632268
0.7305 0.0639315
0.73085 0.0650609
0.7312 0.0655641999999999
0.73155 0.0650609
0.7319 0.0655641999999999
0.73225 0.0635718
0.7326 0.0645768
0.73295 0.0635718
0.7333 0.0645768
0.73365 0.0699868999999999
0.734 0.0699868999999999
0.73435 0.0678269
0.7347 0.0678269
0.73505 0.0698289
0.7354 0.0724511
0.73575 0.0724511
0.7361 0.069673
0.73645 0.0688105
0.7368 0.0688105
0.73715 0.0688105
0.7375 0.0677451
0.73785 0.0732931
0.7382 0.0703605
0.73855 0.0703605
0.7389 0.0696069
0.73925 0.0696069
0.7396 0.0688154
0.73995 0.0688154
0.7403 0.0688154
0.74065 0.0728558
0.741 0.0728558
0.74135 0.0728558
0.7417 0.0733443
0.74205 0.0769646
0.7424 0.0769646
0.74275 0.0769646
0.7431 0.0790913999999999
0.74345 0.0790913999999999
0.7438 0.0777007
0.74415 0.0744879
0.7445 0.0744879
0.74485 0.0822495
0.7452 0.0822495
0.74555 0.0822495
0.7459 0.0736248
0.74625 0.0771685
0.7466 0.0771685
0.74695 0.0771685
0.7473 0.0806842
0.74765 0.0806842
0.748 0.0806842
0.74835 0.080387
0.7487 0.0799324
0.74905 0.0783681
0.7494 0.0783681
0.74975 0.0794136
0.7501 0.0815878
0.75045 0.0794136
0.7508 0.0837301
0.75115 0.0806608
0.7515 0.0806608
0.75185 0.0806608
0.7522 0.0801606
0.75255 0.0816474
0.7529 0.0816474
0.75325 0.0819462
0.7536 0.0819462
0.75395 0.0831539
0.7543 0.0818937
0.75465 0.0839623999999999
0.755 0.0818937
0.75535 0.0839623999999999
0.7557 0.0839875
0.75605 0.0840234
0.7564 0.0840234
0.75675 0.0840234
0.7571 0.0813144
0.75745 0.081744
0.7578 0.081744
0.75815 0.0819516
0.7585 0.0823732
0.75885 0.0824776999999999
0.7592 0.0823732
0.75955 0.0824776999999999
0.7599 0.0822488
0.76025 0.0822488
0.7606 0.0811036999999999
0.76095 0.0811036999999999
0.7613 0.0815668
0.76165 0.0815668
0.762 0.0809215
0.76235 0.0808018
0.7627 0.0806031999999999
0.76305 0.080331
0.7634 0.0799293
0.76375 0.0795095
0.7641 0.0795095
0.76445 0.078956
0.7648 0.0789171
0.76515 0.0785939
0.7655 0.0782773999999999
0.76585 0.0782218
0.7662 0.0780129
0.76655 0.077961
0.7669 0.0778772
0.76725 0.077961
0.7676 0.0783533
0.76795 0.0784222
0.7683 0.0784677
0.76865 0.0784222
0.769 0.0783625
0.76935 0.0781101
0.7697 0.0778994
0.77005 0.0778901999999999
0.7704 0.0778901999999999
0.77075 0.0782501999999999
0.7711 0.0783726
0.77145 0.0786728
0.7718 0.078836
0.77215 0.0790401
0.7725 0.0790401
0.77285 0.0789638999999999
0.7732 0.0786842
0.77355 0.0786842
0.7739 0.0790095
0.77425 0.0792866
0.7746 0.0793281999999999
0.77495 0.0794376
0.7753 0.0794365
0.77565 0.0794365
0.776 0.0791835
0.77635 0.0791316
0.7767 0.078898
0.77705 0.0788038
0.7774 0.0787238999999999
0.77775 0.0785365
0.7781 0.0781557
0.77845 0.0781557
0.7788 0.0776817
0.77915 0.0772365
0.7795 0.0753812
0.77985 0.0753812
0.7802 0.075793
0.78055 0.075793
0.7809 0.0734115
0.78125 0.0734115
0.7816 0.0734115
0.78195 0.0731452
0.7823 0.0730297
0.78265 0.0730297
0.783 0.0730297
0.78335 0.0725362
0.7837 0.0728021
0.78405 0.0724166
0.7844 0.0724166
0.78475 0.0724166
0.7851 0.0739866
0.78545 0.0739866
0.7858 0.0744941
0.78615 0.073384
0.7865 0.073384
0.78685 0.0689665
0.7872 0.0689665
0.78755 0.0698391999999999
0.7879 0.0725788
0.78825 0.0725788
0.7886 0.0725788
0.78895 0.0727218
0.7893 0.0727218
0.78965 0.0738626
0.79 0.0738626
0.79035 0.0746545
0.7907 0.0733177
0.79105 0.073647
0.7914 0.0733933
0.79175 0.073647
0.7921 0.0733933
0.79245 0.0736464
0.7928 0.0724082
0.79315 0.0725306
0.7935 0.0724658
0.79385 0.0725306
0.7942 0.0730141999999999
0.79455 0.0730141999999999
0.7949 0.07005
0.79525 0.0679602
0.7956 0.07005
0.79595 0.0655432
0.7963 0.0655432
0.79665 0.0655432
0.797 0.0679266
0.79735 0.0679266
0.7977 0.0696517
0.79805 0.0696517
0.7984 0.0698516
0.79875 0.0702661
0.7991 0.0706456
0.79945 0.0706456
0.7998 0.0685759
0.80015 0.0685759
0.8005 0.0714898
0.80085 0.0723705
0.8012 0.0714898
0.80155 0.0695808
0.8019 0.0679428
0.80225 0.0675363
0.8026 0.0675363
0.80295 0.0703566
0.8033 0.0703566
0.80365 0.0717389
0.804 0.0704901999999999
0.80435 0.0717389
0.8047 0.0722773
0.80505 0.0727133
0.8054 0.0731927
0.80575 0.0727133
0.8061 0.067017
0.80645 0.067017
0.8068 0.0674466
0.80715 0.0691223999999999
0.8075 0.0691223999999999
0.80785 0.0684616
0.8082 0.0684616
0.80855 0.0711313
0.8089 0.0711313
0.80925 0.0675069
0.8096 0.0675069
0.80995 0.0679951
0.8103 0.0691841
0.81065 0.0691841
0.811 0.0687838
0.81135 0.0681054
0.8117 0.0681054
0.81205 0.068066
0.8124 0.0676555
0.81275 0.068066
0.8131 0.0669379
0.81345 0.0679421
0.8138 0.0679421
0.81415 0.0679421
0.8145 0.0674072
0.81485 0.0643591
0.8152 0.0643591
0.81555 0.0680633
0.8159 0.0682569
0.81625 0.0682569
0.8166 0.0684246999999999
0.81695 0.0684246999999999
0.8173 0.0686442999999999
0.81765 0.0686442999999999
0.818 0.0685186
0.81835 0.0685186
0.8187 0.0685186
0.81905 0.0708221
0.8194 0.0706529
0.81975 0.0706529
0.8201 0.0704515
0.82045 0.0699162
0.8208 0.0699162
0.82115 0.0699162
0.8215 0.0710698999999999
0.82185 0.0710698999999999
0.8222 0.0705142
0.82255 0.0700192999999999
0.8229 0.0671003
0.82325 0.0638503
0.8236 0.0647774
0.82395 0.0647774
0.8243 0.0697386
0.82465 0.0697386
0.825 0.0702033
0.82535 0.0698918
0.8257 0.07205
0.82605 0.0699291
0.8264 0.0709368
0.82675 0.0709368
0.8271 0.0709368
0.82745 0.0689908
0.8278 0.0665395
0.82815 0.0689908
0.8285 0.069237
0.82885 0.069237
0.8292 0.0693562
0.82955 0.0697038
0.8299 0.0697038
0.83025 0.0678513
0.8306 0.0678513
0.83095 0.0681263
0.8313 0.0696926
0.83165 0.0681263
0.832 0.0673421
0.83235 0.0673421
0.8327 0.0670363
0.83305 0.0690274999999999
0.8334 0.0682351
0.83375 0.0682351
0.8341 0.0655958
0.83445 0.0655958
0.8348 0.0655958
0.83515 0.0689982
0.8355 0.0685197999999999
0.83585 0.0685197999999999
0.8362 0.067961
0.83655 0.0679526999999999
0.8369 0.0675937
0.83725 0.0671443999999999
0.8376 0.0657304
0.83795 0.0657304
0.8383 0.0668036
0.83865 0.0686703999999999
0.839 0.0686703999999999
0.83935 0.0686703999999999
0.8397 0.0683466
0.84005 0.0683466
0.8404 0.0683466
0.84075 0.0676544
0.8411 0.0676544
0.84145 0.0676544
0.8418 0.0671924
0.84215 0.0671924
0.8425 0.0697131999999999
0.84285 0.0703643
0.8432 0.0703643
0.84355 0.070642
0.8439 0.0696449
0.84425 0.0687855
0.8446 0.0687855
0.84495 0.0703534
0.8453 0.0703534
0.84565 0.0703534
0.846 0.0718523999999999
0.84635 0.0718523999999999
0.8467 0.0718523999999999
0.84705 0.0740783
0.8474 0.0740783
0.84775 0.0705286
0.8481 0.0705286
0.84845 0.0710818999999999
0.8488 0.0732356
0.84915 0.0732356
0.8495 0.0732356
0.84985 0.0731119
0.8502 0.0723197
0.85055 0.0723197
0.8509 0.0723197
0.85125 0.071698
0.8516 0.0726848
0.85195 0.0735658
0.8523 0.0735658
0.85265 0.0720226
0.853 0.0720226
0.85335 0.0726993
0.8537 0.0726993
0.85405 0.0721378999999999
0.8544 0.0710383999999999
0.85475 0.0709521
0.8551 0.0709521
0.85545 0.0698803
0.8558 0.0698803
0.85615 0.0688901
0.8565 0.0686609
0.85685 0.068093
0.8572 0.0668793999999999
0.85755 0.0668793999999999
0.8579 0.0659112
0.85825 0.0659112
0.8586 0.0660228
0.85895 0.0660228
0.8593 0.0652274
0.85965 0.0649049
0.86 0.0637134999999999
0.86035 0.0627934999999999
0.8607 0.0623813
0.86105 0.0613631
0.8614 0.0609494
0.86175 0.0607255
0.8621 0.0597247
0.86245 0.0597247
0.8628 0.0597103
0.86315 0.0598789
0.8635 0.0597865
0.86385 0.0597865
0.8642 0.0578989
0.86455 0.0578989
0.8649 0.0584411999999999
0.86525 0.0600857
0.8656 0.0604800999999999
0.86595 0.061345
0.8663 0.0615057
0.86665 0.0615057
0.867 0.0586971
0.86735 0.0586971
0.8677 0.060256
0.86805 0.0622188
0.8684 0.0632831
0.86875 0.0639266
0.8691 0.0653439
0.86945 0.0649705
0.8698 0.0653649999999999
0.87015 0.0653649999999999
0.8705 0.0653649999999999
0.87085 0.0652679999999999
0.8712 0.0625193
0.87155 0.0652679999999999
0.8719 0.0664978
0.87225 0.0677426
0.8726 0.0664978
0.87295 0.0656104
0.8733 0.0656104
0.87365 0.0673968
0.874 0.0673968
0.87435 0.0673968
0.8747 0.0675443
0.87505 0.0675443
0.8754 0.0680378
0.87575 0.0646197999999999
0.8761 0.0669712
0.87645 0.0660713999999999
0.8768 0.0660713999999999
0.87715 0.0658523999999999
0.8775 0.0642513
0.87785 0.0643671
0.8782 0.0642513
0.87855 0.0643671
0.8789 0.0654052
0.87925 0.0654052
0.8796 0.0553347
0.87995 0.0553347
0.8803 0.0578961
0.88065 0.0578961
0.881 0.0526057
0.88135 0.0524290999999999
0.8817 0.0485019999999999
0.88205 0.0434499
0.8824 0.0343484
0.88275 0.0343484
0.8831 0.0343484
0.88345 0.0357121999999999
0.8838 0.0342855
0.88415 0.0371187
0.8845 0.0425837
0.88485 0.044751
0.8852 0.0442157
0.88555 0.0442157
0.8859 0.0422463999999999
0.88625 0.0338468
0.8866 0.0324596
0.88695 0.0255069
0.8873 0.0255069
0.88765 0.0274788999999999
0.888 0.0284952999999999
0.88835 0.0284952999999999
0.8887 0.0293533999999999
0.88905 0.0198928
0.8894 0.0293533999999999
0.88975 0.0344211
0.8901 0.0397246999999999
0.89045 0.0372858
0.8908 0.0372858
0.89115 0.0372816999999999
0.8915 0.0372816999999999
0.89185 0.0372816999999999
0.8922 0.0348303
0.89255 0.0348303
0.8929 0.0363627
0.89325 0.0376923
0.8936 0.0363627
0.89395 0.0361584999999999
0.8943 0.0361584999999999
0.89465 0.0364721999999999
0.895 0.0364721999999999
0.89535 0.0339239
0.8957 0.0339239
0.89605 0.0368294
0.8964 0.0462102
0.89675 0.0462102
0.8971 0.0462102
0.89745 0.0424491
0.8978 0.0424491
0.89815 0.044978
0.8985 0.044978
0.89885 0.0437118
0.8992 0.0408994
0.89955 0.0408994
0.8999 0.0426348
0.90025 0.0426348
0.9006 0.0426348
0.90095 0.0505676999999999
0.9013 0.0531996999999999
0.90165 0.0556508
0.902 0.0556508
0.90235 0.0552489
0.9027 0.0552489
0.90305 0.0568361999999999
0.9034 0.0594186
0.90375 0.0568361999999999
0.9041 0.0594186
0.90445 0.0615313999999999
0.9048 0.0622251
0.90515 0.0622505999999999
0.9055 0.0633192
0.90585 0.0636851
0.9062 0.0636851
0.90655 0.0620059999999999
0.9069 0.0620059999999999
0.90725 0.0629305
0.9076 0.0629305
0.90795 0.0555748
0.9083 0.0555748
0.90865 0.0566978
0.909 0.063966
0.90935 0.063966
0.9097 0.061451
0.91005 0.0560434999999999
0.9104 0.0560434999999999
0.91075 0.0631287
0.9111 0.0646172
0.91145 0.0645672
0.9118 0.0645672
0.91215 0.0645672
0.9125 0.0625461
0.91285 0.0630313
0.9132 0.0630313
0.91355 0.0630313
0.9139 0.0649550999999999
0.91425 0.06405
0.9146 0.0657642
0.91495 0.064803
0.9153 0.064803
0.91565 0.0622019
0.916 0.0619433999999999
0.91635 0.0619433999999999
0.9167 0.0619433999999999
0.91705 0.0641132
0.9174 0.0637446
0.91775 0.0637446
0.9181 0.0584048
0.91845 0.0584048
0.9188 0.063711
0.91915 0.063711
0.9195 0.0604985
0.91985 0.0604985
0.9202 0.0657863
0.92055 0.0657863
0.9209 0.0655378
0.92125 0.0651385
0.9216 0.0638709
0.92195 0.0636
0.9223 0.0602248
0.92265 0.0636
0.923 0.0652097
0.92335 0.0652097
0.9237 0.0633579
0.92405 0.0633579
0.9244 0.0644354
0.92475 0.0660836
0.9251 0.0648255
0.92545 0.0660836
0.9258 0.0648255
0.92615 0.0635139
0.9265 0.0635139
0.92685 0.0635139
0.9272 0.0619372
0.92755 0.0619372
0.9279 0.0613845
0.92825 0.0647650999999999
0.9286 0.0647650999999999
0.92895 0.0650737
0.9293 0.0650737
0.92965 0.0649916999999999
0.93 0.0562030999999999
0.93035 0.0562030999999999
0.9307 0.0530990999999999
0.93105 0.0611933
0.9314 0.060609
0.93175 0.060609
0.9321 0.060609
0.93245 0.0591101999999999
0.9328 0.0608891999999999
0.93315 0.0631842
0.9335 0.0631842
0.93385 0.0605183
0.9342 0.0518749
0.93455 0.0518749
0.9349 0.0541708
0.93525 0.0541708
0.9356 0.058948
0.93595 0.0628375
0.9363 0.0638863
0.93665 0.0638863
0.937 0.0618567
0.93735 0.0618567
0.9377 0.0509259
0.93805 0.0509259
0.9384 0.0509259
0.93875 0.0607780999999999
0.9391 0.0622622
0.93945 0.064224
0.9398 0.0622622
0.94015 0.0637753
0.9405 0.04867
0.94085 0.0637753
0.9412 0.0648098
0.94155 0.0649634
0.9419 0.0652107
0.94225 0.0652556
0.9426 0.0652556
0.94295 0.0480414
0.9433 0.0480414
0.94365 0.0567454
0.944 0.0567454
0.94435 0.0282953
0.9447 0.0282953
0.94505 0.0571939
0.9454 0.0586554999999999
0.94575 0.0586554999999999
0.9461 0.059992
0.94645 0.059992
0.9468 0.059992
0.94715 0.0615286999999999
0.9475 0.0615286999999999
0.94785 0.0642174
0.9482 0.063989
0.94855 0.0643835
0.9489 0.063989
0.94925 0.0454899
0.9496 0.0454899
0.94995 0.0569577999999999
0.9503 0.0616893
0.95065 0.0655525
0.951 0.0655525
0.95135 0.063511
0.9517 0.0634199
0.95205 0.0634199
0.9524 0.0634199
0.95275 0.0604880999999999
0.9531 0.0588563
0.95345 0.0588563
0.9538 0.0642763
0.95415 0.0642763
0.9545 0.0641496999999999
0.95485 0.0641496999999999
0.9552 0.0631798
0.95555 0.0646043999999999
0.9559 0.0646043999999999
0.95625 0.0646043999999999
0.9566 0.0644429
0.95695 0.0601513
0.9573 0.0601513
0.95765 0.0653599
0.958 0.0653599
0.95835 0.0651549999999999
0.9587 0.0648309
0.95905 0.0648309
0.9594 0.0613943999999999
0.95975 0.0613943999999999
0.9601 0.0642823
0.96045 0.0642823
0.9608 0.0639528
0.96115 0.0639528
0.9615 0.0640855
0.96185 0.0640855
0.9622 0.0637653
0.96255 0.0562213
0.9629 0.0548128
0.96325 0.0548128
0.9636 0.0548128
0.96395 0.0618443999999999
0.9643 0.0618443999999999
0.96465 0.0620714
0.965 0.0620714
0.96535 0.0613494
0.9657 0.0592693999999999
0.96605 0.0600659999999999
0.9664 0.0592693999999999
0.96675 0.0583099
0.9671 0.0565643
0.96745 0.0583099
0.9678 0.0590291999999999
0.96815 0.0607788
0.9685 0.0607788
0.96885 0.0606916999999999
0.9692 0.0606916999999999
0.96955 0.0606550999999999
0.9699 0.0606550999999999
0.97025 0.0592361999999999
0.9706 0.0576294999999999
0.97095 0.0571911999999999
0.9713 0.0576294999999999
0.97165 0.0586677
0.972 0.0599291999999999
0.97235 0.0599291999999999
0.9727 0.0603956
0.97305 0.059645
0.9734 0.0578790999999999
0.97375 0.0570067999999999
0.9741 0.0564261999999999
0.97445 0.0564261999999999
0.9748 0.0595270999999999
0.97515 0.0603799999999999
0.9755 0.0607568
0.97585 0.0607568
0.9762 0.0598172
0.97655 0.0598172
0.9769 0.0600294
0.97725 0.0605727
0.9776 0.0600294
0.97795 0.0601318
0.9783 0.0540712
0.97865 0.0560084
0.979 0.0560084
0.97935 0.0597998
0.9797 0.0597998
0.98005 0.0585748
0.9804 0.0537494
0.98075 0.0537494
0.9811 0.0537494
0.98145 0.0550827
0.9818 0.0550827
0.98215 0.0530773
0.9825 0.0530773
0.98285 0.0355808
0.9832 0.0526103
0.98355 0.0526103
0.9839 0.0530254999999999
0.98425 0.0536985
0.9846 0.0530254999999999
0.98495 0.0538561
0.9853 0.0510932
0.98565 0.0510932
0.986 0.0469743
0.98635 0.0469743
0.9867 0.0358369
0.98705 0.0470808
0.9874 0.0436854
0.98775 0.0448999
0.9881 0.0436854
0.98845 0.0226321
0.9888 0.0226321
0.98915 0.0321232
0.9895 0.0460579
0.98985 0.0418848999999999
0.9902 0.048
0.99055 0.0418848999999999
0.9909 0.048
0.99125 0.048498
0.9916 0.049734
0.99195 0.048498
0.9923 0.049734
0.99265 0.0509325
0.993 0.0509325
0.99335 0.0506596999999999
0.9937 0.0506487
0.99405 0.0506596999999999
0.9944 0.0514387
0.99475 0.0514387
0.9951 0.0469416
0.99545 0.0469416
0.9958 0.026504
0.99615 0.0463219
0.9965 0.0201399
0.99685 0.0463219
0.9972 0.0532641999999999
0.99755 0.0532641999999999
0.9979 0.0527621
0.99825 0.0480545999999999
0.9986 0.0508457
0.99895 0.0495477
0.9993 0.0495477
