0.3 0.1059121
0.30035 0.1059121
0.3007 0.1059043
0.30105 0.1058962
0.3014 0.105888
0.30175 0.1058795
0.3021 0.1058708999999999
0.30245 0.1058621
0.3028 0.1058532
0.30315 0.105844
0.3035 0.1058346
0.30385 0.1058250999999999
0.3042 0.1058147
0.30455 0.1058041
0.3049 0.1057932999999999
0.30525 0.1057823
0.3056 0.1057712
0.30595 0.1057598999999999
0.3063 0.1057483999999999
0.30665 0.1057367999999999
0.307 0.1057251
0.30735 0.1057131
0.3077 0.105701
0.30805 0.1056887999999999
0.3084 0.1056763999999999
0.30875 0.1056637999999999
0.3091 0.1056511
0.30945 0.1056383
0.3098 0.1056252999999999
0.31015 0.1056121
0.3105 0.1055988
0.31085 0.1055854
0.3112 0.1055718
0.31155 0.1055581
0.3119 0.1055442
0.31225 0.1055301
0.3126 0.1055158999999999
0.31295 0.1055015
0.3133 0.1054869
0.31365 0.1054722999999999
0.314 0.1054575
0.31435 0.1054426
0.3147 0.1054275
0.31505 0.1054123
0.3154 0.105397
0.31575 0.1053815
0.3161 0.1053658999999999
0.31645 0.1053501999999999
0.3168 0.1053344
0.31715 0.1053185
0.3175 0.1053023999999999
0.31785 0.1052862
0.3182 0.1052698999999999
0.31855 0.1052533999999999
0.3189 0.1052369
0.31925 0.1052202
0.3196 0.1052033999999999
0.31995 0.1051865
0.3203 0.1051695
0.32065 0.1051524
0.321 0.1051351
0.32135 0.1051178
0.3217 0.1051003
0.32205 0.1050828
0.3224 0.1050651
0.32275 0.1050474
0.3231 0.1050295
0.32345 0.1050115
0.3238 0.1049934
0.32415 0.1049751999999999
0.3245 0.104957
0.32485 0.1049385999999999
0.3252 0.1049201
0.32555 0.1049015
0.3259 0.1048829
0.32625 0.1048641
0.3266 0.1048452
0.32695 0.1048263
0.3273 0.1048073
0.32765 0.1047881
0.328 0.1047688999999999
0.32835 0.1047496
0.3287 0.1047301
0.32905 0.1047106
0.3294 0.1046908
0.32975 0.1046705
0.3301 0.1046476
0.33045 0.1046283
0.3308 0.1046111
0.33115 0.1045917
0.3315 0.1045719
0.33185 0.1045518
0.3322 0.1045317
0.33255 0.1045114
0.3329 0.1044911
0.33325 0.1044706999999999
0.3336 0.1044501999999999
0.33395 0.1044296
0.3343 0.1044089999999999
0.33465 0.1043883
0.335 0.1043675
0.33535 0.1043466999999999
0.3357 0.1043258
0.33605 0.1043048
0.3364 0.1042837
0.33675 0.1042626
0.3371 0.1042415
0.33745 0.104221
0.3378 0.1042003
0.33815 0.1041796
0.3385 0.1041589
0.33885 0.104138
0.3392 0.1041171
0.33955 0.1040962
0.3399 0.1040751999999999
0.34025 0.1040541999999999
0.3406 0.1040331
0.34095 0.1040118999999999
0.3413 0.1039906999999999
0.34165 0.1039693999999999
0.342 0.1039481
0.34235 0.1039267
0.3427 0.1039053
0.34305 0.1038838
0.3434 0.1038623
0.34375 0.1038408
0.3441 0.1038192
0.34445 0.1037974999999999
0.3448 0.1037758
0.34515 0.103754
0.3455 0.1037323
0.34585 0.1037104
0.3462 0.1036885
0.34655 0.1036666
0.3469 0.1036446999999999
0.34725 0.1036226999999999
0.3476 0.1036006
0.34795 0.1035785
0.3483 0.1035563999999999
0.34865 0.1035343
0.349 0.1035121
0.34935 0.1034898999999999
0.3497 0.1034676
0.35005 0.1034453
0.3504 0.103423
0.35075 0.1034006
0.3511 0.1033781999999999
0.35145 0.1033558
0.3518 0.1033333
0.35215 0.1033108
0.3525 0.1032883
0.35285 0.1032656999999999
0.3532 0.1032432
0.35355 0.1032206
0.3539 0.1031979
0.35425 0.1031752
0.3546 0.1031521
0.35495 0.1031293999999999
0.3553 0.1031066
0.35565 0.1030837
0.356 0.103049
0.35635 0.1030355
0.3567 0.1030154
0.35705 0.1029819999999999
0.3574 0.1029677
0.35775 0.1029407
0.3581 0.1029107
0.35845 0.1028924
0.3588 0.1028642
0.35915 0.1028505
0.3595 0.1028112
0.35985 0.1027746
0.3602 0.1027632
0.36055 0.1027298
0.3609 0.1027242999999999
0.36125 0.1027076
0.3616 0.1026883
0.36195 0.102669
0.3623 0.1026394
0.36265 0.1026196
0.363 0.1025963999999999
0.36335 0.1025726
0.3637 0.1025476999999999
0.36405 0.1025213
0.3644 0.1025003999999999
0.36475 0.1024766
0.3651 0.1024522
0.36545 0.1024273999999999
0.3658 0.1023978999999999
0.36615 0.1023775
0.3665 0.1023545
0.36685 0.1023287
0.3672 0.1023034999999999
0.36755 0.1022807
0.3679 0.1022541
0.36825 0.1022303
0.3686 0.102198
0.36895 0.1021827
0.3693 0.1021554
0.36965 0.1021318
0.37 0.1021035
0.37035 0.1020756999999999
0.3707 0.1020363
0.37105 0.1020196
0.3714 0.1020084
0.37175 0.1019768
0.3721 0.1019516
0.37245 0.1019288
0.3728 0.1018815
0.37315 0.1018811
0.3735 0.1018543
0.37385 0.1018229
0.3742 0.1018087
0.37455 0.1017758
0.3749 0.1017291999999999
0.37525 0.10172
0.3756 0.1016803
0.37595 0.1016358
0.3763 0.1016316
0.37665 0.1016214
0.377 0.1015947
0.37735 0.1015773
0.3777 0.1015302
0.37805 0.1015056
0.3784 0.1015018
0.37875 0.1014472
0.3791 0.1014408
0.37945 0.1013773
0.3798 0.1013455
0.38015 0.1013457
0.3805 0.1013455
0.38085 0.1013288
0.3812 0.1013093
0.38155 0.1012886
0.3819 0.1012306
0.38225 0.1011843
0.3826 0.1011843
0.38295 0.1011843
0.3833 0.1011685
0.38365 0.1011501
0.384 0.1011187
0.38435 0.1011077
0.3847 0.101083
0.38505 0.10106
0.3854 0.1010351
0.38575 0.1010121
0.3861 0.100987
0.38645 0.1009608
0.3868 0.1009378
0.38715 0.1009096999999999
0.3875 0.100888
0.38785 0.100863
0.3882 0.1008451
0.38855 0.1008098
0.3889 0.1007798
0.38925 0.1007586999999999
0.3896 0.1007467
0.38995 0.1007184
0.3903 0.1006806
0.39065 0.1006761
0.391 0.1006503999999999
0.39135 0.1006263999999999
0.3917 0.1005838999999999
0.39205 0.1005745
0.3924 0.100551
0.39275 0.1005026
0.3931 0.1004861
0.39345 0.1004861
0.3938 0.1004572
0.39415 0.1004094
0.3945 0.1003909
0.39485 0.1003608999999999
0.3952 0.1003338
0.39555 0.1003256999999999
0.3959 0.1002767
0.39625 0.1002343
0.3966 0.1002343
0.39695 0.1002343
0.3973 0.1001825
0.39765 0.1001567
0.398 0.1001646
0.39835 0.100147
0.3987 0.1001161999999999
0.39905 0.1001034
0.3994 0.100078
0.39975 0.1000739
0.4001 0.1000474
0.40045 0.1000278
0.4008 0.0999843999999999
0.40115 0.0999625
0.4015 0.0999473
0.40185 0.0999473
0.4022 0.099889
0.40255 0.099868
0.4029 0.099868
0.40325 0.0998564
0.4036 0.0998053
0.40395 0.0998051
0.4043 0.0997888
0.40465 0.0997628999999999
0.405 0.0997443
0.40535 0.0997322
0.4057 0.0997004
0.40605 0.0996628
0.4064 0.0996383999999999
0.40675 0.0996223
0.4071 0.0996108
0.40745 0.0996006
0.4078 0.0995811
0.40815 0.099561
0.4085 0.0995411
0.40885 0.0994988999999999
0.4092 0.0994775
0.40955 0.0994775
0.4099 0.0994511
0.41025 0.0994256
0.4106 0.0994062
0.41095 0.0993859
0.4113 0.0993548
0.41165 0.0993434
0.412 0.0992927
0.41235 0.0992789999999999
0.4127 0.0992625
0.41305 0.0992333
0.4134 0.0991584
0.41375 0.0991584
0.4141 0.0991584
0.41445 0.0991433
0.4148 0.0990743
0.41515 0.0990008999999999
0.4155 0.0989828
0.41585 0.0988523
0.4162 0.0988523
0.41655 0.0989364
0.4169 0.0989364
0.41725 0.0988174
0.4176 0.0987267
0.41795 0.0988174
0.4183 0.0988616
0.41865 0.0988616
0.419 0.0988088
0.41935 0.0987558
0.4197 0.0986025
0.42005 0.0986537
0.4204 0.0986537
0.42075 0.0987322
0.4211 0.0987322
0.42145 0.0987132
0.4218 0.0986493
0.42215 0.0985955
0.4225 0.0985955
0.42285 0.0985955
0.4232 0.098517
0.42355 0.098327
0.4239 0.098327
0.42425 0.0983319
0.4246 0.0983319
0.42495 0.0984086
0.4253 0.0984026
0.42565 0.0984026
0.426 0.0981145
0.42635 0.0981145
0.4267 0.0982003
0.42705 0.0983283
0.4274 0.098281
0.42775 0.098291
0.4281 0.098281
0.42845 0.098253
0.4288 0.0982002
0.42915 0.0981168
0.4295 0.0981256
0.42985 0.098124
0.4302 0.098124
0.43055 0.098124
0.4309 0.0980964
0.43125 0.0980964
0.4316 0.0980964
0.43195 0.0981068
0.4323 0.0981068
0.43265 0.0980959
0.433 0.0980663
0.43335 0.098052
0.4337 0.0980013999999999
0.43405 0.0980006
0.4344 0.0979533
0.43475 0.0979467
0.4351 0.0979432
0.43545 0.0979063
0.4358 0.0978899999999999
0.43615 0.097856
0.4365 0.0977469
0.43685 0.0977433
0.4372 0.0977469
0.43755 0.0977433
0.4379 0.097726
0.43825 0.097726
0.4386 0.0977228
0.43895 0.0976837
0.4393 0.0976481
0.43965 0.0975938
0.44 0.0975187
0.44035 0.09729
0.4407 0.0971756
0.44105 0.0971848
0.4414 0.0971756
0.44175 0.0971163
0.4421 0.0971163
0.44245 0.0971163
0.4428 0.0972956
0.44315 0.0973907
0.4435 0.0973907
0.44385 0.0971171
0.4442 0.0971171
0.44455 0.0973173
0.4449 0.0973173
0.44525 0.0971889
0.4456 0.0971652
0.44595 0.0971652
0.4463 0.097183
0.44665 0.0972801
0.447 0.0972238999999999
0.44735 0.0972415
0.4477 0.0972238999999999
0.44805 0.097238
0.4484 0.097188
0.44875 0.0972141
0.4491 0.0971934
0.44945 0.0971934
0.4498 0.0971441
0.45015 0.0971406
0.4505 0.0971375
0.45085 0.0970608
0.4512 0.09696
0.45155 0.096922
0.4519 0.0969191
0.45225 0.0969191
0.4526 0.0969488
0.45295 0.0969488
0.4533 0.0969429
0.45365 0.0969061
0.454 0.0969061
0.45435 0.0968247
0.4547 0.0967724
0.45505 0.0968057
0.4554 0.0967724
0.45575 0.0967571
0.4561 0.0966883
0.45645 0.0966883
0.4568 0.0966315
0.45715 0.0967063
0.4575 0.0966779
0.45785 0.0966779
0.4582 0.0966463
0.45855 0.0966408
0.4589 0.0966038
0.45925 0.0965261999999999
0.4596 0.0964939
0.45995 0.0965261999999999
0.4603 0.0965412
0.46065 0.0965817
0.461 0.0965817
0.46135 0.096578
0.4617 0.0965741
0.46205 0.0965606
0.4624 0.0965497
0.46275 0.096549
0.4631 0.0965308
0.46345 0.0965094
0.4638 0.0964976999999999
0.46415 0.0964709
0.4645 0.0964373
0.46485 0.0964286999999999
0.4652 0.0963263
0.46555 0.0963263
0.4659 0.0962663
0.46625 0.0962142
0.4666 0.0961716
0.46695 0.0961807
0.4673 0.0961716
0.46765 0.0961208
0.468 0.0960202
0.46835 0.0959011
0.4687 0.0955996
0.46905 0.0955827
0.4694 0.0955827
0.46975 0.0956768
0.4701 0.0956882
0.47045 0.0958871999999999
0.4708 0.0958871999999999
0.47115 0.0958888999999999
0.4715 0.0957216999999999
0.47185 0.0957216999999999
0.4722 0.0955034999999999
0.47255 0.0955034999999999
0.4729 0.0956305
0.47325 0.0956697
0.4736 0.0957404
0.47395 0.0957404
0.4743 0.0958463
0.47465 0.0956019999999999
0.475 0.0958279
0.47535 0.0953468
0.4757 0.0958279
0.47605 0.0956609
0.4764 0.0956609
0.47675 0.0956609
0.4771 0.0956572
0.47745 0.0957655
0.4778 0.0956572
0.47815 0.0957321
0.4785 0.0956901
0.47885 0.0956901
0.4792 0.0956505
0.47955 0.095625
0.4799 0.0955766
0.48025 0.095558
0.4806 0.0955099
0.48095 0.0954942
0.4813 0.0954238
0.48165 0.0954008
0.482 0.0952631
0.48235 0.0952631
0.4827 0.0952554
0.48305 0.0952344
0.4834 0.0950227
0.48375 0.0948815
0.4841 0.0947052
0.48445 0.0942958
0.4848 0.094048
0.48515 0.094048
0.4855 0.094048
0.48585 0.0941294
0.4862 0.094297
0.48655 0.0944748999999999
0.4869 0.094723
0.48725 0.094723
0.4876 0.09452
0.48795 0.09452
0.4883 0.0949237
0.48865 0.0949237
0.489 0.0950821
0.48935 0.0946883999999999
0.4897 0.0950821
0.49005 0.0949818
0.4904 0.0949818
0.49075 0.0949716
0.4911 0.0949716
0.49145 0.0950307
0.4918 0.095065
0.49215 0.0950307
0.4925 0.0949372
0.49285 0.0949154
0.4932 0.0949154
0.49355 0.0949154
0.4939 0.0950487
0.49425 0.0950487
0.4946 0.0950487
0.49495 0.0950817
0.4953 0.0950325
0.49565 0.0950947
0.496 0.0950348
0.49635 0.0950572
0.4967 0.0950348
0.49705 0.0950303
0.4974 0.0950003
0.49775 0.0949809
0.4981 0.0949771
0.49845 0.0949096
0.4988 0.0949049
0.49915 0.09483
0.4995 0.0948945
0.49985 0.0948048
0.50055 0.0944903
0.5009 0.0944903
0.50125 0.0945674
0.5016 0.0945674
0.50195 0.0944959
0.5023 0.0944368
0.50265 0.0940006
0.503 0.0934373999999999
0.50335 0.0935857
0.5037 0.0935857
0.50405 0.0935857
0.5044 0.093993
0.50475 0.0942331
0.5051 0.0942416
0.50545 0.0942416
0.5058 0.0940271
0.50615 0.0940271
0.5065 0.0935373999999999
0.50685 0.0936983999999999
0.5072 0.0936983999999999
0.50755 0.0938815
0.5079 0.0938815
0.50825 0.0938381
0.5086 0.0938381
0.50895 0.0938381
0.5093 0.0937863
0.50965 0.0936992
0.51 0.0936992
0.51035 0.0938579
0.5107 0.0939317
0.51105 0.0939607
0.5114 0.0939607
0.51175 0.0939607
0.5121 0.0940585
0.51245 0.0942953
0.5128 0.0942953
0.51315 0.0942557
0.5135 0.0942557
0.51385 0.0942403
0.5142 0.0942403
0.51455 0.0942403
0.5149 0.0942889
0.51525 0.0944316
0.5156 0.0944281
0.51595 0.0944281
0.5163 0.0944273
0.51665 0.0943663
0.517 0.0944271
0.51735 0.0943971
0.5177 0.0943971
0.51805 0.0943862
0.5184 0.0943775
0.51875 0.0943775
0.5191 0.0943657
0.51945 0.0942985
0.5198 0.0942936
0.52015 0.0942936
0.5205 0.0942674999999999
0.52085 0.0942495
0.5212 0.0942104
0.52155 0.0942058
0.5219 0.0941402
0.52225 0.0941306
0.5226 0.0940748
0.52295 0.0940401
0.5233 0.0935465
0.52365 0.0935465
0.524 0.0934419
0.52435 0.0938841
0.5247 0.0938841
0.52505 0.0939597
0.5254 0.093985
0.52575 0.094038
0.5261 0.094038
0.52645 0.0940371
0.5268 0.0938091
0.52715 0.0937526
0.5275 0.0937526
0.52785 0.0937526
0.5282 0.0938875
0.52855 0.0938875
0.5289 0.0937266
0.52925 0.0937041
0.5296 0.0936708
0.52995 0.0936708
0.5303 0.0936708
0.53065 0.0934668999999999
0.531 0.0934668999999999
0.53135 0.0937159
0.5317 0.0937159
0.53205 0.0936822
0.5324 0.0935106
0.53275 0.0935106
0.5331 0.0935106
0.53345 0.0935752
0.5338 0.0935752
0.53415 0.0935752
0.5345 0.0935645
0.53485 0.0934794
0.5352 0.0933518999999999
0.53555 0.0932819
0.5359 0.0931374
0.53625 0.0931374
0.5366 0.0930812
0.53695 0.0929041
0.5373 0.0929041
0.53765 0.0927347
0.538 0.0926666
0.53835 0.0925545
0.5387 0.0924062
0.53905 0.0923102
0.5394 0.0921003
0.53975 0.0918914
0.5401 0.0918914
0.54045 0.0915398
0.5408 0.091275
0.54115 0.0908624
0.5415 0.0908505
0.54185 0.0903949
0.5422 0.0902695
0.54255 0.0902695
0.5429 0.0902778
0.54325 0.0902946
0.5436 0.0903356
0.54395 0.0905274
0.5443 0.0909165
0.54465 0.0914636
0.545 0.0914636
0.54535 0.0916857
0.5457 0.0919751
0.54605 0.0919751
0.5464 0.0921451
0.54675 0.0923143
0.5471 0.0926309999999999
0.54745 0.092685
0.5478 0.0928026999999999
0.54815 0.0929008
0.5485 0.0929411
0.54885 0.0929998
0.5492 0.0929411
0.54955 0.0929998
0.5499 0.092843
0.55025 0.0931017
0.5506 0.0931017
0.55095 0.0931017
0.5513 0.0931559999999999
0.55165 0.092933
0.552 0.0931123
0.55235 0.0930623999999999
0.5527 0.0930623999999999
0.55305 0.0930623999999999
0.5534 0.0930698
0.55375 0.0930698
0.5541 0.0930516
0.55445 0.093027
0.5548 0.0930193
0.55515 0.0930193
0.5555 0.0930193
0.55585 0.0931058
0.5562 0.093098
0.55655 0.093098
0.5569 0.0930096
0.55725 0.0930096
0.5576 0.0930753
0.55795 0.0930767
0.5583 0.0930753
0.55865 0.0930767
0.559 0.0930223999999999
0.55935 0.0930647
0.5597 0.0930223999999999
0.56005 0.0930072
0.5604 0.0930072
0.56075 0.0929683
0.5611 0.0930038
0.56145 0.0929983
0.5618 0.0929983
0.56215 0.0929383
0.5625 0.0929383
0.56285 0.0929714
0.5632 0.0929714
0.56355 0.09285
0.5639 0.0928033
0.56425 0.09285
0.5646 0.0927858
0.56495 0.0927858
0.5653 0.0927665
0.56565 0.0927453999999999
0.566 0.092541
0.56635 0.092324
0.5667 0.0923145
0.56705 0.092324
0.5674 0.0923128
0.56775 0.092194
0.5681 0.0917816
0.56845 0.0917816
0.5688 0.0916815
0.56915 0.0917146
0.5695 0.0913534
0.56985 0.0914766
0.5702 0.0914766
0.57055 0.0920549
0.5709 0.0920549
0.57125 0.0918039
0.5716 0.0917288
0.57195 0.0917818
0.5723 0.0917818
0.57265 0.0917818
0.573 0.0918951
0.57335 0.0912863
0.5737 0.0915246
0.57405 0.0912863
0.5744 0.0910453
0.57475 0.0910453
0.5751 0.0907098
0.57545 0.0914371
0.5758 0.0914371
0.57615 0.0914371
0.5765 0.091302
0.57685 0.0911111
0.5772 0.091302
0.57755 0.0914646
0.5779 0.091563
0.57825 0.0916591
0.5786 0.0917157
0.57895 0.0918113999999999
0.5793 0.0918113999999999
0.57965 0.091849
0.58 0.0918664999999999
0.58035 0.0919056
0.5807 0.0920049999999999
0.58105 0.0921406999999999
0.5814 0.0921406999999999
0.58175 0.092192
0.5821 0.092144
0.58245 0.092144
0.5828 0.092144
0.58315 0.0921491
0.5835 0.092223
0.58385 0.092223
0.5842 0.092223
0.58455 0.0922855
0.5849 0.0922855
0.58525 0.0921531
0.5856 0.0921531
0.58595 0.0921531
0.5863 0.0920656
0.58665 0.0920544
0.587 0.0919659999999999
0.58735 0.0919538
0.5877 0.0917699
0.58805 0.0913857
0.5884 0.0913857
0.58875 0.0913857
0.5891 0.0915021999999999
0.58945 0.0915021999999999
0.5898 0.0910427
0.59015 0.0910427
0.5905 0.0914273
0.59085 0.0914273
0.5912 0.0913949
0.59155 0.0912583
0.5919 0.0912872
0.59225 0.0912583
0.5926 0.0912872
0.59295 0.0914453
0.5933 0.0914453
0.59365 0.0911444
0.594 0.0908973999999999
0.59435 0.0893646
0.5947 0.0893646
0.59505 0.0908207
0.5954 0.0908667
0.59575 0.0908667
0.5961 0.0908667
0.59645 0.0907748999999999
0.5968 0.0910083999999999
0.59715 0.0910083999999999
0.5975 0.0910083999999999
0.59785 0.0907376
0.5982 0.0907376
0.59855 0.0909972
0.5989 0.0909972
0.59925 0.0909972
0.5996 0.0910182
0.59995 0.0911612
0.6003 0.0911612
0.60065 0.090775
0.601 0.090775
0.60135 0.0911646
0.6017 0.0913458
0.60205 0.0913458
0.6024 0.0915168
0.60275 0.0915168
0.6031 0.0915771
0.60345 0.0917089
0.6038 0.0917089
0.60415 0.0916425
0.6045 0.0916425
0.60485 0.0915681
0.6052 0.0916956
0.60555 0.0916307
0.6059 0.0916307
0.60625 0.0916039999999999
0.6066 0.0915393
0.60695 0.0915651
0.6073 0.0915393
0.60765 0.0914674
0.608 0.0913113999999999
0.60835 0.0912692
0.6087 0.0912475
0.60905 0.0912008
0.6094 0.0911852
0.60975 0.0912008
0.6101 0.0911664
0.61045 0.0911602
0.6108 0.0909801
0.61115 0.0908761999999999
0.6115 0.0906445
0.61185 0.0903217
0.6122 0.0899518999999999
0.61255 0.0899478
0.6129 0.0894652
0.61325 0.0888636999999999
0.6136 0.0881495
0.61395 0.0876116
0.6143 0.0871242
0.61465 0.0867217
0.615 0.0865368
0.61535 0.0865277
0.6157 0.086328
0.61605 0.08589
0.6164 0.0856146999999999
0.61675 0.0853922
0.6171 0.084754
0.61745 0.0835955
0.6178 0.0824208
0.61815 0.0824136
0.6185 0.0814993
0.61885 0.0810105
0.6192 0.0807446
0.61955 0.0807446
0.6199 0.0811204
0.62025 0.0817721
0.6206 0.0824876
0.62095 0.0824935
0.6213 0.0828822999999999
0.62165 0.0833802
0.622 0.0842668999999999
0.62235 0.0852358999999999
0.6227 0.0859961
0.62305 0.0867577
0.6234 0.0874929
0.62375 0.0875222
0.6241 0.0883033
0.62445 0.0889212
0.6248 0.089282
0.62515 0.0897323999999999
0.6255 0.0900861
0.62585 0.0903842
0.6262 0.0905643999999999
0.62655 0.0905643999999999
0.6269 0.0905643999999999
0.62725 0.0907856
0.6276 0.0907856
0.62795 0.0908953
0.6283 0.0910445
0.62865 0.0911021
0.629 0.0912214
0.62935 0.0912565
0.6297 0.0912955
0.63005 0.0913888
0.6304 0.0914355
0.63075 0.0914355
0.6311 0.0912536
0.63145 0.0912008999999999
0.6318 0.0905877
0.63215 0.0905877
0.6325 0.0911798
0.63285 0.0912046
0.6332 0.0912603999999999
0.63355 0.0913103999999999
0.6339 0.091348
0.63425 0.0913668
0.6346 0.091348
0.63495 0.0912429999999999
0.6353 0.0912429999999999
0.63565 0.0911367
0.636 0.0911367
0.63635 0.0911367
0.6367 0.0909657
0.63705 0.0909657
0.6374 0.0909657
0.63775 0.0908567
0.6381 0.0909259999999999
0.63845 0.0909259999999999
0.6388 0.0909259999999999
0.63915 0.0908711
0.6395 0.0908711
0.63985 0.0909403
0.6402 0.0909874
0.64055 0.0909403
0.6409 0.0909222
0.64125 0.0908789
0.6416 0.09077
0.64195 0.09077
0.6423 0.0906971999999999
0.64265 0.0907763
0.643 0.0906971999999999
0.64335 0.0907006
0.6437 0.0906684
0.64405 0.0906076
0.6444 0.0906076
0.64475 0.0905971
0.6451 0.0905885
0.64545 0.0905885
0.6458 0.0902909
0.64615 0.0896258
0.6465 0.0896258
0.64685 0.0897915
0.6472 0.0902398
0.64755 0.0902398
0.6479 0.0901
0.64825 0.0899223
0.6486 0.0900789
0.64895 0.0899753
0.6493 0.0900789
0.64965 0.0902138999999999
0.65 0.0902138999999999
0.65035 0.0902596
0.6507 0.0902015
0.65105 0.0893198
0.6514 0.0893198
0.65175 0.0893198
0.6521 0.0896748
0.65245 0.0901468999999999
0.6528 0.0901468999999999
0.65315 0.089996
0.6535 0.089897
0.65385 0.0899524999999999
0.6542 0.0892485
0.65455 0.0897338999999999
0.6549 0.0897338999999999
0.65525 0.0897338999999999
0.6556 0.0893199
0.65595 0.0892473999999999
0.6563 0.0892473999999999
0.65665 0.0893395
0.657 0.0893561
0.65735 0.0893561
0.6577 0.0893561
0.65805 0.0893621
0.6584 0.0893621
0.65875 0.0892742
0.6591 0.089258
0.65945 0.089258
0.6598 0.0891063
0.66015 0.0891063
0.6605 0.0892753999999999
0.66085 0.0892753999999999
0.6612 0.0890831
0.66155 0.0890461
0.6619 0.0889821
0.66225 0.0889111
0.6626 0.0887588
0.66295 0.0887485
0.6633 0.0886728
0.66365 0.088671
0.664 0.0886568
0.66435 0.0886568
0.6647 0.0886018999999999
0.66505 0.0885568
0.6654 0.0883251
0.66575 0.0882457
0.6661 0.0880476
0.66645 0.0879208
0.6668 0.0879208
0.66715 0.0879949
0.6675 0.0880071
0.66785 0.0880741
0.6682 0.0880741
0.66855 0.0882111
0.6689 0.088267
0.66925 0.0884048
0.6696 0.0886333
0.66995 0.0888628
0.6703 0.0890286999999999
0.67065 0.0892417
0.671 0.0892417
0.67135 0.0894166
0.6717 0.0896207
0.67205 0.0898161
0.6724 0.0898828
0.67275 0.0900958999999999
0.6731 0.0902241
0.67345 0.0903651
0.6738 0.0904127
0.67415 0.0904864
0.6745 0.0905443
0.67485 0.0906259
0.6752 0.0907796
0.67555 0.0907796
0.6759 0.0908262
0.67625 0.0908614
0.6766 0.0908614
0.67695 0.0908872
0.6773 0.0908872
0.67765 0.0909349
0.678 0.0909349
0.67835 0.0908233
0.6787 0.0907683
0.67905 0.0906922
0.6794 0.0906883
0.67975 0.0906448
0.6801 0.0905751
0.68045 0.0905146999999999
0.6808 0.0903573999999999
0.68115 0.0902013
0.6815 0.0902013
0.68185 0.0899073
0.6822 0.0898236
0.68255 0.0897379
0.6829 0.0897379
0.68325 0.0897871
0.6836 0.0897871
0.68395 0.0897263
0.6843 0.0897263
0.68465 0.0898055
0.685 0.0899074
0.68535 0.0900481
0.6857 0.0900803
0.68605 0.0901136999999999
0.6864 0.0901136999999999
0.68675 0.0897457
0.6871 0.0897457
0.68745 0.0902233
0.6878 0.0902266999999999
0.68815 0.0902395
0.6885 0.0902395
0.68885 0.0901414
0.6892 0.0901414
0.68955 0.0895942
0.6899 0.0902552
0.69025 0.0901863
0.6906 0.0902215
0.69095 0.0901863
0.6913 0.0900969
0.69165 0.0900387
0.692 0.0898299
0.69235 0.0898231
0.6927 0.089806
0.69305 0.0897177
0.6934 0.0895572999999999
0.69375 0.089498
0.6941 0.089498
0.69445 0.089498
0.6948 0.0891972
0.69515 0.0891972
0.6955 0.0891567
0.69585 0.0886327
0.6962 0.0886327
0.69655 0.088827
0.6969 0.088827
0.69725 0.0885075
0.6976 0.0877333
0.69795 0.0879587
0.6983 0.0877285
0.69865 0.0877285
0.699 0.0872531999999999
0.69935 0.0868224
0.6997 0.086733
0.70005 0.0853633999999999
0.7004 0.0848068
0.70075 0.0848068
0.7011 0.084774
0.70145 0.084774
0.7018 0.0843451
0.70215 0.0840972
0.7025 0.0840972
0.70285 0.0840972
0.7032 0.0848985
0.70355 0.0848985
0.7039 0.0845841
0.70425 0.0845841
0.7046 0.0848812
0.70495 0.0849634
0.7053 0.0850313
0.70565 0.0865213
0.706 0.0865213
0.70635 0.086549
0.7067 0.0867044999999999
0.70705 0.0867044999999999
0.7074 0.0870669999999999
0.70775 0.0871615
0.7081 0.0873817
0.70845 0.0876595
0.7088 0.0878008999999999
0.70915 0.0876595
0.7095 0.0879812
0.70985 0.0880427
0.7102 0.0883438
0.71055 0.0883438
0.7109 0.0884692
0.71125 0.0884873
0.7116 0.0886422
0.71195 0.0887129
0.7123 0.0887129
0.71265 0.0886475
0.713 0.0886475
0.71335 0.0886528
0.7137 0.0887202
0.71405 0.0887202
0.7144 0.088636
0.71475 0.0880943
0.7151 0.0879553
0.71545 0.0872643
0.7158 0.0863389
0.71615 0.0862578
0.7165 0.0849207
0.71685 0.0832202
0.7172 0.0813779999999999
0.71755 0.0789968
0.7179 0.0780093
0.71825 0.0766762
0.7186 0.0764828999999999
0.71895 0.0750523999999999
0.7193 0.0737628
0.71965 0.0737628
0.72 0.0707265
0.72035 0.0707265
0.7207 0.0702523999999999
0.72105 0.0702523999999999
0.7214 0.069337
0.72175 0.0689651999999999
0.7221 0.0688995
0.72245 0.0683817999999999
0.7228 0.0681241
0.72315 0.06661
0.7235 0.0615274
0.72385 0.0607464
0.7242 0.0595761
0.72455 0.0563672
0.7249 0.055922
0.72525 0.0512946
0.7256 0.0487121
0.72595 0.0487121
0.7263 0.0480003
0.72665 0.0448010999999999
0.727 0.0444301999999999
0.72735 0.0444301999999999
0.7277 0.0444301999999999
0.72805 0.0472801999999999
0.7284 0.0513866999999999
0.72875 0.0543846
0.7291 0.0555731999999999
0.72945 0.0557670999999999
0.7298 0.0570427
0.73015 0.0575699
0.7305 0.0595331
0.73085 0.0629933999999999
0.7312 0.0654309999999999
0.73155 0.0654309999999999
0.7319 0.0671175
0.73225 0.0676295
0.7326 0.0694363
0.73295 0.0694363
0.7333 0.0699541
0.73365 0.0736682
0.734 0.0743
0.73435 0.0753391
0.7347 0.0775534
0.73505 0.078209
0.7354 0.0793943
0.73575 0.0793943
0.7361 0.0793943
0.73645 0.0815299999999999
0.7368 0.0815299999999999
0.73715 0.081646
0.7375 0.0837173
0.73785 0.0837442
0.7382 0.0846919
0.73855 0.0851281999999999
0.7389 0.0849764
0.73925 0.085788
0.7396 0.0870446
0.73995 0.0871059999999999
0.7403 0.0877233999999999
0.74065 0.0882773999999999
0.741 0.0883018999999999
0.74135 0.0885746
0.7417 0.0887233
0.74205 0.0890386
0.7424 0.0890469
0.74275 0.0891747
0.7431 0.0894468
0.74345 0.0895447
0.7438 0.0895753
0.74415 0.0895874
0.7445 0.0896046
0.74485 0.0896046
0.7452 0.0896011999999999
0.74555 0.0896011999999999
0.7459 0.0896011999999999
0.74625 0.0896669
0.7466 0.0896555
0.74695 0.0896555
0.7473 0.0896555
0.74765 0.0896011999999999
0.748 0.0896461
0.74835 0.0896461
0.7487 0.0896461
0.74905 0.0896555
0.7494 0.0896288
0.74975 0.0896288
0.7501 0.0896115
0.75045 0.0896053
0.7508 0.0896115
0.75115 0.0896846999999999
0.7515 0.0896846999999999
0.75185 0.0896536
0.7522 0.0896165
0.75255 0.0896016
0.7529 0.0896016
0.75325 0.0897015
0.7536 0.0897015
0.75395 0.0896922
0.7543 0.0896808
0.75465 0.089619
0.755 0.0896156999999999
0.75535 0.0895975
0.7557 0.0895823
0.75605 0.0895483999999999
0.7564 0.0894997
0.75675 0.0894187
0.7571 0.089376
0.75745 0.0891901
0.7578 0.0891798999999999
0.75815 0.0891648
0.7585 0.0891497
0.75885 0.0890458
0.7592 0.088942
0.75955 0.0885201
0.7599 0.0884133999999999
0.76025 0.088257
0.7606 0.0880973
0.76095 0.0880973
0.7613 0.0882264
0.76165 0.0882264
0.762 0.0877907
0.76235 0.0875854
0.7627 0.0874891
0.76305 0.0874058
0.7634 0.0874058
0.76375 0.0873914
0.7641 0.0873179999999999
0.76445 0.0871132
0.7648 0.0870846
0.76515 0.0870846
0.7655 0.0871715
0.76585 0.0871715
0.7662 0.0870708
0.76655 0.0870616999999999
0.7669 0.0867471
0.76725 0.0867471
0.7676 0.0869477
0.76795 0.0872039999999999
0.7683 0.0872039999999999
0.76865 0.0870809
0.769 0.0870408
0.76935 0.0870408
0.7697 0.0870828999999999
0.77005 0.0870828999999999
0.7704 0.0870181
0.77075 0.0868705
0.7711 0.0868246999999999
0.77145 0.0867986
0.7718 0.0867411999999999
0.77215 0.0867362
0.7725 0.0863991
0.77285 0.0857594
0.7732 0.0851562
0.77355 0.0851562
0.7739 0.0852177
0.77425 0.0854791999999999
0.7746 0.0854791999999999
0.77495 0.0854571
0.7753 0.0852434
0.77565 0.0848637
0.776 0.0845551
0.77635 0.0843656
0.7767 0.0842721999999999
0.77705 0.0840775
0.7774 0.0838097
0.77775 0.0837929
0.7781 0.0834275
0.77845 0.0830696
0.7788 0.0827496
0.77915 0.0823591
0.7795 0.0815611
0.77985 0.0807128999999999
0.7802 0.0796337
0.78055 0.0796255
0.7809 0.078435
0.78125 0.0779031
0.7816 0.0776947
0.78195 0.0775198999999999
0.7823 0.0774363999999999
0.78265 0.0773053
0.783 0.0766437
0.78335 0.0766409
0.7837 0.0754916
0.78405 0.0754916
0.7844 0.0767148
0.78475 0.0785598
0.7851 0.0788118
0.78545 0.0788118
0.7858 0.0783533
0.78615 0.0783508
0.7865 0.0783533
0.78685 0.07847
0.7872 0.0787554999999999
0.78755 0.0793681
0.7879 0.0795263
0.78825 0.0799914
0.7886 0.0800698
0.78895 0.0802396
0.7893 0.0802797
0.78965 0.0803751
0.79 0.0803751
0.79035 0.0803113
0.7907 0.0801886
0.79105 0.0797395
0.7914 0.0791398999999999
0.79175 0.0791169999999999
0.7921 0.0779691
0.79245 0.0775475
0.7928 0.0767941
0.79315 0.0767941
0.7935 0.0768187999999999
0.79385 0.0768187999999999
0.7942 0.0767597
0.79455 0.0759125
0.7949 0.0748608
0.79525 0.0746029
0.7956 0.0746029
0.79595 0.0733306
0.7963 0.0733306
0.79665 0.0733306
0.797 0.0735243999999999
0.79735 0.0735243999999999
0.7977 0.0735243999999999
0.79805 0.0738316
0.7984 0.0740673
0.79875 0.0741883999999999
0.7991 0.0742968
0.79945 0.0749905
0.7998 0.0755284
0.80015 0.0755387
0.8005 0.0758963
0.80085 0.076509
0.8012 0.076509
0.80155 0.0765632
0.8019 0.0765632
0.80225 0.0771903
0.8026 0.077388
0.80295 0.0779844
0.8033 0.0779844
0.80365 0.0784938999999999
0.804 0.0786827
0.80435 0.0789575
0.8047 0.0795275
0.80505 0.0799981
0.8054 0.0802121
0.80575 0.0802121
0.8061 0.0802121
0.80645 0.0807191
0.8068 0.0813988
0.80715 0.0820017
0.8075 0.0820017
0.80785 0.0823296
0.8082 0.082578
0.80855 0.082578
0.8089 0.0825706
0.80925 0.0821991
0.8096 0.0821991
0.80995 0.0828042
0.8103 0.0830304
0.81065 0.0830304
0.811 0.0830857
0.81135 0.0833155
0.8117 0.0835408
0.81205 0.0837199
0.8124 0.0839943
0.81275 0.0844002
0.8131 0.0839943
0.81345 0.0848743999999999
0.8138 0.0850732
0.81415 0.0852208999999999
0.8145 0.0852208999999999
0.81485 0.0806482
0.8152 0.0806482
0.81555 0.0849901999999999
0.8159 0.0853077
0.81625 0.0853077
0.8166 0.0858254
0.81695 0.0855978
0.8173 0.0859089
0.81765 0.0855978
0.818 0.0855506
0.81835 0.0855506
0.8187 0.0857508
0.81905 0.0864908
0.8194 0.0864908
0.81975 0.0864908
0.8201 0.0867321
0.82045 0.0870474
0.8208 0.0870474
0.82115 0.0869463
0.8215 0.0869463
0.82185 0.0869463
0.8222 0.086618
0.82255 0.0866133
0.8229 0.0855835
0.82325 0.0811739
0.8236 0.0831478
0.82395 0.0831478
0.8243 0.086697
0.82465 0.0873713
0.825 0.0875036999999999
0.82535 0.0875036999999999
0.8257 0.0871305
0.82605 0.0871305
0.8264 0.0874308
0.82675 0.0874795
0.8271 0.0874308
0.82745 0.0868745
0.8278 0.0853316
0.82815 0.0866326999999999
0.8285 0.0866326999999999
0.82885 0.0866326999999999
0.8292 0.0871193
0.82955 0.087259
0.8299 0.087259
0.83025 0.0871375
0.8306 0.0871375
0.83095 0.0873061
0.8313 0.0874968
0.83165 0.0873061
0.832 0.0862621
0.83235 0.0862621
0.8327 0.0864345
0.83305 0.0872131
0.8334 0.0865421
0.83375 0.0865421
0.8341 0.0843482
0.83445 0.0843482
0.8348 0.0843482
0.83515 0.084619
0.8355 0.0838555
0.83585 0.0838555
0.8362 0.0832151
0.83655 0.0831771999999999
0.8369 0.0824303
0.83725 0.0818701
0.8376 0.0795071
0.83795 0.0795023999999999
0.8383 0.078184
0.83865 0.0779575
0.839 0.0779575
0.83935 0.0780083999999999
0.8397 0.0787631999999999
0.84005 0.0787631999999999
0.8404 0.0786793
0.84075 0.0768101
0.8411 0.0754362
0.84145 0.0754362
0.8418 0.0755692999999999
0.84215 0.0756082
0.8425 0.0781933
0.84285 0.0807456
0.8432 0.0807456
0.84355 0.0805563
0.8439 0.0794552
0.84425 0.0794552
0.8446 0.0800861
0.84495 0.0803117
0.8453 0.0814221
0.84565 0.0816473
0.846 0.082708
0.84635 0.0835161
0.8467 0.0835161
0.84705 0.08347
0.8474 0.0833548
0.84775 0.0833541999999999
0.8481 0.0833548
0.84845 0.0828167
0.8488 0.0837551
0.84915 0.0842368
0.8495 0.0842368
0.84985 0.0841131
0.8502 0.0832755
0.85055 0.0813709
0.8509 0.0813709
0.85125 0.0813709
0.8516 0.0822252
0.85195 0.0818311
0.8523 0.0818311
0.85265 0.0807587
0.853 0.0795071
0.85335 0.079095
0.8537 0.0787212
0.85405 0.0778531
0.8544 0.0763732
0.85475 0.0755943
0.8551 0.0754792
0.85545 0.0731342
0.8558 0.0731342
0.85615 0.071684
0.8565 0.0711013
0.85685 0.0701654
0.8572 0.067526
0.85755 0.0655733999999999
0.8579 0.0585095
0.85825 0.0585095
0.8586 0.0590699
0.85895 0.0590699
0.8593 0.058528
0.85965 0.0584736999999999
0.86 0.0559335
0.86035 0.0526533999999999
0.8607 0.0517988
0.86105 0.04774
0.8614 0.0462408
0.86175 0.0450039
0.8621 0.0429301
0.86245 0.0429301
0.8628 0.0422774
0.86315 0.0419202
0.8635 0.0419202
0.86385 0.0419202
0.8642 0.0375584
0.86455 0.0333444
0.8649 0.0375584
0.86525 0.0429333
0.8656 0.0430764
0.86595 0.0458438
0.8663 0.047739
0.86665 0.047739
0.867 0.0398009
0.86735 0.0398009
0.8677 0.0400661
0.86805 0.0493684
0.8684 0.053166
0.86875 0.0546121
0.8691 0.058383
0.86945 0.0595168
0.8698 0.0595168
0.87015 0.0595168
0.8705 0.0593889
0.87085 0.0543065
0.8712 0.0533103
0.87155 0.0543065
0.8719 0.0540121999999999
0.87225 0.0646057
0.8726 0.0562339
0.87295 0.0562339
0.8733 0.0562339
0.87365 0.0612197
0.874 0.0656189
0.87435 0.0661713
0.8747 0.0661713
0.87505 0.0661713
0.8754 0.068479
0.87575 0.0629795
0.8761 0.0641455
0.87645 0.062929
0.8768 0.062929
0.87715 0.0622923
0.8775 0.0494977
0.87785 0.0494977
0.8782 0.0467282
0.87855 0.0467282
0.8789 0.0608773
0.87925 0.0608773
0.8796 0.0353131999999999
0.87995 0.021546
0.8803 0.0301608
0.88065 0.0225615
0.881 0.0225615
0.88135 0.0207537
0.8817 0.0160748
0.88205 0.0093998
0.8824 0.0038558
0.88275 0.0038558
0.8831 0.0038558
0.88345 0.0039008
0.8838 0.0035876
0.88415 0.0039008
0.8845 0.0058898999999999
0.88485 0.0085452999999999
0.8852 0.0094548999999999
0.88555 0.0094548999999999
0.8859 0.0086375
0.88625 0.0051811
0.8866 0.0013819
0.88695 0.0008466
0.8873 0.0008466
0.88765 0.0012640999999999
0.888 0.0017529
0.88835 0.0017529
0.8887 0.0030179
0.88905 0.0013308
0.8894 0.0035415
0.88975 0.0032542
0.8901 0.0049878
0.89045 0.0047261
0.8908 0.0047755
0.89115 0.0047261
0.8915 0.0047755
0.89185 0.0058813
0.8922 0.0058813
0.89255 0.0058813
0.8929 0.0058021999999999
0.89325 0.0058021999999999
0.8936 0.004735
0.89395 0.0040654
0.8943 0.0040654
0.89465 0.0043714
0.895 0.0043714
0.89535 0.003698
0.8957 0.003698
0.89605 0.0047627
0.8964 0.0065063
0.89675 0.0099463
0.8971 0.0099463
0.89745 0.0119852999999999
0.8978 0.0102297
0.89815 0.0119852999999999
0.8985 0.0104361
0.89885 0.0116488999999999
0.8992 0.0104361
0.89955 0.009533
0.8999 0.009533
0.90025 0.0190562999999999
0.9006 0.0208377
0.90095 0.0224890999999999
0.9013 0.0246194
0.90165 0.0290265
0.902 0.0290265
0.90235 0.0289147999999999
0.9027 0.0289147999999999
0.90305 0.0343754
0.9034 0.0385140999999999
0.90375 0.0343754
0.9041 0.0422764
0.90445 0.0479295
0.9048 0.0492739
0.90515 0.0492739
0.9055 0.0541503
0.90585 0.0607999
0.9062 0.0607999
0.90655 0.054187
0.9069 0.054187
0.90725 0.0568208
0.9076 0.0568208
0.90795 0.0625759
0.9083 0.0493261999999999
0.90865 0.0625759
0.909 0.0586245
0.90935 0.0586245
0.9097 0.0503266
0.91005 0.0503266
0.9104 0.0659611
0.91075 0.0659611
0.9111 0.0677986
0.91145 0.0698371
0.9118 0.0698371
0.91215 0.0678432
0.9125 0.0664591
0.91285 0.0664591
0.9132 0.0664591
0.91355 0.0568764999999999
0.9139 0.0695613
0.91425 0.0707439
0.9146 0.0726276
0.91495 0.0723901
0.9153 0.0723901
0.91565 0.0678901
0.916 0.0678901
0.91635 0.0685095
0.9167 0.0692445
0.91705 0.069983
0.9174 0.0743059
0.91775 0.0743059
0.9181 0.0743059
0.91845 0.0744571
0.9188 0.0744571
0.91915 0.0731705
0.9195 0.0699611
0.91985 0.0699611
0.9202 0.0699611
0.92055 0.0707592
0.9209 0.0742506999999999
0.92125 0.0707592
0.9216 0.0667191
0.92195 0.0650734
0.9223 0.0449388
0.92265 0.0650734
0.923 0.0751591
0.92335 0.0751591
0.9237 0.0721023999999999
0.92405 0.0721023999999999
0.9244 0.0721023999999999
0.92475 0.0691771
0.9251 0.0675496999999999
0.92545 0.0691771
0.9258 0.0690862
0.92615 0.0690862
0.9265 0.0690862
0.92685 0.0339794
0.9272 0.0708831
0.92755 0.0708831
0.9279 0.0708831
0.92825 0.0703319
0.9286 0.0693665
0.92895 0.0703319
0.9293 0.0742348999999999
0.92965 0.0742348999999999
0.93 0.0706328
0.93035 0.0541303
0.9307 0.0487089999999999
0.93105 0.0444079
0.9314 0.0444079
0.93175 0.0444079
0.9321 0.0548525
0.93245 0.0548525
0.9328 0.0668528
0.93315 0.0692105
0.9335 0.0692105
0.93385 0.0547198
0.9342 0.0547198
0.93455 0.0547198
0.9349 0.0595280999999999
0.93525 0.0521784999999999
0.9356 0.0747393
0.93595 0.0649399
0.9363 0.0737351
0.93665 0.0693613999999999
0.937 0.0693613999999999
0.93735 0.0693613999999999
0.9377 0.0675082
0.93805 0.0589424
0.9384 0.055198
0.93875 0.055198
0.9391 0.0685479
0.93945 0.0712763
0.9398 0.0712763
0.94015 0.0712763
0.9405 0.0525736
0.94085 0.0755611
0.9412 0.0735576
0.94155 0.0788613
0.9419 0.0792918
0.94225 0.0795483999999999
0.9426 0.0795483999999999
0.94295 0.0689476
0.9433 0.0689476
0.94365 0.0708135
0.944 0.0708135
0.94435 0.070569
0.9447 0.070569
0.94505 0.0726429
0.9454 0.0737414
0.94575 0.0737414
0.9461 0.0758936
0.94645 0.0758936
0.9468 0.0718542
0.94715 0.0648931
0.9475 0.0648931
0.94785 0.0670393
0.9482 0.0760076
0.94855 0.0770309999999999
0.9489 0.0760076
0.94925 0.0699612
0.9496 0.0699612
0.94995 0.0731446
0.9503 0.0736854
0.95065 0.078013
0.951 0.078013
0.95135 0.0744275
0.9517 0.0744275
0.95205 0.0750861999999999
0.9524 0.0750861999999999
0.95275 0.0743867
0.9531 0.0743867
0.95345 0.0749281
0.9538 0.0789264
0.95415 0.0790433
0.9545 0.0790433
0.95485 0.0790433
0.9552 0.0750098999999999
0.95555 0.0771549
0.9559 0.0771549
0.95625 0.0771549
0.9566 0.076382
0.95695 0.0728857
0.9573 0.0728857
0.95765 0.0772041999999999
0.958 0.0772041999999999
0.95835 0.0772041999999999
0.9587 0.0764405
0.95905 0.0764405
0.9594 0.071866
0.95975 0.071866
0.9601 0.0736473999999999
0.96045 0.0736473999999999
0.9608 0.0716233999999999
0.96115 0.0716233999999999
0.9615 0.0716233999999999
0.96185 0.0694669
0.9622 0.0675842
0.96255 0.0629229
0.9629 0.0629229
0.96325 0.0579943999999999
0.9636 0.0580095
0.96395 0.0580095
0.9643 0.0584977
0.96465 0.0584977
0.965 0.0558160999999999
0.96535 0.0553143
0.9657 0.0539121999999999
0.96605 0.0523758
0.9664 0.0510563
0.96675 0.0508941999999999
0.9671 0.0491029
0.96745 0.0489741
0.9678 0.0489741
0.96815 0.0531449
0.9685 0.0531449
0.96885 0.0515467
0.9692 0.0493981999999999
0.96955 0.0492793
0.9699 0.0470003
0.97025 0.0417001999999999
0.9706 0.0364046
0.97095 0.0352049
0.9713 0.0364046
0.97165 0.0401911
0.972 0.0430698
0.97235 0.0476597
0.9727 0.0481922
0.97305 0.0481922
0.9734 0.0470067
0.97375 0.0467161
0.9741 0.0443748
0.97445 0.0465964
0.9748 0.0465964
0.97515 0.0470882
0.9755 0.0480942
0.97585 0.0520454
0.9762 0.0520454
0.97655 0.0462760999999999
0.9769 0.0455221
0.97725 0.0462760999999999
0.9776 0.0437365
0.97795 0.0437365
0.9783 0.0375994
0.97865 0.0375994
0.979 0.0409511
0.97935 0.043946
0.9797 0.043946
0.98005 0.0294051
0.9804 0.0282497
0.98075 0.0282497
0.9811 0.0282497
0.98145 0.028732
0.9818 0.0291249
0.98215 0.028732
0.9825 0.0281538
0.98285 0.0042872
0.9832 0.0207333
0.98355 0.0201212999999999
0.9839 0.0204408
0.98425 0.0204408
0.9846 0.0204408
0.98495 0.0235702
0.9853 0.004416
0.98565 0.0119429
0.986 0.0068181
0.98635 0.0119429
0.9867 0.0110122
0.98705 0.0110122
0.9874 0.0109958
0.98775 0.0102111
0.9881 0.0102111
0.98845 0.0002251999999999
0.9888 0.0002251999999999
0.98915 0.0012856
0.9895 0.0105406
0.98985 0.00414
0.9902 0.0103226
0.99055 0.00414
0.9909 0.0103226
0.99125 0.0105735
0.9916 0.0112008
0.99195 0.0112008
0.9923 0.012623
0.99265 0.0155776
0.993 0.0172154
0.99335 0.0172154
0.9937 0.0148432
0.99405 0.0148432
0.9944 0.0150348
0.99475 0.0150348
0.9951 0.0079721999999999
0.99545 0.0079721999999999
0.9958 0.0005471
0.99615 0.013108
0.9965 0.0005471
0.99685 0.0128399
0.9972 0.0128399
0.99755 0.0128399
0.9979 0.0160515
0.99825 0.0103665
0.9986 0.0118529
0.99895 0.0103577
0.9993 0.0093338
