0.3 0.0155097
0.30035 0.0155262
0.3007 0.0155427
0.30105 0.0155592
0.3014 0.0155757999999999
0.30175 0.0155924
0.3021 0.015609
0.30245 0.0156256
0.3028 0.0156422
0.30315 0.0156588
0.3035 0.0156755
0.30385 0.0156921
0.3042 0.0157087
0.30455 0.0157252999999999
0.3049 0.0157419
0.30525 0.0157586
0.3056 0.0157752
0.30595 0.0157918999999999
0.3063 0.0158085
0.30665 0.0158252
0.307 0.0158418
0.30735 0.0158585
0.3077 0.0158751
0.30805 0.0158918
0.3084 0.0159085
0.30875 0.0159251
0.3091 0.0159418
0.30945 0.0159584
0.3098 0.0159751
0.31015 0.0159918
0.3105 0.0160084
0.31085 0.0160251
0.3112 0.0160417
0.31155 0.0160583
0.3119 0.0160749
0.31225 0.0160916
0.3126 0.0161082
0.31295 0.0161247999999999
0.3133 0.0161414
0.31365 0.016158
0.314 0.0161745
0.31435 0.0161911
0.3147 0.0162077
0.31505 0.0162242
0.3154 0.0162407
0.31575 0.0162572
0.3161 0.0162737
0.31645 0.0162901
0.3168 0.0163066
0.31715 0.016323
0.3175 0.0163394
0.31785 0.0163558
0.3182 0.0163721
0.31855 0.0163885
0.3189 0.0164048
0.31925 0.0164210999999999
0.3196 0.0164374
0.31995 0.0164536
0.3203 0.0164697999999999
0.32065 0.016486
0.321 0.0165022
0.32135 0.0165183
0.3217 0.0165344
0.32205 0.0165505
0.3224 0.0165664999999999
0.32275 0.0165825
0.3231 0.0165985
0.32345 0.0166145
0.3238 0.0166304
0.32415 0.0166463
0.3245 0.0166621
0.32485 0.016678
0.3252 0.0166937999999999
0.32555 0.0167095
0.3259 0.0167252
0.32625 0.0167409
0.3266 0.0167565
0.32695 0.0167722
0.3273 0.0167877
0.32765 0.0168033
0.328 0.0168187
0.32835 0.0168342
0.3287 0.0168496
0.32905 0.016865
0.3294 0.0168803
0.32975 0.0168956
0.3301 0.0169108
0.33045 0.016926
0.3308 0.0169412
0.33115 0.0169563
0.3315 0.0169714
0.33185 0.0169864
0.3322 0.0170014
0.33255 0.0170164
0.3329 0.0170312
0.33325 0.0170460999999999
0.3336 0.0170609
0.33395 0.0170755999999999
0.3343 0.0170904
0.33465 0.017105
0.335 0.0171196
0.33535 0.0171342
0.3357 0.0171487
0.33605 0.0171632
0.3364 0.0171775999999999
0.33675 0.0171919
0.3371 0.0172062999999999
0.33745 0.0172205
0.3378 0.0172347999999999
0.33815 0.0172489
0.3385 0.0172630999999999
0.33885 0.0172771
0.3392 0.0172912
0.33955 0.0173051
0.3399 0.0173190999999999
0.34025 0.0173329
0.3406 0.0173468
0.34095 0.0173604999999999
0.3413 0.0173743
0.34165 0.0173879
0.342 0.0174015
0.34235 0.0174151
0.3427 0.0174286
0.34305 0.0174421
0.3434 0.0174555
0.34375 0.0174689
0.3441 0.0174822
0.34445 0.0174954
0.3448 0.0175086
0.34515 0.0175217
0.3455 0.0175348
0.34585 0.0175479
0.3462 0.0175608
0.34655 0.0175738
0.3469 0.0175865999999999
0.34725 0.0175994
0.3476 0.0176122
0.34795 0.0176249
0.3483 0.0176375999999999
0.34865 0.0176501
0.349 0.0176627
0.34935 0.0176752
0.3497 0.0176875999999999
0.35005 0.0176999
0.3504 0.0177123
0.35075 0.0177245
0.3511 0.0177367
0.35145 0.0177488
0.3518 0.0177609
0.35215 0.017773
0.3525 0.0177849
0.35285 0.0177967999999999
0.3532 0.0178087
0.35355 0.0178205
0.3539 0.0178322
0.35425 0.0178439
0.3546 0.0178555
0.35495 0.0178671
0.3553 0.0178785999999999
0.35565 0.01789
0.356 0.0179009
0.35635 0.0179125999999999
0.3567 0.017924
0.35705 0.0179349
0.3574 0.0179463
0.35775 0.0179572
0.3581 0.017968
0.35845 0.0179791
0.3588 0.0179898
0.35915 0.0180011
0.3595 0.0180113
0.35985 0.0180215
0.3602 0.0180326
0.36055 0.0180429
0.3609 0.018054
0.36125 0.0180648
0.3616 0.0180754
0.36195 0.018086
0.3623 0.0180959
0.36265 0.0181062
0.363 0.0181163
0.36335 0.0181262
0.3637 0.0181361
0.36405 0.0181459
0.3644 0.0181558
0.36475 0.0181655
0.3651 0.0181750999999999
0.36545 0.0181847
0.3658 0.018194
0.36615 0.0182035999999999
0.3665 0.0182130999999999
0.36685 0.0182222999999999
0.3672 0.0182315999999999
0.36755 0.0182407999999999
0.3679 0.0182499
0.36825 0.018259
0.3686 0.0182677
0.36895 0.018277
0.3693 0.0182858
0.36965 0.0182946
0.37 0.0183032999999999
0.37035 0.0183118
0.3707 0.0183197999999999
0.37105 0.0183287
0.3714 0.0183377999999999
0.37175 0.0183459
0.3721 0.0183543
0.37245 0.0183627
0.3728 0.0183699
0.37315 0.0183792
0.3735 0.0183873
0.37385 0.0183949999999999
0.3742 0.0184035
0.37455 0.018411
0.3749 0.0184175
0.37525 0.0184268
0.3756 0.0184315999999999
0.37595 0.0184423
0.3763 0.0184487
0.37665 0.0184574999999999
0.377 0.0184645
0.37735 0.0184722999999999
0.3777 0.0184787
0.37805 0.0184859
0.3784 0.0184944
0.37875 0.0185002999999999
0.3791 0.018508
0.37945 0.0185099
0.3798 0.0185216
0.38015 0.0185282
0.3805 0.0185362
0.38085 0.0185433
0.3812 0.0185503
0.38155 0.0185572
0.3819 0.0185625
0.38225 0.0185671
0.3826 0.0185755999999999
0.38295 0.0185837
0.3833 0.01859
0.38365 0.0185965999999999
0.384 0.0186027
0.38435 0.0186095
0.3847 0.0186157
0.38505 0.0186219
0.3854 0.0186279
0.38575 0.018634
0.3861 0.0186399
0.38645 0.0186456999999999
0.3868 0.0186516
0.38715 0.0186572
0.3875 0.0186632
0.38785 0.0186689999999999
0.3882 0.0186750999999999
0.38855 0.0186803
0.3889 0.0186858
0.38925 0.0186916
0.3896 0.0186975999999999
0.38995 0.018703
0.3903 0.0187078
0.39065 0.0187140999999999
0.391 0.0187194
0.39135 0.0187247
0.3917 0.0187291
0.39205 0.0187349999999999
0.3924 0.0187401
0.39275 0.0187432
0.3931 0.0187502999999999
0.39345 0.0187555999999999
0.3938 0.0187602999999999
0.39415 0.0187632999999999
0.3945 0.0187700999999999
0.39485 0.0187738
0.3952 0.0187779
0.39555 0.0187840999999999
0.3959 0.0187872
0.39625 0.018791
0.3966 0.0187965999999999
0.39695 0.0188026
0.3973 0.0188039999999999
0.39765 0.0188107
0.398 0.0188145
0.39835 0.0188207
0.3987 0.018824
0.39905 0.0188285999999999
0.3994 0.0188324
0.39975 0.0188374
0.4001 0.0188413
0.40045 0.0188454
0.4008 0.0188485
0.40115 0.0188494
0.4015 0.0188572999999999
0.40185 0.0188611
0.4022 0.0188615
0.40255 0.0188682999999999
0.4029 0.018872
0.40325 0.0188763
0.4036 0.0188787
0.40395 0.0188831
0.4043 0.0188868
0.40465 0.0188900999999999
0.405 0.0188937
0.40535 0.0188974
0.4057 0.0188997
0.40605 0.0189014
0.4064 0.0189041
0.40675 0.0189079
0.4071 0.0189119
0.40745 0.0189160999999999
0.4078 0.0189194
0.40815 0.0189225
0.4085 0.0189248
0.40885 0.0189255999999999
0.4092 0.0189309
0.40955 0.0189335
0.4099 0.0189356
0.41025 0.0189376
0.4106 0.0189403
0.41095 0.0189428
0.4113 0.0189449
0.41165 0.0189476
0.412 0.0189477999999999
0.41235 0.0189516
0.4127 0.0189533
0.41305 0.0189544
0.4134 0.0189549
0.41375 0.0189575999999999
0.4141 0.0189613
0.41445 0.0189622
0.4148 0.0189622
0.41515 0.0189622
0.4155 0.0189614
0.41585 0.0189612
0.4162 0.0189612
0.41655 0.0189689
0.4169 0.0189689
0.41725 0.018971
0.4176 0.0189665
0.41795 0.018971
0.4183 0.0189798
0.41865 0.0189798
0.419 0.0189791
0.41935 0.0189791
0.4197 0.0189766
0.42005 0.0189808
0.4204 0.018981
0.42075 0.0189871
0.4211 0.0189889
0.42145 0.0189901
0.4218 0.0189901
0.42215 0.0189901
0.4225 0.0189913
0.42285 0.0189913
0.4232 0.0189908
0.42355 0.0189839
0.4239 0.0189839
0.42425 0.0189871
0.4246 0.0189872
0.42495 0.0189918
0.4253 0.0189957
0.42565 0.0189957
0.426 0.0189857
0.42635 0.0189857
0.4267 0.0189927
0.42705 0.0189967999999999
0.4274 0.0189982
0.42775 0.019
0.4281 0.0189996
0.42845 0.0189996
0.4288 0.0189994
0.42915 0.018997
0.4295 0.0189979
0.42985 0.0189979
0.4302 0.0189979
0.43055 0.0189988
0.4309 0.0190004
0.43125 0.0190004
0.4316 0.0190004
0.43195 0.0190020999999999
0.4323 0.0190023
0.43265 0.0190023
0.433 0.0190013
0.43335 0.0190012
0.4337 0.0189993
0.43405 0.018999
0.4344 0.0189976
0.43475 0.0189976
0.4351 0.0189976
0.43545 0.0189961
0.4358 0.0189955
0.43615 0.0189942
0.4365 0.0189885999999999
0.43685 0.0189884
0.4372 0.0189885999999999
0.43755 0.0189889
0.4379 0.0189892
0.43825 0.0189892
0.4386 0.0189892
0.43895 0.0189866
0.4393 0.0189858
0.43965 0.0189803
0.44 0.0189731
0.44035 0.0189549
0.4407 0.0189518
0.44105 0.0189500999999999
0.4414 0.0189487
0.44175 0.0189487
0.4421 0.0189487
0.44245 0.0189499
0.4428 0.0189593
0.44315 0.0189689
0.4435 0.0189689
0.44385 0.0189572
0.4442 0.0189572
0.44455 0.0189654
0.4449 0.0189654
0.44525 0.0189594
0.4456 0.0189567
0.44595 0.0189567
0.4463 0.0189567
0.44665 0.0189606
0.447 0.0189569
0.44735 0.0189574
0.4477 0.0189569
0.44805 0.0189556
0.4484 0.0189533
0.44875 0.0189528
0.4491 0.0189524
0.44945 0.018951
0.4498 0.0189476
0.45015 0.0189463
0.4505 0.0189452
0.45085 0.0189404
0.4512 0.0189345999999999
0.45155 0.0189318
0.4519 0.01893
0.45225 0.0189289999999999
0.4526 0.0189277999999999
0.45295 0.0189277999999999
0.4533 0.0189245
0.45365 0.0189212
0.454 0.0189212
0.45435 0.018914
0.4547 0.01891
0.45505 0.0189102
0.4554 0.01891
0.45575 0.0189066
0.4561 0.0189014999999999
0.45645 0.0189014999999999
0.4568 0.0188972
0.45715 0.0188947
0.4575 0.0188910999999999
0.45785 0.0188910999999999
0.4582 0.018886
0.45855 0.0188847
0.4589 0.0188794
0.45925 0.0188716
0.4596 0.0188699
0.45995 0.0188699
0.4603 0.0188705999999999
0.46065 0.0188729
0.461 0.0188729
0.46135 0.0188705
0.4617 0.0188699999999999
0.46205 0.0188682
0.4624 0.0188662
0.46275 0.0188644
0.4631 0.0188613
0.46345 0.0188583
0.4638 0.0188555999999999
0.46415 0.0188523
0.4645 0.0188486
0.46485 0.0188459
0.4652 0.0188389999999999
0.46555 0.0188362
0.4659 0.0188341
0.46625 0.0188264
0.4666 0.0188257
0.46695 0.0188223
0.4673 0.0188207
0.46765 0.0188167
0.468 0.0188102
0.46835 0.0188030999999999
0.4687 0.0187893
0.46905 0.0187856
0.4694 0.0187838
0.46975 0.0187816
0.4701 0.0187838
0.47045 0.0187893
0.4708 0.0187893
0.47115 0.0187831
0.4715 0.0187745
0.47185 0.0187745
0.4722 0.0187615
0.47255 0.0187615
0.4729 0.018759
0.47325 0.0187624
0.4736 0.0187624
0.47395 0.0187624
0.4743 0.0187598
0.47465 0.0187519
0.475 0.0187539
0.47535 0.0187328
0.4757 0.0187495999999999
0.47605 0.0187384999999999
0.4764 0.0187384999999999
0.47675 0.0187379
0.4771 0.0187301
0.47745 0.0187303
0.4778 0.0187287999999999
0.47815 0.0187229
0.4785 0.0187224
0.47885 0.0187172
0.4792 0.0187115
0.47955 0.0187057
0.4799 0.0186994
0.48025 0.0186938
0.4806 0.0186865999999999
0.48095 0.0186846
0.4813 0.0186749
0.48165 0.0186715
0.482 0.0186596
0.48235 0.0186550999999999
0.4827 0.0186519
0.48305 0.0186462
0.4834 0.0186286
0.48375 0.0186267
0.4841 0.0186068
0.48445 0.0185619
0.4848 0.0185479
0.48515 0.0185215
0.4855 0.0185154
0.48585 0.0185154
0.4862 0.0185264999999999
0.48655 0.0185357
0.4869 0.0185662
0.48725 0.0185662
0.4876 0.0185815999999999
0.48795 0.0185824
0.4883 0.0186009
0.48865 0.0186009
0.489 0.0186013
0.48935 0.0185884999999999
0.4897 0.0186013
0.49005 0.0185880999999999
0.4904 0.0185880999999999
0.49075 0.0185810999999999
0.4911 0.0185810999999999
0.49145 0.0185810999999999
0.4918 0.0185799
0.49215 0.0185772999999999
0.4925 0.0185654
0.49285 0.0185580999999999
0.4932 0.0185580999999999
0.49355 0.0185580999999999
0.4939 0.0185526
0.49425 0.0185505
0.4946 0.0185505
0.49495 0.0185447
0.4953 0.0185433
0.49565 0.0185368
0.496 0.0185354
0.49635 0.0185291
0.4967 0.0185258
0.49705 0.0185205
0.4974 0.0185154
0.49775 0.0185104
0.4981 0.0185063
0.49845 0.0184986
0.4988 0.0184913
0.49915 0.0184898
0.4995 0.018481
0.49985 0.018481
0.50055 0.018456
0.5009 0.0184516999999999
0.50125 0.0184442999999999
0.5016 0.0184442999999999
0.50195 0.0184363
0.5023 0.018429
0.50265 0.0184018
0.503 0.0183849
0.50335 0.0183767
0.5037 0.0183767
0.50405 0.0183767
0.5044 0.018386
0.50475 0.0183808
0.5051 0.0183808
0.50545 0.018377
0.5058 0.0183599999999999
0.50615 0.0183599999999999
0.5065 0.0183364
0.50685 0.0183277
0.5072 0.0183277
0.50755 0.0183277
0.5079 0.0183214
0.50825 0.0183062999999999
0.5086 0.0183062999999999
0.50895 0.0183062999999999
0.5093 0.0182959
0.50965 0.0182868
0.51 0.0182838
0.51035 0.0182838
0.5107 0.0182869
0.51105 0.0182908
0.5114 0.0182908
0.51175 0.0182913
0.5121 0.0182935999999999
0.51245 0.0183039
0.5128 0.0183039
0.51315 0.0183031
0.5135 0.0183027999999999
0.51385 0.0182985999999999
0.5142 0.0182974
0.51455 0.0182974
0.5149 0.0182904
0.51525 0.0182923
0.5156 0.0182893
0.51595 0.0182875999999999
0.5163 0.0182807
0.51665 0.0182802
0.517 0.0182731
0.51735 0.0182724
0.5177 0.0182663
0.51805 0.0182606
0.5184 0.0182569
0.51875 0.0182517
0.5191 0.0182462
0.51945 0.0182374
0.5198 0.0182325999999999
0.52015 0.0182284999999999
0.5205 0.0182229
0.52085 0.0182169
0.5212 0.0182099
0.52155 0.0182051
0.5219 0.0181977
0.52225 0.0181933
0.5226 0.0181861
0.52295 0.0181835
0.5233 0.0181599
0.52365 0.0181599
0.524 0.0181512
0.52435 0.0181572
0.5247 0.018157
0.52505 0.018157
0.5254 0.0181569
0.52575 0.0181542
0.5261 0.0181492
0.52645 0.0181454
0.5268 0.0181255
0.52715 0.0181196
0.5275 0.0181196
0.52785 0.0181179
0.5282 0.0181097
0.52855 0.0181097
0.5289 0.0180981
0.52925 0.0180922
0.5296 0.0180833
0.52995 0.0180833
0.5303 0.018081
0.53065 0.0180613
0.531 0.0180597
0.53135 0.0180520999999999
0.5317 0.0180520999999999
0.53205 0.0180367
0.5324 0.0180338
0.53275 0.0180227
0.5331 0.0180125999999999
0.53345 0.0180111999999999
0.5338 0.0180028
0.53415 0.0179972
0.5345 0.0179910999999999
0.53485 0.0179778
0.5352 0.0179625
0.53555 0.0179423
0.5359 0.0179368
0.53625 0.017916
0.5366 0.0178948
0.53695 0.017888
0.5373 0.0178757
0.53765 0.0178498
0.538 0.0178289999999999
0.53835 0.0178102
0.5387 0.0177927
0.53905 0.0177738
0.5394 0.0177383
0.53975 0.0177321
0.5401 0.0177059
0.54045 0.0176605
0.5408 0.0176169999999999
0.54115 0.0175592
0.5415 0.0175174
0.54185 0.0174538
0.5422 0.0174160999999999
0.54255 0.0174149
0.5429 0.0174028
0.54325 0.0174028
0.5436 0.0174185
0.54395 0.0174625999999999
0.5443 0.017519
0.54465 0.0175928
0.545 0.017631
0.54535 0.0176458
0.5457 0.0176927
0.54605 0.0177275
0.5464 0.0177279
0.54675 0.0177708
0.5471 0.0177962
0.54745 0.0178002
0.5478 0.0178092
0.54815 0.0178099
0.5485 0.0178102
0.54885 0.0178102
0.5492 0.0178102
0.54955 0.0178102
0.5499 0.0177961
0.55025 0.0178016
0.5506 0.0177990999999999
0.55095 0.0177990999999999
0.5513 0.0177918
0.55165 0.0177859
0.552 0.0177801
0.55235 0.017778
0.5527 0.0177727
0.55305 0.0177646
0.5534 0.0177584
0.55375 0.0177576
0.5541 0.0177514
0.55445 0.0177437
0.5548 0.0177335
0.55515 0.0177325999999999
0.5555 0.01773
0.55585 0.0177215999999999
0.5562 0.017715
0.55655 0.017715
0.5569 0.0177067
0.55725 0.0177019
0.5576 0.0177011
0.55795 0.0176961
0.5583 0.0176912999999999
0.55865 0.017683
0.559 0.0176782999999999
0.55935 0.0176745
0.5597 0.0176729
0.56005 0.0176658
0.5604 0.0176581
0.56075 0.0176574
0.5611 0.0176505
0.56145 0.0176472
0.5618 0.0176417
0.56215 0.0176322999999999
0.5625 0.0176294
0.56285 0.0176261
0.5632 0.0176207
0.56355 0.0176080999999999
0.5639 0.0176041
0.56425 0.0175929
0.5646 0.0175899
0.56495 0.0175847999999999
0.5653 0.0175779
0.56565 0.0175648
0.566 0.0175623
0.56635 0.0175434
0.5667 0.0175372
0.56705 0.0175322999999999
0.5674 0.017526
0.56775 0.0175169999999999
0.5681 0.0174956
0.56845 0.0174864
0.5688 0.0174854
0.56915 0.0174697999999999
0.5695 0.0174552
0.56985 0.0174446
0.5702 0.0174446
0.57055 0.0174595
0.5709 0.0174595
0.57125 0.0174384
0.5716 0.017436
0.57195 0.0174235999999999
0.5723 0.0174217999999999
0.57265 0.0174187999999999
0.573 0.0174041
0.57335 0.0173828
0.5737 0.0173692
0.57405 0.0173665
0.5744 0.0173321
0.57475 0.0173289
0.5751 0.0172867
0.57545 0.0173162
0.5758 0.0173135
0.57615 0.0173135
0.5765 0.0173135
0.57685 0.0173087
0.5772 0.0173144
0.57755 0.0173228
0.5779 0.01733
0.57825 0.0173317
0.5786 0.0173408
0.57895 0.0173504999999999
0.5793 0.0173524
0.57965 0.0173584
0.58 0.0173648
0.58035 0.0173720999999999
0.5807 0.0173736
0.58105 0.0173825
0.5814 0.0173825
0.58175 0.0173842
0.5821 0.0173761
0.58245 0.0173761
0.5828 0.0173722
0.58315 0.0173722
0.5835 0.0173722
0.58385 0.0173692
0.5842 0.0173635
0.58455 0.0173626
0.5849 0.0173607
0.58525 0.0173463
0.5856 0.017346
0.58595 0.0173451
0.5863 0.0173345
0.58665 0.0173294999999999
0.587 0.0173215
0.58735 0.0173157
0.5877 0.0173005
0.58805 0.0172748
0.5884 0.0172748
0.58875 0.017271
0.5891 0.0172674
0.58945 0.0172674
0.5898 0.0172288
0.59015 0.0172288
0.5905 0.0172387
0.59085 0.0172387
0.5912 0.0172192
0.59155 0.0172037
0.5919 0.0172037
0.59225 0.0171977
0.5926 0.0171927
0.59295 0.0171856999999999
0.5933 0.0171856999999999
0.59365 0.0171608
0.594 0.0171366
0.59435 0.0170331
0.5947 0.0170331
0.59505 0.0171026
0.5954 0.0171026
0.59575 0.0170934
0.5961 0.017092
0.59645 0.0170766
0.5968 0.0170882
0.59715 0.0170882
0.5975 0.0170882
0.59785 0.0170666
0.5982 0.0170666
0.59855 0.0170767
0.5989 0.0170767
0.59925 0.0170767
0.5996 0.0170774
0.59995 0.0170862
0.6003 0.0170862
0.60065 0.017066
0.601 0.017066
0.60135 0.0170856
0.6017 0.0170923
0.60205 0.0170943
0.6024 0.0171005999999999
0.60275 0.0171005999999999
0.6031 0.017102
0.60345 0.0171018
0.6038 0.0171018
0.60415 0.017095
0.6045 0.0170882999999999
0.60485 0.01708
0.6052 0.0170770999999999
0.60555 0.0170741
0.6059 0.0170637
0.60625 0.0170489
0.6066 0.0170408
0.60695 0.0170352
0.6073 0.0170257
0.60765 0.017005
0.608 0.0169932
0.60835 0.0169694
0.6087 0.0169572999999999
0.60905 0.0169497
0.6094 0.0169454
0.60975 0.0169408
0.6101 0.0169337
0.61045 0.0169175999999999
0.6108 0.0168916
0.61115 0.0168638
0.6115 0.0168208
0.61185 0.0167619
0.6122 0.0166937
0.61255 0.0166902999999999
0.6129 0.0166043
0.61325 0.0164898
0.6136 0.016355
0.61395 0.0162537
0.6143 0.0161592
0.61465 0.0160816
0.615 0.0160435
0.61535 0.0160397
0.6157 0.0159988
0.61605 0.0159142
0.6164 0.0158591
0.61675 0.0158143
0.6171 0.0156902
0.61745 0.0154676
0.6178 0.0152418
0.61815 0.0152372999999999
0.6185 0.0150608
0.61885 0.0149648
0.6192 0.0149103999999999
0.61955 0.0149103999999999
0.6199 0.0149762
0.62025 0.0150963
0.6206 0.0152255
0.62095 0.0152299
0.6213 0.0152974
0.62165 0.0153882
0.622 0.0155527
0.62235 0.0157326
0.6227 0.0158726
0.62305 0.0160117
0.6234 0.0161507
0.62375 0.0161531
0.6241 0.0162894
0.62445 0.0163999
0.6248 0.0164817999999999
0.62515 0.0165482
0.6255 0.0166077
0.62585 0.0166608
0.6262 0.0166934
0.62655 0.0166976
0.6269 0.0167122
0.62725 0.0167343
0.6276 0.0167456
0.62795 0.0167482
0.6283 0.0167806
0.62865 0.0167894
0.629 0.0167968
0.62935 0.0167979
0.6297 0.0168028
0.63005 0.0168098
0.6304 0.0168166
0.63075 0.0168166
0.6311 0.0168077
0.63145 0.0168048
0.6318 0.0167715
0.63215 0.0167715
0.6325 0.016801
0.63285 0.0168027
0.6332 0.016801
0.63355 0.0168002
0.6339 0.0167993
0.63425 0.0167992
0.6346 0.0167967
0.63495 0.0167879
0.6353 0.0167858
0.63565 0.0167798
0.636 0.0167726
0.63635 0.0167715
0.6367 0.0167547
0.63705 0.0167547
0.6374 0.0167547
0.63775 0.0167415
0.6381 0.0167415
0.63845 0.0167399
0.6388 0.0167312999999999
0.63915 0.016721
0.6395 0.0167208
0.63985 0.0167208
0.6402 0.0167128
0.64055 0.016712
0.6409 0.0167020999999999
0.64125 0.0166883
0.6416 0.0166777
0.64195 0.0166652
0.6423 0.0166642
0.64265 0.0166575
0.643 0.0166553
0.64335 0.0166472999999999
0.6437 0.0166451
0.64405 0.0166430999999999
0.6444 0.0166427
0.64475 0.0166421
0.6451 0.0166328
0.64545 0.0166203
0.6458 0.016611
0.64615 0.0165572999999999
0.6465 0.0165572999999999
0.64685 0.0165594
0.6472 0.0165874
0.64755 0.0165874
0.6479 0.0165498
0.64825 0.0165485
0.6486 0.0165276
0.64895 0.0165218
0.6493 0.0165143
0.64965 0.0165103
0.65 0.0165074
0.65035 0.0164969
0.6507 0.0164962
0.65105 0.0164295
0.6514 0.0164295
0.65175 0.0164295
0.6521 0.0164475
0.65245 0.0164582
0.6528 0.0164582
0.65315 0.0164299
0.6535 0.0164198
0.65385 0.016386
0.6542 0.0163409
0.65455 0.0163611
0.6549 0.0163547
0.65525 0.0163547
0.6556 0.0163089
0.65595 0.01627
0.6563 0.01627
0.65665 0.0162709
0.657 0.0162723
0.65735 0.0162723
0.6577 0.0162598999999999
0.65805 0.0162533999999999
0.6584 0.0162453
0.65875 0.0162161
0.6591 0.0162101
0.65945 0.0162101
0.6598 0.0162043999999999
0.66015 0.0162043999999999
0.6605 0.0162031
0.66085 0.0162014
0.6612 0.0161812
0.66155 0.0161667
0.6619 0.0161437
0.66225 0.0161162
0.6626 0.016091
0.66295 0.0160879999999999
0.6633 0.0160715
0.66365 0.0160701
0.664 0.0160639
0.66435 0.0160562
0.6647 0.016054
0.66505 0.0160342
0.6654 0.015987
0.66575 0.0159829
0.6661 0.0159292
0.66645 0.0159016
0.6668 0.0159016
0.66715 0.0159153
0.6675 0.0159157999999999
0.66785 0.0159254
0.6682 0.0159396
0.66855 0.0159482
0.6689 0.0159598
0.66925 0.015983
0.6696 0.0160178
0.66995 0.0160565
0.6703 0.0160935
0.67065 0.0161265999999999
0.671 0.0161404
0.67135 0.016152
0.6717 0.0161841
0.67205 0.0162237
0.6724 0.0162497
0.67275 0.0162801
0.6731 0.0162998
0.67345 0.0163185
0.6738 0.0163263
0.67415 0.0163292
0.6745 0.0163385
0.67485 0.0163527
0.6752 0.0163709
0.67555 0.0163804
0.6759 0.0163804
0.67625 0.016386
0.6766 0.016386
0.67695 0.0163882
0.6773 0.0163882
0.67765 0.0163882
0.678 0.0163877999999999
0.67835 0.0163776
0.6787 0.0163726
0.67905 0.0163565
0.6794 0.0163389
0.67975 0.0163381
0.6801 0.0163178
0.68045 0.0163029
0.6808 0.0162812
0.68115 0.016279
0.6815 0.0162529
0.68185 0.0162094
0.6822 0.0161735
0.68255 0.0161668999999999
0.6829 0.0161668999999999
0.68325 0.0161689
0.6836 0.0161717
0.68395 0.0161734
0.6843 0.0161835
0.68465 0.0161955
0.685 0.0161975
0.68535 0.0162
0.6857 0.0162055
0.68605 0.0162112
0.6864 0.0162112
0.68675 0.01619
0.6871 0.01619
0.68745 0.0162412999999999
0.6878 0.016243
0.68815 0.016243
0.6885 0.0162282
0.68885 0.0162214
0.6892 0.0162214
0.68955 0.0162109
0.6899 0.0162462999999999
0.69025 0.0162388
0.6906 0.0162388
0.69095 0.0162372
0.6913 0.0162299
0.69165 0.0162273
0.692 0.0162135
0.69235 0.0162081
0.6927 0.0161952
0.69305 0.0161946
0.6934 0.01617
0.69375 0.0161568
0.6941 0.0161568
0.69445 0.016151
0.6948 0.0160991
0.69515 0.0160991
0.6955 0.0160716
0.69585 0.0159796
0.6962 0.0159796
0.69655 0.0159796
0.6969 0.0159495
0.69725 0.0158835
0.6976 0.0158507
0.69795 0.0158093
0.6983 0.015757
0.69865 0.015757
0.699 0.0156652
0.69935 0.0156408
0.6997 0.015555
0.70005 0.0154132
0.7004 0.01534
0.70075 0.0152764999999999
0.7011 0.0152691
0.70145 0.0151897
0.7018 0.0151171999999999
0.70215 0.0150736999999999
0.7025 0.0150979999999999
0.70285 0.0150979999999999
0.7032 0.0152016
0.70355 0.0152016
0.7039 0.0151507999999999
0.70425 0.0151507999999999
0.7046 0.0151949999999999
0.70495 0.0152022
0.7053 0.0153151
0.70565 0.0154913999999999
0.706 0.0154913999999999
0.70635 0.0155203
0.7067 0.0155278
0.70705 0.0155356
0.7074 0.0155772
0.70775 0.0156222
0.7081 0.0156751
0.70845 0.0157296
0.7088 0.0157408
0.70915 0.0157408
0.7095 0.0157588
0.70985 0.0157739
0.7102 0.0158233
0.71055 0.015828
0.7109 0.0158466
0.71125 0.0158821
0.7116 0.0158851
0.71195 0.0158821
0.7123 0.0158653
0.71265 0.0158653
0.713 0.0158706
0.71335 0.0158747999999999
0.7137 0.0158912999999999
0.71405 0.0158912999999999
0.7144 0.0158609
0.71475 0.0157875
0.7151 0.0157191
0.71545 0.0155864
0.7158 0.0154081999999999
0.71615 0.0153993
0.7165 0.0151577
0.71685 0.0148925
0.7172 0.0145786
0.71755 0.0142585
0.7179 0.0139706999999999
0.71825 0.0138306
0.7186 0.0136352
0.71895 0.0134054
0.7193 0.013387
0.71965 0.0130795999999999
0.72 0.0126962
0.72035 0.012516
0.7207 0.012499
0.72105 0.0123953
0.7214 0.012208
0.72175 0.0122007
0.7221 0.0120946
0.72245 0.0120914
0.7228 0.011954
0.72315 0.0116759
0.7235 0.0112075
0.72385 0.0109608
0.7242 0.0105216
0.72455 0.0104436
0.7249 0.0097678
0.72525 0.0089862
0.7256 0.0085245
0.72595 0.0085245
0.7263 0.0084881
0.72665 0.0082957999999999
0.727 0.0077736
0.72735 0.0077665
0.7277 0.0077665
0.72805 0.0082407
0.7284 0.008976
0.72875 0.009467
0.7291 0.0096764
0.72945 0.0098313
0.7298 0.0100247999999999
0.73015 0.0100393
0.7305 0.0104387
0.73085 0.0109984
0.7312 0.0115036
0.73155 0.0118424999999999
0.7319 0.0119697
0.73225 0.0121877999999999
0.7326 0.0122139
0.73295 0.0122869
0.7333 0.0125187999999999
0.73365 0.0129511
0.734 0.0132287
0.73435 0.0133776
0.7347 0.0136962
0.73505 0.0138173
0.7354 0.0140153
0.73575 0.0140208
0.7361 0.014107
0.73645 0.0144316
0.7368 0.0144571
0.73715 0.0145181
0.7375 0.0148217
0.73785 0.0149233
0.7382 0.0150695
0.73855 0.0150942
0.7389 0.0152299
0.73925 0.015266
0.7396 0.0154638
0.73995 0.0155213
0.7403 0.0156067999999999
0.74065 0.0156848
0.741 0.0157302
0.74135 0.0157501
0.7417 0.0157795999999999
0.74205 0.015818
0.7424 0.0158485999999999
0.74275 0.0158537
0.7431 0.0158873
0.74345 0.0159061
0.7438 0.0159126
0.74415 0.0159156
0.7445 0.0159159
0.74485 0.0159159
0.7452 0.0159117
0.74555 0.0159117
0.7459 0.0159117
0.74625 0.0159095
0.7466 0.0159068999999999
0.74695 0.0159033999999999
0.7473 0.0159013
0.74765 0.0158929
0.748 0.0158929
0.74835 0.0158929
0.7487 0.0158915
0.74905 0.0158898
0.7494 0.015885
0.74975 0.0158812999999999
0.7501 0.0158712
0.75045 0.0158712
0.7508 0.0158764
0.75115 0.015878
0.7515 0.015878
0.75185 0.0158689
0.7522 0.0158579
0.75255 0.0158559
0.7529 0.0158559
0.75325 0.0158677
0.7536 0.0158677
0.75395 0.0158648
0.7543 0.0158572999999999
0.75465 0.0158482
0.755 0.015843
0.75535 0.0158406
0.7557 0.0158346
0.75605 0.015826
0.7564 0.0158140999999999
0.75675 0.0157994
0.7571 0.0157860999999999
0.75745 0.0157671
0.7578 0.015752
0.75815 0.0157506
0.7585 0.0157397999999999
0.75885 0.0157255
0.7592 0.0156994
0.75955 0.0156244
0.7599 0.0155952
0.76025 0.0155638
0.7606 0.0155402
0.76095 0.0155402
0.7613 0.0155554
0.76165 0.0155554
0.762 0.015471
0.76235 0.0154294999999999
0.7627 0.0154089
0.76305 0.0153931
0.7634 0.0153918
0.76375 0.0153902999999999
0.7641 0.0153721
0.76445 0.0153329
0.7648 0.0153254999999999
0.76515 0.0153254999999999
0.7655 0.0153435
0.76585 0.0153435
0.7662 0.015324
0.76655 0.0153228999999999
0.7669 0.0152632
0.76725 0.0152632
0.7676 0.0153026
0.76795 0.0153534
0.7683 0.0153534
0.76865 0.0153301
0.769 0.0153223999999999
0.76935 0.0153223999999999
0.7697 0.0153316
0.77005 0.0153316
0.7704 0.0153217999999999
0.77075 0.0152926
0.7711 0.0152859
0.77145 0.0152801
0.7718 0.015271
0.77215 0.0152704
0.7725 0.0152055
0.77285 0.0150834
0.7732 0.0149693999999999
0.77355 0.0149693999999999
0.7739 0.0149817
0.77425 0.0150328
0.7746 0.0150328
0.77495 0.015031
0.7753 0.0149888
0.77565 0.0149167
0.776 0.0148585
0.77635 0.0148236
0.7767 0.0148055
0.77705 0.0147691
0.7774 0.0147189
0.77775 0.0147154
0.7781 0.0146433999999999
0.77845 0.0145743
0.7788 0.0145118
0.77915 0.0144365
0.7795 0.014287
0.77985 0.0141222999999999
0.7802 0.0139166
0.78055 0.0139134
0.7809 0.0136886
0.78125 0.013588
0.7816 0.0135468
0.78195 0.0135191
0.7823 0.0135045
0.78265 0.0134702
0.783 0.0133438
0.78335 0.0133412
0.7837 0.0131247
0.78405 0.0131247
0.7844 0.0133686
0.78475 0.0137079
0.7851 0.0137416
0.78545 0.0137416
0.7858 0.0136512
0.78615 0.0136507999999999
0.7865 0.0136512
0.78685 0.0136953
0.7872 0.0137662999999999
0.78755 0.0138409
0.7879 0.0138977999999999
0.78825 0.0139632999999999
0.7886 0.013991
0.78895 0.0140014999999999
0.7893 0.0140191
0.78965 0.0140293
0.79 0.0140318999999999
0.79035 0.0140318999999999
0.7907 0.0139836
0.79105 0.0139175
0.7914 0.0137992
0.79175 0.0137956
0.7921 0.0136494
0.79245 0.0134825
0.7928 0.0133365
0.79315 0.0133365
0.7935 0.0133356
0.79385 0.0133356
0.7942 0.0131717
0.79455 0.0131688999999999
0.7949 0.0130116
0.79525 0.0129398
0.7956 0.0129398
0.79595 0.0129039
0.7963 0.0129039
0.79665 0.0128163999999999
0.797 0.0127615
0.79735 0.0127499
0.7977 0.0127499
0.79805 0.0127657999999999
0.7984 0.0128086
0.79875 0.0128252999999999
0.7991 0.0128461
0.79945 0.0129852
0.7998 0.0131048
0.80015 0.0131072
0.8005 0.013142
0.80085 0.0132656
0.8012 0.0132656
0.80155 0.0132745
0.8019 0.0132745
0.80225 0.0134115
0.8026 0.0135127
0.80295 0.0135371
0.8033 0.0135611999999999
0.80365 0.0136222
0.804 0.0136841
0.80435 0.0137106
0.8047 0.0138211
0.80505 0.0138985
0.8054 0.0139371
0.80575 0.0139404
0.8061 0.0139837
0.80645 0.0140868
0.8068 0.0141993
0.80715 0.0142934
0.8075 0.0143167
0.80785 0.0143327
0.8082 0.0143905
0.80855 0.0143905
0.8089 0.0143777
0.80925 0.0143496
0.8096 0.0143496
0.80995 0.0144366
0.8103 0.0144695
0.81065 0.0144695
0.811 0.0144809
0.81135 0.0145369
0.8117 0.0146267
0.81205 0.0146923
0.8124 0.0147708
0.81275 0.0147715
0.8131 0.0148081999999999
0.81345 0.0148365
0.8138 0.0149347999999999
0.81415 0.0149437999999999
0.8145 0.0149437999999999
0.81485 0.0147497
0.8152 0.0147497
0.81555 0.0150099999999999
0.8159 0.0150405
0.81625 0.0150405
0.8166 0.0151031
0.81695 0.015132
0.8173 0.015133
0.81765 0.015133
0.818 0.0151583
0.81835 0.0151688999999999
0.8187 0.0151941
0.81905 0.0152427
0.8194 0.0152427
0.81975 0.0152427
0.8201 0.0152579
0.82045 0.0153169999999999
0.8208 0.0153169999999999
0.82115 0.0153299
0.8215 0.0153299
0.82185 0.0153299
0.8222 0.0153068999999999
0.82255 0.0153042
0.8229 0.0152811
0.82325 0.0150546
0.8236 0.0151547
0.82395 0.0151547
0.8243 0.0153305
0.82465 0.0153733
0.825 0.0153689999999999
0.82535 0.0153689999999999
0.8257 0.0153403999999999
0.82605 0.0153403999999999
0.8264 0.0153703
0.82675 0.0153703
0.8271 0.0153659
0.82745 0.0153368
0.8278 0.0152502
0.82815 0.0153211
0.8285 0.0153211
0.82885 0.0153211
0.8292 0.0153478999999999
0.82955 0.0153585
0.8299 0.0153585
0.83025 0.0153599
0.8306 0.0153599
0.83095 0.0153673
0.8313 0.015371
0.83165 0.0153673
0.832 0.0152939
0.83235 0.0152939
0.8327 0.0152708
0.83305 0.0152821
0.8334 0.0152708
0.83375 0.0152299
0.8341 0.0150519
0.83445 0.0150519
0.8348 0.0150453
0.83515 0.0147599999999999
0.8355 0.0147485999999999
0.83585 0.0146096
0.8362 0.0144804
0.83655 0.0144782
0.8369 0.0143406
0.83725 0.0142099999999999
0.8376 0.0139977
0.83795 0.0138173
0.8383 0.0135008999999999
0.83865 0.0134639
0.839 0.0134639
0.83935 0.0134652
0.8397 0.0136413999999999
0.84005 0.0136413999999999
0.8404 0.0135789999999999
0.84075 0.0132922
0.8411 0.0129729999999999
0.84145 0.0129729999999999
0.8418 0.013
0.84215 0.0130003
0.8425 0.0134787999999999
0.84285 0.0139547
0.8432 0.0139547
0.84355 0.0139236999999999
0.8439 0.0137192999999999
0.84425 0.0137192999999999
0.8446 0.0138415
0.84495 0.0138646
0.8453 0.0141006
0.84565 0.0142429
0.846 0.014318
0.84635 0.0144681
0.8467 0.0144681
0.84705 0.0144537999999999
0.8474 0.0144325999999999
0.84775 0.0144319
0.8481 0.0144319
0.84845 0.0144322999999999
0.8488 0.0145028999999999
0.84915 0.0146139999999999
0.8495 0.0146139999999999
0.84985 0.0145771
0.8502 0.0144513
0.85055 0.0142354999999999
0.8509 0.0142354999999999
0.85125 0.0142354999999999
0.8516 0.0142328
0.85195 0.0141305
0.8523 0.0141305
0.85265 0.0139674
0.853 0.013737
0.85335 0.0137067
0.8537 0.0135549
0.85405 0.0133812
0.8544 0.0131497
0.85475 0.012956
0.8551 0.0129519
0.85545 0.0126866
0.8558 0.0126231
0.85615 0.0124633
0.8565 0.0122571
0.85685 0.012012
0.8572 0.0115817
0.85755 0.011193
0.8579 0.0103316
0.85825 0.0103316
0.8586 0.0103316
0.85895 0.0103002
0.8593 0.0102402999999999
0.85965 0.010138
0.86 0.0096597
0.86035 0.0090879999999999
0.8607 0.0086967
0.86105 0.0081952
0.8614 0.0078196
0.86175 0.0077040999999999
0.8621 0.0072926
0.86245 0.0072926
0.8628 0.0071303
0.86315 0.0071962
0.8635 0.007129
0.86385 0.007129
0.8642 0.0068631
0.86455 0.0065702
0.8649 0.0068631
0.86525 0.0074842
0.8656 0.0075286
0.86595 0.0079535
0.8663 0.0082247
0.86665 0.0082247
0.867 0.0077303
0.86735 0.0077303
0.8677 0.0078829
0.86805 0.0091139
0.8684 0.0094496
0.86875 0.0099967999999999
0.8691 0.010201
0.86945 0.0105367
0.8698 0.0105583
0.87015 0.0105637
0.8705 0.0105583
0.87085 0.010328
0.8712 0.0100986
0.87155 0.010328
0.8719 0.0105115
0.87225 0.0116294
0.8726 0.0109092999999999
0.87295 0.0109092999999999
0.8733 0.0109092999999999
0.87365 0.0114545
0.874 0.0118005
0.87435 0.0119012999999999
0.8747 0.0119012999999999
0.87505 0.0119012999999999
0.8754 0.0121704
0.87575 0.0116836
0.8761 0.0115710999999999
0.87645 0.0115710999999999
0.8768 0.0115710999999999
0.87715 0.0114011
0.8775 0.0101012
0.87785 0.0101012
0.8782 0.009776
0.87855 0.009776
0.8789 0.0108481
0.87925 0.0108481
0.8796 0.0072647999999999
0.87995 0.0054748
0.8803 0.0057335
0.88065 0.0054748
0.881 0.0045405
0.88135 0.0044058
0.8817 0.0031583
0.88205 0.0020573
0.8824 0.0013369
0.88275 0.0013198
0.8831 0.001254
0.88345 0.0012527
0.8838 0.0012379
0.88415 0.0012527
0.8845 0.0015199
0.88485 0.0019389
0.8852 0.0020989
0.88555 0.0020989
0.8859 0.0018748
0.88625 0.001459
0.8866 0.0009992
0.88695 0.0009102
0.8873 0.0008747
0.88765 0.0008747
0.888 0.0009632999999999
0.88835 0.0010446
0.8887 0.00112
0.88905 0.0010446
0.8894 0.0012886
0.88975 0.0013338
0.8901 0.0014186
0.89045 0.0013749
0.8908 0.0013749
0.89115 0.0013613
0.8915 0.0013613
0.89185 0.0015579
0.8922 0.0015579
0.89255 0.0015373
0.8929 0.0015337999999999
0.89325 0.0015112
0.8936 0.001352
0.89395 0.0012457
0.8943 0.0012457
0.89465 0.0013155999999999
0.895 0.0013155999999999
0.89535 0.001265
0.8957 0.001265
0.89605 0.001338
0.8964 0.0016033
0.89675 0.0020969
0.8971 0.0021678
0.89745 0.0025779
0.8978 0.002455
0.89815 0.0026464
0.8985 0.002455
0.89885 0.0025198
0.8992 0.0024416
0.89955 0.0025198
0.8999 0.0025905999999999
0.90025 0.0035202
0.9006 0.0040143999999999
0.90095 0.0040388
0.9013 0.0044818
0.90165 0.0050574
0.902 0.0052093999999999
0.90235 0.0055765
0.9027 0.005711
0.90305 0.0068287999999999
0.9034 0.0069557
0.90375 0.0068287999999999
0.9041 0.0075753
0.90445 0.0086401
0.9048 0.0088087999999999
0.90515 0.008869
0.9055 0.0095715
0.90585 0.0106539
0.9062 0.0106539
0.90655 0.0099814
0.9069 0.0099814
0.90725 0.0108457
0.9076 0.0108457
0.90795 0.0117356
0.9083 0.0103126
0.90865 0.0118577
0.909 0.0112633
0.90935 0.0112633
0.9097 0.010453
0.91005 0.010453
0.9104 0.0122641
0.91075 0.0122641
0.9111 0.0122641
0.91145 0.0123957
0.9118 0.0123957
0.91215 0.0120982
0.9125 0.0119506
0.91285 0.0118827
0.9132 0.0118827
0.91355 0.0116149
0.9139 0.0122981
0.91425 0.0126176
0.9146 0.0127036
0.91495 0.0127578999999999
0.9153 0.0127578999999999
0.91565 0.0124422
0.916 0.0124422
0.91635 0.0123117
0.9167 0.0126102
0.91705 0.012918
0.9174 0.0132953
0.91775 0.0132953
0.9181 0.013328
0.91845 0.0134357
0.9188 0.0134357
0.91915 0.0134563999999999
0.9195 0.0133783999999999
0.91985 0.0133783999999999
0.9202 0.013354
0.92055 0.0130567
0.9209 0.013354
0.92125 0.0130567
0.9216 0.0129275
0.92195 0.0122312
0.9223 0.0098269
0.92265 0.0122312
0.923 0.0136162999999999
0.92335 0.0136162999999999
0.9237 0.0135126
0.92405 0.0135126
0.9244 0.0135126
0.92475 0.0130099999999999
0.9251 0.0128420999999999
0.92545 0.0130099999999999
0.9258 0.0131812
0.92615 0.0131812
0.9265 0.0131812
0.92685 0.0091466
0.9272 0.0136168999999999
0.92755 0.0136168999999999
0.9279 0.0136168999999999
0.92825 0.0133584
0.9286 0.0131011
0.92895 0.0133584
0.9293 0.0136945
0.92965 0.0136945
0.93 0.0136432
0.93035 0.0116342
0.9307 0.0106988
0.93105 0.0104681
0.9314 0.0104681
0.93175 0.0104681
0.9321 0.0118462
0.93245 0.0118462
0.9328 0.0134424
0.93315 0.0134424
0.9335 0.0132282
0.93385 0.0123312
0.9342 0.0123312
0.93455 0.0123312
0.9349 0.0125677
0.93525 0.0117121
0.9356 0.0141033
0.93595 0.0127716
0.9363 0.0138789
0.93665 0.0134563999999999
0.937 0.0136091
0.93735 0.0134747999999999
0.9377 0.0134747999999999
0.93805 0.0125395
0.9384 0.0111939
0.93875 0.0111939
0.9391 0.0133352
0.93945 0.0133502999999999
0.9398 0.0133502999999999
0.94015 0.0133502999999999
0.9405 0.012166
0.94085 0.0141097999999999
0.9412 0.0137902
0.94155 0.0144011
0.9419 0.0143737
0.94225 0.0144011
0.9426 0.0143737
0.94295 0.0137179
0.9433 0.0137179
0.94365 0.0138386
0.944 0.0138386
0.94435 0.0138386
0.9447 0.0141114
0.94505 0.0141114
0.9454 0.0140078
0.94575 0.0140037999999999
0.9461 0.0140078
0.94645 0.0140037999999999
0.9468 0.0137764999999999
0.94715 0.0124051
0.9475 0.0124051
0.94785 0.0135642
0.9482 0.0138497
0.94855 0.013928
0.9489 0.0138497
0.94925 0.0133573999999999
0.9496 0.0133573999999999
0.94995 0.0137882999999999
0.9503 0.0139086
0.95065 0.0139086
0.951 0.0138132999999999
0.95135 0.0135652
0.9517 0.0135652
0.95205 0.0136405
0.9524 0.0137742
0.95275 0.0137742
0.9531 0.0138596
0.95345 0.0140062
0.9538 0.0141781
0.95415 0.0141812999999999
0.9545 0.0141812999999999
0.95485 0.0141141
0.9552 0.013789
0.95555 0.0139055
0.9559 0.0139005
0.95625 0.0139005
0.9566 0.013734
0.95695 0.0135643
0.9573 0.0135643
0.95765 0.0136757
0.958 0.0136757
0.95835 0.0136409
0.9587 0.0135176
0.95905 0.0135176
0.9594 0.0132007999999999
0.95975 0.0131833
0.9601 0.0131291
0.96045 0.0131291
0.9608 0.012623
0.96115 0.0125072999999999
0.9615 0.0124949
0.96185 0.0121787
0.9622 0.0118259
0.96255 0.0116118
0.9629 0.0109682999999999
0.96325 0.0109061
0.9636 0.0102922999999999
0.96395 0.010275
0.9643 0.010254
0.96465 0.0100562
0.965 0.0096093999999999
0.96535 0.0095639
0.9657 0.0092583
0.96605 0.008979
0.9664 0.0088435
0.96675 0.0088435
0.9671 0.0087355
0.96745 0.0087701
0.9678 0.0087701
0.96815 0.0091276
0.9685 0.0091276
0.96885 0.0088405
0.9692 0.0084606
0.96955 0.0083574
0.9699 0.0080197
0.97025 0.00715
0.9706 0.0061136
0.97095 0.0059283
0.9713 0.0061136
0.97165 0.0067833
0.972 0.007474
0.97235 0.0081666
0.9727 0.0084251
0.97305 0.0084251
0.9734 0.0080959999999999
0.97375 0.0079175
0.9741 0.0078852
0.97445 0.0079175
0.9748 0.0080959999999999
0.97515 0.0083757
0.9755 0.0083872999999999
0.97585 0.0090212
0.9762 0.0090212
0.97655 0.008781
0.9769 0.0085764
0.97725 0.0083389
0.9776 0.0081593
0.97795 0.0081593
0.9783 0.0078036
0.97865 0.0078036
0.979 0.0078782
0.97935 0.0080587
0.9797 0.0080587
0.98005 0.0066587
0.9804 0.0062933999999999
0.98075 0.0062933999999999
0.9811 0.0062933999999999
0.98145 0.0058435
0.9818 0.0057101999999999
0.98215 0.0056165
0.9825 0.0051251
0.98285 0.0025976999999999
0.9832 0.0039559
0.98355 0.0039559
0.9839 0.0039860999999999
0.98425 0.0040083
0.9846 0.0039860999999999
0.98495 0.0042629
0.9853 0.0023201999999999
0.98565 0.0035126
0.986 0.0027616
0.98635 0.0033476999999999
0.9867 0.0032048
0.98705 0.0032048
0.9874 0.0027883
0.98775 0.0025901999999999
0.9881 0.0024122
0.98845 0.0010017
0.9888 0.0010017
0.98915 0.0014729
0.9895 0.0022604
0.98985 0.0020793
0.9902 0.0026916
0.99055 0.0020793
0.9909 0.0026916
0.99125 0.0028133
0.9916 0.0029854
0.99195 0.0029854
0.9923 0.0030877
0.99265 0.0035716
0.993 0.0036188
0.99335 0.0036188
0.9937 0.0033705999999999
0.99405 0.0033705999999999
0.9944 0.0034427
0.99475 0.0034427
0.9951 0.0026403
0.99545 0.0026403
0.9958 0.0011562
0.99615 0.0027804
0.9965 0.0009307
0.99685 0.0027804
0.9972 0.0034626999999999
0.99755 0.0035505
0.9979 0.0039209
0.99825 0.0035505
0.9986 0.003111
0.99895 0.0030374
0.9993 0.0029736
