0.3 0.5913674
0.30035 0.5918800999999999
0.3007 0.5918800999999999
0.30105 0.591806
0.3014 0.5915524999999999
0.30175 0.5911778
0.3021 0.5906314
0.30245 0.5897140999999999
0.3028 0.5878933000000001
0.30315 0.5829681999999999
0.3035 0.5829681999999999
0.30385 0.5830801999999999
0.3042 0.5869314999999999
0.30455 0.5880845
0.3049 0.5884048000000001
0.30525 0.5884048000000001
0.3056 0.5882774000000001
0.30595 0.588052
0.3063 0.5877695
0.30665 0.587443
0.307 0.5870774999999999
0.30735 0.5866689
0.3077 0.5862056999999999
0.30805 0.5856634000000001
0.3084 0.5849926999999999
0.30875 0.5841071999999999
0.3091 0.5827283000000001
0.30945 0.5801708000000001
0.3098 0.5743106
0.31015 0.5712385
0.3105 0.5712385
0.31085 0.5778013000000001
0.3112 0.5799876
0.31155 0.5807349
0.3119 0.5808061999999999
0.31225 0.5808061999999999
0.3126 0.580562
0.31295 0.5802312
0.3133 0.5798429
0.31365 0.5794164
0.314 0.5789552
0.31435 0.5784709
0.3147 0.5779583
0.31505 0.5774279
0.3154 0.5768767
0.31575 0.5763038
0.3161 0.5757094
0.31645 0.5750919
0.3168 0.5744499
0.31715 0.5737814
0.3175 0.5730835
0.31785 0.5723523
0.3182 0.5715939
0.31855 0.5707785
0.3189 0.5699193
0.31925 0.56897
0.3196 0.5679301999999999
0.31995 0.5667268
0.3203 0.5652385999999999
0.32065 0.563178
0.321 0.5597526999999999
0.32135 0.5524106
0.3217 0.5490223000000001
0.32205 0.5490223000000001
0.3224 0.555856
0.32275 0.5575114999999999
0.3231 0.5575114999999999
0.32345 0.5568319
0.3238 0.5558041
0.32415 0.5545893
0.3245 0.5532263000000001
0.32485 0.5517046999999999
0.3252 0.5500917
0.32555 0.5483598000000001
0.3259 0.5465045000000001
0.32625 0.5445194999999999
0.3266 0.5423974
0.32695 0.5401847
0.3273 0.53777
0.32765 0.5351931999999999
0.328 0.5325018
0.32835 0.5295085999999999
0.3287 0.5262064999999999
0.32905 0.5221017
0.3294 0.5156622000000001
0.32975 0.5027446
0.3301 0.4759232
0.33045 0.4759232
0.3308 0.5023339
0.33115 0.5131226999999999
0.3315 0.517942
0.33185 0.5208153
0.3322 0.5229617999999999
0.33255 0.5247135
0.3329 0.5263628
0.33325 0.5278151999999999
0.3336 0.5292180999999999
0.33395 0.5304521
0.3343 0.5316375
0.33465 0.5326694000000001
0.335 0.5336084
0.33535 0.5344606
0.3357 0.5352316999999999
0.33605 0.5359653
0.3364 0.5365506999999999
0.33675 0.5371081
0.3371 0.5376017
0.33745 0.5380329
0.3378 0.538406
0.33815 0.5386966999999999
0.3385 0.5389595
0.33885 0.5391433000000001
0.3392 0.539293
0.33955 0.5393616999999999
0.3399 0.5393616999999999
0.34025 0.5393103
0.3406 0.5391509
0.34095 0.5388831000000001
0.3413 0.5384755
0.34165 0.5378812
0.342 0.5370267
0.34235 0.5357973
0.3427 0.5340075
0.34305 0.5313524000000001
0.3434 0.5274644
0.34375 0.5212713999999999
0.3441 0.5115411
0.34445 0.4988164
0.3448 0.4988164
0.34515 0.5066708
0.3455 0.5163752
0.34585 0.5229081
0.3462 0.5269675
0.34655 0.5296826
0.3469 0.5315463
0.34725 0.532852
0.3476 0.5337791000000001
0.34795 0.5344415
0.3483 0.5349129
0.34865 0.5352441
0.349 0.5354683000000001
0.34935 0.5355894
0.3497 0.5356685999999999
0.35005 0.5356685999999999
0.3504 0.5356635999999999
0.35075 0.5356133000000001
0.3511 0.5355194999999999
0.35145 0.5354021999999999
0.3518 0.5352765
0.35215 0.5351201999999999
0.3525 0.5349483
0.35285 0.5347625
0.3532 0.5345641999999999
0.35355 0.5343547
0.3539 0.5341349
0.35425 0.5339056999999999
0.3546 0.5336664000000001
0.35495 0.5334207
0.3553 0.5331674
0.35565 0.5328939
0.356 0.5325482
0.35635 0.5323339
0.3567 0.5320745
0.35705 0.5314837
0.3574 0.5314112
0.35775 0.531135
0.3581 0.5307574
0.35845 0.5305129
0.3588 0.5301769000000001
0.35915 0.5299235
0.3595 0.5291788000000001
0.35985 0.5288819
0.3602 0.5285274
0.36055 0.5281701999999999
0.3609 0.5278908
0.36125 0.5278908
0.3616 0.5275513000000001
0.36195 0.5272564999999999
0.3623 0.5267869000000001
0.36265 0.5265291
0.363 0.5261756999999999
0.36335 0.5258037
0.3637 0.5254340999999999
0.36405 0.5249449
0.3644 0.5246957
0.36475 0.5243175999999999
0.3651 0.5239342
0.36545 0.5235324
0.3658 0.5230723
0.36615 0.5227362
0.3665 0.5223651
0.36685 0.5219425999999999
0.3672 0.5215310999999999
0.36755 0.5211431
0.3679 0.5207024
0.36825 0.5202964
0.3686 0.5197694
0.36895 0.5194797999999999
0.3693 0.5190037000000001
0.36965 0.5186107
0.37 0.5180499
0.37035 0.5176746
0.3707 0.5170543
0.37105 0.5167233
0.3714 0.5163951
0.37175 0.515854
0.3721 0.5153419
0.37245 0.5149921
0.3728 0.5143638
0.37315 0.5140776
0.3735 0.5133833
0.37385 0.5130557
0.3742 0.5125667
0.37455 0.511988
0.3749 0.5111722
0.37525 0.5109682
0.3756 0.5101498
0.37595 0.5100309000000001
0.3763 0.5091025
0.37665 0.508484
0.377 0.508484
0.37735 0.5080399999999999
0.3777 0.5073217999999999
0.37805 0.5067033
0.3784 0.5064204000000001
0.37875 0.5050760999999999
0.3791 0.5048226
0.37945 0.5036811
0.3798 0.5033082999999999
0.38015 0.5033082999999999
0.3805 0.502583
0.38085 0.5024031
0.3812 0.5018424
0.38155 0.501239
0.3819 0.5001507000000001
0.38225 0.4993432
0.3826 0.4991951
0.38295 0.4987811
0.3833 0.4979175
0.38365 0.4975175
0.384 0.4966804
0.38435 0.4962159
0.3847 0.4954971999999999
0.38505 0.4948329000000001
0.3854 0.4941017
0.38575 0.4933694
0.3861 0.4926380999999999
0.38645 0.4918419
0.3868 0.4910773
0.38715 0.4902347999999999
0.3875 0.489399
0.38785 0.4886052999999999
0.3882 0.4878473
0.38855 0.4868871
0.3889 0.4857911
0.38925 0.4847034
0.3896 0.4841394
0.38995 0.4830601
0.3903 0.4820518
0.39065 0.4812515
0.391 0.4801462999999999
0.39135 0.4791400999999999
0.3917 0.4777774999999999
0.39205 0.4767585999999999
0.3924 0.4756815
0.39275 0.4742106
0.3931 0.4731617999999999
0.39345 0.4719585
0.3938 0.4705601
0.39415 0.4687969
0.3945 0.4677382
0.39485 0.4659349
0.3952 0.4645647
0.39555 0.4630875
0.3959 0.4609452999999999
0.39625 0.4589714
0.3966 0.4573858
0.39695 0.4558104
0.3973 0.4536049
0.39765 0.4515229
0.398 0.4489760999999999
0.39835 0.4472524
0.3987 0.4439996
0.39905 0.4415600999999999
0.3994 0.4393501
0.39975 0.4363127999999999
0.4001 0.4330728
0.40045 0.429513
0.4008 0.4253827999999999
0.40115 0.4185659
0.4015 0.4169714
0.40185 0.4120275
0.4022 0.4104612
0.40255 0.4007100999999999
0.4029 0.3943551
0.40325 0.3879895
0.4036 0.3814776
0.40395 0.3760788
0.4043 0.3532876
0.40465 0.3532876
0.405 0.3717486
0.40535 0.3770847
0.4057 0.3815726
0.40605 0.386373
0.4064 0.3915850999999999
0.40675 0.3962427
0.4071 0.4004302999999999
0.40745 0.4042609
0.4078 0.4076358
0.40815 0.4106265999999999
0.4085 0.4106265999999999
0.40885 0.4132707999999999
0.4092 0.4178092
0.40955 0.4196917
0.4099 0.4214007000000001
0.41025 0.4230195
0.4106 0.4243532
0.41095 0.4255862
0.4113 0.4265104
0.41165 0.4277468
0.412 0.428237
0.41235 0.4293894
0.4127 0.4300458
0.41305 0.4300458
0.4134 0.4308576
0.41375 0.4312824999999999
0.4141 0.4325662999999999
0.41445 0.4329212999999999
0.4148 0.4329723
0.41515 0.4330313
0.4155 0.4330313
0.41585 0.4280638
0.4162 0.4280638
0.41655 0.4337104
0.4169 0.4338252999999999
0.41725 0.4343048
0.4176 0.4338252999999999
0.41795 0.4343048
0.4183 0.4343492
0.41865 0.4344564999999999
0.419 0.4344564999999999
0.41935 0.4344378
0.4197 0.4333670999999999
0.42005 0.4312487
0.4204 0.4312487
0.42075 0.4336884
0.4211 0.4347730999999999
0.42145 0.4336884
0.4218 0.4327705
0.42215 0.4325045999999999
0.4225 0.4325045999999999
0.42285 0.4329223
0.4232 0.4329223
0.42355 0.4311685
0.4239 0.4311685
0.42425 0.4314249
0.4246 0.4315083999999999
0.42495 0.4324572
0.4253 0.4324757999999999
0.42565 0.4324757999999999
0.426 0.4291066
0.42635 0.4291066
0.4267 0.4297593
0.42705 0.4316376
0.4274 0.4312304
0.42775 0.4312304
0.4281 0.4308116
0.42845 0.4295514
0.4288 0.4289018
0.42915 0.4252784
0.4295 0.4269284
0.42985 0.4269284
0.4302 0.4269284
0.43055 0.4278935
0.4309 0.4249710999999999
0.43125 0.4255334
0.4316 0.4255334
0.43195 0.4256664
0.4323 0.4268611
0.43265 0.4268611
0.433 0.426222
0.43335 0.4260348
0.4337 0.4249268
0.43405 0.4248691
0.4344 0.4240905
0.43475 0.424009
0.4351 0.424009
0.43545 0.4236351
0.4358 0.422906
0.43615 0.4225135
0.4365 0.4210471999999999
0.43685 0.4204739
0.4372 0.4204797
0.43755 0.4204739
0.4379 0.4200478
0.43825 0.4197113
0.4386 0.4197107
0.43895 0.4189385
0.4393 0.4187595999999999
0.43965 0.417048
0.44 0.4161152
0.44035 0.4135521
0.4407 0.4127282999999999
0.44105 0.4127282999999999
0.4414 0.4125698
0.44175 0.4113739
0.4421 0.4113739
0.44245 0.4113739
0.4428 0.4131936
0.44315 0.4127487
0.4435 0.4127487
0.44385 0.4079122
0.4442 0.4079122
0.44455 0.4104714
0.4449 0.4104714
0.44525 0.4069274
0.4456 0.4069274
0.44595 0.4073347
0.4463 0.4078985
0.44665 0.4078985
0.447 0.4078184
0.44735 0.407008
0.4477 0.406695
0.44805 0.4066821
0.4484 0.4041790999999999
0.44875 0.4061031
0.4491 0.4050243
0.44945 0.4050243
0.4498 0.4043144
0.45015 0.4040586
0.4505 0.4037943
0.45085 0.4020344999999999
0.4512 0.4005389
0.45155 0.4003889
0.4519 0.3996679999999999
0.45225 0.4002492
0.4526 0.3998577
0.45295 0.3998577
0.4533 0.3993413
0.45365 0.3983832
0.454 0.3983832
0.45435 0.3967607999999999
0.4547 0.3962078
0.45505 0.3962078
0.4554 0.3962052
0.45575 0.393863
0.4561 0.3924225999999999
0.45645 0.393863
0.4568 0.3916147
0.45715 0.3926785999999999
0.4575 0.3920925
0.45785 0.3920925
0.4582 0.3913435
0.45855 0.3913377
0.4589 0.3905647
0.45925 0.3887054
0.4596 0.3875316
0.45995 0.3880765
0.4603 0.3880765
0.46065 0.3880765
0.461 0.3879699
0.46135 0.3875247
0.4617 0.3871569
0.46205 0.3862549
0.4624 0.3856065999999999
0.46275 0.3855794
0.4631 0.3851409
0.46345 0.3840668
0.4638 0.3834097
0.46415 0.3831042
0.4645 0.3821663
0.46485 0.3819776
0.4652 0.3794058
0.46555 0.3794058
0.4659 0.3785179999999999
0.46625 0.3765403
0.4666 0.3759120999999999
0.46695 0.3759120999999999
0.4673 0.3750841
0.46765 0.3706728
0.468 0.3704384
0.46835 0.3687675
0.4687 0.3616177
0.46905 0.3535642
0.4694 0.3616177
0.46975 0.3686935999999999
0.4701 0.3686935999999999
0.47045 0.3686935999999999
0.4708 0.3679397
0.47115 0.3665875
0.4715 0.3656225999999999
0.47185 0.3614736
0.4722 0.3556238
0.47255 0.3561564
0.4729 0.3561564
0.47325 0.3621905
0.4736 0.3633697999999999
0.47395 0.3621905
0.4743 0.362658
0.47465 0.3584327
0.475 0.3624214
0.47535 0.3247091
0.4757 0.362373
0.47605 0.3564126999999999
0.4764 0.3564126999999999
0.47675 0.3564126999999999
0.4771 0.3538916
0.47745 0.3582837
0.4778 0.355141
0.47815 0.3565474
0.4785 0.3558533
0.47885 0.3558533
0.4792 0.3545415
0.47955 0.3538985
0.4799 0.3530968
0.48025 0.3523671
0.4806 0.3516285999999999
0.48095 0.3508000999999999
0.4813 0.3497461
0.48165 0.347972
0.482 0.3459191
0.48235 0.3443867
0.4827 0.3443867
0.48305 0.3424022
0.4834 0.3372441
0.48375 0.3329922999999999
0.4841 0.3329922999999999
0.48445 0.3287100999999999
0.4848 0.3177198
0.48515 0.3226355
0.4855 0.3226355
0.48585 0.3226355
0.4862 0.3275230999999999
0.48655 0.3275230999999999
0.4869 0.3314544
0.48725 0.3314544
0.4876 0.3192813
0.48795 0.3192813
0.4883 0.3211542999999999
0.48865 0.3277570999999999
0.489 0.3328617
0.48935 0.3277570999999999
0.4897 0.3321608
0.49005 0.3289571
0.4904 0.3289571
0.49075 0.3238454
0.4911 0.3238454
0.49145 0.3238454
0.4918 0.3265201
0.49215 0.3226577
0.4925 0.3217281
0.49285 0.3141945
0.4932 0.3141945
0.49355 0.3141945
0.4939 0.3149311999999999
0.49425 0.3149311999999999
0.4946 0.3149311999999999
0.49495 0.3174661
0.4953 0.3155419
0.49565 0.3170015
0.496 0.3155419
0.49635 0.3152432
0.4967 0.3152105999999999
0.49705 0.3142994
0.4974 0.3123243
0.49775 0.3107844
0.4981 0.3086667999999999
0.49845 0.3074120999999999
0.4988 0.3074120999999999
0.49915 0.3070625
0.4995 0.3070625
0.49985 0.30627
0.5002 0.3050578
0.50055 0.2890955999999999
0.5009 0.2890955999999999
0.50125 0.2983719999999999
0.5016 0.2983719999999999
0.50195 0.2962020999999999
0.5023 0.2951727
0.50265 0.2842969
0.503 0.2273866
0.50335 0.2507376
0.5037 0.2507376
0.50405 0.2507376
0.5044 0.2838117
0.50475 0.2838117
0.5051 0.2871282
0.50545 0.2871282
0.5058 0.2862389
0.50615 0.2855317
0.5065 0.2738487
0.50685 0.2664892
0.5072 0.2664892
0.50755 0.2713595
0.5079 0.2713595
0.50825 0.2713595
0.5086 0.2740612
0.50895 0.2740612
0.5093 0.2723774
0.50965 0.27055
0.51 0.27055
0.51035 0.2731279
0.5107 0.2731279
0.51105 0.2730147
0.5114 0.2713551
0.51175 0.2713551
0.5121 0.2716948
0.51245 0.2779539
0.5128 0.2779539
0.51315 0.2710447
0.5135 0.2710447
0.51385 0.2703342
0.5142 0.2703342
0.51455 0.2703342
0.5149 0.2674968
0.51525 0.2724912
0.5156 0.2731972
0.51595 0.2731972
0.5163 0.2716304
0.51665 0.2709764
0.517 0.2709764
0.51735 0.2702748
0.5177 0.2698504
0.51805 0.2690283
0.5184 0.2690283
0.51875 0.2690283
0.5191 0.2686814
0.51945 0.2664395
0.5198 0.2664395
0.52015 0.2664395
0.5205 0.2653435
0.52085 0.2651715
0.5212 0.2638617
0.52155 0.2636401
0.5219 0.2624019
0.52225 0.2612035
0.5226 0.2611941
0.52295 0.2603538999999999
0.5233 0.2411502
0.52365 0.2411502
0.524 0.2394857999999999
0.52435 0.2561136
0.5247 0.2556474999999999
0.52505 0.2556474999999999
0.5254 0.2541611
0.52575 0.253271
0.5261 0.2522914
0.52645 0.2522198
0.5268 0.2498446
0.52715 0.245796
0.5275 0.245796
0.52785 0.245796
0.5282 0.246703
0.52855 0.246703
0.5289 0.2435521
0.52925 0.2418188
0.5296 0.2380254
0.52995 0.2415645
0.5303 0.2370768999999999
0.53065 0.2346012999999999
0.531 0.2346012999999999
0.53135 0.23708
0.5317 0.23708
0.53205 0.2318083999999999
0.5324 0.2277103
0.53275 0.2299287
0.5331 0.2299287
0.53345 0.2302302
0.5338 0.2302302
0.53415 0.2299134
0.5345 0.2291514
0.53485 0.2258922
0.5352 0.2252791
0.53555 0.224012
0.5359 0.2213321
0.53625 0.2213321
0.5366 0.2203413
0.53695 0.2169304999999999
0.5373 0.2169304999999999
0.53765 0.2151295
0.538 0.2141152999999999
0.53835 0.2119587999999999
0.5387 0.2073829999999999
0.53905 0.2021439
0.5394 0.2021439
0.53975 0.201602
0.5401 0.201602
0.54045 0.1947464
0.5408 0.1901815
0.54115 0.1901815
0.5415 0.1840146
0.54185 0.1840146
0.5422 0.1833131
0.54255 0.174115
0.5429 0.1805743
0.54325 0.1796769
0.5436 0.1796769
0.54395 0.1783458
0.5443 0.1783458
0.54465 0.1847516
0.545 0.1847516
0.54535 0.1831583999999999
0.5457 0.1831583999999999
0.54605 0.1831583999999999
0.5464 0.1772957
0.54675 0.1772957
0.5471 0.1772957
0.54745 0.1847891
0.5478 0.1832857
0.54815 0.1847891
0.5485 0.1832857
0.54885 0.185324
0.5492 0.1821448
0.54955 0.1825428999999999
0.5499 0.1756469
0.55025 0.1796117
0.5506 0.1796117
0.55095 0.1796117
0.5513 0.1785022
0.55165 0.1783451
0.552 0.1760871
0.55235 0.1748996
0.5527 0.1736214999999999
0.55305 0.1736214999999999
0.5534 0.1738128
0.55375 0.1738128
0.5541 0.1719793999999999
0.55445 0.1692664
0.5548 0.1692664
0.55515 0.1692664
0.5555 0.1684762
0.55585 0.1692764
0.5562 0.1672349
0.55655 0.1672349
0.5569 0.1622578
0.55725 0.1622578
0.5576 0.1634047
0.55795 0.1641566
0.5583 0.1634047
0.55865 0.1632662999999999
0.559 0.1623994
0.55935 0.1623994
0.5597 0.1617461
0.56005 0.1608987999999999
0.5604 0.1597144
0.56075 0.1593789
0.5611 0.1586651
0.56145 0.15809
0.5618 0.1569902999999999
0.56215 0.1569809999999999
0.5625 0.1559362
0.56285 0.155414
0.5632 0.155414
0.56355 0.1541005
0.5639 0.1535645
0.56425 0.1525157999999999
0.5646 0.1514771
0.56495 0.1514771
0.5653 0.1501569
0.56565 0.1501569
0.566 0.1493686
0.56635 0.1444648999999999
0.5667 0.1442789
0.56705 0.1442789
0.5674 0.1453095
0.56775 0.1453095
0.5681 0.1220461
0.56845 0.1220461
0.5688 0.1250551
0.56915 0.1353079999999999
0.5695 0.1250551
0.56985 0.1127529999999999
0.5702 0.1127529999999999
0.57055 0.1405976
0.5709 0.1405976
0.57125 0.1392515
0.5716 0.1370414999999999
0.57195 0.1382787999999999
0.5723 0.1382046
0.57265 0.1382046
0.573 0.13649
0.57335 0.1230285
0.5737 0.1345246
0.57405 0.1242737
0.5744 0.1242737
0.57475 0.1242737
0.5751 0.109233
0.57545 0.1320395
0.5758 0.1319243
0.57615 0.1319243
0.5765 0.126893
0.57685 0.1143723
0.5772 0.1229359999999999
0.57755 0.1229359999999999
0.5779 0.1230917
0.57825 0.1287696
0.5786 0.1287696
0.57895 0.1295223999999999
0.5793 0.1296885
0.57965 0.1295223999999999
0.58 0.1256696
0.58035 0.1216131
0.5807 0.119463
0.58105 0.119463
0.5814 0.1192216
0.58175 0.1236444
0.5821 0.1232195
0.58245 0.1232195
0.5828 0.1186466
0.58315 0.1186466
0.5835 0.1166436999999999
0.58385 0.115823
0.5842 0.115823
0.58455 0.115823
0.5849 0.1124593
0.58525 0.1119887999999999
0.5856 0.1119203999999999
0.58595 0.1105612
0.5863 0.1083895
0.58665 0.1075241
0.587 0.1075241
0.58735 0.1042857
0.5877 0.0990609
0.58805 0.0814868
0.5884 0.0814868
0.58875 0.0795988
0.5891 0.0795988
0.58945 0.0795988
0.5898 0.0495273
0.59015 0.0495273
0.5905 0.0909113
0.59085 0.0909113
0.5912 0.0969812
0.59155 0.0965116999999999
0.5919 0.0973266
0.59225 0.0965116999999999
0.5926 0.0983954
0.59295 0.1042138
0.5933 0.1042138
0.59365 0.0956326
0.594 0.0813929
0.59435 0.0616334
0.5947 0.0616334
0.59505 0.0959586
0.5954 0.0959586
0.59575 0.0922774
0.5961 0.0922774
0.59645 0.0922923
0.5968 0.0961451
0.59715 0.0961451
0.5975 0.0985503
0.59785 0.0985503
0.5982 0.0985503
0.59855 0.0973208999999999
0.5989 0.0998343999999999
0.59925 0.0973208999999999
0.5996 0.0998343999999999
0.59995 0.1002856999999999
0.6003 0.1002856999999999
0.60065 0.060644
0.601 0.060644
0.60135 0.0984221
0.6017 0.106201
0.60205 0.106201
0.6024 0.109094
0.60275 0.109094
0.6031 0.1079284
0.60345 0.1079284
0.6038 0.1079284
0.60415 0.1059837
0.6045 0.1059837
0.60485 0.0949092
0.6052 0.1133466
0.60555 0.112925
0.6059 0.112925
0.60625 0.112925
0.6066 0.1123438
0.60695 0.1131196
0.6073 0.1123438
0.60765 0.1134423
0.608 0.1104981
0.60835 0.1130249
0.6087 0.1104981
0.60905 0.1120042
0.6094 0.1108587
0.60975 0.1120042
0.6101 0.1133372
0.61045 0.1133372
0.6108 0.1124365
0.61115 0.1119013
0.6115 0.111695
0.61185 0.1107522
0.6122 0.1098065
0.61255 0.1092793
0.6129 0.1066466
0.61325 0.1051791
0.6136 0.1040662
0.61395 0.1023961
0.6143 0.1015677
0.61465 0.1003248
0.615 0.0997176
0.61535 0.0996122
0.6157 0.0990626999999999
0.61605 0.0975294
0.6164 0.0971566
0.61675 0.0956018999999999
0.6171 0.0945095
0.61745 0.0915188
0.6178 0.087935
0.61815 0.0858526999999999
0.6185 0.0852184999999999
0.61885 0.0842904999999999
0.6192 0.0839659
0.61955 0.0839659
0.6199 0.0848034999999999
0.62025 0.0862066
0.6206 0.0876195
0.62095 0.0878919
0.6213 0.0885711
0.62165 0.090297
0.622 0.0928174
0.62235 0.0953285
0.6227 0.0972598
0.62305 0.0987876999999999
0.6234 0.0997693
0.62375 0.1002771
0.6241 0.1041309
0.62445 0.1041309
0.6248 0.1056611
0.62515 0.1076492
0.6255 0.1076492
0.62585 0.1082848999999999
0.6262 0.1094702
0.62655 0.1094702
0.6269 0.1096010999999999
0.62725 0.1103433
0.6276 0.1103433
0.62795 0.1111848999999999
0.6283 0.109581
0.62865 0.1111848999999999
0.629 0.111814
0.62935 0.111814
0.6297 0.1120317
0.63005 0.1126168
0.6304 0.1126168
0.63075 0.1104288
0.6311 0.1103994
0.63145 0.1038786
0.6318 0.0935536999999999
0.63215 0.0935536999999999
0.6325 0.1076319999999999
0.63285 0.1077681
0.6332 0.1077681
0.63355 0.1070968
0.6339 0.1070968
0.63425 0.1098265
0.6346 0.1098265
0.63495 0.1086291
0.6353 0.1086291
0.63565 0.1114513999999999
0.636 0.1114513999999999
0.63635 0.1114513999999999
0.6367 0.0960124
0.63705 0.0960124
0.6374 0.0960124
0.63775 0.0899515
0.6381 0.0948973999999999
0.63845 0.0948973999999999
0.6388 0.0948973999999999
0.63915 0.1020863
0.6395 0.1020863
0.63985 0.1066367999999999
0.6402 0.1091066
0.64055 0.1091066
0.6409 0.1075521
0.64125 0.106043
0.6416 0.1043887
0.64195 0.1032483999999999
0.6423 0.1032483999999999
0.64265 0.1073522
0.643 0.1073522
0.64335 0.1075186
0.6437 0.0965608999999999
0.64405 0.0768416999999999
0.6444 0.0768416999999999
0.64475 0.0942925
0.6451 0.0942925
0.64545 0.0942925
0.6458 0.0510429
0.64615 0.0289697999999999
0.6465 0.0289697999999999
0.64685 0.0661123
0.6472 0.0790094
0.64755 0.0790094
0.6479 0.0702525
0.64825 0.0702525
0.6486 0.0792443
0.64895 0.0866418
0.6493 0.0882351
0.64965 0.100757
0.65 0.100757
0.65035 0.1032302
0.6507 0.0927733
0.65105 0.0680544
0.6514 0.0443281
0.65175 0.0327761999999999
0.6521 0.0327761999999999
0.65245 0.0929315
0.6528 0.0929315
0.65315 0.093247
0.6535 0.0722165
0.65385 0.0887314
0.6542 0.0668286999999999
0.65455 0.0887314
0.6549 0.0928507
0.65525 0.0928507
0.6556 0.0772293
0.65595 0.0680957
0.6563 0.0680957
0.65665 0.0831991
0.657 0.0831991
0.65735 0.066852
0.6577 0.0632508
0.65805 0.066852
0.6584 0.0600327
0.65875 0.0913723
0.6591 0.0929346
0.65945 0.0929346
0.6598 0.0693427
0.66015 0.0693427
0.6605 0.0970567
0.66085 0.0970567
0.6612 0.0832792
0.66155 0.0832792
0.6619 0.091646
0.66225 0.0990438999999999
0.6626 0.0990438999999999
0.66295 0.0942734
0.6633 0.0942734
0.66365 0.0924591
0.664 0.0911302
0.66435 0.0911302
0.6647 0.0971243999999999
0.66505 0.0972343
0.6654 0.0971243999999999
0.66575 0.0950427
0.6661 0.0875913
0.66645 0.0946639
0.6668 0.0946639
0.66715 0.0946639
0.6675 0.0938422
0.66785 0.0938422
0.6682 0.0932361
0.66855 0.0833853
0.6689 0.0833853
0.66925 0.0936801
0.6696 0.0945763
0.66995 0.0945763
0.6703 0.0961437
0.67065 0.0961437
0.671 0.0961437
0.67135 0.0978444
0.6717 0.0943222
0.67205 0.0976115
0.6724 0.0976115
0.67275 0.0980376
0.6731 0.0982235
0.67345 0.0991605
0.6738 0.1012711
0.67415 0.1007553
0.6745 0.1007553
0.67485 0.1007553
0.6752 0.1047068
0.67555 0.1047068
0.6759 0.0999702
0.67625 0.0999702
0.6766 0.1010486
0.67695 0.1024099
0.6773 0.101608
0.67765 0.1027556
0.678 0.101608
0.67835 0.1009104
0.6787 0.0948918
0.67905 0.0959457
0.6794 0.0959457
0.67975 0.0992762
0.6801 0.0994033
0.68045 0.0994033
0.6808 0.0896728999999999
0.68115 0.0896728999999999
0.6815 0.0896728999999999
0.68185 0.0935053
0.6822 0.1006633999999999
0.68255 0.1006633999999999
0.6829 0.0946266
0.68325 0.0946266
0.6836 0.0957558999999999
0.68395 0.0957558999999999
0.6843 0.0841957
0.68465 0.0841957
0.685 0.0857046
0.68535 0.0857046
0.6857 0.0857046
0.68605 0.0898276
0.6864 0.0898276
0.68675 0.0787667
0.6871 0.0787667
0.68745 0.0869776999999999
0.6878 0.089385
0.68815 0.0869776999999999
0.6885 0.0864395
0.68885 0.0854577
0.6892 0.0854577
0.68955 0.0621903
0.6899 0.0828574
0.69025 0.0812173
0.6906 0.0828574
0.69095 0.0812173
0.6913 0.0722891
0.69165 0.0356856
0.692 0.0356856
0.69235 0.0356856
0.6927 0.0428205999999999
0.69305 0.0428205999999999
0.6934 0.0420261
0.69375 0.0420261
0.6941 0.0420261
0.69445 0.0528781999999999
0.6948 0.064274
0.69515 0.064274
0.6955 0.0581258
0.69585 0.0581258
0.6962 0.0601548
0.69655 0.0712916
0.6969 0.0712916
0.69725 0.0762301
0.6976 0.0570754
0.69795 0.060085
0.6983 0.060085
0.69865 0.060085
0.699 0.0592138
0.69935 0.0592138
0.6997 0.0592138
0.70005 0.0352663999999999
0.7004 0.0349320999999999
0.70075 0.0349320999999999
0.7011 0.0504000999999999
0.70145 0.0504000999999999
0.7018 0.0504000999999999
0.70215 0.0532863
0.7025 0.0532863
0.70285 0.033387
0.7032 0.033387
0.70355 0.0360029
0.7039 0.0570645
0.70425 0.0407488
0.7046 0.0492972
0.70495 0.0407488
0.7053 0.0492972
0.70565 0.0627025
0.706 0.0627025
0.70635 0.0457925
0.7067 0.0457925
0.70705 0.0457925
0.7074 0.0519271999999999
0.70775 0.0332606
0.7081 0.0519271999999999
0.70845 0.0332606
0.7088 0.0407619
0.70915 0.0231759
0.7095 0.0407619
0.70985 0.044704
0.7102 0.0604075
0.71055 0.0604075
0.7109 0.0253094
0.71125 0.0253094
0.7116 0.0349801
0.71195 0.0527815
0.7123 0.0527815
0.71265 0.0450339
0.713 0.0404787
0.71335 0.0404787
0.7137 0.0448411
0.71405 0.0448411
0.7144 0.0340582
0.71475 0.0340582
0.7151 0.0454591
0.71545 0.0454591
0.7158 0.0418329999999999
0.71615 0.0296065999999999
0.7165 0.0122338
0.71685 0.0122338
0.7172 0.0111849999999999
0.71755 0.0111849999999999
0.7179 0.0111849999999999
0.71825 0.0224435999999999
0.7186 0.0224435999999999
0.71895 0.0083931
0.7193 0.0083931
0.71965 0.0084639
0.72 0.0084639
0.72035 0.0135947
0.7207 0.0215882
0.72105 0.0215882
0.7214 0.0224528
0.72175 0.0106057
0.7221 0.0279177
0.72245 0.022135
0.7228 0.022135
0.72315 0.0122037
0.7235 0.0072551999999999
0.72385 0.0072551999999999
0.7242 0.0072551999999999
0.72455 0.0112328
0.7249 0.0112328
0.72525 0.0112328
0.7256 0.0103036
0.72595 0.008519
0.7263 0.0060395
0.72665 0.008519
0.727 0.0043668
0.72735 0.0141086
0.7277 0.0126625
0.72805 0.0141086
0.7284 0.0166637
0.72875 0.0196472
0.7291 0.0196472
0.72945 0.0140828
0.7298 0.0117179
0.73015 0.0126381
0.7305 0.0126381
0.73085 0.0136879
0.7312 0.0161722
0.73155 0.0136879
0.7319 0.0161722
0.73225 0.0099685
0.7326 0.0099685
0.73295 0.0092886
0.7333 0.0092886
0.73365 0.0287673
0.734 0.0287673
0.73435 0.0188849
0.7347 0.0188849
0.73505 0.0282399
0.7354 0.0391645
0.73575 0.0391645
0.7361 0.0249977999999999
0.73645 0.0207235
0.7368 0.0207235
0.73715 0.0207235
0.7375 0.0154939999999999
0.73785 0.0372494
0.7382 0.0268384999999999
0.73855 0.0268384999999999
0.7389 0.0211829
0.73925 0.0211829
0.7396 0.0194891
0.73995 0.0194891
0.7403 0.0194891
0.74065 0.0349919
0.741 0.0349919
0.74135 0.0349919
0.7417 0.0370516
0.74205 0.0384665
0.7424 0.0370516
0.74275 0.0484893
0.7431 0.0515828
0.74345 0.053899
0.7438 0.053899
0.74415 0.0388276
0.7445 0.0388276
0.74485 0.0552256999999999
0.7452 0.0552256999999999
0.74555 0.0552256999999999
0.7459 0.0345036
0.74625 0.0467461
0.7466 0.0467461
0.74695 0.0467461
0.7473 0.0435722
0.74765 0.0182868
0.748 0.0435722
0.74835 0.0373301999999999
0.7487 0.0384145
0.74905 0.0384145
0.7494 0.0469346999999999
0.74975 0.0525345
0.7501 0.0590574
0.75045 0.0525345
0.7508 0.0564019
0.75115 0.0543195
0.7515 0.0543195
0.75185 0.0543195
0.7522 0.0452162
0.75255 0.052896
0.7529 0.052896
0.75325 0.0605235
0.7536 0.0605235
0.75395 0.0605235
0.7543 0.059819
0.75465 0.0606873
0.755 0.059819
0.75535 0.0566929
0.7557 0.0566929
0.75605 0.0588028
0.7564 0.0588028
0.75675 0.0578711
0.7571 0.0522359
0.75745 0.0522359
0.7578 0.0522359
0.75815 0.0554659
0.7585 0.0565448
0.75885 0.0568785999999999
0.7592 0.0565448
0.75955 0.0568785999999999
0.7599 0.0576784999999999
0.76025 0.0576784999999999
0.7606 0.0526124
0.76095 0.0526124
0.7613 0.051878
0.76165 0.052994
0.762 0.052994
0.76235 0.0537093
0.7627 0.0537093
0.76305 0.0520717
0.7634 0.0508685
0.76375 0.0497781
0.7641 0.049232
0.76445 0.0474255
0.7648 0.0463996999999999
0.76515 0.0440826
0.7655 0.0414552
0.76585 0.0400778
0.7662 0.0398366999999999
0.76655 0.0398366999999999
0.7669 0.0392347
0.76725 0.0422598999999999
0.7676 0.0422598999999999
0.76795 0.0439105
0.7683 0.0440313
0.76865 0.0439105
0.769 0.0426490999999999
0.76935 0.0403408
0.7697 0.0400163
0.77005 0.039493
0.7704 0.039493
0.77075 0.0426278999999999
0.7711 0.0449491999999999
0.77145 0.0469533
0.7718 0.04927
0.77215 0.04927
0.7725 0.0487171
0.77285 0.0482168
0.7732 0.0482168
0.77355 0.0462772
0.7739 0.0495884
0.77425 0.0490296999999999
0.7746 0.0490296999999999
0.77495 0.0490296999999999
0.7753 0.0491396
0.77565 0.0491396
0.776 0.0493798
0.77635 0.0453228
0.7767 0.0493798
0.77705 0.0512364
0.7774 0.0512364
0.77775 0.0475455
0.7781 0.0453561999999999
0.77845 0.0427156
0.7788 0.0363022
0.77915 0.0408852
0.7795 0.0408852
0.77985 0.0408852
0.7802 0.0428143
0.78055 0.0349514
0.7809 0.0349514
0.78125 0.0349514
0.7816 0.0286565
0.78195 0.0372527
0.7823 0.0372527
0.78265 0.0372543
0.783 0.040017
0.78335 0.040017
0.7837 0.0389008
0.78405 0.0376774
0.7844 0.031673
0.78475 0.031673
0.7851 0.0378921999999999
0.78545 0.0378921999999999
0.7858 0.0397098
0.78615 0.0384005
0.7865 0.0384005
0.78685 0.0238911
0.7872 0.0238911
0.78755 0.0269257
0.7879 0.0328631999999999
0.78825 0.0328631999999999
0.7886 0.0328631999999999
0.78895 0.0372954999999999
0.7893 0.0371693
0.78965 0.0372954999999999
0.79 0.0372908
0.79035 0.0395796
0.7907 0.0381937
0.79105 0.0381937
0.7914 0.0381937
0.79175 0.0385297
0.7921 0.0392002
0.79245 0.0425117
0.7928 0.0425117
0.79315 0.033971
0.7935 0.033971
0.79385 0.035706
0.7942 0.0389894999999999
0.79455 0.035706
0.7949 0.0284721
0.79525 0.0211515
0.7956 0.0284721
0.79595 0.0127099
0.7963 0.0127099
0.79665 0.0127099
0.797 0.0208763
0.79735 0.0208763
0.7977 0.0283279
0.79805 0.0266582
0.7984 0.028805
0.79875 0.0302735
0.7991 0.0314637
0.79945 0.0314637
0.7998 0.0229032999999999
0.80015 0.0229032999999999
0.8005 0.0333717
0.80085 0.0333717
0.8012 0.0315211
0.80155 0.0265842
0.8019 0.0200605
0.80225 0.0174152
0.8026 0.0174152
0.80295 0.0379597
0.8033 0.0379597
0.80365 0.0330527
0.804 0.0277682
0.80435 0.0330527
0.8047 0.039474
0.80505 0.039474
0.8054 0.039474
0.80575 0.0362833
0.8061 0.0137089
0.80645 0.0137089
0.8068 0.0139215
0.80715 0.0352999
0.8075 0.0352999
0.80785 0.0170779
0.8082 0.0170779
0.80855 0.0305626
0.8089 0.0305626
0.80925 0.0129977999999999
0.8096 0.0129977999999999
0.80995 0.0144649
0.8103 0.0202999
0.81065 0.0202999
0.811 0.0182472
0.81135 0.0159306
0.8117 0.0159306
0.81205 0.0148302
0.8124 0.0132272
0.81275 0.0148302
0.8131 0.0098147
0.81345 0.0138039
0.8138 0.0138039
0.81415 0.0138039
0.8145 0.0107949
0.81485 0.0038698
0.8152 0.0038698
0.81555 0.0153609
0.8159 0.0155552
0.81625 0.0153609
0.8166 0.0163064
0.81695 0.0163064
0.8173 0.018667
0.81765 0.018667
0.818 0.0177795
0.81835 0.0177795
0.8187 0.0177795
0.81905 0.0282965
0.8194 0.0249862
0.81975 0.0249862
0.8201 0.0238907
0.82045 0.0203123
0.8208 0.0203123
0.82115 0.0203123
0.8215 0.0279729
0.82185 0.0297912
0.8222 0.0297912
0.82255 0.0253532
0.8229 0.0096901
0.82325 0.003694
0.8236 0.003694
0.82395 0.003694
0.8243 0.0214811
0.82465 0.0214811
0.825 0.0271497999999999
0.82535 0.0230921
0.8257 0.0230921
0.82605 0.0215559
0.8264 0.0215559
0.82675 0.0263144
0.8271 0.0263144
0.82745 0.0184516999999999
0.8278 0.0094784
0.82815 0.0184516999999999
0.8285 0.0204214
0.82885 0.0204214
0.8292 0.0204214
0.82955 0.0225282
0.8299 0.0225282
0.83025 0.0113694
0.8306 0.0113694
0.83095 0.0135548
0.8313 0.0226822
0.83165 0.0135548
0.832 0.0107177
0.83235 0.0107177
0.8327 0.0114997
0.83305 0.0183756
0.8334 0.0150364
0.83375 0.0150364
0.8341 0.0046425
0.83445 0.0046425
0.8348 0.0046425
0.83515 0.0199016
0.8355 0.0176996
0.83585 0.0176996
0.8362 0.0155164999999999
0.83655 0.0134928
0.8369 0.0134928
0.83725 0.0107149
0.8376 0.0066196
0.83795 0.0066196
0.8383 0.012639
0.83865 0.0215184
0.839 0.0215184
0.83935 0.0215184
0.8397 0.0195305
0.84005 0.0180487
0.8404 0.0180487
0.84075 0.0180487
0.8411 0.0192308
0.84145 0.0192308
0.8418 0.0154224999999999
0.84215 0.0154224999999999
0.8425 0.0272595
0.84285 0.0290255
0.8432 0.0290255
0.84355 0.0297130999999999
0.8439 0.0249928
0.84425 0.0220953
0.8446 0.0220953
0.84495 0.0304592
0.8453 0.0304592
0.84565 0.0304592
0.846 0.0339852
0.84635 0.0339852
0.8467 0.0339852
0.84705 0.0401261
0.8474 0.0401261
0.84775 0.025098
0.8481 0.025098
0.84845 0.0286377
0.8488 0.0360509
0.84915 0.0360509
0.8495 0.0360509
0.84985 0.0133955
0.8502 0.0133955
0.85055 0.0336725
0.8509 0.0358168
0.85125 0.0343325
0.8516 0.0399497
0.85195 0.0389338
0.8523 0.0389338
0.85265 0.0338652
0.853 0.0338652
0.85335 0.0374173
0.8537 0.0374173
0.85405 0.0341041999999999
0.8544 0.0341041999999999
0.85475 0.0299077
0.8551 0.02948
0.85545 0.0294504
0.8558 0.0294504
0.85615 0.0281807
0.8565 0.0261322
0.85685 0.0261322
0.8572 0.0248583
0.85755 0.0225206999999999
0.8579 0.0200733
0.85825 0.0200201
0.8586 0.0200201
0.85895 0.0199524
0.8593 0.0190253
0.85965 0.0179279
0.86 0.0179279
0.86035 0.0139746
0.8607 0.0130985
0.86105 0.0116309
0.8614 0.0108253999999999
0.86175 0.0104912
0.8621 0.0091002
0.86245 0.0091002
0.8628 0.0088436
0.86315 0.0094068
0.8635 0.0093412
0.86385 0.0093412
0.8642 0.0085849
0.86455 0.0084506
0.8649 0.0085849
0.86525 0.0092055
0.8656 0.0099697
0.86595 0.0111885
0.8663 0.0117567
0.86665 0.0117567
0.867 0.0095707
0.86735 0.0095707
0.8677 0.0097752999999999
0.86805 0.0166908
0.8684 0.0193670999999999
0.86875 0.0170162999999999
0.8691 0.0193670999999999
0.86945 0.0178689
0.8698 0.0194089
0.87015 0.0184722
0.8705 0.0184722
0.87085 0.0181205
0.8712 0.0181205
0.87155 0.0192595999999999
0.8719 0.0227704
0.87225 0.0255532999999999
0.8726 0.0227704
0.87295 0.0191208
0.8733 0.0191208
0.87365 0.0209643
0.874 0.0229602
0.87435 0.0233763
0.8747 0.0233964
0.87505 0.0233763
0.8754 0.0228071
0.87575 0.0183613
0.8761 0.0228071
0.87645 0.0163293
0.8768 0.0163293
0.87715 0.0163293
0.8775 0.0125277
0.87785 0.0125277
0.8782 0.0122677
0.87855 0.0122677
0.8789 0.0144926
0.87925 0.0144926
0.8796 0.0064367
0.87995 0.005625
0.8803 0.0055151
0.88065 0.0052363999999999
0.881 0.0041041
0.88135 0.0039225
0.8817 0.0029629
0.88205 0.0021489
0.8824 0.0013865
0.88275 0.0013865
0.8831 0.0013865
0.88345 0.0013789
0.8838 0.0013585
0.88415 0.0013789
0.8845 0.0016699999999999
0.88485 0.0019288
0.8852 0.0021919
0.88555 0.0021919
0.8859 0.0020068
0.88625 0.0015899
0.8866 0.000926
0.88695 0.0008163
0.8873 0.0008163
0.88765 0.0008163
0.888 0.0008969
0.88835 0.0009806
0.8887 0.0012354
0.88905 0.0009806
0.8894 0.0013134
0.88975 0.0013530999999999
0.8901 0.0015442
0.89045 0.0014517999999999
0.8908 0.0014517999999999
0.89115 0.001443
0.8915 0.001443
0.89185 0.0012634
0.8922 0.0014862999999999
0.89255 0.0014862999999999
0.8929 0.0015317
0.89325 0.0015317
0.8936 0.0014504
0.89395 0.0013609
0.8943 0.0013315999999999
0.89465 0.0013315999999999
0.895 0.0013315999999999
0.89535 0.0012671
0.8957 0.0012671
0.89605 0.0013775
0.8964 0.0014936
0.89675 0.0017923
0.8971 0.0017923
0.89745 0.0018517
0.8978 0.0018517
0.89815 0.0020883
0.8985 0.0020883
0.89885 0.0017798999999999
0.8992 0.0008136
0.89955 0.0008136
0.8999 0.0006584
0.90025 0.0006584
0.9006 0.0006584
0.90095 0.0014887
0.9013 0.0027719
0.90165 0.0033969
0.902 0.0034223
0.90235 0.0033969
0.9027 0.0034223
0.90305 0.003258
0.9034 0.0038626
0.90375 0.0038626
0.9041 0.0049137
0.90445 0.0052832
0.9048 0.0084486
0.90515 0.0084486
0.9055 0.0054934
0.90585 0.0054934
0.9062 0.0054934
0.90655 0.0068415
0.9069 0.0054472999999999
0.90725 0.0066992
0.9076 0.0066992
0.90795 0.0066992
0.9083 0.0070268
0.90865 0.0039398
0.909 0.0075857
0.90935 0.0039398
0.9097 0.0040418
0.91005 0.0036461999999999
0.9104 0.0036273
0.91075 0.0036273
0.9111 0.003872
0.91145 0.004088
0.9118 0.004088
0.91215 0.004088
0.9125 0.0068191
0.91285 0.0068191
0.9132 0.0068191
0.91355 0.0044782
0.9139 0.0076872
0.91425 0.0023485
0.9146 0.0072358999999999
0.91495 0.0037604
0.9153 0.0041512
0.91565 0.0041512
0.916 0.0041512
0.91635 0.0054959
0.9167 0.0023378
0.91705 0.0024337
0.9174 0.0020840999999999
0.91775 0.0020840999999999
0.9181 0.0015071
0.91845 0.0015071
0.9188 0.0054053999999999
0.91915 0.0054053999999999
0.9195 0.0012515
0.91985 0.0012515
0.9202 0.0093591
0.92055 0.0093591
0.9209 0.0082511
0.92125 0.0052663
0.9216 0.0041508999999999
0.92195 0.0052663
0.9223 0.0057941
0.92265 0.0070327
0.923 0.0070327
0.92335 0.0041391
0.9237 0.0032701
0.92405 0.0041391
0.9244 0.0026354
0.92475 0.0078196
0.9251 0.007343
0.92545 0.007343
0.9258 0.0072959
0.92615 0.0038503
0.9265 0.0038503
0.92685 0.0038503
0.9272 0.0032926
0.92755 0.0032926
0.9279 0.0018518
0.92825 0.0043443
0.9286 0.0030949
0.92895 0.0050501999999999
0.9293 0.0037064999999999
0.92965 0.0037064999999999
0.93 0.0009722999999999
0.93035 0.0009722999999999
0.9307 0.0007224
0.93105 0.0019272
0.9314 0.0013404
0.93175 0.0021386
0.9321 0.0022554
0.93245 0.0022554
0.9328 0.0027904
0.93315 0.0027933
0.9335 0.0027933
0.93385 0.0010826
0.9342 0.0007539
0.93455 0.0007427
0.9349 0.0007539
0.93525 0.0007427
0.9356 0.0014529
0.93595 0.0019285999999999
0.9363 0.002276
0.93665 0.002276
0.937 0.0017309
0.93735 0.0017309
0.9377 0.0007699
0.93805 0.0007699
0.9384 0.0007699
0.93875 0.0028674
0.9391 0.0028674
0.93945 0.0029921999999999
0.9398 0.0017614
0.94015 0.002657
0.9405 0.0010439
0.94085 0.002657
0.9412 0.0031780999999999
0.94155 0.003203
0.9419 0.003614
0.94225 0.003203
0.9426 0.0032008
0.94295 0.0006353
0.9433 0.0006353
0.94365 0.0009603999999999
0.944 0.0009603999999999
0.94435 0.0003359
0.9447 0.0003359
0.94505 0.0022741999999999
0.9454 0.0022741999999999
0.94575 0.0022741999999999
0.9461 0.0014681
0.94645 0.0014681
0.9468 0.0014681
0.94715 0.0016389
0.9475 0.0016389
0.94785 0.0023561
0.9482 0.0027332
0.94855 0.0027555
0.9489 0.0027332
0.94925 0.0005571
0.9496 0.0005571
0.94995 0.0007494
0.9503 0.0012488
0.95065 0.0038047
0.951 0.0038047
0.95135 0.0016952
0.9517 0.0016952
0.95205 0.0018917
0.9524 0.0018917
0.95275 0.0011752
0.9531 0.000847
0.95345 0.000847
0.9538 0.0018969
0.95415 0.0024498
0.9545 0.0024498
0.95485 0.0024498
0.9552 0.0020063
0.95555 0.0025622
0.9559 0.0025622
0.95625 0.0025622
0.9566 0.0024715
0.95695 0.0009532
0.9573 0.0009532
0.95765 0.0039903
0.958 0.0039903
0.95835 0.0034000999999999
0.9587 0.0030567
0.95905 0.0030567
0.9594 0.0010248
0.95975 0.0010248
0.9601 0.0028071999999999
0.96045 0.0028071999999999
0.9608 0.0021468
0.96115 0.0021468
0.9615 0.0025933
0.96185 0.0035896
0.9622 0.0025933
0.96255 0.0007642
0.9629 0.0007642
0.96325 0.0014568
0.9636 0.0014568
0.96395 0.0013939
0.9643 0.0013939
0.96465 0.0032631
0.965 0.0032631
0.96535 0.002206
0.9657 0.00159
0.96605 0.002206
0.9664 0.00159
0.96675 0.001153
0.9671 0.0010042999999999
0.96745 0.0010042999999999
0.9678 0.0027323
0.96815 0.0027323
0.9685 0.0023354
0.96885 0.0015047
0.9692 0.0015047
0.96955 0.0031222
0.9699 0.0033503
0.97025 0.0033503
0.9706 0.0033503
0.97095 0.0033
0.9713 0.0033552
0.97165 0.003453
0.972 0.003453
0.97235 0.0029019
0.9727 0.002336
0.97305 0.0021687
0.9734 0.0014248
0.97375 0.0014248
0.9741 0.0014248
0.97445 0.0014607
0.9748 0.0022989
0.97515 0.0025058
0.9755 0.002888
0.97585 0.002888
0.9762 0.0020682
0.97655 0.0020682
0.9769 0.0027586
0.97725 0.0030609
0.9776 0.0030609
0.97795 0.0023214
0.9783 0.0012125
0.97865 0.0012125
0.979 0.0012125
0.97935 0.0017488
0.9797 0.0017767
0.98005 0.0019317999999999
0.9804 0.0017767
0.98075 0.0017722
0.9811 0.0017722
0.98145 0.0021088
0.9818 0.0021088
0.98215 0.001875
0.9825 0.0012966
0.98285 0.000977
0.9832 0.0012966
0.98355 0.0018035999999999
0.9839 0.0018962
0.98425 0.0018965
0.9846 0.0018965
0.98495 0.0019835
0.9853 0.0014477
0.98565 0.0013510999999999
0.986 0.0013217
0.98635 0.0013510999999999
0.9867 0.0009932
0.98705 0.0011241
0.9874 0.0011241
0.98775 0.0011241
0.9881 0.0007132999999999
0.98845 0.0004052
0.9888 0.0004052
0.98915 0.0006642
0.9895 0.0014423
0.98985 0.0009461
0.9902 0.001516
0.99055 0.0009461
0.9909 0.001516
0.99125 0.0012818
0.9916 0.0014911
0.99195 0.0012818
0.9923 0.0014911
0.99265 0.0015351
0.993 0.0016009
0.99335 0.0015585999999999
0.9937 0.0016009
0.99405 0.0015585999999999
0.9944 0.0016251999999999
0.99475 0.0014049
0.9951 0.0014049
0.99545 0.0014049
0.9958 0.0006203
0.99615 0.0015414
0.9965 0.0006203
0.99685 0.0015414
0.9972 0.0019625999999999
0.99755 0.0019625999999999
0.9979 0.0017071999999999
0.99825 0.001336
0.9986 0.0015014
0.99895 0.0012867
0.9993 0.0012867
