0.3 0.0060443
0.30035 0.0060577
0.3007 0.0060712
0.30105 0.0060848
0.3014 0.0060985
0.30175 0.0061123
0.3021 0.0061261
0.30245 0.0061401
0.3028 0.0061541
0.30315 0.0061681999999999
0.3035 0.0061823
0.30385 0.0061966
0.3042 0.0062108999999999
0.30455 0.0062253
0.3049 0.0062397
0.30525 0.0062542
0.3056 0.0062688
0.30595 0.0062835
0.3063 0.0062983
0.30665 0.0063131
0.307 0.006328
0.30735 0.006343
0.3077 0.006358
0.30805 0.0063732
0.3084 0.0063883
0.30875 0.0064036
0.3091 0.0064188999999999
0.30945 0.0064343
0.3098 0.0064498
0.31015 0.0064653
0.3105 0.0064808999999999
0.31085 0.0064966
0.3112 0.0065123
0.31155 0.0065281
0.3119 0.0065438999999999
0.31225 0.0065598999999999
0.3126 0.0065759
0.31295 0.006592
0.3133 0.0066081
0.31365 0.0066244
0.314 0.0066406
0.31435 0.0066569
0.3147 0.0066733
0.31505 0.0066897999999999
0.3154 0.0067062
0.31575 0.0067228
0.3161 0.0067393999999999
0.31645 0.0067561
0.3168 0.0067728
0.31715 0.0067894999999999
0.3175 0.0068063
0.31785 0.0068232
0.3182 0.0068401
0.31855 0.0068571
0.3189 0.0068741
0.31925 0.0068911
0.3196 0.0069083
0.31995 0.0069253999999999
0.3203 0.0069426
0.32065 0.0069597999999999
0.321 0.0069771
0.32135 0.0069944
0.3217 0.0070117999999999
0.32205 0.0070292
0.3224 0.0070466
0.32275 0.0070641
0.3231 0.0070816999999999
0.32345 0.0070992
0.3238 0.0071168
0.32415 0.0071343999999999
0.3245 0.0071521
0.32485 0.0071698
0.3252 0.0071875
0.32555 0.0072052999999999
0.3259 0.0072231
0.32625 0.0072408999999999
0.3266 0.0072588
0.32695 0.0072766
0.3273 0.0072944999999999
0.32765 0.0073125
0.328 0.0073304
0.32835 0.0073484
0.3287 0.0073664
0.32905 0.0073843999999999
0.3294 0.0074025
0.32975 0.0074205
0.3301 0.0074382999999999
0.33045 0.0074565
0.3308 0.0074748
0.33115 0.0074931
0.3315 0.0075113
0.33185 0.0075295
0.3322 0.0075477
0.33255 0.0075658999999999
0.3329 0.0075841
0.33325 0.0076024
0.3336 0.0076206999999999
0.33395 0.0076389
0.3343 0.0076572
0.33465 0.0076754999999999
0.335 0.0076938
0.33535 0.0077121
0.3357 0.0077304
0.33605 0.0077488
0.3364 0.0077671
0.33675 0.0077854
0.3371 0.0078038
0.33745 0.0078219999999999
0.3378 0.0078403
0.33815 0.0078586
0.3385 0.0078769
0.33885 0.0078952
0.3392 0.0079135
0.33955 0.0079318
0.3399 0.0079501
0.34025 0.0079684
0.3406 0.0079866
0.34095 0.0080048999999999
0.3413 0.0080232
0.34165 0.0080415
0.342 0.0080598
0.34235 0.008078
0.3427 0.0080963
0.34305 0.0081145
0.3434 0.0081328
0.34375 0.008151
0.3441 0.0081692
0.34445 0.0081875
0.3448 0.0082057
0.34515 0.0082239
0.3455 0.0082421
0.34585 0.0082602
0.3462 0.0082784
0.34655 0.0082966
0.3469 0.0083147
0.34725 0.0083328
0.3476 0.0083509
0.34795 0.008369
0.3483 0.0083871
0.34865 0.0084051
0.349 0.0084232
0.34935 0.0084412
0.3497 0.0084592
0.35005 0.0084772
0.3504 0.0084951
0.35075 0.0085131
0.3511 0.008531
0.35145 0.0085488999999999
0.3518 0.0085668
0.35215 0.0085846
0.3525 0.0086024
0.35285 0.0086203
0.3532 0.008638
0.35355 0.0086558
0.3539 0.0086735
0.35425 0.0086912
0.3546 0.0087089
0.35495 0.0087265
0.3553 0.0087442
0.35565 0.0087618
0.356 0.0087792
0.35635 0.0087967999999999
0.3567 0.0088143999999999
0.35705 0.0088317
0.3574 0.0088493
0.35775 0.0088666
0.3581 0.0088839
0.35845 0.0089014
0.3588 0.0089186
0.35915 0.008936
0.3595 0.008953
0.35985 0.0089701
0.3602 0.0089874
0.36055 0.0090043
0.3609 0.0090217999999999
0.36125 0.009039
0.3616 0.0090561
0.36195 0.0090731
0.3623 0.00909
0.36265 0.0091069999999999
0.363 0.0091238999999999
0.36335 0.0091408
0.3637 0.0091575
0.36405 0.0091742
0.3644 0.009191
0.36475 0.0092077
0.3651 0.0092243
0.36545 0.0092409
0.3658 0.0092573999999999
0.36615 0.0092739
0.3665 0.0092903999999999
0.36685 0.0093068
0.3672 0.0093232
0.36755 0.0093394999999999
0.3679 0.0093557
0.36825 0.009372
0.3686 0.0093881
0.36895 0.0094042999999999
0.3693 0.0094203999999999
0.36965 0.0094364
0.37 0.0094524
0.37035 0.0094682999999999
0.3707 0.009484
0.37105 0.0095
0.3714 0.0095158999999999
0.37175 0.0095316
0.3721 0.0095473
0.37245 0.009563
0.3728 0.0095782999999999
0.37315 0.0095942
0.3735 0.0096096
0.37385 0.009625
0.3742 0.0096405
0.37455 0.0096557999999999
0.3749 0.0096707
0.37525 0.0096864
0.3756 0.0097007999999999
0.37595 0.0097167
0.3763 0.0097312999999999
0.37665 0.0097469
0.377 0.0097618
0.37735 0.0097767999999999
0.3777 0.0097914
0.37805 0.0098062
0.3784 0.0098213
0.37875 0.0098355
0.3791 0.0098505
0.37945 0.0098627
0.3798 0.0098795
0.38015 0.009894
0.3805 0.0099087
0.38085 0.0099233
0.3812 0.0099377
0.38155 0.0099519999999999
0.3819 0.0099657999999999
0.38225 0.0099796
0.3826 0.0099943
0.38295 0.0100088
0.3833 0.0100228
0.38365 0.0100368
0.384 0.0100507
0.38435 0.0100647
0.3847 0.0100784999999999
0.38505 0.0100922999999999
0.3854 0.010106
0.38575 0.0101197
0.3861 0.0101332
0.38645 0.0101468
0.3868 0.0101602999999999
0.38715 0.0101737
0.3875 0.0101872
0.38785 0.0102008
0.3882 0.0102142999999999
0.38855 0.0102276
0.3889 0.0102408
0.38925 0.0102542
0.3896 0.0102676
0.38995 0.0102807
0.3903 0.0102937
0.39065 0.0103071
0.391 0.0103201
0.39135 0.0103331
0.3917 0.0103458
0.39205 0.0103588999999999
0.3924 0.0103717999999999
0.39275 0.0103842
0.3931 0.0103973
0.39345 0.0104101
0.3938 0.0104227
0.39415 0.0104348999999999
0.3945 0.0104479
0.39485 0.0104601
0.3952 0.0104725
0.39555 0.0104852
0.3959 0.0104972
0.39625 0.0105092
0.3966 0.0105218
0.39695 0.0105344
0.3973 0.0105459
0.39765 0.0105585
0.398 0.0105703999999999
0.39835 0.0105829
0.3987 0.0105944
0.39905 0.0106065
0.3994 0.0106185
0.39975 0.0106305
0.4001 0.0106422
0.40045 0.010654
0.4008 0.0106654
0.40115 0.0106755
0.4015 0.0106889
0.40185 0.0107005
0.4022 0.0107107
0.40255 0.0107233
0.4029 0.0107347
0.40325 0.0107461
0.4036 0.0107569
0.40395 0.0107685
0.4043 0.0107797
0.40465 0.0107907999999999
0.405 0.0108019999999999
0.40535 0.0108132
0.4057 0.0108237
0.40605 0.010834
0.4064 0.0108446
0.40675 0.0108557999999999
0.4071 0.0108669
0.40745 0.0108782
0.4078 0.0108891
0.40815 0.0108998
0.4085 0.0109105
0.40885 0.0109188999999999
0.4092 0.0109312999999999
0.40955 0.0109416
0.4099 0.0109517
0.41025 0.0109617999999999
0.4106 0.0109721
0.41095 0.0109822
0.4113 0.0109922999999999
0.41165 0.0110025
0.412 0.011012
0.41235 0.0110223
0.4127 0.0110321
0.41305 0.0110419
0.4134 0.0110505
0.41375 0.011061
0.4141 0.0110713
0.41445 0.0110808
0.4148 0.0110898
0.41515 0.0110988999999999
0.4155 0.0111084
0.41585 0.0111153
0.4162 0.011123
0.41655 0.0111367999999999
0.4169 0.0111469
0.41725 0.0111537
0.4176 0.0111641
0.41795 0.0111719
0.4183 0.0111836
0.41865 0.0111924
0.419 0.0112007
0.41935 0.0112074
0.4197 0.0112182
0.42005 0.0112247999999999
0.4204 0.0112346
0.42075 0.0112455
0.4211 0.0112545
0.42145 0.0112636
0.4218 0.0112719
0.42215 0.0112792
0.4225 0.0112889
0.42285 0.0112982
0.4232 0.0113058
0.42355 0.0113124
0.4239 0.011317
0.42425 0.0113297
0.4246 0.0113392999999999
0.42495 0.0113464
0.4253 0.0113568
0.42565 0.0113648
0.426 0.0113666
0.42635 0.0113777999999999
0.4267 0.0113886
0.42705 0.011395
0.4274 0.0114051
0.42775 0.0114125
0.4281 0.0114205
0.42845 0.0114279
0.4288 0.0114333
0.42915 0.0114431
0.4295 0.0114494
0.42985 0.0114577
0.4302 0.0114655
0.43055 0.0114714
0.4309 0.0114815
0.43125 0.0114878999999999
0.4316 0.0114952
0.43195 0.0115031
0.4323 0.0115107
0.43265 0.0115178
0.433 0.0115247999999999
0.43335 0.0115319999999999
0.4337 0.0115384
0.43405 0.0115456
0.4344 0.0115522
0.43475 0.0115595
0.4351 0.0115666
0.43545 0.0115732
0.4358 0.01158
0.43615 0.0115866
0.4365 0.0115911
0.43685 0.0115988
0.4372 0.0116057
0.43755 0.011613
0.4379 0.01162
0.43825 0.0116271
0.4386 0.0116341
0.43895 0.0116399
0.4393 0.0116465
0.43965 0.0116508
0.44 0.011653
0.44035 0.011654
0.4407 0.0116598999999999
0.44105 0.0116647
0.4414 0.0116722
0.44175 0.0116751
0.4421 0.011686
0.44245 0.0116966
0.4428 0.0117017999999999
0.44315 0.0117139
0.4435 0.0117207
0.44385 0.0117238999999999
0.4442 0.0117301
0.44455 0.0117398
0.4449 0.0117461
0.44525 0.0117507
0.4456 0.0117545
0.44595 0.011763
0.4463 0.0117707
0.44665 0.0117757
0.447 0.0117827
0.44735 0.0117882
0.4477 0.0117944
0.44805 0.0117991
0.4484 0.0118064
0.44875 0.0118114
0.4491 0.011818
0.44945 0.0118236
0.4498 0.0118287
0.45015 0.0118345
0.4505 0.0118403
0.45085 0.011845
0.4512 0.0118495
0.45155 0.0118547999999999
0.4519 0.0118605
0.45225 0.011864
0.4526 0.011872
0.45295 0.0118776
0.4533 0.0118797
0.45365 0.0118881
0.454 0.011893
0.45435 0.0118935
0.4547 0.0119027
0.45505 0.0119073
0.4554 0.0119131
0.45575 0.0119176
0.4561 0.0119221
0.45645 0.0119262999999999
0.4568 0.0119331
0.45715 0.0119334
0.4575 0.011942
0.45785 0.0119464
0.4582 0.01195
0.45855 0.0119552
0.4589 0.0119587
0.45925 0.0119612
0.4596 0.0119661
0.45995 0.0119712
0.4603 0.0119787
0.46065 0.0119857
0.461 0.0119917
0.46135 0.0119965
0.4617 0.0120022
0.46205 0.0120074
0.4624 0.0120124
0.46275 0.0120172999999999
0.4631 0.0120217
0.46345 0.0120262
0.4638 0.0120307
0.46415 0.0120351
0.4645 0.0120393999999999
0.46485 0.0120437999999999
0.4652 0.0120471
0.46555 0.0120512
0.4659 0.0120571
0.46625 0.0120597
0.4666 0.0120651
0.46695 0.0120694999999999
0.4673 0.0120747
0.46765 0.0120784999999999
0.468 0.0120822
0.46835 0.0120831
0.4687 0.0120855
0.46905 0.0120904
0.4694 0.0120936
0.46975 0.0121021
0.4701 0.0121068
0.47045 0.0121131
0.4708 0.0121198
0.47115 0.01212
0.4715 0.0121266
0.47185 0.012128
0.4722 0.012128
0.47255 0.0121307999999999
0.4729 0.0121412999999999
0.47325 0.0121459
0.4736 0.0121514
0.47395 0.0121574
0.4743 0.0121577999999999
0.47465 0.0121577999999999
0.475 0.0121651
0.47535 0.0121686
0.4757 0.0121732
0.47605 0.0121817
0.4764 0.0121829
0.47675 0.0121842
0.4771 0.0121922
0.47745 0.0121938999999999
0.4778 0.0121991
0.47815 0.0122017
0.4785 0.0122062999999999
0.47885 0.0122091
0.4792 0.0122116
0.47955 0.0122141
0.4799 0.0122163
0.48025 0.0122189
0.4806 0.0122209
0.48095 0.012225
0.4813 0.0122264
0.48165 0.0122288
0.482 0.0122289
0.48235 0.0122326
0.4827 0.0122356
0.48305 0.0122356
0.4834 0.0122381
0.48375 0.0122364
0.4841 0.0122364
0.48445 0.0122167
0.4848 0.012214
0.48515 0.0122036
0.4855 0.0122036
0.48585 0.0122098
0.4862 0.0122218999999999
0.48655 0.0122318
0.4869 0.0122548999999999
0.48725 0.0122548999999999
0.4876 0.0122707
0.48795 0.0122837
0.4883 0.0122966
0.48865 0.0123047
0.489 0.0123073
0.48935 0.0123057
0.4897 0.0123132
0.49005 0.0123219
0.4904 0.0123219
0.49075 0.0123225
0.4911 0.0123281
0.49145 0.0123325
0.4918 0.0123349
0.49215 0.0123396
0.4925 0.0123396
0.49285 0.0123396
0.4932 0.0123448
0.49355 0.0123501
0.4939 0.0123516
0.49425 0.0123555
0.4946 0.0123588
0.49495 0.0123605
0.4953 0.0123653
0.49565 0.0123667999999999
0.496 0.0123704
0.49635 0.0123723
0.4967 0.0123752999999999
0.49705 0.0123775
0.4974 0.0123797999999999
0.49775 0.0123824
0.4981 0.0123847
0.49845 0.0123863999999999
0.4988 0.0123872999999999
0.49915 0.0123912
0.4995 0.0123926
0.49985 0.0123945
0.50055 0.0123945
0.5009 0.0123945
0.50125 0.0124024
0.5016 0.0124039
0.50195 0.0124047
0.5023 0.0124047
0.50265 0.0124029
0.503 0.01239
0.50335 0.0123985
0.5037 0.0123985
0.50405 0.0123985
0.5044 0.0124099
0.50475 0.0124166
0.5051 0.0124185
0.50545 0.012419
0.5058 0.012419
0.50615 0.012419
0.5065 0.0124131
0.50685 0.0124198
0.5072 0.0124198
0.50755 0.0124251
0.5079 0.0124251
0.50825 0.0124251
0.5086 0.0124271
0.50895 0.0124313
0.5093 0.0124313
0.50965 0.0124313
0.51 0.0124344
0.51035 0.0124391
0.5107 0.0124455
0.51105 0.0124525
0.5114 0.0124539
0.51175 0.0124584
0.5121 0.0124697
0.51245 0.0124796
0.5128 0.0124861
0.51315 0.0124896
0.5135 0.0124922
0.51385 0.0124996
0.5142 0.0125019
0.51455 0.012503
0.5149 0.0125109
0.51525 0.012512
0.5156 0.0125176
0.51595 0.01252
0.5163 0.0125212
0.51665 0.0125258
0.517 0.0125276
0.51735 0.0125312
0.5177 0.0125329999999999
0.51805 0.0125348999999999
0.5184 0.0125376
0.51875 0.0125395
0.5191 0.0125413
0.51945 0.0125417999999999
0.5198 0.0125437999999999
0.52015 0.0125466
0.5205 0.0125484
0.52085 0.01255
0.5212 0.0125512
0.52155 0.0125535
0.5219 0.0125547999999999
0.52225 0.0125572
0.5226 0.0125591
0.52295 0.0125591
0.5233 0.0125567
0.52365 0.0125567
0.524 0.0125633
0.52435 0.012569
0.5247 0.012574
0.52505 0.0125771
0.5254 0.0125795
0.52575 0.0125827
0.5261 0.0125837
0.52645 0.0125837
0.5268 0.0125863
0.52715 0.0125873
0.5275 0.0125873
0.52785 0.0125873
0.5282 0.0125931
0.52855 0.0125931
0.5289 0.0125936
0.52925 0.0125936
0.5296 0.012594
0.52995 0.0125954999999999
0.5303 0.0125954999999999
0.53065 0.0125941
0.531 0.0125941
0.53135 0.0125992999999999
0.5317 0.0125992999999999
0.53205 0.0125981
0.5324 0.0125951
0.53275 0.0125951
0.5331 0.0125951
0.53345 0.0125952999999999
0.5338 0.0125957999999999
0.53415 0.0125964
0.5345 0.0125964
0.53485 0.0125932
0.5352 0.0125899
0.53555 0.0125836
0.5359 0.0125821
0.53625 0.0125741
0.5366 0.0125699
0.53695 0.0125631
0.5373 0.0125631
0.53765 0.0125525
0.538 0.0125436
0.53835 0.0125364999999999
0.5387 0.0125304
0.53905 0.0125231
0.5394 0.0125106
0.53975 0.0125022
0.5401 0.0124944
0.54045 0.0124704
0.5408 0.0124473999999999
0.54115 0.0124173999999999
0.5415 0.0123930999999999
0.54185 0.0123596
0.5422 0.0123416
0.54255 0.0123392
0.5429 0.0123412
0.54325 0.0123412
0.5436 0.0123566
0.54395 0.0123901
0.5443 0.0124306
0.54465 0.0124811
0.545 0.0125183
0.54535 0.0125211
0.5457 0.0125603
0.54605 0.0125862
0.5464 0.0125982
0.54675 0.0126238999999999
0.5471 0.012642
0.54745 0.0126487
0.5478 0.0126585
0.54815 0.0126615
0.5485 0.0126688999999999
0.54885 0.0126717999999999
0.5492 0.0126722
0.54955 0.0126757
0.5499 0.0126796
0.55025 0.0126834
0.5506 0.0126859
0.55095 0.0126868
0.5513 0.0126884
0.55165 0.0126897
0.552 0.012692
0.55235 0.0126927999999999
0.5527 0.0126927999999999
0.55305 0.0126927999999999
0.5534 0.0126944
0.55375 0.0126944
0.5541 0.0126944
0.55445 0.0126941
0.5548 0.0126942
0.55515 0.0126942
0.5555 0.0126942
0.55585 0.0126961
0.5562 0.0126974
0.55655 0.0126974
0.5569 0.0126974
0.55725 0.0126974999999999
0.5576 0.0127003
0.55795 0.0127009
0.5583 0.0127009
0.55865 0.0127023
0.559 0.0127045
0.55935 0.0127045
0.5597 0.0127064999999999
0.56005 0.0127066
0.5604 0.0127067999999999
0.56075 0.0127091
0.5611 0.0127094
0.56145 0.0127098
0.5618 0.0127099
0.56215 0.0127102
0.5625 0.0127106
0.56285 0.012712
0.5632 0.012712
0.56355 0.0127111
0.5639 0.0127104
0.56425 0.0127111
0.5646 0.0127108999999999
0.56495 0.0127108999999999
0.5653 0.0127102
0.56565 0.0127102
0.566 0.0127070999999999
0.56635 0.0127058
0.5667 0.0127058
0.56705 0.012706
0.5674 0.0127077
0.56775 0.0127077
0.5681 0.0126988
0.56845 0.0126988
0.5688 0.012698
0.56915 0.012703
0.5695 0.012698
0.56985 0.0126976
0.5702 0.0126976
0.57055 0.0127126
0.5709 0.0127126
0.57125 0.0127095
0.5716 0.0127067
0.57195 0.0127084
0.5723 0.0127084
0.57265 0.0127084
0.573 0.0127079
0.57335 0.0126941
0.5737 0.012694
0.57405 0.0126922
0.5744 0.0126822999999999
0.57475 0.0126816
0.5751 0.0126701
0.57545 0.0126816
0.5758 0.0126833
0.57615 0.0126833
0.5765 0.0126857999999999
0.57685 0.0126959
0.5772 0.0126983
0.57755 0.0127092
0.5779 0.0127176
0.57825 0.0127234
0.5786 0.0127368
0.57895 0.0127389
0.5793 0.0127473
0.57965 0.0127549999999999
0.58 0.0127625
0.58035 0.0127709
0.5807 0.0127746
0.58105 0.0127824
0.5814 0.0127854
0.58175 0.0127873999999999
0.5821 0.0127929
0.58245 0.012793
0.5828 0.0127932
0.58315 0.0127967999999999
0.5835 0.0128007
0.58385 0.0128012
0.5842 0.0128013
0.58455 0.0128038999999999
0.5849 0.0128038999999999
0.58525 0.012805
0.5856 0.0128054
0.58595 0.0128054
0.5863 0.0128051
0.58665 0.0128046
0.587 0.0128040999999999
0.58735 0.012804
0.5877 0.0128007
0.58805 0.0127957
0.5884 0.0127957
0.58875 0.0127954
0.5891 0.0127954
0.58945 0.0127954
0.5898 0.0127859
0.59015 0.0127859
0.5905 0.0127892
0.59085 0.0127892
0.5912 0.0127854
0.59155 0.0127835999999999
0.5919 0.0127835999999999
0.59225 0.0127825
0.5926 0.0127825
0.59295 0.0127823
0.5933 0.0127823
0.59365 0.0127687
0.594 0.0127668
0.59435 0.0127514
0.5947 0.0127514
0.59505 0.0127538
0.5954 0.0127538
0.59575 0.0127509
0.5961 0.0127509
0.59645 0.0127528
0.5968 0.0127542
0.59715 0.0127595
0.5975 0.0127597
0.59785 0.0127597
0.5982 0.0127597
0.59855 0.0127713
0.5989 0.0127714
0.59925 0.0127732
0.5996 0.0127783
0.59995 0.0127863
0.6003 0.0127881
0.60065 0.0127916
0.601 0.0127921
0.60135 0.0128047
0.6017 0.0128051
0.60205 0.0128128
0.6024 0.0128201
0.60275 0.0128252
0.6031 0.0128252
0.60345 0.0128323999999999
0.6038 0.0128338
0.60415 0.0128338
0.6045 0.0128338
0.60485 0.0128331
0.6052 0.0128355999999999
0.60555 0.0128331
0.6059 0.0128324999999999
0.60625 0.0128257999999999
0.6066 0.0128243
0.60695 0.0128243
0.6073 0.0128214
0.60765 0.0128119
0.608 0.0128075999999999
0.60835 0.0127959
0.6087 0.0127917
0.60905 0.0127911
0.6094 0.0127911
0.60975 0.0127911
0.6101 0.0127906
0.61045 0.0127838
0.6108 0.0127707
0.61115 0.0127561
0.6115 0.0127315
0.61185 0.0126964
0.6122 0.0126562999999999
0.61255 0.0126547999999999
0.6129 0.0126025
0.61325 0.0125295
0.6136 0.0124422
0.61395 0.0123771
0.6143 0.0123164
0.61465 0.0122668999999999
0.615 0.0122454
0.61535 0.0122444
0.6157 0.0122209
0.61605 0.0121663
0.6164 0.0121318
0.61675 0.0121038
0.6171 0.0120203999999999
0.61745 0.0118679
0.6178 0.0117118
0.61815 0.0117113
0.6185 0.011589
0.61885 0.0115234
0.6192 0.0114902
0.61955 0.0114902
0.6199 0.0115395
0.62025 0.0116276
0.6206 0.0117243
0.62095 0.0117247999999999
0.6213 0.0117777
0.62165 0.0118442
0.622 0.0119621
0.62235 0.0120899
0.6227 0.0121892999999999
0.62305 0.0122877999999999
0.6234 0.0123878999999999
0.62375 0.012388
0.6241 0.0124851
0.62445 0.0125625
0.6248 0.01262
0.62515 0.0126673999999999
0.6255 0.0127096
0.62585 0.0127473
0.6262 0.012775
0.62655 0.0127751
0.6269 0.0127905
0.62725 0.0128077
0.6276 0.0128197999999999
0.62795 0.0128259999999999
0.6283 0.0128485999999999
0.62865 0.0128587
0.629 0.0128673
0.62935 0.0128702
0.6297 0.0128775
0.63005 0.0128852
0.6304 0.0128933
0.63075 0.0128964
0.6311 0.0128975
0.63145 0.0128975
0.6318 0.0128949999999999
0.63215 0.0128949999999999
0.6325 0.0129082
0.63285 0.0129106
0.6332 0.0129153
0.63355 0.0129157
0.6339 0.0129197
0.63425 0.0129215
0.6346 0.012924
0.63495 0.012924
0.6353 0.012924
0.63565 0.0129257
0.636 0.0129257
0.63635 0.0129257
0.6367 0.0129253999999999
0.63705 0.0129253999999999
0.6374 0.0129253999999999
0.63775 0.012928
0.6381 0.0129281
0.63845 0.0129281
0.6388 0.0129281
0.63915 0.0129276
0.6395 0.0129276
0.63985 0.012928
0.6402 0.01293
0.64055 0.012928
0.6409 0.0129273
0.64125 0.0129227999999999
0.6416 0.0129191
0.64195 0.0129153
0.6423 0.0129135999999999
0.64265 0.0129153
0.643 0.0129135999999999
0.64335 0.0129129999999999
0.6437 0.0129123
0.64405 0.0129129999999999
0.6444 0.0129139
0.64475 0.0129139
0.6451 0.0129117
0.64545 0.0129074999999999
0.6458 0.0129048
0.64615 0.0128882
0.6465 0.0128882
0.64685 0.012897
0.6472 0.0129027
0.64755 0.0129027
0.6479 0.0128908999999999
0.64825 0.0128799
0.6486 0.0128722999999999
0.64895 0.0128712999999999
0.6493 0.0128637
0.64965 0.0128604999999999
0.65 0.0128566
0.65035 0.0128513
0.6507 0.0128508999999999
0.65105 0.0128393
0.6514 0.0128393
0.65175 0.0128393
0.6521 0.0128396
0.65245 0.0128359
0.6528 0.0128359
0.65315 0.0128218999999999
0.6535 0.0128157999999999
0.65385 0.0127949
0.6542 0.0127944
0.65455 0.0127851
0.6549 0.0127831
0.65525 0.0127788
0.6556 0.0127584
0.65595 0.0127273
0.6563 0.0127273
0.65665 0.0127307999999999
0.657 0.0127351
0.65735 0.0127351
0.6577 0.0127312
0.65805 0.0127303
0.6584 0.0127236
0.65875 0.0127141
0.6591 0.0127102
0.65945 0.0127102
0.6598 0.0127111
0.66015 0.012713
0.6605 0.0127166
0.66085 0.0127166
0.6612 0.0127066
0.66155 0.0126994
0.6619 0.0126863999999999
0.66225 0.0126712
0.6626 0.0126584
0.66295 0.0126565
0.6633 0.0126537
0.66365 0.0126511
0.664 0.0126511
0.66435 0.0126511
0.6647 0.0126477
0.66505 0.0126411
0.6654 0.0126116
0.66575 0.0126109
0.6661 0.0125779
0.66645 0.0125651
0.6668 0.0125651
0.66715 0.0125784
0.6675 0.0125811
0.66785 0.0125911
0.6682 0.0126076
0.66855 0.01261
0.6689 0.0126238
0.66925 0.0126430999999999
0.6696 0.0126702
0.66995 0.0127
0.6703 0.0127282
0.67065 0.0127546
0.671 0.0127727
0.67135 0.0127748999999999
0.6717 0.0128028999999999
0.67205 0.0128328
0.6724 0.0128557
0.67275 0.0128785
0.6731 0.0128947
0.67345 0.0129097
0.6738 0.0129192999999999
0.67415 0.0129227999999999
0.6745 0.0129322999999999
0.67485 0.0129443999999999
0.6752 0.0129595
0.67555 0.0129693999999999
0.6759 0.0129731
0.67625 0.0129799
0.6766 0.012985
0.67695 0.012986
0.6773 0.0129905
0.67765 0.0129933
0.678 0.0129933
0.67835 0.0129918999999999
0.6787 0.0129909
0.67905 0.0129821
0.6794 0.0129743
0.67975 0.0129725999999999
0.6801 0.0129633999999999
0.68045 0.0129557
0.6808 0.012946
0.68115 0.0129447
0.6815 0.0129308
0.68185 0.0129031
0.6822 0.0128808999999999
0.68255 0.0128806
0.6829 0.0128806
0.68325 0.0128852
0.6836 0.0128913999999999
0.68395 0.0128943999999999
0.6843 0.0129033999999999
0.68465 0.0129161
0.685 0.0129181
0.68535 0.0129217
0.6857 0.0129281
0.68605 0.0129347999999999
0.6864 0.0129347999999999
0.68675 0.0129325999999999
0.6871 0.0129325999999999
0.68745 0.0129658
0.6878 0.0129682
0.68815 0.0129682
0.6885 0.0129632999999999
0.68885 0.0129615
0.6892 0.0129615
0.68955 0.0129822
0.6899 0.012986
0.69025 0.0129854999999999
0.6906 0.0129875
0.69095 0.0129854999999999
0.6913 0.0129872
0.69165 0.0129863
0.692 0.0129863
0.69235 0.0129845
0.6927 0.0129815
0.69305 0.0129795999999999
0.6934 0.0129739
0.69375 0.0129697999999999
0.6941 0.0129697999999999
0.69445 0.0129594
0.6948 0.0129591
0.69515 0.0129397
0.6955 0.0129175
0.69585 0.012863
0.6962 0.012863
0.69655 0.012863
0.6969 0.0128294999999999
0.69725 0.0127932999999999
0.6976 0.0127882999999999
0.69795 0.0127491
0.6983 0.0127438
0.69865 0.0127117999999999
0.699 0.0126525
0.69935 0.0126491
0.6997 0.0125747999999999
0.70005 0.012508
0.7004 0.0124661
0.70075 0.0124292999999999
0.7011 0.0123822999999999
0.70145 0.0123262
0.7018 0.0122834
0.70215 0.0122651
0.7025 0.0122834
0.70285 0.0122937999999999
0.7032 0.0123437
0.70355 0.0123437
0.7039 0.0123328
0.70425 0.0123328
0.7046 0.0123526
0.70495 0.0123527999999999
0.7053 0.0124647
0.70565 0.0125648
0.706 0.012572
0.70635 0.0125944
0.7067 0.0125964
0.70705 0.0126307
0.7074 0.0126532
0.70775 0.0126722
0.7081 0.0127141
0.70845 0.0127482999999999
0.7088 0.0127654
0.70915 0.0127702999999999
0.7095 0.0127709
0.70985 0.0127877999999999
0.7102 0.0128235
0.71055 0.0128257
0.7109 0.0128492
0.71125 0.0128787999999999
0.7116 0.0128787999999999
0.71195 0.0128723999999999
0.7123 0.0128597
0.71265 0.0128597
0.713 0.0128755
0.71335 0.0128767
0.7137 0.0128917
0.71405 0.0128917
0.7144 0.0128711
0.71475 0.0128307
0.7151 0.012775
0.71545 0.0126834999999999
0.7158 0.0125592
0.71615 0.0125582
0.7165 0.0123874
0.71685 0.012203
0.7172 0.0119947
0.71755 0.0117882
0.7179 0.0115957
0.71825 0.0114196
0.7186 0.0112952
0.71895 0.0112381
0.7193 0.0110965
0.71965 0.0108579
0.72 0.0105975
0.72035 0.0104499
0.7207 0.0104279
0.72105 0.0103241
0.7214 0.0101791
0.72175 0.0101708
0.7221 0.0100981
0.72245 0.0100862
0.7228 0.0099789
0.72315 0.009751
0.7235 0.0094573
0.72385 0.0091945999999999
0.7242 0.0088177
0.72455 0.0087589
0.7249 0.0081767
0.72525 0.0074963
0.7256 0.0070913
0.72595 0.0070913
0.7263 0.0070638
0.72665 0.0066617
0.727 0.0064198
0.72735 0.006403
0.7277 0.006403
0.72805 0.0068463
0.7284 0.0075018
0.72875 0.0079303
0.7291 0.0081129
0.72945 0.0082522999999999
0.7298 0.0084232
0.73015 0.0084257999999999
0.7305 0.0087768999999999
0.73085 0.0092378
0.7312 0.0096646
0.73155 0.0099478
0.7319 0.0100728
0.73225 0.0102142
0.7326 0.0102983
0.73295 0.0103156
0.7333 0.0104897999999999
0.73365 0.0108224
0.734 0.0110372
0.73435 0.0111992
0.7347 0.0114092999999999
0.73505 0.0115042999999999
0.7354 0.0116496
0.73575 0.0116507
0.7361 0.0117408999999999
0.73645 0.0119687
0.7368 0.0119898
0.73715 0.0120951
0.7375 0.0122556
0.73785 0.0123529
0.7382 0.0124581
0.73855 0.0124581
0.7389 0.0125605
0.73925 0.0126397
0.7396 0.0127282
0.73995 0.0127855
0.7403 0.0128353999999999
0.74065 0.0128892
0.741 0.0129353999999999
0.74135 0.012938
0.7417 0.0129627
0.74205 0.0129868
0.7424 0.0130103999999999
0.74275 0.0130222999999999
0.7431 0.0130391
0.74345 0.0130534999999999
0.7438 0.0130602999999999
0.74415 0.0130617
0.7445 0.0130638
0.74485 0.0130658999999999
0.7452 0.0130658999999999
0.74555 0.0130658999999999
0.7459 0.0130666
0.74625 0.0130666
0.7466 0.0130642
0.74695 0.0130632999999999
0.7473 0.0130632999999999
0.74765 0.0130612
0.748 0.0130612
0.74835 0.0130612
0.7487 0.0130617
0.74905 0.0130617
0.7494 0.0130587
0.74975 0.0130573999999999
0.7501 0.0130537999999999
0.75045 0.0130537999999999
0.7508 0.0130571
0.75115 0.0130608
0.7515 0.0130608
0.75185 0.013056
0.7522 0.0130494
0.75255 0.0130494
0.7529 0.0130519
0.75325 0.0130608
0.7536 0.0130628
0.75395 0.0130628
0.7543 0.0130593
0.75465 0.0130543
0.755 0.0130529
0.75535 0.0130522
0.7557 0.0130502
0.75605 0.0130458
0.7564 0.0130389999999999
0.75675 0.0130301
0.7571 0.0130229999999999
0.75745 0.0130109
0.7578 0.0130029
0.75815 0.0130024
0.7585 0.012997
0.75885 0.0129894
0.7592 0.0129717
0.75955 0.0129217
0.7599 0.0129016
0.76025 0.012881
0.7606 0.0128667
0.76095 0.0128667
0.7613 0.0128817
0.76165 0.0128817
0.762 0.0128232
0.76235 0.0127954
0.7627 0.0127822
0.76305 0.0127735
0.7634 0.0127735
0.76375 0.0127735
0.7641 0.0127625
0.76445 0.0127361
0.7648 0.0127342999999999
0.76515 0.0127342999999999
0.7655 0.0127496
0.76585 0.0127496
0.7662 0.0127412
0.76655 0.0127397
0.7669 0.0127003999999999
0.76725 0.0127003999999999
0.7676 0.0127332
0.76795 0.012773
0.7683 0.012773
0.76865 0.0127595
0.769 0.0127577
0.76935 0.0127577
0.7697 0.0127672999999999
0.77005 0.0127672999999999
0.7704 0.0127646
0.77075 0.0127459
0.7711 0.0127455
0.77145 0.0127391
0.7718 0.0127387
0.77215 0.0127371
0.7725 0.0126942
0.77285 0.0126077999999999
0.7732 0.012527
0.77355 0.012527
0.7739 0.0125404
0.77425 0.0125802
0.7746 0.0125821
0.77495 0.0125821
0.7753 0.0125544
0.77565 0.012504
0.776 0.0124636
0.77635 0.0124402
0.7767 0.012429
0.77705 0.0124045
0.7774 0.0123697
0.77775 0.0123688
0.7781 0.0123169
0.77845 0.0122672
0.7788 0.0122221
0.77915 0.0121675
0.7795 0.0120572
0.77985 0.0119345
0.7802 0.0117802
0.78055 0.0117793
0.7809 0.0116091
0.78125 0.0115334999999999
0.7816 0.011503
0.78195 0.0114846
0.7823 0.0114746
0.78265 0.0114476
0.783 0.0113509
0.78335 0.0113501
0.7837 0.0111833
0.78405 0.0111833
0.7844 0.0113751
0.78475 0.0116397
0.7851 0.0116665
0.78545 0.0116665
0.7858 0.0115996
0.78615 0.0115996
0.7865 0.0116007
0.78685 0.0116402
0.7872 0.0116992
0.78755 0.0117502
0.7879 0.0118009
0.78825 0.0118473
0.7886 0.0118741
0.78895 0.0118763
0.7893 0.0118946
0.78965 0.0119023
0.79 0.0119108
0.79035 0.0119108
0.7907 0.01187
0.79105 0.0118254
0.7914 0.011736
0.79175 0.0117349
0.7921 0.0116201
0.79245 0.0114931
0.7928 0.0113804
0.79315 0.0113804
0.7935 0.0113827999999999
0.79385 0.0113827999999999
0.7942 0.0112564
0.79455 0.0112555
0.7949 0.0111402
0.79525 0.0110806
0.7956 0.0110806
0.79595 0.01109
0.7963 0.01109
0.79665 0.0110081
0.797 0.010946
0.79735 0.010944
0.7977 0.010944
0.79805 0.0109502
0.7984 0.0109856
0.79875 0.0110026
0.7991 0.0110172999999999
0.79945 0.0111291
0.7998 0.0112297
0.80015 0.0112302
0.8005 0.011255
0.80085 0.0113534999999999
0.8012 0.0113641
0.80155 0.0113649
0.8019 0.0113649
0.80225 0.0114774
0.8026 0.0115676
0.80295 0.0115723999999999
0.8033 0.0115723999999999
0.80365 0.0116379
0.804 0.0116932
0.80435 0.0117098
0.8047 0.0117973
0.80505 0.0118551
0.8054 0.0118869
0.80575 0.011888
0.8061 0.0119266
0.80645 0.0120095
0.8068 0.0120959999999999
0.80715 0.0121648
0.8075 0.0121854
0.80785 0.0121917
0.8082 0.0122402
0.80855 0.0122402
0.8089 0.0122309
0.80925 0.0122198
0.8096 0.0122198
0.80995 0.012282
0.8103 0.0123056
0.81065 0.0123153999999999
0.811 0.012346
0.81135 0.0123623999999999
0.8117 0.0124418
0.81205 0.0125003999999999
0.8124 0.0125466
0.81275 0.0125646
0.8131 0.012591
0.81345 0.012596
0.8138 0.0126807999999999
0.81415 0.0126834999999999
0.8145 0.0126834999999999
0.81485 0.0126836
0.8152 0.0126836
0.81555 0.0127669
0.8159 0.0127812999999999
0.81625 0.0127812999999999
0.8166 0.0128206
0.81695 0.0128464
0.8173 0.0128612
0.81765 0.0128612
0.818 0.0128612
0.81835 0.0129076
0.8187 0.0129222999999999
0.81905 0.0129297
0.8194 0.0129372999999999
0.81975 0.0129401
0.8201 0.0129589
0.82045 0.0129825999999999
0.8208 0.0129947
0.82115 0.0129987
0.8215 0.0130072999999999
0.82185 0.0130072999999999
0.8222 0.013002
0.82255 0.013
0.8229 0.013002
0.82325 0.0129886
0.8236 0.0129956999999999
0.82395 0.0129956999999999
0.8243 0.0130311
0.82465 0.0130311
0.825 0.0130262
0.82535 0.0130260999999999
0.8257 0.0130209
0.82605 0.0130209
0.8264 0.0130322999999999
0.82675 0.0130322999999999
0.8271 0.0130298
0.82745 0.0130298
0.8278 0.0130201
0.82815 0.0130338
0.8285 0.0130332
0.82885 0.0130332
0.8292 0.0130332
0.82955 0.01304
0.8299 0.01304
0.83025 0.0130456
0.8306 0.0130497
0.83095 0.0130497
0.8313 0.0130477999999999
0.83165 0.013044
0.832 0.0130311
0.83235 0.0130167
0.8327 0.0129831
0.83305 0.0129831
0.8334 0.0129667
0.83375 0.0129429
0.8341 0.0128778
0.83445 0.0128571
0.8348 0.0127892
0.83515 0.0126557
0.8355 0.0125755
0.83585 0.0124625
0.8362 0.0123644
0.83655 0.0123632999999999
0.8369 0.0122621
0.83725 0.0121584
0.8376 0.0120235
0.83795 0.0118766
0.8383 0.0116143999999999
0.83865 0.0115877999999999
0.839 0.0115877999999999
0.83935 0.0115877999999999
0.8397 0.011728
0.84005 0.011728
0.8404 0.0116766
0.84075 0.0114644
0.8411 0.0112046
0.84145 0.0112046
0.8418 0.0112274
0.84215 0.011228
0.8425 0.0116008
0.84285 0.0119661
0.8432 0.0119661
0.84355 0.0119444
0.8439 0.0117902
0.84425 0.0117902
0.8446 0.0118875
0.84495 0.0118997
0.8453 0.0120878999999999
0.84565 0.0120878999999999
0.846 0.0122438999999999
0.84635 0.0123591
0.8467 0.0123591
0.84705 0.0123469
0.8474 0.0123327
0.84775 0.0123319
0.8481 0.0123319
0.84845 0.0123186
0.8488 0.012386
0.84915 0.0124824
0.8495 0.0124824
0.84985 0.0124485
0.8502 0.0123688999999999
0.85055 0.0119957
0.8509 0.0119957
0.85125 0.0119957
0.8516 0.0122012
0.85195 0.0121173
0.8523 0.0121173
0.85265 0.0120023
0.853 0.01184
0.85335 0.0118217
0.8537 0.0116866
0.85405 0.0115477999999999
0.8544 0.0113841
0.85475 0.0112231
0.8551 0.0112182999999999
0.85545 0.0110612
0.8558 0.0109757999999999
0.85615 0.0106838
0.8565 0.0106838
0.85685 0.0104838
0.8572 0.0101213
0.85755 0.0098243
0.8579 0.0090731
0.85825 0.0090731
0.8586 0.0091292
0.85895 0.0091292
0.8593 0.0089432
0.85965 0.0088799
0.86 0.0084021
0.86035 0.0077691999999999
0.8607 0.0076202
0.86105 0.0070076
0.8614 0.0068253
0.86175 0.0066992
0.8621 0.0062272
0.86245 0.0062272
0.8628 0.0061751
0.86315 0.0062236
0.8635 0.006186
0.86385 0.006186
0.8642 0.0052003
0.86455 0.0051861999999999
0.8649 0.0052003
0.86525 0.0064375
0.8656 0.0065007
0.86595 0.0069929
0.8663 0.007023
0.86665 0.007023
0.867 0.0057171999999999
0.86735 0.0057171999999999
0.8677 0.0059203
0.86805 0.0067093999999999
0.8684 0.0079659999999999
0.86875 0.0081846
0.8691 0.008862
0.86945 0.0089705
0.8698 0.009136
0.87015 0.009136
0.8705 0.009136
0.87085 0.0088611
0.8712 0.0075911
0.87155 0.0088611
0.8719 0.0088546
0.87225 0.0099212
0.8726 0.0090348999999999
0.87295 0.0090348999999999
0.8733 0.0090348999999999
0.87365 0.009975
0.874 0.009975
0.87435 0.0103988
0.8747 0.0103988
0.87505 0.0103988
0.8754 0.0107187
0.87575 0.0091912
0.8761 0.0097579
0.87645 0.0097579
0.8768 0.0097579
0.87715 0.0099137999999999
0.8775 0.0086832
0.87785 0.0087229
0.8782 0.0086832
0.87855 0.0087229
0.8789 0.0095833
0.87925 0.0095833
0.8796 0.0049416
0.87995 0.0046298
0.8803 0.0046298
0.88065 0.0043299
0.881 0.0029733
0.88135 0.0029634
0.8817 0.0019741
0.88205 0.001051
0.8824 0.0003251
0.88275 0.0003251
0.8831 0.0003251
0.88345 0.0003268
0.8838 0.000292
0.88415 0.0003268
0.8845 0.0005716
0.88485 0.0009578
0.8852 0.0011252
0.88555 0.0011252
0.8859 0.0008976
0.88625 0.0004745
0.8866 8.340000000000001e-05
0.88695 5.06e-05
0.8873 5.06e-05
0.88765 6.840000000000001e-05
0.888 0.0001104
0.88835 0.0001104
0.8887 0.000237
0.88905 5.39e-05
0.8894 0.0002414
0.88975 0.0002868
0.8901 0.0004969
0.89045 0.000426
0.8908 0.0004308
0.89115 0.000426
0.8915 0.0004308
0.89185 0.0005277
0.8922 0.0005277
0.89255 0.0005277
0.8929 0.0005767999999999
0.89325 0.0005767999999999
0.8936 0.0004439
0.89395 0.0003488
0.8943 0.0003488
0.89465 0.0003786
0.895 0.0003786
0.89535 0.0002641
0.8957 0.0002641
0.89605 0.0004221999999999
0.8964 0.0006431
0.89675 0.0011561
0.8971 0.0011561
0.89745 0.0012602
0.8978 0.001167
0.89815 0.0012602
0.8985 0.0012128
0.89885 0.0012955
0.8992 0.0012128
0.89955 0.0011043
0.8999 0.0011043
0.90025 0.0025345
0.9006 0.0030172
0.90095 0.0031542
0.9013 0.0035110999999999
0.90165 0.0041528999999999
0.902 0.0041528999999999
0.90235 0.004724
0.9027 0.0049451999999999
0.90305 0.0049451999999999
0.9034 0.0061056999999999
0.90375 0.0044902
0.9041 0.0062991
0.90445 0.0075326
0.9048 0.0076922
0.90515 0.0077813999999999
0.9055 0.0085104
0.90585 0.0094507
0.9062 0.0094507
0.90655 0.0078915
0.9069 0.0078915
0.90725 0.00868
0.9076 0.00868
0.90795 0.0100451
0.9083 0.006006
0.90865 0.0105882
0.909 0.0103558
0.90935 0.0103558
0.9097 0.0073327
0.91005 0.0073327
0.9104 0.0108157999999999
0.91075 0.0108157999999999
0.9111 0.0110121
0.91145 0.0110121
0.9118 0.0110121
0.91215 0.0107798999999999
0.9125 0.010425
0.91285 0.0103397
0.9132 0.010425
0.91355 0.010595
0.9139 0.0107216
0.91425 0.0111224999999999
0.9146 0.0112142
0.91495 0.0112922
0.9153 0.0112922
0.91565 0.0099597
0.916 0.0099597
0.91635 0.0099335
0.9167 0.0112516
0.91705 0.0113267999999999
0.9174 0.0117295
0.91775 0.0117295
0.9181 0.0117797999999999
0.91845 0.0117797999999999
0.9188 0.0117797999999999
0.91915 0.0118756
0.9195 0.0117799
0.91985 0.0117799
0.9202 0.0114717999999999
0.92055 0.0110431
0.9209 0.0114717999999999
0.92125 0.0110431
0.9216 0.0106649
0.92195 0.0096102999999999
0.9223 0.00621
0.92265 0.0096102999999999
0.923 0.0117896
0.92335 0.0117896
0.9237 0.0118555999999999
0.92405 0.0116464
0.9244 0.0116464
0.92475 0.0114431
0.9251 0.0113362
0.92545 0.0113362
0.9258 0.0102951
0.92615 0.0102951
0.9265 0.0102951
0.92685 0.0081354
0.9272 0.0119545
0.92755 0.0119545
0.9279 0.0119545
0.92825 0.0112421
0.9286 0.0112421
0.92895 0.0118428
0.9293 0.0118428
0.92965 0.0117352999999999
0.93 0.0116238
0.93035 0.0093543
0.9307 0.0075911
0.93105 0.0080362
0.9314 0.0080362
0.93175 0.0080362
0.9321 0.008136
0.93245 0.008136
0.9328 0.0121439
0.93315 0.0121439
0.9335 0.0108843
0.93385 0.0108843
0.9342 0.0108775
0.93455 0.0108775
0.9349 0.0108775
0.93525 0.0100765
0.9356 0.0124766
0.93595 0.0117302
0.9363 0.0122306
0.93665 0.0117302
0.937 0.0122306
0.93735 0.0122051
0.9377 0.0122051
0.93805 0.0113162
0.9384 0.0076186
0.93875 0.0076186
0.9391 0.0112079
0.93945 0.0112079
0.9398 0.0107353999999999
0.94015 0.0107353999999999
0.9405 0.0103021
0.94085 0.0120149
0.9412 0.011765
0.94155 0.0126608
0.9419 0.0126608
0.94225 0.0126608
0.9426 0.012496
0.94295 0.0123693
0.9433 0.0123693
0.94365 0.0123693
0.944 0.0121731
0.94435 0.0121731
0.9447 0.0123402
0.94505 0.0123402
0.9454 0.0124509
0.94575 0.0120644999999999
0.9461 0.0124514
0.94645 0.0119121
0.9468 0.0117767999999999
0.94715 0.0109427
0.9475 0.0106262999999999
0.94785 0.0109427
0.9482 0.0122873
0.94855 0.0123268999999999
0.9489 0.0122873
0.94925 0.0106102
0.9496 0.0106102
0.94995 0.012254
0.9503 0.0123306
0.95065 0.0123306
0.951 0.0121512
0.95135 0.0120548
0.9517 0.0120548
0.95205 0.0120548
0.9524 0.0120874
0.95275 0.012028
0.9531 0.0123604
0.95345 0.0124334
0.9538 0.0124947999999999
0.95415 0.0124947999999999
0.9545 0.0124827999999999
0.95485 0.0124152999999999
0.9552 0.0122955
0.95555 0.0123038
0.9559 0.0122388999999999
0.95625 0.0122388999999999
0.9566 0.0121643999999999
0.95695 0.0121132
0.9573 0.01206
0.95765 0.01206
0.958 0.01206
0.95835 0.0120308999999999
0.9587 0.0120052
0.95905 0.0119516
0.9594 0.0117925
0.95975 0.0117267
0.9601 0.0116267999999999
0.96045 0.0116267999999999
0.9608 0.0112696
0.96115 0.0111083
0.9615 0.0110347999999999
0.96185 0.0108642
0.9622 0.0105724
0.96255 0.0104844
0.9629 0.0099215
0.96325 0.0097312
0.9636 0.0092605
0.96395 0.0092589
0.9643 0.0092155
0.96465 0.0090313999999999
0.965 0.0086359
0.96535 0.0085908999999999
0.9657 0.0083159
0.96605 0.0080621
0.9664 0.0079491
0.96675 0.0079491
0.9671 0.0078706
0.96745 0.0071223
0.9678 0.0071223
0.96815 0.0082047
0.9685 0.0082047
0.96885 0.0079414
0.9692 0.0075991
0.96955 0.0074873
0.9699 0.0071706
0.97025 0.0063383
0.9706 0.0053271
0.97095 0.0051438
0.9713 0.0053271
0.97165 0.005987
0.972 0.0066803
0.97235 0.0072823
0.9727 0.0075138
0.97305 0.0075138
0.9734 0.0072211
0.97375 0.0071507
0.9741 0.0070824
0.97445 0.0070824
0.9748 0.0072485
0.97515 0.007416
0.9755 0.0075334999999999
0.97585 0.0081283
0.9762 0.0081283
0.97655 0.0076086
0.9769 0.0072246
0.97725 0.00757
0.9776 0.0071718
0.97795 0.0071718
0.9783 0.006878
0.97865 0.0060094
0.979 0.0060094
0.97935 0.0072617
0.9797 0.0072617
0.98005 0.0058431
0.9804 0.0048537
0.98075 0.0048537
0.9811 0.0048537
0.98145 0.0047607
0.9818 0.0047607
0.98215 0.0041733
0.9825 0.0041733
0.98285 0.0002972
0.9832 0.002978
0.98355 0.002978
0.9839 0.0031171999999999
0.98425 0.0032033
0.9846 0.0031171999999999
0.98495 0.0034579
0.9853 0.0008045
0.98565 0.0016128
0.986 0.0008045
0.98635 0.001448
0.9867 0.0010707
0.98705 0.0013856
0.9874 0.0012022
0.98775 0.0013856
0.9881 0.0012022
0.98845 1.46e-05
0.9888 1.46e-05
0.98915 0.0001337
0.9895 0.0013752
0.98985 0.0006801
0.9902 0.0017190999999999
0.99055 0.0006801
0.9909 0.0017190999999999
0.99125 0.0018479
0.9916 0.0019126999999999
0.99195 0.0018479
0.9923 0.0021406999999999
0.99265 0.0026871
0.993 0.0026871
0.99335 0.0025363
0.9937 0.0023316
0.99405 0.0023316
0.9944 0.0026011999999999
0.99475 0.0026011999999999
0.9951 0.0013697
0.99545 0.0013697
0.9958 1.73e-05
0.99615 0.0016277
0.9965 1.1e-05
0.99685 0.0016277
0.9972 0.0026148
0.99755 0.0026148
0.9979 0.0030519
0.99825 0.0015712
0.9986 0.0021836
0.99895 0.0018024999999999
0.9993 0.0018024999999999
