0.3 0.5337059000000001
0.30035 0.5337937
0.3007 0.5338811
0.30105 0.533968
0.3014 0.5340545999999999
0.30175 0.5341406999999999
0.3021 0.5342263
0.30245 0.5343116
0.3028 0.5343965
0.30315 0.5344809
0.3035 0.5345649
0.30385 0.5346486
0.3042 0.5347269
0.30455 0.5348046999999999
0.3049 0.5348822
0.30525 0.5349592
0.3056 0.535036
0.30595 0.5351123000000001
0.3063 0.5351883000000001
0.30665 0.5352640000000001
0.307 0.5353393
0.30735 0.5354142
0.3077 0.5354888000000001
0.30805 0.535563
0.3084 0.5356369000000001
0.30875 0.5357104
0.3091 0.5357835999999999
0.30945 0.5358564
0.3098 0.5359289
0.31015 0.5360010999999999
0.3105 0.5360729000000001
0.31085 0.5361443
0.3112 0.5362154
0.31155 0.5362861999999999
0.3119 0.5363566
0.31225 0.5364272
0.3126 0.5364978
0.31295 0.536568
0.3133 0.5366379
0.31365 0.5367074000000001
0.314 0.5367765999999999
0.31435 0.5368455
0.3147 0.536914
0.31505 0.5369822
0.3154 0.5370501
0.31575 0.5371176
0.3161 0.5371848000000001
0.31645 0.5372517
0.3168 0.5373183000000001
0.31715 0.5373845
0.3175 0.5374504
0.31785 0.537516
0.3182 0.5375812
0.31855 0.5376460999999999
0.3189 0.5377107
0.31925 0.537775
0.3196 0.5378389
0.31995 0.5379025
0.3203 0.5379658
0.32065 0.5380288000000001
0.321 0.5380914000000001
0.32135 0.5381538
0.3217 0.5382158
0.32205 0.5382775
0.3224 0.5383388000000001
0.32275 0.5383998999999999
0.3231 0.5384606
0.32345 0.538521
0.3238 0.5385810999999999
0.32415 0.5386408
0.3245 0.5387003
0.32485 0.5387594
0.3252 0.5388182
0.32555 0.5388767
0.3259 0.5389348
0.32625 0.5389927
0.3266 0.5390501999999999
0.32695 0.5391074
0.3273 0.5391643
0.32765 0.5392208000000001
0.328 0.5392769000000001
0.32835 0.5393326999999999
0.3287 0.539388
0.32905 0.5394426
0.3294 0.539496
0.32975 0.5395458000000001
0.3301 0.5395759
0.33045 0.5396338
0.3308 0.5397082
0.33115 0.5397662
0.3315 0.539821
0.33185 0.5398746
0.3322 0.5399276
0.33255 0.5399801
0.3329 0.5400322
0.33325 0.5400839
0.3336 0.5401353
0.33395 0.5401863
0.3343 0.5402371
0.33465 0.5402875
0.335 0.5403376
0.33535 0.5403874
0.3357 0.5404369000000001
0.33605 0.540486
0.3364 0.5405349
0.33675 0.5405833999999999
0.3371 0.5406316999999999
0.33745 0.5406795
0.3378 0.5407269
0.33815 0.5407741
0.3385 0.5408208999999999
0.33885 0.5408675000000001
0.3392 0.5409136999999999
0.33955 0.5409595
0.3399 0.5410050999999999
0.34025 0.5410504
0.3406 0.5410953000000001
0.34095 0.5411399
0.3413 0.5411842
0.34165 0.5412281999999999
0.342 0.5412719
0.34235 0.5413151999999999
0.3427 0.5413583000000001
0.34305 0.541401
0.3434 0.5414434
0.34375 0.5414855
0.3441 0.5415273
0.34445 0.5415687
0.3448 0.5416099
0.34515 0.5416508000000001
0.3455 0.5416913000000001
0.34585 0.5417316
0.3462 0.5417715
0.34655 0.5418111
0.3469 0.5418504
0.34725 0.5418894000000001
0.3476 0.5419281
0.34795 0.5419665
0.3483 0.5420046
0.34865 0.5420424
0.349 0.5420798000000001
0.34935 0.542117
0.3497 0.5421538
0.35005 0.5421904000000001
0.3504 0.5422266
0.35075 0.5422626
0.3511 0.5422982
0.35145 0.5423336
0.3518 0.5423686
0.35215 0.5424034000000001
0.3525 0.5424378000000001
0.35285 0.5424719
0.3532 0.5425058
0.35355 0.5425393000000001
0.3539 0.5425725
0.35425 0.5426054
0.3546 0.5426345
0.35495 0.5426669
0.3553 0.5426986
0.35565 0.5426986
0.356 0.5427295999999999
0.35635 0.5427723000000001
0.3567 0.5427736999999999
0.35705 0.5428241
0.3574 0.5428681
0.35775 0.5428681
0.3581 0.5428681
0.35845 0.5428972
0.3588 0.5429083
0.35915 0.5429008000000001
0.3595 0.5429008000000001
0.35985 0.5429008000000001
0.3602 0.5428904999999999
0.36055 0.5429421
0.3609 0.5430523
0.36125 0.5431286999999999
0.3616 0.5431848000000001
0.36195 0.5432206999999999
0.3623 0.5432406999999999
0.36265 0.5432788000000001
0.363 0.5433101
0.36335 0.5433372
0.3637 0.5433549
0.36405 0.5433611999999999
0.3644 0.5434094
0.36475 0.5434355
0.3651 0.5434571
0.36545 0.5434571
0.3658 0.5434743000000001
0.36615 0.5435076999999999
0.3665 0.5435386999999999
0.36685 0.5435478
0.3672 0.5435618
0.36755 0.5435937
0.3679 0.543596
0.36825 0.543596
0.3686 0.5436204000000001
0.36895 0.5436638
0.3693 0.5436671
0.36965 0.5436763000000001
0.37 0.5436763000000001
0.37035 0.5436678
0.3707 0.5436472
0.37105 0.5436472
0.3714 0.5437270000000001
0.37175 0.5437378
0.3721 0.5437378
0.37245 0.5437378
0.3728 0.5437665
0.37315 0.5438039000000001
0.3735 0.5438039000000001
0.37385 0.5438039000000001
0.3742 0.5438086999999999
0.37455 0.5438086999999999
0.3749 0.5438086999999999
0.37525 0.5435833000000001
0.3756 0.5438546
0.37595 0.5436314999999999
0.3763 0.5438819
0.37665 0.543826
0.377 0.5438926
0.37735 0.543826
0.3777 0.5437309
0.37805 0.5437309
0.3784 0.5437125
0.37875 0.54384
0.3791 0.5436917
0.37945 0.5437496
0.3798 0.5437029000000001
0.38015 0.5437496
0.3805 0.5439010999999999
0.38085 0.5439681
0.3812 0.5440148
0.38155 0.5440148
0.3819 0.5438039000000001
0.38225 0.5438039000000001
0.3826 0.5438396
0.38295 0.5441064999999999
0.3833 0.5441168000000001
0.38365 0.544113
0.384 0.5441594
0.38435 0.5442214
0.3847 0.5442256999999999
0.38505 0.5442423000000001
0.3854 0.5442438
0.38575 0.5442591
0.3861 0.5442591
0.38645 0.5442591
0.3868 0.5442499
0.38715 0.5442556
0.3875 0.5442471
0.38785 0.5442556
0.3882 0.5442471
0.38855 0.5442043000000001
0.3889 0.5441765000000001
0.38925 0.5441765000000001
0.3896 0.544229
0.38995 0.544229
0.3903 0.544229
0.39065 0.5442478000000001
0.391 0.5442478000000001
0.39135 0.5442431999999999
0.3917 0.5442033000000001
0.39205 0.5442019
0.3924 0.5442019
0.39275 0.544186
0.3931 0.544186
0.39345 0.5441921999999999
0.3938 0.5441921999999999
0.39415 0.5441789
0.3945 0.5439844
0.39485 0.5439844
0.3952 0.5439844
0.39555 0.5438901999999999
0.3959 0.5438651999999999
0.39625 0.5438651999999999
0.3966 0.5438879
0.39695 0.5438879
0.3973 0.5440100999999999
0.39765 0.5439109000000001
0.398 0.5440100999999999
0.39835 0.5440179
0.3987 0.5440911
0.39905 0.5440670999999999
0.3994 0.5440911
0.39975 0.5441728
0.4001 0.5441927
0.40045 0.5441728
0.4008 0.5440302
0.40115 0.5440302
0.4015 0.5441996
0.40185 0.5441996
0.4022 0.5441405
0.40255 0.5441405
0.4029 0.5441465
0.40325 0.5441465
0.4036 0.5441636999999999
0.40395 0.5441636999999999
0.4043 0.5441715
0.40465 0.5441938000000001
0.405 0.5441938000000001
0.40535 0.5441967
0.4057 0.5441967
0.40605 0.5440865
0.4064 0.5440865
0.40675 0.5441026999999999
0.4071 0.5441699000000001
0.40745 0.5442431999999999
0.4078 0.5442526999999999
0.40815 0.5442598000000001
0.4085 0.5442598000000001
0.40885 0.5442667
0.4092 0.5442701
0.40955 0.5442701
0.4099 0.5442343000000001
0.41025 0.5442144
0.4106 0.5442144
0.41095 0.5442144
0.4113 0.5442138000000001
0.41165 0.5441411999999999
0.412 0.5441467
0.41235 0.5440751
0.4127 0.5440751
0.41305 0.5440114
0.4134 0.543758
0.41375 0.543758
0.4141 0.5439556
0.41445 0.5439556
0.4148 0.5435883
0.41515 0.5432049
0.4155 0.5431874
0.41585 0.542371
0.4162 0.542371
0.41655 0.5433163000000001
0.4169 0.5433163000000001
0.41725 0.5428734000000001
0.4176 0.542033
0.41795 0.5428734000000001
0.4183 0.5436709
0.41865 0.5436709
0.419 0.5434323
0.41935 0.5433388000000001
0.4197 0.5423334
0.42005 0.5428681
0.4204 0.5428681
0.42075 0.5437365
0.4211 0.5437453000000001
0.42145 0.5437453000000001
0.4218 0.5434021
0.42215 0.5432898
0.4225 0.5432898
0.42285 0.5432898
0.4232 0.5429891
0.42355 0.5416960999999999
0.4239 0.5416960999999999
0.42425 0.5420248000000001
0.4246 0.5420248000000001
0.42495 0.5427503
0.4253 0.5431381
0.42565 0.5431381
0.426 0.5412461999999999
0.42635 0.5412461999999999
0.4267 0.5421843000000001
0.42705 0.5430088000000001
0.4274 0.5430818000000001
0.42775 0.5433005
0.4281 0.5431552
0.42845 0.5431552
0.4288 0.5430393
0.42915 0.5425531
0.4295 0.54276
0.42985 0.54276
0.4302 0.54276
0.43055 0.5428885
0.4309 0.5430996
0.43125 0.5430996
0.4316 0.5430996
0.43195 0.5434595
0.4323 0.5436141
0.43265 0.5436141
0.433 0.5436066999999999
0.43335 0.5435774999999999
0.4337 0.5435074000000001
0.43405 0.5433611999999999
0.4344 0.5433658
0.43475 0.5433658
0.4351 0.5433658
0.43545 0.5433485
0.4358 0.5433339
0.43615 0.5432263
0.4365 0.5426823000000001
0.43685 0.5426823000000001
0.4372 0.5427889
0.43755 0.5429061
0.4379 0.5430068
0.43825 0.5430068
0.4386 0.5430068
0.43895 0.5431161999999999
0.4393 0.5427021
0.43965 0.5425989
0.44 0.5422203
0.44035 0.540862
0.4407 0.5401374
0.44105 0.5403156
0.4414 0.5401374
0.44175 0.5400139
0.4421 0.5400139
0.44245 0.5400139
0.4428 0.5414481
0.44315 0.5424475999999999
0.4435 0.5424475999999999
0.44385 0.5404938
0.4442 0.5404938
0.44455 0.5423621999999999
0.4449 0.5423621999999999
0.44525 0.5415163000000001
0.4456 0.5415163000000001
0.44595 0.5415833999999999
0.4463 0.5419619999999999
0.44665 0.5426259
0.447 0.5425144000000001
0.44735 0.5427684
0.4477 0.5425144000000001
0.44805 0.5427684
0.4484 0.542729
0.44875 0.5429829
0.4491 0.5430054
0.44945 0.5430054
0.4498 0.5428488
0.45015 0.5428488
0.4505 0.5428488
0.45085 0.5424861999999999
0.4512 0.5418435
0.45155 0.5417727
0.4519 0.541674
0.45225 0.5417727
0.4526 0.5422304
0.45295 0.5422304
0.4533 0.5423608
0.45365 0.5423842
0.454 0.5423842
0.45435 0.5420064
0.4547 0.5417295
0.45505 0.5420064
0.4554 0.541842
0.45575 0.541842
0.4561 0.5414398
0.45645 0.5414398
0.4568 0.5411309
0.45715 0.5420529000000001
0.4575 0.5419614
0.45785 0.5419614
0.4582 0.5419614
0.45855 0.5418174
0.4589 0.5417844
0.45925 0.5414585
0.4596 0.5412401
0.45995 0.5414585
0.4603 0.5417346
0.46065 0.5421142
0.461 0.5422191
0.46135 0.5422489
0.4617 0.5423312
0.46205 0.5423498000000001
0.4624 0.5423498000000001
0.46275 0.5424210999999999
0.4631 0.5424210999999999
0.46345 0.5423844
0.4638 0.5423669
0.46415 0.5422885000000001
0.4645 0.5421849
0.46485 0.5421409
0.4652 0.5415219
0.46555 0.5415219
0.4659 0.5411745
0.46625 0.5410819
0.4666 0.5408614
0.46695 0.5410262
0.4673 0.5408614
0.46765 0.5406711
0.468 0.5400130999999999
0.46835 0.5392113000000001
0.4687 0.5370371
0.46905 0.5370071999999999
0.4694 0.5370071999999999
0.46975 0.5379124
0.4701 0.5380996
0.47045 0.5396966
0.4708 0.5396966
0.47115 0.5400003000000001
0.4715 0.5388408
0.47185 0.5388408
0.4722 0.5372939
0.47255 0.5372939
0.4729 0.5385406999999999
0.47325 0.5387366
0.4736 0.5394594
0.47395 0.5394594
0.4743 0.5405514
0.47465 0.53861
0.475 0.5405514
0.47535 0.537082
0.4757 0.5406038000000001
0.47605 0.5396398
0.4764 0.5396398
0.47675 0.5396398
0.4771 0.5399214
0.47745 0.5407890000000001
0.4778 0.5400444999999999
0.47815 0.5407808000000001
0.4785 0.5405734999999999
0.47885 0.5405734999999999
0.4792 0.540388
0.47955 0.5403151999999999
0.4799 0.5400659999999999
0.48025 0.5400441
0.4806 0.5398866
0.48095 0.5396788
0.4813 0.5394773
0.48165 0.5391829
0.482 0.5384335
0.48235 0.5384335
0.4827 0.5384915
0.48305 0.5384915
0.4834 0.537116
0.48375 0.5359651
0.4841 0.5349022
0.48445 0.5325369000000001
0.4848 0.5309659000000001
0.48515 0.5309659000000001
0.4855 0.5309659000000001
0.48585 0.5316668999999999
0.4862 0.5331368000000001
0.48655 0.5343585
0.4869 0.5359534
0.48725 0.5359534
0.4876 0.534183
0.48795 0.534183
0.4883 0.5372177
0.48865 0.5372177
0.489 0.5385831999999999
0.48935 0.5355347
0.4897 0.5385831999999999
0.49005 0.5380583000000001
0.4904 0.5380583000000001
0.49075 0.5380583000000001
0.4911 0.5381522
0.49145 0.5387599000000001
0.4918 0.5389366
0.49215 0.5387599000000001
0.4925 0.5382292
0.49285 0.5382292
0.4932 0.5382292
0.49355 0.5382292
0.4939 0.5394783000000001
0.49425 0.5394783000000001
0.4946 0.5394783000000001
0.49495 0.5398093
0.4953 0.5396866
0.49565 0.5402398
0.496 0.5398714
0.49635 0.5401249
0.4967 0.5400068
0.49705 0.5400068
0.4974 0.5398626999999999
0.49775 0.5398531999999999
0.4981 0.5397976
0.49845 0.5394334
0.4988 0.5394334
0.49915 0.5389223000000001
0.4995 0.5395688
0.49985 0.5389
0.50055 0.5367847
0.5009 0.5367847
0.50125 0.5376174
0.5016 0.5376174
0.50195 0.5371726
0.5023 0.5368175999999999
0.50265 0.5337232
0.503 0.5293953
0.50335 0.5307745
0.5037 0.5307745
0.50405 0.5307745
0.5044 0.5339264
0.50475 0.5359094
0.5051 0.5360678000000001
0.50545 0.5360678000000001
0.5058 0.5346517
0.50615 0.5346517
0.5065 0.5310471
0.50685 0.5325573
0.5072 0.5325573
0.50755 0.534163
0.5079 0.534163
0.50825 0.5340585999999999
0.5086 0.5340585999999999
0.50895 0.5340585999999999
0.5093 0.5338319
0.50965 0.5333498000000001
0.51 0.5333498000000001
0.51035 0.5346291
0.5107 0.5351994000000001
0.51105 0.5354054
0.5114 0.5354054
0.51175 0.5354054
0.5121 0.5361893
0.51245 0.5379646
0.5128 0.5379646
0.51315 0.5376880999999999
0.5135 0.5376880999999999
0.51385 0.5376879
0.5142 0.5376879
0.51455 0.5376879
0.5149 0.5382326
0.51525 0.5392471
0.5156 0.5394072
0.51595 0.5394072
0.5163 0.5394072
0.51665 0.5391417
0.517 0.5395291
0.51735 0.5395149
0.5177 0.5395149
0.51805 0.5395149
0.5184 0.5395816
0.51875 0.5395899000000001
0.5191 0.5395899000000001
0.51945 0.539258
0.5198 0.539258
0.52015 0.539258
0.5205 0.5391604
0.52085 0.5391095
0.5212 0.538938
0.52155 0.5388998
0.5219 0.5385171
0.52225 0.5385101
0.5226 0.5382053000000001
0.52295 0.5378835
0.5233 0.5342913
0.52365 0.5342913
0.524 0.5336524
0.52435 0.5370202
0.5247 0.5370202
0.52505 0.5376390999999999
0.5254 0.5378841999999999
0.52575 0.5383996
0.5261 0.5384393
0.52645 0.5383996
0.5268 0.5368522
0.52715 0.5364965
0.5275 0.5364965
0.52785 0.5364965
0.5282 0.5377036999999999
0.52855 0.5377036999999999
0.5289 0.5365679
0.52925 0.5364713000000001
0.5296 0.5363604999999999
0.52995 0.5363604999999999
0.5303 0.5363604999999999
0.53065 0.5349875
0.531 0.5349875
0.53135 0.5371056
0.5317 0.5371056
0.53205 0.5370577
0.5324 0.5358696
0.53275 0.5358696
0.5331 0.5358696
0.53345 0.5366576
0.5338 0.5366576
0.53415 0.5366576
0.5345 0.5366389
0.53485 0.5362246
0.5352 0.5354001
0.53555 0.5351996
0.5359 0.5343288
0.53625 0.5343288
0.5366 0.5341640999999999
0.53695 0.5330145000000001
0.5373 0.5330145000000001
0.53765 0.5320155
0.538 0.5317695
0.53835 0.5311366999999999
0.5387 0.5301942
0.53905 0.5296930999999999
0.5394 0.5285069
0.53975 0.5273002
0.5401 0.5273002
0.54045 0.5251324
0.5408 0.5236304
0.54115 0.5217563000000001
0.5415 0.52103
0.54185 0.5188874
0.5422 0.5184593
0.54255 0.5184593
0.5429 0.518714
0.54325 0.5188422
0.5436 0.5189234
0.54395 0.5198002
0.5443 0.5220912999999999
0.54465 0.5254101999999999
0.545 0.5254101999999999
0.54535 0.5263938
0.5457 0.5280083999999999
0.54605 0.5280083999999999
0.5464 0.5288619000000001
0.54675 0.5295506999999999
0.5471 0.5316681999999999
0.54745 0.5321713
0.5478 0.5329034
0.54815 0.5336914
0.5485 0.5339735
0.54885 0.5344168
0.5492 0.5339735
0.54955 0.5344358
0.5499 0.5333621000000001
0.55025 0.5353453
0.5506 0.5353453
0.55095 0.5353453
0.5513 0.5358035
0.55165 0.5342776
0.552 0.5356835999999999
0.55235 0.5353716
0.5527 0.5353716
0.55305 0.5353716
0.5534 0.5356114000000001
0.55375 0.5356114000000001
0.5541 0.5355436
0.55445 0.5354278
0.5548 0.5354278
0.55515 0.5355069
0.5555 0.5355069
0.55585 0.5362233000000001
0.5562 0.5363388000000001
0.55655 0.5363388000000001
0.5569 0.5357318
0.55725 0.5357318
0.5576 0.5363657
0.55795 0.5364241999999999
0.5583 0.5363657
0.55865 0.5364241999999999
0.559 0.536168
0.55935 0.5365214
0.5597 0.536168
0.56005 0.5361376999999999
0.5604 0.5361376999999999
0.56075 0.5359875
0.5611 0.5362670999999999
0.56145 0.536315
0.5618 0.536315
0.56215 0.5359869
0.5625 0.5359869
0.56285 0.5363333
0.5632 0.5363333
0.56355 0.5355631999999999
0.5639 0.5351476
0.56425 0.5355631999999999
0.5646 0.5352645
0.56495 0.5352645
0.5653 0.5351921
0.56565 0.5351921
0.566 0.5335824
0.56635 0.5321809000000001
0.5667 0.5321704
0.56705 0.5321809000000001
0.5674 0.5321704
0.56775 0.5314034000000001
0.5681 0.5284004
0.56845 0.5284004
0.5688 0.5277268
0.56915 0.5281704
0.5695 0.5253904
0.56985 0.526567
0.5702 0.526567
0.57055 0.5309391
0.5709 0.5309391
0.57125 0.5293193
0.5716 0.5286807
0.57195 0.5293193
0.5723 0.5293435999999999
0.57265 0.5293435999999999
0.573 0.5304337
0.57335 0.526103
0.5737 0.5280571
0.57405 0.526103
0.5744 0.5246305
0.57475 0.5246305
0.5751 0.5225261999999999
0.57545 0.5279578
0.5758 0.5280417
0.57615 0.5280417
0.5765 0.5269547
0.57685 0.5254745
0.5772 0.5269547
0.57755 0.528122
0.5779 0.5287603
0.57825 0.5295638
0.5786 0.5298022
0.57895 0.5303817
0.5793 0.5303817
0.57965 0.5305675999999999
0.58 0.5305908
0.58035 0.5307400999999999
0.5807 0.5315506999999999
0.58105 0.5324582
0.5814 0.5324582
0.58175 0.5328183000000001
0.5821 0.5324764
0.58245 0.5324764
0.5828 0.5324764
0.58315 0.5325255
0.5835 0.5331166
0.58385 0.5331166
0.5842 0.5331166
0.58455 0.5336528
0.5849 0.5336528
0.58525 0.532741
0.5856 0.532741
0.58595 0.532741
0.5863 0.5321647
0.58665 0.5321195
0.587 0.5314971
0.58735 0.5314485
0.5877 0.5301561
0.58805 0.5273264
0.5884 0.5273264
0.58875 0.5273264
0.5891 0.5283169
0.58945 0.5283169
0.5898 0.5250616
0.59015 0.5250616
0.5905 0.5280208000000001
0.59085 0.5280208000000001
0.5912 0.5280451999999999
0.59155 0.5271085999999999
0.5919 0.5274194999999999
0.59225 0.5271085999999999
0.5926 0.5274194999999999
0.59295 0.5287576
0.5933 0.5287576
0.59365 0.5267388000000001
0.594 0.5250079000000001
0.59435 0.5138636999999999
0.5947 0.5138636999999999
0.59505 0.5248833
0.5954 0.5253819000000001
0.59575 0.5253819000000001
0.5961 0.5253819000000001
0.59645 0.5248136999999999
0.5968 0.5265723000000001
0.59715 0.5265723000000001
0.5975 0.5265723000000001
0.59785 0.5245904
0.5982 0.5245904
0.59855 0.5265371
0.5989 0.5265371
0.59925 0.5265371
0.5996 0.5266592
0.59995 0.5276688
0.6003 0.5276688
0.60065 0.5247029000000001
0.601 0.5247029000000001
0.60135 0.5276057
0.6017 0.5289235
0.60205 0.5289235
0.6024 0.5301800999999999
0.60275 0.5301800999999999
0.6031 0.5306184
0.60345 0.5316142
0.6038 0.5316142
0.60415 0.5311678000000001
0.6045 0.5311678000000001
0.60485 0.5307714
0.6052 0.531647
0.60555 0.5314255999999999
0.6059 0.5314255999999999
0.60625 0.5314255999999999
0.6066 0.5310590000000001
0.60695 0.5313856
0.6073 0.5310590000000001
0.60765 0.5310408000000001
0.608 0.5297899
0.60835 0.5297899
0.6087 0.529771
0.60905 0.5295347
0.6094 0.5293709
0.60975 0.5295347
0.6101 0.5295582
0.61045 0.5295582
0.6108 0.5284793000000001
0.61115 0.5280374
0.6115 0.5267983
0.61185 0.5250657
0.6122 0.523126
0.61255 0.5230637
0.6129 0.5204873
0.61325 0.5173525999999999
0.6136 0.5136213
0.61395 0.5108053
0.6143 0.5082909000000001
0.61465 0.5062061999999999
0.615 0.5052759
0.61535 0.5052389
0.6157 0.5042312
0.61605 0.5019682
0.6164 0.5005687
0.61675 0.4994345
0.6171 0.4961587
0.61745 0.4901934
0.6178 0.4841529
0.61815 0.4841392
0.6185 0.4794496
0.61885 0.4769572
0.6192 0.4755975999999999
0.61955 0.4755975999999999
0.6199 0.4776003
0.62025 0.4809877999999999
0.6206 0.4847271999999999
0.62095 0.4847323
0.6213 0.4867843
0.62165 0.4893831
0.622 0.4939878
0.62235 0.4990229999999999
0.6227 0.5029865
0.62305 0.5069739999999999
0.6234 0.5107052
0.62375 0.5109637
0.6241 0.5151157999999999
0.62445 0.5183827
0.6248 0.5200231
0.62515 0.52261
0.6255 0.5245281999999999
0.62585 0.5260978000000001
0.6262 0.5269687
0.62655 0.5269687
0.6269 0.5269954000000001
0.62725 0.5281001000000001
0.6276 0.5281001000000001
0.62795 0.5287401999999999
0.6283 0.5293999
0.62865 0.5297069999999999
0.629 0.5305310000000001
0.62935 0.5308161
0.6297 0.5310305999999999
0.63005 0.5316675999999999
0.6304 0.5319257
0.63075 0.5319257
0.6311 0.5305582
0.63145 0.5301615
0.6318 0.5255723000000001
0.63215 0.5255723000000001
0.6325 0.5300293
0.63285 0.5302097
0.6332 0.5306821
0.63355 0.5310275999999999
0.6339 0.5313954000000001
0.63425 0.5315074000000001
0.6346 0.5313954000000001
0.63495 0.5306556
0.6353 0.5306556
0.63565 0.5299895
0.636 0.5299895
0.63635 0.5299895
0.6367 0.5288461999999999
0.63705 0.5288461999999999
0.6374 0.5288461999999999
0.63775 0.5281265
0.6381 0.5287243
0.63845 0.5287243
0.6388 0.5287243
0.63915 0.5285158000000001
0.6395 0.5285158000000001
0.63985 0.5291848000000001
0.6402 0.5295566999999999
0.64055 0.5291848000000001
0.6409 0.5291839
0.64125 0.5290138000000001
0.6416 0.528297
0.64195 0.528297
0.6423 0.5279971999999999
0.64265 0.5285418000000001
0.643 0.5279971999999999
0.64335 0.5280534
0.6437 0.5278231
0.64405 0.5273146
0.6444 0.5273146
0.64475 0.5271971
0.6451 0.5271938
0.64545 0.5271938
0.6458 0.5250225000000001
0.64615 0.5201802
0.6465 0.5201802
0.64685 0.5214068000000001
0.6472 0.5247214
0.64755 0.5247214
0.6479 0.5240804
0.64825 0.5227301
0.6486 0.5240804
0.64895 0.523502
0.6493 0.5241274
0.64965 0.5254151999999999
0.65 0.5255125
0.65035 0.52586
0.6507 0.5255125
0.65105 0.5189995
0.6514 0.5189995
0.65175 0.5189995
0.6521 0.5216939
0.65245 0.5253199000000001
0.6528 0.5253199000000001
0.65315 0.5246745
0.6535 0.523736
0.65385 0.5246745
0.6542 0.5195353
0.65455 0.5233037
0.6549 0.5233037
0.65525 0.5233037
0.6556 0.5206512
0.65595 0.5206074
0.6563 0.5206512
0.65665 0.5213095999999999
0.657 0.5213417
0.65735 0.5213417
0.6577 0.5213417
0.65805 0.5217848
0.6584 0.5217848
0.65875 0.5214939000000001
0.6591 0.5214386999999999
0.65945 0.5214386999999999
0.6598 0.5202698
0.66015 0.5202698
0.6605 0.5215548
0.66085 0.5215548
0.6612 0.5205957999999999
0.66155 0.5201265
0.6619 0.5201265
0.66225 0.5199569
0.6626 0.519109
0.66295 0.5190502
0.6633 0.5186816
0.66365 0.5186595
0.664 0.5186357
0.66435 0.5186357
0.6647 0.5183318
0.66505 0.5182329000000001
0.6654 0.5170807
0.66575 0.5165015000000001
0.6661 0.5157082000000001
0.66645 0.5150804
0.6668 0.5150804
0.66715 0.515441
0.6675 0.5155314000000001
0.66785 0.5158996
0.6682 0.5158996
0.66855 0.5166350000000001
0.6689 0.5168789
0.66925 0.5176148
0.6696 0.5188989
0.66995 0.5201329
0.6703 0.5208858000000001
0.67065 0.5220701
0.671 0.5220701
0.67135 0.5230694
0.6717 0.5241884
0.67205 0.5251380999999999
0.6724 0.5252416
0.67275 0.5264843000000001
0.6731 0.5271971999999999
0.67345 0.52789
0.6738 0.5284139
0.67415 0.5288149000000001
0.6745 0.5291204
0.67485 0.5295503
0.6752 0.5304913
0.67555 0.5304913
0.6759 0.5307029999999999
0.67625 0.5308615
0.6766 0.5308615
0.67695 0.5309884
0.6773 0.5309884
0.67765 0.5313359999999999
0.678 0.5313359999999999
0.67835 0.5306367
0.6787 0.5301376
0.67905 0.5298218000000001
0.6794 0.5298218000000001
0.67975 0.5296886
0.6801 0.5294156
0.68045 0.529141
0.6808 0.5282071999999999
0.68115 0.5273237
0.6815 0.5273237
0.68185 0.5256225999999999
0.6822 0.5254791
0.68255 0.5248559
0.6829 0.5248559
0.68325 0.5251142
0.6836 0.5251142
0.68395 0.5246175000000001
0.6843 0.5246175000000001
0.68465 0.5248524
0.685 0.5256432
0.68535 0.526716
0.6857 0.5268710999999999
0.68605 0.5270314
0.6864 0.5270314
0.68675 0.5242996
0.6871 0.5242996
0.68745 0.5273529
0.6878 0.5274081
0.68815 0.527664
0.6885 0.527664
0.68885 0.526964
0.6892 0.526964
0.68955 0.5224364
0.6899 0.5274403
0.69025 0.5269795
0.6906 0.5272607
0.69095 0.5269795
0.6913 0.5263404
0.69165 0.5259191999999999
0.692 0.5243563
0.69235 0.5243369999999999
0.6927 0.5243563
0.69305 0.5236501
0.6934 0.5226534
0.69375 0.5223395000000001
0.6941 0.5223395000000001
0.69445 0.5223395000000001
0.6948 0.5207268
0.69515 0.5208729999999999
0.6955 0.5207268
0.69585 0.5179899
0.6962 0.5179899
0.69655 0.5194647
0.6969 0.5194647
0.69725 0.5186085
0.6976 0.5125434
0.69795 0.5152106
0.6983 0.5141880999999999
0.69865 0.5141880999999999
0.699 0.5117444999999999
0.69935 0.5092807
0.6997 0.5092807
0.70005 0.5000727
0.7004 0.4966107
0.70075 0.4966107
0.7011 0.499097
0.70145 0.499097
0.7018 0.496691
0.70215 0.4953282
0.7025 0.4953282
0.70285 0.4953282
0.7032 0.499866
0.70355 0.499866
0.7039 0.4982903
0.70425 0.4982903
0.7046 0.4997224
0.70495 0.4997224
0.7053 0.4997224
0.70565 0.5079981
0.706 0.5079981
0.70635 0.5079981
0.7067 0.5091945
0.70705 0.5091945
0.7074 0.5113241
0.70775 0.5113241
0.7081 0.5122346999999999
0.70845 0.5134037
0.7088 0.5148201
0.70915 0.5134037
0.7095 0.5158028
0.70985 0.5160170999999999
0.7102 0.5176689999999999
0.71055 0.5176689999999999
0.7109 0.5186269
0.71125 0.5177629
0.7116 0.5189442
0.71195 0.5199593
0.7123 0.5199593
0.71265 0.5195002999999999
0.713 0.5192364
0.71335 0.5192364
0.7137 0.5194833
0.71405 0.5194833
0.7144 0.5192853000000001
0.71475 0.5159504
0.7151 0.5159277
0.71545 0.5124147
0.7158 0.5077125
0.71615 0.5071228
0.7165 0.5000865
0.71685 0.4903845
0.7172 0.4802712
0.71755 0.4657723
0.7179 0.4657723
0.71825 0.4647037999999999
0.7186 0.4647037999999999
0.71895 0.4476894
0.7193 0.4407032999999999
0.71965 0.4407032999999999
0.72 0.4219168
0.72035 0.4219168
0.7207 0.4235367
0.72105 0.4235367
0.7214 0.4210642
0.72175 0.4181781
0.7221 0.4185249
0.72245 0.4142239
0.7228 0.4138415
0.72315 0.4056228
0.7235 0.4056228
0.72385 0.3670231
0.7242 0.3670231
0.72455 0.3476245
0.7249 0.3405612999999999
0.72525 0.3301619
0.7256 0.3113485
0.72595 0.3113485
0.7263 0.3087938
0.72665 0.2905047
0.727 0.2874525
0.72735 0.2891578
0.7277 0.2891578
0.72805 0.2991217
0.7284 0.328105
0.72875 0.3423658
0.7291 0.3477573
0.72945 0.3618022
0.7298 0.3618022
0.73015 0.3618022
0.7305 0.3673207
0.73085 0.3875665
0.7312 0.400008
0.73155 0.400008
0.7319 0.4094962
0.73225 0.4040540999999999
0.7326 0.4184989999999999
0.73295 0.4184989999999999
0.7333 0.4198772
0.73365 0.4433933
0.734 0.4433933
0.73435 0.4526479999999999
0.7347 0.4659324000000001
0.73505 0.4667436
0.7354 0.4732734999999999
0.73575 0.4732734999999999
0.7361 0.4732734999999999
0.73645 0.4833543999999999
0.7368 0.4833543999999999
0.73715 0.4839073
0.7375 0.4933413
0.73785 0.4949684
0.7382 0.4987669
0.73855 0.5020701
0.7389 0.4987669
0.73925 0.5052759
0.7396 0.5106029000000001
0.73995 0.5122095
0.7403 0.5148461
0.74065 0.518105
0.741 0.518105
0.74135 0.5194358
0.7417 0.5201047000000001
0.74205 0.5220642
0.7424 0.5220642
0.74275 0.5226465
0.7431 0.5241912000000001
0.74345 0.5246603
0.7438 0.524755
0.74415 0.5248262
0.7445 0.5249155
0.74485 0.5249155
0.7452 0.5248709
0.74555 0.5248709
0.7459 0.5248709
0.74625 0.5254076
0.7466 0.5253414000000001
0.74695 0.5253414000000001
0.7473 0.5253414000000001
0.74765 0.5249729000000001
0.748 0.525349
0.74835 0.525349
0.7487 0.525349
0.74905 0.5253755
0.7494 0.525267
0.74975 0.525267
0.7501 0.5252219
0.75045 0.5250833
0.7508 0.5252219
0.75115 0.5256405
0.7515 0.5256405
0.75185 0.5255014
0.7522 0.5253504
0.75255 0.5252565
0.7529 0.5252565
0.75325 0.5257699
0.7536 0.5257699
0.75395 0.5257699
0.7543 0.5256524
0.75465 0.525405
0.755 0.5253781
0.75535 0.5252846
0.7557 0.5252309000000001
0.75605 0.5250756
0.7564 0.5248501
0.75675 0.5244123
0.7571 0.5242526
0.75745 0.523045
0.7578 0.523045
0.75815 0.523081
0.7585 0.523081
0.75885 0.5224420999999999
0.7592 0.5220087
0.75955 0.5197586
0.7599 0.5193522
0.76025 0.5185688
0.7606 0.5176215000000001
0.76095 0.5176215000000001
0.7613 0.5183773
0.76165 0.5183773
0.762 0.5161821
0.76235 0.5151629
0.7627 0.5146963
0.76305 0.5142542999999999
0.7634 0.5142542999999999
0.76375 0.5141380999999999
0.7641 0.5138229000000001
0.76445 0.5127742000000001
0.7648 0.5126313
0.76515 0.5126313
0.7655 0.5130418
0.76585 0.5130418
0.7662 0.5125372
0.76655 0.5124778
0.7669 0.5108872999999999
0.76725 0.5108872999999999
0.7676 0.5118742000000001
0.76795 0.5131291
0.7683 0.5131291
0.76865 0.5125044
0.769 0.5123004
0.76935 0.5123004
0.7697 0.512488
0.77005 0.512488
0.7704 0.5121162
0.77075 0.5113867999999999
0.7711 0.5111180999999999
0.77145 0.511003
0.7718 0.510686
0.77215 0.5106377999999999
0.7725 0.5089543
0.77285 0.5057325
0.7732 0.5026777
0.77355 0.5026777
0.7739 0.5029715
0.77425 0.5042621
0.7746 0.5042621
0.77495 0.5041073
0.7753 0.5030548
0.77565 0.5011354
0.776 0.4995699
0.77635 0.4985938
0.7767 0.4981257
0.77705 0.4971316
0.7774 0.4957667999999999
0.77775 0.4956650999999999
0.7781 0.4938447
0.77845 0.4920345999999999
0.7788 0.4904264
0.77915 0.4884467
0.7795 0.4844394
0.77985 0.4802604
0.7802 0.4749552999999999
0.78055 0.4748725
0.7809 0.4691672999999999
0.78125 0.4633135
0.7816 0.4633135
0.78195 0.4638855999999999
0.7823 0.4638855999999999
0.78265 0.4620864
0.783 0.4589761999999999
0.78335 0.4589305999999999
0.7837 0.4533189
0.78405 0.4533189
0.7844 0.4602411
0.78475 0.4694516999999999
0.7851 0.4708853
0.78545 0.4708853
0.7858 0.4687098
0.78615 0.4686674
0.7865 0.4687098
0.78685 0.4687295999999999
0.7872 0.4698059
0.78755 0.4735649999999999
0.7879 0.4736692
0.78825 0.4764281
0.7886 0.4765708999999999
0.78895 0.4778089
0.7893 0.4778089
0.78965 0.4784688
0.79 0.4784688
0.79035 0.4777295
0.7907 0.4775755999999999
0.79105 0.4754739999999999
0.7914 0.4723028
0.79175 0.4719899
0.7921 0.4697420999999999
0.79245 0.468962
0.7928 0.4585542
0.79315 0.4585542
0.7935 0.4604871
0.79385 0.4604871
0.7942 0.455685
0.79455 0.4556462
0.7949 0.4500048
0.79525 0.4450199999999999
0.7956 0.4318543999999999
0.79595 0.4318543999999999
0.7963 0.4367103
0.79665 0.4377778
0.797 0.442739
0.79735 0.4442345
0.7977 0.4449589
0.79805 0.4451333999999999
0.7984 0.4458798
0.79875 0.4463589
0.7991 0.4519235
0.79945 0.4536904
0.7998 0.4536904
0.80015 0.4538365
0.8005 0.4552933
0.80085 0.4592890999999999
0.8012 0.4592890999999999
0.80155 0.4586139
0.8019 0.4586139
0.80225 0.4621679
0.8026 0.4664693
0.80295 0.4667472
0.8033 0.4667472
0.80365 0.4691666
0.804 0.4696357
0.80435 0.4713106999999999
0.8047 0.4739382
0.80505 0.4764369
0.8054 0.4774582
0.80575 0.4774582
0.8061 0.4778125
0.80645 0.4792712999999999
0.8068 0.4820561
0.80715 0.4860781
0.8075 0.4860781
0.80785 0.4881291
0.8082 0.4891228
0.80855 0.4892637999999999
0.8089 0.4892637999999999
0.80925 0.4865795999999999
0.8096 0.4865795999999999
0.80995 0.4901225
0.8103 0.4914590999999999
0.81065 0.4914590999999999
0.811 0.4917362
0.81135 0.4926877999999999
0.8117 0.4929523
0.81205 0.4932612
0.8124 0.4942289000000001
0.81275 0.4976469
0.8131 0.4942289000000001
0.81345 0.5004221
0.8138 0.5004221
0.81415 0.5012284
0.8145 0.5012284
0.81485 0.4668037
0.8152 0.4668037
0.81555 0.4983702999999999
0.8159 0.5005524
0.81625 0.5005524
0.8166 0.5038128
0.81695 0.5013532999999999
0.8173 0.5040387
0.81765 0.5013532999999999
0.818 0.5003205
0.81835 0.5003205
0.8187 0.5016172999999999
0.81905 0.5070363
0.8194 0.5070363
0.81975 0.5070363
0.8201 0.5088496
0.82045 0.5105082000000001
0.8208 0.5105082000000001
0.82115 0.5094125
0.8215 0.5094125
0.82185 0.5094125
0.8222 0.5071026
0.82255 0.5070574000000001
0.8229 0.4986942
0.82325 0.4656547
0.8236 0.4805781
0.82395 0.4805781
0.8243 0.5071303
0.82465 0.5121257
0.825 0.5133243
0.82535 0.5133243
0.8257 0.5105837000000001
0.82605 0.5105837000000001
0.8264 0.5125665
0.82675 0.5130458
0.8271 0.5125665
0.82745 0.5083425
0.8278 0.4968178
0.82815 0.5065141
0.8285 0.5065141
0.82885 0.5065141
0.8292 0.5101941
0.82955 0.5111259
0.8299 0.5111259
0.83025 0.5099938
0.8306 0.5099938
0.83095 0.5112853
0.8313 0.5128031
0.83165 0.5112853
0.832 0.5036589
0.83235 0.5036589
0.8327 0.5056399
0.83305 0.5119604
0.8334 0.5075335
0.83375 0.5075335
0.8341 0.4919681999999999
0.83445 0.4919681999999999
0.8348 0.4919681999999999
0.83515 0.4993840999999999
0.8355 0.4956719
0.83585 0.4956719
0.8362 0.4925447
0.83655 0.4922704
0.8369 0.488404
0.83725 0.4861242999999999
0.8376 0.4723563
0.83795 0.4700145
0.8383 0.4682082
0.83865 0.4672492
0.839 0.4672492
0.83935 0.4677863
0.8397 0.4703643
0.84005 0.4706444
0.8404 0.4706444
0.84075 0.4598390999999999
0.8411 0.4540378
0.84145 0.4540378
0.8418 0.4544452999999999
0.84215 0.4547557
0.8425 0.4686507
0.84285 0.4807952999999999
0.8432 0.4807952999999999
0.84355 0.482862
0.8439 0.4792373
0.84425 0.4774657
0.8446 0.4774657
0.84495 0.4789069
0.8453 0.4838733
0.84565 0.486325
0.846 0.490623
0.84635 0.4946917
0.8467 0.4946917
0.84705 0.4945047999999999
0.8474 0.4938972
0.84775 0.4938889
0.8481 0.4938889
0.84845 0.4910295999999999
0.8488 0.4959265
0.84915 0.498147
0.8495 0.498147
0.84985 0.4975884
0.8502 0.4933436
0.85055 0.4839365
0.8509 0.4839365
0.85125 0.4839365
0.8516 0.4875952
0.85195 0.4863172999999999
0.8523 0.4863172999999999
0.85265 0.480629
0.853 0.4743027
0.85335 0.4733138
0.8537 0.4707901
0.85405 0.4672326
0.8544 0.458988
0.85475 0.4547772
0.8551 0.4540376
0.85545 0.4407758
0.8558 0.4407758
0.85615 0.4348029
0.8565 0.4294244
0.85685 0.4262094
0.8572 0.4139144
0.85755 0.4022401
0.8579 0.3639487999999999
0.85825 0.3639487999999999
0.8586 0.3647528
0.85895 0.3687997
0.8593 0.3647528
0.85965 0.3630819
0.86 0.3392116
0.86035 0.3363185999999999
0.8607 0.327784
0.86105 0.3074608
0.8614 0.3016745999999999
0.86175 0.2903348
0.8621 0.2839468
0.86245 0.2839468
0.8628 0.2839468
0.86315 0.2785465
0.8635 0.2771527
0.86385 0.2771527
0.8642 0.2545682
0.86455 0.2322167
0.8649 0.2545682
0.86525 0.2794352
0.8656 0.2806225
0.86595 0.2968275999999999
0.8663 0.3054612
0.86665 0.3054612
0.867 0.2647704
0.86735 0.2647704
0.8677 0.26792
0.86805 0.3238272
0.8684 0.3371856
0.86875 0.3491397
0.8691 0.3633660999999999
0.86945 0.3693033
0.8698 0.3693033
0.87015 0.3679714
0.8705 0.367647
0.87085 0.3419855
0.8712 0.3363044
0.87155 0.3419855
0.8719 0.3368755
0.87225 0.3970899
0.8726 0.3482908
0.87295 0.3482908
0.8733 0.3482908
0.87365 0.3759522
0.874 0.4018205999999999
0.87435 0.4018205999999999
0.8747 0.4018205999999999
0.87505 0.4004414
0.8754 0.4151144
0.87575 0.3860748
0.8761 0.3944554999999999
0.87645 0.3922145
0.8768 0.3922145
0.87715 0.3839964
0.8775 0.3090776
0.87785 0.3090776
0.8782 0.296056
0.87855 0.296056
0.8789 0.3732553
0.87925 0.3732553
0.8796 0.2413031
0.87995 0.1585911
0.8803 0.2104393
0.88065 0.1660824
0.881 0.1660824
0.88135 0.1552707
0.8817 0.1317481
0.88205 0.0789348
0.8824 0.0391058
0.88275 0.0303084
0.8831 0.0386634999999999
0.88345 0.0386634999999999
0.8838 0.0386634999999999
0.88415 0.0401674
0.8845 0.0573448
0.88485 0.071161
0.8852 0.071161
0.88555 0.072689
0.8859 0.0605241999999999
0.88625 0.0529999
0.8866 0.0162661
0.88695 0.0106515
0.8873 0.0106515
0.88765 0.0146552
0.888 0.0206447
0.88835 0.0206447
0.8887 0.0304084
0.88905 0.0174927
0.8894 0.0373308
0.88975 0.0341513
0.8901 0.0506895
0.89045 0.0341513
0.8908 0.0448941
0.89115 0.0362106
0.8915 0.0448941
0.89185 0.0577648
0.8922 0.0577648
0.89255 0.0577648
0.8929 0.056828
0.89325 0.0548493
0.8936 0.0480658
0.89395 0.0428764
0.8943 0.038318
0.89465 0.038318
0.895 0.0416385
0.89535 0.0416385
0.8957 0.0416385
0.89605 0.0198298
0.8964 0.0469569
0.89675 0.0847074
0.8971 0.0847074
0.89745 0.1042464999999999
0.8978 0.0898833999999999
0.89815 0.1035879
0.8985 0.0898833999999999
0.89885 0.0920902
0.8992 0.0822018
0.89955 0.080803
0.8999 0.080803
0.90025 0.144066
0.9006 0.1505272
0.90095 0.1647451
0.9013 0.179188
0.90165 0.2035652999999999
0.902 0.2035652999999999
0.90235 0.1982981
0.9027 0.1982981
0.90305 0.2343437
0.9034 0.2556416
0.90375 0.2343437
0.9041 0.2789667
0.90445 0.2985875
0.9048 0.3182426
0.90515 0.3182426
0.9055 0.3403453
0.90585 0.3742541
0.9062 0.3742541
0.90655 0.3450882999999999
0.9069 0.3450882999999999
0.90725 0.3501699
0.9076 0.3501699
0.90795 0.3813417999999999
0.9083 0.3252623
0.90865 0.3813417999999999
0.909 0.3591767
0.90935 0.3591767
0.9097 0.3259626
0.91005 0.3259626
0.9104 0.3945614999999999
0.91075 0.3951737999999999
0.9111 0.406638
0.91145 0.4175047999999999
0.9118 0.4175047999999999
0.91215 0.4106549
0.9125 0.4019356
0.91285 0.4019356
0.9132 0.4019356
0.91355 0.3453527
0.9139 0.4193761
0.91425 0.4214713
0.9146 0.4302904000000001
0.91495 0.4321185999999999
0.9153 0.4321185999999999
0.91565 0.4103959
0.916 0.4103959
0.91635 0.4138143
0.9167 0.4138143
0.91705 0.4190662
0.9174 0.4367876
0.91775 0.4367876
0.9181 0.4367876
0.91845 0.439432
0.9188 0.439432
0.91915 0.4259590999999999
0.9195 0.4084236
0.91985 0.412221
0.9202 0.412221
0.92055 0.4234435
0.9209 0.4411401
0.92125 0.4234435
0.9216 0.3975008
0.92195 0.3975008
0.9223 0.3004355999999999
0.92265 0.4006735999999999
0.923 0.4439702999999999
0.92335 0.4439702999999999
0.9237 0.4225042
0.92405 0.4225042
0.9244 0.4225042
0.92475 0.4142693
0.9251 0.4011577
0.92545 0.4142693
0.9258 0.4143855999999999
0.92615 0.4143855999999999
0.9265 0.4143855999999999
0.92685 0.2276837
0.9272 0.4115583
0.92755 0.4115583
0.9279 0.4115583
0.92825 0.4192126
0.9286 0.4106473
0.92895 0.4192126
0.9293 0.4397393
0.92965 0.4397393
0.93 0.4121699
0.93035 0.3357580999999999
0.9307 0.3039580999999999
0.93105 0.2837159999999999
0.9314 0.2837159999999999
0.93175 0.2837159999999999
0.9321 0.3659162
0.93245 0.3659162
0.9328 0.3779091
0.93315 0.4140059
0.9335 0.4140059
0.93385 0.3276825999999999
0.9342 0.3276825999999999
0.93455 0.3137825999999999
0.9349 0.3459737
0.93525 0.3137825999999999
0.9356 0.4303187
0.93595 0.3766103
0.9363 0.4303187
0.93665 0.4062103
0.937 0.4062103
0.93735 0.4062103
0.9377 0.3810489
0.93805 0.3446929999999999
0.9384 0.3446929999999999
0.93875 0.3575077
0.9391 0.4034644
0.93945 0.4195655
0.9398 0.4195655
0.94015 0.4297897
0.9405 0.3255119
0.94085 0.4410697
0.9412 0.4331435
0.94155 0.4554944999999999
0.9419 0.4609874
0.94225 0.4644849
0.9426 0.4644849
0.94295 0.3871929
0.9433 0.3871929
0.94365 0.4044561
0.944 0.4044561
0.94435 0.3939965
0.9447 0.3939965
0.94505 0.4290621
0.9454 0.4290621
0.94575 0.4290621
0.9461 0.4371372
0.94645 0.4371372
0.9468 0.4122797
0.94715 0.389049
0.9475 0.3756929
0.94785 0.389049
0.9482 0.439805
0.94855 0.4479009
0.9489 0.439805
0.94925 0.4136861
0.9496 0.4136861
0.94995 0.4192274
0.9503 0.4221755999999999
0.95065 0.4595665
0.951 0.4595665
0.95135 0.4332304
0.9517 0.4332304
0.95205 0.4372306999999999
0.9524 0.4372306999999999
0.95275 0.4263548
0.9531 0.4263548
0.95345 0.4289264
0.9538 0.4591407
0.95415 0.4602009
0.9545 0.4602009
0.95485 0.4602009
0.9552 0.4375024999999999
0.95555 0.4498725
0.9559 0.4498725
0.95625 0.4498725
0.9566 0.4459988
0.95695 0.4233896
0.9573 0.4233896
0.95765 0.454078
0.958 0.454078
0.95835 0.454078
0.9587 0.4498573
0.95905 0.4498573
0.9594 0.4176595
0.95975 0.4176595
0.9601 0.4331981
0.96045 0.4331981
0.9608 0.4268124
0.96115 0.4268124
0.9615 0.4268124
0.96185 0.4154292999999999
0.9622 0.4059627999999999
0.96255 0.3693599
0.9629 0.3693599
0.96325 0.3558145
0.9636 0.3558145
0.96395 0.3558145
0.9643 0.3602916
0.96465 0.3602916
0.965 0.3482949999999999
0.96535 0.3441613
0.9657 0.3375868
0.96605 0.3279834
0.9664 0.3203417999999999
0.96675 0.3203417999999999
0.9671 0.3073392
0.96745 0.3149974
0.9678 0.3149974
0.96815 0.3337665
0.9685 0.3337665
0.96885 0.3323442
0.9692 0.312037
0.96955 0.3062234
0.9699 0.3030901
0.97025 0.2737105
0.9706 0.2442116
0.97095 0.2390699999999999
0.9713 0.2442116
0.97165 0.2661677
0.972 0.280629
0.97235 0.3052218
0.9727 0.3068881
0.97305 0.3052218
0.9734 0.3007539
0.97375 0.2979374
0.9741 0.2837245999999999
0.97445 0.2979374
0.9748 0.3051155
0.97515 0.3051155
0.9755 0.3079645
0.97585 0.3279972
0.9762 0.3279972
0.97655 0.2906529
0.9769 0.2785487
0.97725 0.2906529
0.9776 0.2626966
0.97795 0.2626966
0.9783 0.2407156
0.97865 0.2407156
0.979 0.2675161
0.97935 0.2821243
0.9797 0.2821243
0.98005 0.1948492
0.9804 0.1917733999999999
0.98075 0.1917733999999999
0.9811 0.1917733999999999
0.98145 0.1974809
0.9818 0.2003891
0.98215 0.1974809
0.9825 0.196347
0.98285 0.0451116
0.9832 0.15269
0.98355 0.1490465
0.9839 0.1496519
0.98425 0.1496519
0.9846 0.1496519
0.98495 0.1698262
0.9853 0.0429451
0.98565 0.090869
0.986 0.0659068
0.98635 0.090869
0.9867 0.0698483999999999
0.98705 0.0698483999999999
0.9874 0.0698483999999999
0.98775 0.084098
0.9881 0.084098
0.98845 0.0039181
0.9888 0.0039181
0.98915 0.0148122999999999
0.9895 0.0148122999999999
0.98985 0.0148122999999999
0.9902 0.0411275
0.99055 0.0411275
0.9909 0.0611236999999999
0.99125 0.0762851
0.9916 0.095074
0.99195 0.1167122
0.9923 0.1187964999999999
0.99265 0.1438712
0.993 0.1312624
0.99335 0.1312624
0.9937 0.1192356
0.99405 0.1141494999999999
0.9944 0.1141494999999999
0.99475 0.1141494999999999
0.9951 0.0849105
0.99545 0.0849105
0.9958 0.0106657999999999
0.99615 0.0930728999999999
0.9965 0.0106657999999999
0.99685 0.1050512
0.9972 0.1077691
0.99755 0.1077691
0.9979 0.117952
0.99825 0.0852201
0.9986 0.0879732
0.99895 0.0879732
0.9993 0.0879732
