0.3 0.0462319
0.30035 0.0462319
0.3007 0.0462278
0.30105 0.0462235
0.3014 0.0462191
0.30175 0.0462145999999999
0.3021 0.0462099
0.30245 0.0462051
0.3028 0.0462001
0.30315 0.0461949
0.3035 0.0461897
0.30385 0.0461843
0.3042 0.0461785
0.30455 0.0461725
0.3049 0.0461663999999999
0.30525 0.0461602
0.3056 0.0461539
0.30595 0.0461474
0.3063 0.0461407
0.30665 0.0461339999999999
0.307 0.0461271
0.30735 0.0461201
0.3077 0.0461129
0.30805 0.0461056
0.3084 0.0460982
0.30875 0.0460907
0.3091 0.046083
0.30945 0.0460753
0.3098 0.0460674
0.31015 0.0460593
0.3105 0.0460511999999999
0.31085 0.0460429
0.3112 0.0460345
0.31155 0.046026
0.3119 0.0460174
0.31225 0.0460085
0.3126 0.0459995
0.31295 0.0459903
0.3133 0.0459811
0.31365 0.0459717
0.314 0.0459621999999999
0.31435 0.0459526
0.3147 0.0459428
0.31505 0.045933
0.3154 0.0459231
0.31575 0.045913
0.3161 0.0459028999999999
0.31645 0.0458926
0.3168 0.0458822
0.31715 0.0458717
0.3175 0.0458612
0.31785 0.0458505
0.3182 0.0458397
0.31855 0.0458288
0.3189 0.0458178
0.31925 0.0458066999999999
0.3196 0.0457954999999999
0.31995 0.0457842
0.3203 0.0457729
0.32065 0.0457614
0.321 0.0457498
0.32135 0.0457381
0.3217 0.0457264
0.32205 0.0457145
0.3224 0.0457026
0.32275 0.0456906
0.3231 0.0456784
0.32345 0.0456662
0.3238 0.0456539
0.32415 0.0456416
0.3245 0.0456291
0.32485 0.0456165
0.3252 0.0456038999999999
0.32555 0.0455912
0.3259 0.0455784
0.32625 0.0455654999999999
0.3266 0.0455524999999999
0.32695 0.0455394
0.3273 0.0455263
0.32765 0.0455130999999999
0.328 0.0454997
0.32835 0.0454863
0.3287 0.0454726
0.32905 0.0454588
0.3294 0.0454445999999999
0.32975 0.0454294
0.3301 0.0454089
0.33045 0.0453966
0.3308 0.0453880999999999
0.33115 0.0453755999999999
0.3315 0.0453623
0.33185 0.0453487
0.3322 0.0453348
0.33255 0.0453207
0.3329 0.0453065999999999
0.33325 0.0452924
0.3336 0.045278
0.33395 0.0452637
0.3343 0.0452491999999999
0.33465 0.0452346999999999
0.335 0.0452201
0.33535 0.0452055
0.3357 0.0451908
0.33605 0.045176
0.3364 0.0451612
0.33675 0.0451464
0.3371 0.0451315999999999
0.33745 0.0451173
0.3378 0.045103
0.33815 0.0450886
0.3385 0.0450741999999999
0.33885 0.0450597
0.3392 0.0450452
0.33955 0.0450306
0.3399 0.045016
0.34025 0.0450013
0.3406 0.0449866
0.34095 0.0449719
0.3413 0.0449571
0.34165 0.0449423
0.342 0.0449274
0.34235 0.0449125
0.3427 0.0448976
0.34305 0.0448825999999999
0.3434 0.0448676
0.34375 0.0448525
0.3441 0.0448374
0.34445 0.0448223
0.3448 0.0448070999999999
0.34515 0.0447919
0.3455 0.0447767
0.34585 0.0447615
0.3462 0.0447462
0.34655 0.0447309
0.3469 0.0447155
0.34725 0.0447001
0.3476 0.0446847
0.34795 0.0446693
0.3483 0.0446538
0.34865 0.0446383
0.349 0.0446228
0.34935 0.0446071999999999
0.3497 0.0445917
0.35005 0.0445760999999999
0.3504 0.0445604
0.35075 0.0445448
0.3511 0.0445291
0.35145 0.0445134
0.3518 0.0444976999999999
0.35215 0.0444819
0.3525 0.0444662
0.35285 0.0444504
0.3532 0.0444346
0.35355 0.0444188
0.3539 0.0444029
0.35425 0.0443871
0.3546 0.0443711
0.35495 0.0443552
0.3553 0.0443393
0.35565 0.0443233
0.356 0.0443036999999999
0.35635 0.0442905
0.3567 0.0442755
0.35705 0.0442546
0.3574 0.0442429
0.35775 0.0442254
0.3581 0.0442069999999999
0.35845 0.0441926999999999
0.3588 0.0441753
0.35915 0.044162
0.3595 0.0441390999999999
0.35985 0.0441193
0.3602 0.044106
0.36055 0.0440852
0.3609 0.0440781
0.36125 0.044064
0.3616 0.0440488
0.36195 0.044034
0.3623 0.0440151
0.36265 0.0439998
0.363 0.043983
0.36335 0.043966
0.3637 0.0439486999999999
0.36405 0.0439304
0.3644 0.0439148
0.36475 0.0438979
0.3651 0.0438808
0.36545 0.0438634
0.3658 0.0438445
0.36615 0.0438287
0.3665 0.0438121
0.36685 0.0437944
0.3672 0.0437770999999999
0.36755 0.0437604
0.3679 0.0437425
0.36825 0.0437255999999999
0.3686 0.0437058
0.36895 0.0436916
0.3693 0.0436735
0.36965 0.0436566999999999
0.37 0.0436379
0.37035 0.0436200999999999
0.3707 0.0435978
0.37105 0.0435836
0.3714 0.0435704
0.37175 0.043551
0.3721 0.0435333
0.37245 0.0435170999999999
0.3728 0.0434936999999999
0.37315 0.0434833
0.3735 0.0434644999999999
0.37385 0.0434463
0.3742 0.0434317
0.37455 0.0434120999999999
0.3749 0.043386
0.37525 0.0433792
0.3756 0.0433446
0.37595 0.0433413
0.3763 0.0433131999999999
0.37665 0.0433104
0.377 0.0432896
0.37735 0.0432746999999999
0.3777 0.0432506
0.37805 0.0432320999999999
0.3784 0.0432235
0.37875 0.0431925
0.3791 0.0431846
0.37945 0.0431445
0.3798 0.0431269
0.38015 0.0431269
0.3805 0.0431163
0.38085 0.0431029999999999
0.3812 0.0430869
0.38155 0.0430709
0.3819 0.0430421999999999
0.38225 0.0430138
0.3826 0.0430112
0.38295 0.0430042
0.3833 0.0429861
0.38365 0.0429712
0.384 0.042952
0.38435 0.042939
0.3847 0.042922
0.38505 0.0429055
0.3854 0.0428884
0.38575 0.0428719
0.3861 0.0428548
0.38645 0.0428373
0.3868 0.0428209
0.38715 0.0428029999999999
0.3875 0.0427875
0.38785 0.0427716
0.3882 0.0427575
0.38855 0.0427385
0.3889 0.0427196999999999
0.38925 0.0427046
0.3896 0.0426931999999999
0.38995 0.0426757
0.3903 0.0426558
0.39065 0.0426462
0.391 0.0426297
0.39135 0.0426142
0.3917 0.0425922
0.39205 0.0425815
0.3924 0.0425661
0.39275 0.042539
0.3931 0.0425339999999999
0.39345 0.0425204
0.3938 0.0425034
0.39415 0.0424755
0.3945 0.0424721
0.39485 0.0424492
0.3952 0.0424314
0.39555 0.0424245
0.3959 0.0423987
0.39625 0.0423759
0.3966 0.0423686999999999
0.39695 0.042363
0.3973 0.0423309
0.39765 0.042328
0.398 0.0423087
0.39835 0.0423053
0.3987 0.0422798
0.39905 0.0422685999999999
0.3994 0.0422561999999999
0.39975 0.0422455
0.4001 0.0422296
0.40045 0.0422154999999999
0.4008 0.0421935
0.40115 0.0421705999999999
0.4015 0.0421578
0.40185 0.0421578
0.4022 0.0421243
0.40255 0.0421114
0.4029 0.04211
0.40325 0.0420964999999999
0.4036 0.0420718
0.40395 0.0420643
0.4043 0.0420501
0.40465 0.0420342
0.405 0.0420216
0.40535 0.0420106
0.4057 0.0419936
0.40605 0.0419745
0.4064 0.0419593
0.40675 0.0419465
0.4071 0.0419349
0.40745 0.0419238
0.4078 0.0419101
0.40815 0.0418959999999999
0.4085 0.0418816999999999
0.40885 0.0418525
0.4092 0.0418379
0.40955 0.0418379
0.4099 0.0418216
0.41025 0.041806
0.4106 0.041792
0.41095 0.0417774999999999
0.4113 0.0417594
0.41165 0.0417482
0.412 0.0417212
0.41235 0.0417168
0.4127 0.0416996999999999
0.41305 0.0416843
0.4134 0.0416439
0.41375 0.0416430999999999
0.4141 0.0416430999999999
0.41445 0.0416251
0.4148 0.0415966
0.41515 0.0415698
0.4155 0.0415548
0.41585 0.0414825
0.4162 0.0414825
0.41655 0.0415161
0.4169 0.0415161
0.41725 0.0414598
0.4176 0.0414463
0.41795 0.0414598
0.4183 0.0414453
0.41865 0.0414453
0.419 0.041423
0.41935 0.0413894999999999
0.4197 0.0413526
0.42005 0.0413328
0.4204 0.0413328
0.42075 0.0413476999999999
0.4211 0.0413476999999999
0.42145 0.0413366
0.4218 0.041305
0.42215 0.0412729
0.4225 0.0412729
0.42285 0.0412729
0.4232 0.0412401
0.42355 0.0411786
0.4239 0.0411633
0.42425 0.0411633
0.4246 0.0411633
0.42495 0.0411761999999999
0.4253 0.0411591
0.42565 0.0411591
0.426 0.0410547
0.42635 0.0410547
0.4267 0.0410603
0.42705 0.0411013
0.4274 0.0410763
0.42775 0.0410763
0.4281 0.0410686999999999
0.42845 0.0410476
0.4288 0.0410163
0.42915 0.0409751
0.4295 0.040977
0.42985 0.0409726
0.4302 0.0409697
0.43055 0.040968
0.4309 0.0409330999999999
0.43125 0.0409330999999999
0.4316 0.0409221
0.43195 0.0409198
0.4323 0.0409188
0.43265 0.0409077
0.433 0.0408911999999999
0.43335 0.0408794
0.4337 0.040856
0.43405 0.0408489
0.4344 0.0408274999999999
0.43475 0.0408184
0.4351 0.0408102
0.43545 0.0407931999999999
0.4358 0.04078
0.43615 0.0407628
0.4365 0.0407176
0.43685 0.0407089
0.4372 0.0407089
0.43755 0.0407041
0.4379 0.0406889999999999
0.43825 0.0406806
0.4386 0.0406758
0.43895 0.0406474
0.4393 0.0406443
0.43965 0.0406138
0.44 0.0405834
0.44035 0.0405044
0.4407 0.0404654
0.44105 0.0404654
0.4414 0.040462
0.44175 0.0404282
0.4421 0.0404282
0.44245 0.0404282
0.4428 0.0404745
0.44315 0.0404767
0.4435 0.0404767
0.44385 0.0403807
0.4442 0.0403807
0.44455 0.0404274
0.4449 0.0404274
0.44525 0.0403787
0.4456 0.0403616
0.44595 0.0403616
0.4463 0.0403616
0.44665 0.0403719
0.447 0.0403564
0.44735 0.0403506999999999
0.4477 0.0403455999999999
0.44805 0.0403323
0.4484 0.0403073
0.44875 0.0403123
0.4491 0.0403073
0.44945 0.0402980999999999
0.4498 0.0402778
0.45015 0.0402703
0.4505 0.0402629
0.45085 0.040233
0.4512 0.0401981
0.45155 0.040181
0.4519 0.0401777
0.45225 0.0401705999999999
0.4526 0.0401653
0.45295 0.0401653
0.4533 0.040149
0.45365 0.0401319
0.454 0.0401319
0.45435 0.0400969
0.4547 0.0400756999999999
0.45505 0.0400785
0.4554 0.0400756999999999
0.45575 0.0400536
0.4561 0.0400309
0.45645 0.0400309
0.4568 0.0400046
0.45715 0.0400082
0.4575 0.039994
0.45785 0.039994
0.4582 0.0399775
0.45855 0.0399727
0.4589 0.0399541
0.45925 0.0399181
0.4596 0.0399089
0.45995 0.0399097
0.4603 0.0399097
0.46065 0.0399097
0.461 0.0399096
0.46135 0.0399001
0.4617 0.0398948
0.46205 0.0398828
0.4624 0.039873
0.46275 0.0398675
0.4631 0.0398563
0.46345 0.0398431999999999
0.4638 0.0398338
0.46415 0.0398205
0.4645 0.039804
0.46485 0.0397964
0.4652 0.0397582
0.46555 0.0397582
0.4659 0.0397363
0.46625 0.0397024
0.4666 0.0396978
0.46695 0.0396883
0.4673 0.0396863
0.46765 0.039655
0.468 0.0396255
0.46835 0.0395815999999999
0.4687 0.0394592
0.46905 0.0394196999999999
0.4694 0.0394592
0.46975 0.0395074
0.4701 0.0395096
0.47045 0.0395481
0.4708 0.0395481
0.47115 0.0395288
0.4715 0.0394787
0.47185 0.0394538
0.4722 0.0394064
0.47255 0.0394064
0.4729 0.0394364
0.47325 0.0394402
0.4736 0.0394605
0.47395 0.0394605
0.4743 0.0394732
0.47465 0.0393988
0.475 0.039458
0.47535 0.0392434
0.4757 0.0394558
0.47605 0.0393851999999999
0.4764 0.0393851999999999
0.47675 0.0393851999999999
0.4771 0.0393674
0.47745 0.0394008
0.4778 0.0393674
0.47815 0.0393798
0.4785 0.0393629
0.47885 0.0393629
0.4792 0.0393449
0.47955 0.0393345
0.4799 0.039312
0.48025 0.0393055
0.4806 0.0392808
0.48095 0.0392801
0.4813 0.0392453
0.48165 0.039242
0.482 0.039184
0.48235 0.0391794
0.4827 0.0391785
0.48305 0.0391638
0.4834 0.0390869
0.48375 0.0390128
0.4841 0.0389789
0.48445 0.0388455
0.4848 0.0387327
0.48515 0.0387327
0.4855 0.0387327
0.48585 0.0387236
0.4862 0.0388421999999999
0.48655 0.0388815999999999
0.4869 0.0389575
0.48725 0.0389575
0.4876 0.0388436
0.48795 0.0388436
0.4883 0.0389746
0.48865 0.0389746
0.489 0.03904
0.48935 0.0389131999999999
0.4897 0.03904
0.49005 0.0389935
0.4904 0.0389935
0.49075 0.0389700999999999
0.4911 0.0389700999999999
0.49145 0.0389716
0.4918 0.0389962
0.49215 0.0389716
0.4925 0.0389368
0.49285 0.0389068
0.4932 0.0389068
0.49355 0.0389068
0.4939 0.0389368
0.49425 0.0389368
0.4946 0.0389368
0.49495 0.0389427
0.4953 0.0389145
0.49565 0.0389329999999999
0.496 0.0389145
0.49635 0.0389113
0.4967 0.0389079
0.49705 0.0388983
0.4974 0.0388812
0.49775 0.0388745
0.4981 0.0388641
0.49845 0.0388417
0.4988 0.0388327
0.49915 0.0388019
0.4995 0.0388195999999999
0.49985 0.0388003
0.50055 0.0386543
0.5009 0.0386543
0.50125 0.0386994
0.5016 0.0386994
0.50195 0.0386707
0.5023 0.0386494
0.50265 0.0384729
0.503 0.0382020999999999
0.50335 0.0382583
0.5037 0.0382583
0.50405 0.0382583
0.5044 0.0384804
0.50475 0.0385446999999999
0.5051 0.0385499
0.50545 0.0385499
0.5058 0.0384851
0.50615 0.0384851
0.5065 0.0382767
0.50685 0.038313
0.5072 0.038313
0.50755 0.0383871
0.5079 0.0383871
0.50825 0.0383743
0.5086 0.0383743
0.50895 0.0383743
0.5093 0.0383493
0.50965 0.0383114
0.51 0.0383114
0.51035 0.0383698
0.5107 0.0383904999999999
0.51105 0.0383904999999999
0.5114 0.0383827
0.51175 0.0383827
0.5121 0.0384093
0.51245 0.0384951
0.5128 0.0384951
0.51315 0.0384606
0.5135 0.0384606
0.51385 0.0384416
0.5142 0.0384416
0.51455 0.0384416
0.5149 0.0384461
0.51525 0.0385036
0.5156 0.0384944
0.51595 0.0384944
0.5163 0.0384876999999999
0.51665 0.0384678
0.517 0.0384821
0.51735 0.0384703
0.5177 0.0384703
0.51805 0.0384626
0.5184 0.0384573
0.51875 0.0384573
0.5191 0.0384518
0.51945 0.0384245
0.5198 0.0384228
0.52015 0.0384216999999999
0.5205 0.038409
0.52085 0.0384028
0.5212 0.0383874
0.52155 0.0383845
0.5219 0.0383596
0.52225 0.0383543
0.5226 0.0383344
0.52295 0.0383222
0.5233 0.0381159
0.52365 0.0381159
0.524 0.0380738
0.52435 0.0382654
0.5247 0.0382654
0.52505 0.0382816999999999
0.5254 0.0382828
0.52575 0.0382828
0.5261 0.0382814
0.52645 0.0382798
0.5268 0.0382131999999999
0.52715 0.0381738
0.5275 0.0381738
0.52785 0.0381738
0.5282 0.0382191999999999
0.52855 0.0382191999999999
0.5289 0.0381571999999999
0.52925 0.038138
0.5296 0.0381164
0.52995 0.0381164
0.5303 0.0381164
0.53065 0.0380363
0.531 0.0380363
0.53135 0.0381212
0.5317 0.0381212
0.53205 0.0380966
0.5324 0.0380276
0.53275 0.0380276
0.5331 0.0380276
0.53345 0.0380531
0.5338 0.0380531
0.53415 0.0380518
0.5345 0.0380482
0.53485 0.0380067
0.5352 0.0379694
0.53555 0.0379416
0.5359 0.0378878
0.53625 0.0378878
0.5366 0.0378691999999999
0.53695 0.0377984
0.5373 0.0377984
0.53765 0.0377456
0.538 0.037723
0.53835 0.0376818
0.5387 0.0376207
0.53905 0.0375886
0.5394 0.0375175
0.53975 0.0374341
0.5401 0.0374341
0.54045 0.0372969
0.5408 0.0372010999999999
0.54115 0.0370958
0.5415 0.0370534
0.54185 0.0369338
0.5422 0.0368844
0.54255 0.0368782
0.5429 0.0368841
0.54325 0.0368841
0.5436 0.0368861999999999
0.54395 0.036929
0.5443 0.0370606999999999
0.54465 0.0372499
0.545 0.0372499
0.54535 0.0373156
0.5457 0.0374027
0.54605 0.0374027
0.5464 0.0374319
0.54675 0.037457
0.5471 0.0375500999999999
0.54745 0.0376043
0.5478 0.0376236999999999
0.54815 0.037654
0.5485 0.0376759
0.54885 0.0376935
0.5492 0.0376759
0.54955 0.0376935
0.5499 0.037602
0.55025 0.0377048
0.5506 0.0377048
0.55095 0.0377048
0.5513 0.0377223
0.55165 0.0376361999999999
0.552 0.0376915
0.55235 0.0376702
0.5527 0.0376702
0.55305 0.0376702
0.5534 0.0376595
0.55375 0.0376595
0.5541 0.0376461
0.55445 0.0376431999999999
0.5548 0.0376225
0.55515 0.0376225
0.5555 0.0376225
0.55585 0.0376605
0.5562 0.0376366999999999
0.55655 0.0376366999999999
0.5569 0.0375961999999999
0.55725 0.0375961999999999
0.5576 0.03761
0.55795 0.0376147
0.5583 0.03761
0.55865 0.0376147
0.559 0.0375943
0.55935 0.0376003
0.5597 0.0375943
0.56005 0.0375791
0.5604 0.0375744
0.56075 0.0375582
0.5611 0.0375591
0.56145 0.0375582
0.5618 0.0375556
0.56215 0.0375253
0.5625 0.0375253
0.56285 0.0375379
0.5632 0.0375379
0.56355 0.0374909
0.5639 0.0374785
0.56425 0.0374876999999999
0.5646 0.0374607
0.56495 0.0374607
0.5653 0.037449
0.56565 0.0374421999999999
0.566 0.0373708
0.56635 0.0372778
0.5667 0.0372634
0.56705 0.0372778
0.5674 0.0372606999999999
0.56775 0.0372315
0.5681 0.0370116999999999
0.56845 0.0370116999999999
0.5688 0.0369707
0.56915 0.0370273
0.5695 0.0369066
0.56985 0.0369093
0.5702 0.0369093
0.57055 0.037186
0.5709 0.037186
0.57125 0.0370966999999999
0.5716 0.0370457
0.57195 0.0370855999999999
0.5723 0.0370855999999999
0.57265 0.0370855999999999
0.573 0.0371243
0.57335 0.0368492
0.5737 0.0369773
0.57405 0.036841
0.5744 0.0367924
0.57475 0.0367924
0.5751 0.0366771
0.57545 0.0369527
0.5758 0.0369634
0.57615 0.0369634
0.5765 0.0368781
0.57685 0.0367770999999999
0.5772 0.0368781
0.57755 0.0369355
0.5779 0.0369603
0.57825 0.0370176999999999
0.5786 0.0370140999999999
0.57895 0.03704
0.5793 0.03704
0.57965 0.03704
0.58 0.0370467
0.58035 0.0370374
0.5807 0.0370839
0.58105 0.037107
0.5814 0.037107
0.58175 0.0371338
0.5821 0.0371013
0.58245 0.0371013
0.5828 0.0370805
0.58315 0.0370805
0.5835 0.0370973999999999
0.58385 0.0370973999999999
0.5842 0.0370973999999999
0.58455 0.0371248
0.5849 0.0371248
0.58525 0.0370777
0.5856 0.0370777
0.58595 0.0370777
0.5863 0.0370306
0.58665 0.0370281
0.587 0.0369893
0.58735 0.0369821999999999
0.5877 0.0368823
0.58805 0.0367561999999999
0.5884 0.0367561999999999
0.58875 0.0367561999999999
0.5891 0.0367717
0.58945 0.0367717
0.5898 0.0365876
0.59015 0.0365876
0.5905 0.0367389
0.59085 0.0367389
0.5912 0.0367224
0.59155 0.0367032
0.5919 0.0367142
0.59225 0.0367032
0.5926 0.0367142
0.59295 0.0367797
0.5933 0.0367797
0.59365 0.0366029
0.594 0.0365903
0.59435 0.0362945999999999
0.5947 0.0362945999999999
0.59505 0.0365522
0.5954 0.0365522
0.59575 0.0365369
0.5961 0.0365369
0.59645 0.0365153
0.5968 0.0365786
0.59715 0.0365786
0.5975 0.0365786
0.59785 0.0364947
0.5982 0.0364947
0.59855 0.0365584
0.5989 0.0365584
0.59925 0.0365406
0.5996 0.0365406
0.59995 0.0365990999999999
0.6003 0.0365990999999999
0.60065 0.0364301999999999
0.601 0.0364301999999999
0.60135 0.0365665
0.6017 0.0366452
0.60205 0.0366452
0.6024 0.0367214
0.60275 0.0367214
0.6031 0.0367588
0.60345 0.0368014
0.6038 0.0368014
0.60415 0.0367549
0.6045 0.0367549
0.60485 0.0367109
0.6052 0.0367873
0.60555 0.0367696999999999
0.6059 0.0367696999999999
0.60625 0.0367645
0.6066 0.0367307
0.60695 0.0367471
0.6073 0.0367307
0.60765 0.036728
0.608 0.0366503
0.60835 0.0366503
0.6087 0.0366491
0.60905 0.0366253
0.6094 0.0366081
0.60975 0.0366253
0.6101 0.0366252
0.61045 0.0366252
0.6108 0.0365588
0.61115 0.0365368
0.6115 0.036465
0.61185 0.0363661999999999
0.6122 0.0362517
0.61255 0.0362491999999999
0.6129 0.0360935999999999
0.61325 0.0359129
0.6136 0.0356968
0.61395 0.0355294
0.6143 0.0353806999999999
0.61465 0.0352559
0.615 0.0351988
0.61535 0.0351936999999999
0.6157 0.035132
0.61605 0.034996
0.6164 0.0349106
0.61675 0.0348389
0.6171 0.0346428
0.61745 0.0342859
0.6178 0.0339227
0.61815 0.0339171999999999
0.6185 0.0336336999999999
0.61885 0.0334806999999999
0.6192 0.0333927
0.61955 0.0333927
0.6199 0.0335061999999999
0.62025 0.0337044
0.6206 0.0339186
0.62095 0.0339231
0.6213 0.0340364
0.62165 0.0341868
0.622 0.0344552
0.62235 0.034748
0.6227 0.0349756999999999
0.62305 0.0352064
0.6234 0.0354204
0.62375 0.035427
0.6241 0.0356677
0.62445 0.0358524
0.6248 0.0359267
0.62515 0.0360838
0.6255 0.0361885999999999
0.62585 0.036267
0.6262 0.0363202
0.62655 0.0363202
0.6269 0.0363203
0.62725 0.0363770999999999
0.6276 0.0363770999999999
0.62795 0.0364163
0.6283 0.0364523
0.62865 0.0364679
0.629 0.0365116999999999
0.62935 0.0365264
0.6297 0.0365315
0.63005 0.0365626
0.6304 0.0365627
0.63075 0.0365627
0.6311 0.0365034
0.63145 0.0364753
0.6318 0.0362769
0.63215 0.0362769
0.6325 0.0364461
0.63285 0.0364626999999999
0.6332 0.0364719
0.63355 0.0365065
0.6339 0.0365205
0.63425 0.0365218999999999
0.6346 0.0365205
0.63495 0.0364776
0.6353 0.0364776
0.63565 0.0364418
0.636 0.0364376999999999
0.63635 0.0364376999999999
0.6367 0.036361
0.63705 0.036361
0.6374 0.036361
0.63775 0.0363058
0.6381 0.0363244
0.63845 0.0363244
0.6388 0.0363244
0.63915 0.0363249
0.6395 0.0363249
0.63985 0.0363606
0.6402 0.0363888
0.64055 0.0363606
0.6409 0.0363517
0.64125 0.0363509
0.6416 0.0363039
0.64195 0.0362984
0.6423 0.0362832
0.64265 0.0362984
0.643 0.0362832
0.64335 0.0362711999999999
0.6437 0.0362385
0.64405 0.0361923
0.6444 0.0361923
0.64475 0.0361749
0.6451 0.0361745
0.64545 0.0361745
0.6458 0.0360635999999999
0.64615 0.0358015999999999
0.6465 0.0358015999999999
0.64685 0.0359829
0.6472 0.0360624
0.64755 0.0360624
0.6479 0.0359976
0.64825 0.0359763
0.6486 0.0359763
0.64895 0.0359805
0.6493 0.0360172
0.64965 0.0360455
0.65 0.0360455
0.65035 0.0360667
0.6507 0.0360349
0.65105 0.0358306
0.6514 0.0358306
0.65175 0.0358306
0.6521 0.0358784
0.65245 0.0359892
0.6528 0.0359892
0.65315 0.0359496
0.6535 0.0358796999999999
0.65385 0.035944
0.6542 0.0357433
0.65455 0.0358436999999999
0.6549 0.0358436999999999
0.65525 0.0358436999999999
0.6556 0.0357212
0.65595 0.0356696999999999
0.6563 0.0356696999999999
0.65665 0.0357020999999999
0.657 0.0357020999999999
0.65735 0.035684
0.6577 0.035684
0.65805 0.0357001999999999
0.6584 0.0357001999999999
0.65875 0.0356852
0.6591 0.0356838
0.65945 0.0356838
0.6598 0.0356060999999999
0.66015 0.0356060999999999
0.6605 0.0356865
0.66085 0.0356865
0.6612 0.0356207
0.66155 0.0355875
0.6619 0.0355908
0.66225 0.0355875
0.6626 0.035532
0.66295 0.0355268
0.6633 0.0355095
0.66365 0.0355049
0.664 0.0354955
0.66435 0.0354955
0.6647 0.0354820999999999
0.66505 0.0354820999999999
0.6654 0.0354131999999999
0.66575 0.0353563
0.6661 0.0353286
0.66645 0.0352883
0.6668 0.0352883
0.66715 0.0353113
0.6675 0.0353139
0.66785 0.0353316
0.6682 0.0353316
0.66855 0.0353741
0.6689 0.0353741
0.66925 0.0354195999999999
0.6696 0.0354945999999999
0.66995 0.0355688
0.6703 0.0356002
0.67065 0.0356785
0.671 0.0356785
0.67135 0.0357346
0.6717 0.0357957
0.67205 0.035842
0.6724 0.0358593
0.67275 0.0359235
0.6731 0.0359595
0.67345 0.0359989
0.6738 0.0360261999999999
0.67415 0.0360419
0.6745 0.0360588
0.67485 0.0360736
0.6752 0.0361296
0.67555 0.0361296
0.6759 0.0361427
0.67625 0.036153
0.6766 0.036153
0.67695 0.0361584
0.6773 0.0361584
0.67765 0.0361694
0.678 0.0361694
0.67835 0.0361354
0.6787 0.0361011
0.67905 0.0360758
0.6794 0.0360758
0.67975 0.036068
0.6801 0.0360523
0.68045 0.0360353
0.6808 0.0359726999999999
0.68115 0.0359333
0.6815 0.0359333
0.68185 0.0358219
0.6822 0.0358211
0.68255 0.0357927
0.6829 0.0357927
0.68325 0.0357877
0.6836 0.0357877
0.68395 0.0357673
0.6843 0.0357673
0.68465 0.0357707
0.685 0.0358084
0.68535 0.0358733
0.6857 0.0358824
0.68605 0.0358899
0.6864 0.0358899
0.68675 0.0357366999999999
0.6871 0.0357366999999999
0.68745 0.0358806999999999
0.6878 0.0359019999999999
0.68815 0.0359054
0.6885 0.0359054
0.68885 0.0358598
0.6892 0.0358598
0.68955 0.0357042
0.6899 0.0358674
0.69025 0.0358386999999999
0.6906 0.0358659
0.69095 0.0358386999999999
0.6913 0.0357899
0.69165 0.0357711999999999
0.692 0.0357183
0.69235 0.0357173
0.6927 0.0357144
0.69305 0.035703
0.6934 0.0356466
0.69375 0.0356466
0.6941 0.0356466
0.69445 0.0356569
0.6948 0.0355799
0.69515 0.0355799
0.6955 0.0355473
0.69585 0.0354133
0.6962 0.0354133
0.69655 0.035441
0.6969 0.035441
0.69725 0.0353365
0.6976 0.0351906
0.69795 0.0351898
0.6983 0.0351071999999999
0.69865 0.0351071999999999
0.699 0.0349704
0.69935 0.0349017
0.6997 0.0348121
0.70005 0.0345329
0.7004 0.0343848
0.70075 0.0343712
0.7011 0.0342433
0.70145 0.0341971
0.7018 0.0341075999999999
0.70215 0.034056
0.7025 0.034056
0.70285 0.034056
0.7032 0.0342361
0.70355 0.0342361
0.7039 0.0341629
0.70425 0.0341629
0.7046 0.034257
0.70495 0.0342653
0.7053 0.0343958
0.70565 0.0347299
0.706 0.0347299
0.70635 0.0347621999999999
0.7067 0.0347686999999999
0.70705 0.0347686999999999
0.7074 0.0348806
0.70775 0.0349079
0.7081 0.0349815
0.70845 0.0350346
0.7088 0.0350836
0.70915 0.0350478
0.7095 0.0351139
0.70985 0.035149
0.7102 0.035239
0.71055 0.035239
0.7109 0.0352776
0.71125 0.0352831
0.7116 0.0353051999999999
0.71195 0.0353292
0.7123 0.0353292
0.71265 0.035301
0.713 0.035301
0.71335 0.0353077
0.7137 0.0353236
0.71405 0.0353236
0.7144 0.0352945
0.71475 0.0351653
0.7151 0.0350993
0.71545 0.0348893
0.7158 0.0346211
0.71615 0.0346121999999999
0.7165 0.0341825
0.71685 0.0336055
0.7172 0.0332579
0.71755 0.0326732
0.7179 0.0321515
0.71825 0.0319959
0.7186 0.031783
0.71895 0.0311467
0.7193 0.0307664
0.71965 0.0307664
0.72 0.0300299
0.72035 0.0299205
0.7207 0.0296464
0.72105 0.0296464
0.7214 0.0294219
0.72175 0.0292205
0.7221 0.0292377
0.72245 0.0291185999999999
0.7228 0.0289614
0.72315 0.0283825999999999
0.7235 0.0268954
0.72385 0.0261875
0.7242 0.0261695999999999
0.72455 0.0248389
0.7249 0.0245296
0.72525 0.0232945
0.7256 0.0223166
0.72595 0.0223166
0.7263 0.0221351
0.72665 0.0207813
0.727 0.0204969
0.72735 0.0206405
0.7277 0.0206405
0.72805 0.0217659
0.7284 0.0233125
0.72875 0.0243309
0.7291 0.0247486
0.72945 0.0250081
0.7298 0.0252589
0.73015 0.0254177
0.7305 0.0261575
0.73085 0.0272938
0.7312 0.0281704999999999
0.73155 0.0281704999999999
0.7319 0.0287406
0.73225 0.0290538999999999
0.7326 0.0294384
0.73295 0.029227
0.7333 0.0294643
0.73365 0.0307694999999999
0.734 0.0309012
0.73435 0.0312424
0.7347 0.0319845
0.73505 0.0321903
0.7354 0.0325125
0.73575 0.0325125
0.7361 0.0325125
0.73645 0.0331761999999999
0.7368 0.0331761999999999
0.73715 0.0332106999999999
0.7375 0.0338051
0.73785 0.0338889
0.7382 0.0341589999999999
0.73855 0.0342233
0.7389 0.0343785
0.73925 0.0344046999999999
0.7396 0.034791
0.73995 0.0347916999999999
0.7403 0.0349344
0.74065 0.0351277
0.741 0.0351649
0.74135 0.0352098
0.7417 0.0352541
0.74205 0.0353409
0.7424 0.0353454
0.74275 0.0353753
0.7431 0.0354594
0.74345 0.0354839
0.7438 0.0354839
0.74415 0.0354843
0.7445 0.0354843
0.74485 0.0355017
0.7452 0.0355017
0.74555 0.0355017
0.7459 0.0354754
0.74625 0.0355018
0.7466 0.035501
0.74695 0.035501
0.7473 0.035501
0.74765 0.0354836
0.748 0.0354938
0.74835 0.0354919
0.7487 0.0354919
0.74905 0.0354919
0.7494 0.0354827
0.74975 0.0354827
0.7501 0.0354827
0.75045 0.0354659
0.7508 0.0354897
0.75115 0.035495
0.7515 0.035495
0.75185 0.0354895
0.7522 0.0354815
0.75255 0.0354725
0.7529 0.0354725
0.75325 0.0355003
0.7536 0.0355003
0.75395 0.0355003
0.7543 0.0354967
0.75465 0.035488
0.755 0.0354784
0.75535 0.035475
0.7557 0.0354713
0.75605 0.0354685999999999
0.7564 0.0354524
0.75675 0.035423
0.7571 0.0354198
0.75745 0.0353429
0.7578 0.0353429
0.75815 0.0353497
0.7585 0.0353497
0.75885 0.0353147
0.7592 0.0352834
0.75955 0.0351593
0.7599 0.0351325
0.76025 0.035086
0.7606 0.0350297
0.76095 0.0350297
0.7613 0.0350729
0.76165 0.0350729
0.762 0.0349428
0.76235 0.0348856
0.7627 0.0348579
0.76305 0.034832
0.7634 0.0348309
0.76375 0.034823
0.7641 0.0348042
0.76445 0.0347423
0.7648 0.0347334
0.76515 0.0347334
0.7655 0.0347592
0.76585 0.0347592
0.7662 0.0347304
0.76655 0.0347282
0.7669 0.0346364
0.76725 0.0346364
0.7676 0.0346975
0.76795 0.0347727
0.7683 0.0347727
0.76865 0.0347371999999999
0.769 0.0347274999999999
0.76935 0.0347274999999999
0.7697 0.0347404
0.77005 0.0347404
0.7704 0.0347191999999999
0.77075 0.034681
0.7711 0.0346673
0.77145 0.0346588
0.7718 0.0346446999999999
0.77215 0.0346404
0.7725 0.0345445999999999
0.77285 0.0343561
0.7732 0.0341770999999999
0.77355 0.0341770999999999
0.7739 0.0341973999999999
0.77425 0.0342768
0.7746 0.0342768
0.77495 0.0342702
0.7753 0.0342084
0.77565 0.0340969
0.776 0.0340056
0.77635 0.0339493
0.7767 0.0339233
0.77705 0.0338657
0.7774 0.0337865
0.77775 0.0337795
0.7781 0.0336715
0.77845 0.0335634999999999
0.7788 0.0334661
0.77915 0.0333477
0.7795 0.033101
0.77985 0.0328488
0.7802 0.032521
0.78055 0.0325181
0.7809 0.0321512
0.78125 0.0319858
0.7816 0.0319237
0.78195 0.0318704999999999
0.7823 0.031847
0.78265 0.0318007
0.783 0.0315915
0.78335 0.0315915
0.7837 0.0312269999999999
0.78405 0.0312269999999999
0.7844 0.0316399999999999
0.78475 0.0321782
0.7851 0.0322577
0.78545 0.0322577
0.7858 0.0321124
0.78615 0.032109
0.7865 0.0321124
0.78685 0.0321589
0.7872 0.0322677
0.78755 0.0324225
0.7879 0.0324907
0.78825 0.0326144
0.7886 0.032651
0.78895 0.0326876
0.7893 0.0327056
0.78965 0.0327292
0.79 0.0327292
0.79035 0.0327245
0.7907 0.0326694
0.79105 0.0325459
0.7914 0.0323612
0.79175 0.032355
0.7921 0.0321302
0.79245 0.0318554
0.7928 0.0316212
0.79315 0.0316212
0.7935 0.0316238
0.79385 0.0316238
0.7942 0.031353
0.79455 0.0313501
0.7949 0.0310274
0.79525 0.0309466
0.7956 0.0309466
0.79595 0.0306520999999999
0.7963 0.0306520999999999
0.79665 0.0306520999999999
0.797 0.0306209
0.79735 0.0306209
0.7977 0.0306209
0.79805 0.0306791
0.7984 0.0307526999999999
0.79875 0.0307738
0.7991 0.0308233
0.79945 0.0310531
0.7998 0.0312337
0.80015 0.0312389
0.8005 0.0313269
0.80085 0.0315301
0.8012 0.0315301
0.80155 0.0315413
0.8019 0.0315413
0.80225 0.0317396999999999
0.8026 0.0318336
0.80295 0.0319770999999999
0.8033 0.0319770999999999
0.80365 0.0321201
0.804 0.0322087999999999
0.80435 0.0322712
0.8047 0.03245
0.80505 0.0325867
0.8054 0.0326478
0.80575 0.0326478
0.8061 0.0326478
0.80645 0.032766
0.8068 0.0330182
0.80715 0.0331895999999999
0.8075 0.0331895999999999
0.80785 0.0332848
0.8082 0.0333645
0.80855 0.0333645
0.8089 0.0333553
0.80925 0.0332488
0.8096 0.0332488
0.80995 0.0334356
0.8103 0.0334961
0.81065 0.0334961
0.811 0.0335131
0.81135 0.0335934
0.8117 0.0337079
0.81205 0.0337998
0.8124 0.0339033
0.81275 0.0339439
0.8131 0.0339033
0.81345 0.0340561999999999
0.8138 0.0341813
0.81415 0.0342048
0.8145 0.0342048
0.81485 0.0332520999999999
0.8152 0.0332520999999999
0.81555 0.0342677
0.8159 0.0343140999999999
0.81625 0.0343140999999999
0.8166 0.0344386999999999
0.81695 0.0344560999999999
0.8173 0.0344728
0.81765 0.0344560999999999
0.818 0.0344917
0.81835 0.0344917
0.8187 0.0344994
0.81905 0.0346263
0.8194 0.034651
0.81975 0.034651
0.8201 0.0346773
0.82045 0.0347403
0.8208 0.0347468
0.82115 0.0347815999999999
0.8215 0.0347580999999999
0.82185 0.0347580999999999
0.8222 0.03473
0.82255 0.0346841
0.8229 0.034608
0.82325 0.0335286
0.8236 0.0339227
0.82395 0.0339227
0.8243 0.0347716999999999
0.82465 0.0348443
0.825 0.0348443
0.82535 0.0348443
0.8257 0.0348131
0.82605 0.0348131
0.8264 0.0348643
0.82675 0.0348671999999999
0.8271 0.0348643
0.82745 0.0347937
0.8278 0.0344798
0.82815 0.0347603
0.8285 0.0347603
0.82885 0.0347603
0.8292 0.0348023
0.82955 0.034847
0.8299 0.034847
0.83025 0.0348348
0.8306 0.0348348
0.83095 0.0348458
0.8313 0.0348772
0.83165 0.0348458
0.832 0.0346916
0.83235 0.0346916
0.8327 0.0344985
0.83305 0.0347450999999999
0.8334 0.0346226
0.83375 0.0346226
0.8341 0.0340347
0.83445 0.0340347
0.8348 0.0340347
0.83515 0.0339498
0.8355 0.0337118
0.83585 0.0337118
0.8362 0.0335123
0.83655 0.0334965
0.8369 0.0332925
0.83725 0.0330974
0.8376 0.0323916
0.83795 0.0323249
0.8383 0.0319537
0.83865 0.031899
0.839 0.031899
0.83935 0.031917
0.8397 0.0321195
0.84005 0.0321195
0.8404 0.0321043
0.84075 0.031567
0.8411 0.0311019999999999
0.84145 0.0311019999999999
0.8418 0.0311445
0.84215 0.0311477
0.8425 0.0319471
0.84285 0.0327140999999999
0.8432 0.0327140999999999
0.84355 0.032667
0.8439 0.0323356
0.84425 0.0323356
0.8446 0.0325297
0.84495 0.0325805
0.8453 0.032937
0.84565 0.032937
0.846 0.0332950999999999
0.84635 0.0335392
0.8467 0.0335392
0.84705 0.0335214
0.8474 0.0334902
0.84775 0.0334789
0.8481 0.0334789
0.84845 0.0334135999999999
0.8488 0.0336046
0.84915 0.0337801999999999
0.8495 0.0337801999999999
0.84985 0.0337141
0.8502 0.0335253
0.85055 0.0327803
0.8509 0.0327803
0.85125 0.0327803
0.8516 0.0331784
0.85195 0.0330265999999999
0.8523 0.0330265999999999
0.85265 0.0327461
0.853 0.0323938
0.85335 0.0323467
0.8537 0.0321005
0.85405 0.031818
0.8544 0.0314256
0.85475 0.0311128
0.8551 0.0311067999999999
0.85545 0.0305934
0.8558 0.0305561
0.85615 0.0298351
0.8565 0.0298351
0.85685 0.0294781
0.8572 0.028649
0.85755 0.0280196
0.8579 0.0260503
0.85825 0.0260503
0.8586 0.0261547
0.85895 0.0261547
0.8593 0.0258324
0.85965 0.0257285
0.86 0.024829
0.86035 0.0234710999999999
0.8607 0.0230485
0.86105 0.0216784
0.8614 0.0212808
0.86175 0.0209103
0.8621 0.0199095999999999
0.86245 0.0199095999999999
0.8628 0.0197181
0.86315 0.0198057
0.8635 0.0197083
0.86385 0.0197083
0.8642 0.0176384999999999
0.86455 0.0167921
0.8649 0.0176384999999999
0.86525 0.0201787
0.8656 0.0202345
0.86595 0.0213972
0.8663 0.0217766
0.86665 0.0217766
0.867 0.0185227
0.86735 0.0185227
0.8677 0.0190691
0.86805 0.0217874
0.8684 0.0237755999999999
0.86875 0.0242267
0.8691 0.0257555
0.86945 0.026006
0.8698 0.0261785
0.87015 0.0261785
0.8705 0.0261785
0.87085 0.0250862
0.8712 0.0232084
0.87155 0.0250862
0.8719 0.0249382999999999
0.87225 0.0279809
0.8726 0.0254246
0.87295 0.0254246
0.8733 0.0254246
0.87365 0.027363
0.874 0.0278205999999999
0.87435 0.0286837
0.8747 0.0286837
0.87505 0.0286837
0.8754 0.0293557
0.87575 0.0265308
0.8761 0.0277860999999999
0.87645 0.0277860999999999
0.8768 0.0277860999999999
0.87715 0.0274343
0.8775 0.0237270999999999
0.87785 0.0237270999999999
0.8782 0.0232059
0.87855 0.0232059
0.8789 0.0268113
0.87925 0.0268113
0.8796 0.0169084
0.87995 0.0141617
0.8803 0.0150136
0.88065 0.0141617
0.881 0.0115412999999999
0.88135 0.0113786
0.8817 0.0087178
0.88205 0.0055828
0.8824 0.0025303
0.88275 0.0025303
0.8831 0.0025303
0.88345 0.0025482
0.8838 0.002362
0.88415 0.0025482
0.8845 0.0037016999999999
0.88485 0.0051655
0.8852 0.0058275
0.88555 0.0058275
0.8859 0.0050356
0.88625 0.0032763
0.8866 0.0009647999999999
0.88695 0.0006587
0.8873 0.0006587
0.88765 0.0008857
0.888 0.001231
0.88835 0.001231
0.8887 0.002035
0.88905 0.0008294
0.8894 0.0021675
0.88975 0.0022671999999999
0.8901 0.0033106
0.89045 0.0030209
0.8908 0.0030209
0.89115 0.0029984
0.8915 0.0029984
0.89185 0.0035751
0.8922 0.0035751
0.89255 0.0035751
0.8929 0.0037088
0.89325 0.0037088
0.8936 0.002985
0.89395 0.002656
0.8943 0.002656
0.89465 0.0028071
0.895 0.0028071
0.89535 0.0023128
0.8957 0.0023128
0.89605 0.0030191999999999
0.8964 0.0039819
0.89675 0.0059051
0.8971 0.0059051
0.89745 0.0063651
0.8978 0.0060531
0.89815 0.0063651
0.8985 0.0060729999999999
0.89885 0.0063484
0.8992 0.0060729999999999
0.89955 0.0055821
0.8999 0.0055821
0.90025 0.0101059
0.9006 0.0106682999999999
0.90095 0.0118193
0.9013 0.0126673
0.90165 0.0145669999999999
0.902 0.0145669999999999
0.90235 0.0156998
0.9027 0.0156998
0.90305 0.0159822999999999
0.9034 0.0190955
0.90375 0.0159822999999999
0.9041 0.0199048
0.90445 0.0224705
0.9048 0.0225251
0.90515 0.0225251
0.9055 0.0245259
0.90585 0.0265757
0.9062 0.0265757
0.90655 0.0239904
0.9069 0.0239904
0.90725 0.0247784
0.9076 0.0247784
0.90795 0.027493
0.9083 0.0202368
0.90865 0.027493
0.909 0.0274745
0.90935 0.0274745
0.9097 0.022603
0.91005 0.022603
0.9104 0.0281202999999999
0.91075 0.028433
0.9111 0.0297065
0.91145 0.0298134
0.9118 0.0298134
0.91215 0.0286527
0.9125 0.0285378
0.91285 0.0285378
0.9132 0.0285378
0.91355 0.0249478
0.9139 0.0292857
0.91425 0.0298287
0.9146 0.0304429
0.91495 0.0304594
0.9153 0.0304594
0.91565 0.0280103
0.916 0.0280103
0.91635 0.0285416
0.9167 0.0293769
0.91705 0.0293769
0.9174 0.0311462
0.91775 0.0311462
0.9181 0.0305785
0.91845 0.0305785
0.9188 0.0305785
0.91915 0.0304519
0.9195 0.0285668
0.91985 0.0292765999999999
0.9202 0.0292765999999999
0.92055 0.0296436
0.9209 0.0309505999999999
0.92125 0.0296436
0.9216 0.0280699
0.92195 0.0276773
0.9223 0.0203535999999999
0.92265 0.0276773
0.923 0.0316078
0.92335 0.0316078
0.9237 0.0306412
0.92405 0.0306412
0.9244 0.0306412
0.92475 0.0301000999999999
0.9251 0.0298168
0.92545 0.0301000999999999
0.9258 0.0285949
0.92615 0.0285949
0.9265 0.0285949
0.92685 0.0200176
0.9272 0.029787
0.92755 0.029787
0.9279 0.029787
0.92825 0.0297699
0.9286 0.0297699
0.92895 0.0307238
0.9293 0.0312314
0.92965 0.0312314
0.93 0.0294548
0.93035 0.0247259999999999
0.9307 0.022637
0.93105 0.0218389
0.9314 0.0218389
0.93175 0.0218389
0.9321 0.0248282
0.93245 0.0248282
0.9328 0.0286074999999999
0.93315 0.0295216999999999
0.9335 0.0295216999999999
0.93385 0.0263887
0.9342 0.0263887
0.93455 0.0249649
0.9349 0.0265324
0.93525 0.0249649
0.9356 0.0316444
0.93595 0.0298033
0.9363 0.0313627999999999
0.93665 0.0298033
0.937 0.0294889999999999
0.93735 0.0294889999999999
0.9377 0.0287565
0.93805 0.0267819
0.9384 0.024065
0.93875 0.024065
0.9391 0.0295168
0.93945 0.0298183
0.9398 0.0298183
0.94015 0.0298183
0.9405 0.0231217
0.94085 0.0314329999999999
0.9412 0.0309813
0.94155 0.0328644
0.9419 0.0328644
0.94225 0.0328644
0.9426 0.0327333
0.94295 0.028982
0.9433 0.028982
0.94365 0.0296247
0.944 0.0296247
0.94435 0.0284461
0.9447 0.0284461
0.94505 0.0311508
0.9454 0.0311508
0.94575 0.0311508
0.9461 0.0316867
0.94645 0.0316867
0.9468 0.0293892
0.94715 0.0288257
0.9475 0.0273909
0.94785 0.0288257
0.9482 0.0318531
0.94855 0.0321414
0.9489 0.0318531
0.94925 0.0282984
0.9496 0.0282984
0.94995 0.0307248
0.9503 0.0309808
0.95065 0.0321634
0.951 0.0321634
0.95135 0.0312216999999999
0.9517 0.0312216999999999
0.95205 0.0314556
0.9524 0.0314556
0.95275 0.0310985
0.9531 0.0310036
0.95345 0.0310036
0.9538 0.0325815
0.95415 0.0325815
0.9545 0.0323986
0.95485 0.0323986
0.9552 0.0310067
0.95555 0.0320972
0.9559 0.0320972
0.95625 0.0320972
0.9566 0.0318462999999999
0.95695 0.0306809
0.9573 0.0306809
0.95765 0.0319595
0.958 0.0319595
0.95835 0.0318368
0.9587 0.0316587999999999
0.95905 0.0316587999999999
0.9594 0.0302901
0.95975 0.0302901
0.9601 0.0309457999999999
0.96045 0.0309457999999999
0.9608 0.0298663999999999
0.96115 0.0298663999999999
0.9615 0.0298663999999999
0.96185 0.0294135999999999
0.9622 0.0288245
0.96255 0.0270718
0.9629 0.0269793
0.96325 0.0257257999999999
0.9636 0.0257257999999999
0.96395 0.0257257999999999
0.9643 0.0256851
0.96465 0.0256851
0.965 0.0247832
0.96535 0.0243566
0.9657 0.0240728
0.96605 0.0236872999999999
0.9664 0.0232775
0.96675 0.0230966
0.9671 0.0223509
0.96745 0.0217145999999999
0.9678 0.0217145999999999
0.96815 0.0237972999999999
0.9685 0.0237972999999999
0.96885 0.0232673
0.9692 0.0224190999999999
0.96955 0.0223602
0.9699 0.0216025
0.97025 0.0196445
0.9706 0.0174247
0.97095 0.016996
0.9713 0.0174247
0.97165 0.0189447999999999
0.972 0.0203259
0.97235 0.0218004
0.9727 0.0220111
0.97305 0.0220111
0.9734 0.0214166
0.97375 0.0212434
0.9741 0.0209335
0.97445 0.0212434
0.9748 0.0217514
0.97515 0.0219277
0.9755 0.0221379999999999
0.97585 0.0233433
0.9762 0.0233433
0.97655 0.0213935
0.9769 0.019863
0.97725 0.0213935
0.9776 0.0203252999999999
0.97795 0.0203252999999999
0.9783 0.0189318
0.97865 0.0187994
0.979 0.0187994
0.97935 0.021008
0.9797 0.021008
0.98005 0.0163435
0.9804 0.0147183
0.98075 0.0147183
0.9811 0.0147183
0.98145 0.015144
0.9818 0.015144
0.98215 0.0141776
0.9825 0.0141776
0.98285 0.0025929
0.9832 0.011054
0.98355 0.011054
0.9839 0.0112088
0.98425 0.011399
0.9846 0.0112088
0.98495 0.0123892999999999
0.9853 0.0038067
0.98565 0.0070843
0.986 0.0037433
0.98635 0.0070843
0.9867 0.005528
0.98705 0.005528
0.9874 0.005528
0.98775 0.0060936
0.9881 0.0060936
0.98845 0.0001581
0.9888 0.0001581
0.98915 0.0012089
0.9895 0.0064416
0.98985 0.0035098
0.9902 0.0069126
0.99055 0.0035098
0.9909 0.0069126
0.99125 0.0070825
0.9916 0.007381
0.99195 0.0070825
0.9923 0.00812
0.99265 0.0097604
0.993 0.0097604
0.99335 0.0097246
0.9937 0.0089172
0.99405 0.0089172
0.9944 0.0094782999999999
0.99475 0.0094782999999999
0.9951 0.0057934
0.99545 0.0057934
0.9958 0.0003476
0.99615 0.0073626
0.9965 0.0003476
0.99685 0.0073626
0.9972 0.0090785
0.99755 0.0090785
0.9979 0.0101679
0.99825 0.0065062
0.9986 0.0079744
0.99895 0.0065533999999999
0.9993 0.0065533999999999
