0.3 0.0236824
0.30035 0.0237063
0.3007 0.0237135999999999
0.30105 0.0237135999999999
0.3014 0.0237099
0.30175 0.0237014
0.3021 0.0236868
0.30245 0.0236595
0.3028 0.0236019
0.30315 0.0234334
0.3035 0.0234334
0.30385 0.0234511
0.3042 0.0235897
0.30455 0.0236335999999999
0.3049 0.0236497
0.30525 0.0236555
0.3056 0.0236555
0.30595 0.0236533
0.3063 0.0236488
0.30665 0.0236427
0.307 0.0236355
0.30735 0.0236268
0.3077 0.0236164
0.30805 0.0236035
0.3084 0.0235866
0.30875 0.0235632
0.3091 0.023525
0.30945 0.0234515
0.3098 0.0232711
0.31015 0.0231804
0.3105 0.0231804
0.31085 0.0233996
0.3112 0.0234699
0.31155 0.0234967
0.3119 0.0235062
0.31225 0.0235062
0.3126 0.0235046
0.31295 0.023499
0.3133 0.0234917
0.31365 0.0234834
0.314 0.023474
0.31435 0.0234640999999999
0.3147 0.0234533
0.31505 0.0234422
0.3154 0.0234305
0.31575 0.0234182
0.3161 0.0234055
0.31645 0.0233922
0.3168 0.0233782
0.31715 0.0233637
0.3175 0.0233484
0.31785 0.0233322999999999
0.3182 0.0233157
0.31855 0.0232975
0.3189 0.0232784
0.31925 0.0232569
0.3196 0.0232332
0.31995 0.0232054
0.3203 0.0231701
0.32065 0.0231196
0.321 0.0230307
0.32135 0.0228185999999999
0.3217 0.0227249
0.32205 0.0227249
0.3224 0.0229423
0.32275 0.0229922
0.3231 0.0229922
0.32345 0.0229809
0.3238 0.0229569999999999
0.32415 0.0229280999999999
0.3245 0.0228953
0.32485 0.022858
0.3252 0.0228180999999999
0.32555 0.0227747
0.3259 0.0227275999999999
0.32625 0.0226763
0.3266 0.0226204
0.32695 0.0225609
0.3273 0.0224935
0.32765 0.0224185
0.328 0.0223368
0.32835 0.0222417
0.3287 0.0221352999999999
0.32905 0.022008
0.3294 0.0218326
0.32975 0.0215737
0.3301 0.0212634999999999
0.33045 0.0212634999999999
0.3308 0.0215688
0.33115 0.0218001
0.3315 0.0219482
0.33185 0.0220569
0.3322 0.0221461
0.33255 0.0222202
0.3329 0.0222870999999999
0.33325 0.0223439
0.3336 0.0223962
0.33395 0.0224412999999999
0.3343 0.0224835
0.33465 0.0225204
0.335 0.0225539
0.33535 0.0225844
0.3357 0.0226123
0.33605 0.0226388
0.3364 0.022661
0.33675 0.0226822
0.3371 0.0227015
0.33745 0.0227189
0.3378 0.0227347
0.33815 0.0227481
0.3385 0.0227608
0.33885 0.0227714
0.3392 0.0227811
0.33955 0.0227888
0.3399 0.0227953
0.34025 0.0227996
0.3406 0.0228017
0.34095 0.0228017
0.3413 0.0227983
0.34165 0.0227907
0.342 0.0227773
0.34235 0.0227554
0.3427 0.0227207
0.34305 0.0226655
0.3434 0.0225796
0.34375 0.0224324999999999
0.3441 0.0221768
0.34445 0.0217073
0.3448 0.0217073
0.34515 0.0220599
0.3455 0.0223434
0.34585 0.022514
0.3462 0.0226157
0.34655 0.0226827
0.3469 0.0227293
0.34725 0.0227632
0.3476 0.0227887
0.34795 0.0228084
0.3483 0.0228239
0.34865 0.0228365
0.349 0.0228468
0.34935 0.0228549
0.3497 0.0228621
0.35005 0.0228682
0.3504 0.0228729999999999
0.35075 0.0228775
0.3511 0.022881
0.35145 0.022884
0.3518 0.0228869
0.35215 0.0228891
0.3525 0.0228909999999999
0.35285 0.0228926
0.3532 0.0228939
0.35355 0.022895
0.3539 0.0228959
0.35425 0.0228966
0.3546 0.0228970999999999
0.35495 0.0228974999999999
0.3553 0.0228974999999999
0.35565 0.0228974
0.356 0.0228972
0.35635 0.022897
0.3567 0.022897
0.35705 0.0228959
0.3574 0.0228944999999999
0.35775 0.0228944999999999
0.3581 0.022893
0.35845 0.0228929
0.3588 0.0228913
0.35915 0.0228913
0.3595 0.0228844
0.35985 0.0228774
0.3602 0.0228752999999999
0.36055 0.0228752999999999
0.3609 0.0228829
0.36125 0.0228829
0.3616 0.022881
0.36195 0.0228803
0.3623 0.0228764999999999
0.36265 0.0228757999999999
0.363 0.0228747
0.36335 0.0228724
0.3637 0.0228705999999999
0.36405 0.0228664999999999
0.3644 0.0228642
0.36475 0.0228642
0.3651 0.0228619
0.36545 0.0228592
0.3658 0.0228564
0.36615 0.022854
0.3665 0.022852
0.36685 0.0228490999999999
0.3672 0.0228463
0.36755 0.0228437999999999
0.3679 0.0228407
0.36825 0.0228377
0.3686 0.0228336
0.36895 0.0228321
0.3693 0.0228283
0.36965 0.0228255999999999
0.37 0.0228196
0.37035 0.0228185
0.3707 0.0228134
0.37105 0.0228103
0.3714 0.0228084
0.37175 0.0228037
0.3721 0.0227982
0.37245 0.0227969
0.3728 0.0227908
0.37315 0.0227892
0.3735 0.0227809
0.37385 0.0227803
0.3742 0.0227742
0.37455 0.0227688
0.3749 0.0227630999999999
0.37525 0.0227520999999999
0.3756 0.0227537
0.37595 0.0227517
0.3763 0.0227425999999999
0.37665 0.0227366
0.377 0.0227366
0.37735 0.0227329
0.3777 0.0227256
0.37805 0.0227166
0.3784 0.0227157999999999
0.37875 0.022699
0.3791 0.022672
0.37945 0.0226782
0.3798 0.0226782
0.38015 0.0226782
0.3805 0.0226717
0.38085 0.0226703
0.3812 0.0226639
0.38155 0.0226569
0.3819 0.0226382
0.38225 0.0226362
0.3826 0.0226342
0.38295 0.022628
0.3833 0.0226129
0.38365 0.0226117999999999
0.384 0.0225986
0.38435 0.022595
0.3847 0.0225845999999999
0.38505 0.0225766999999999
0.3854 0.0225668
0.38575 0.0225562
0.3861 0.0225469
0.38645 0.0225354
0.3868 0.0225242
0.38715 0.0225125999999999
0.3875 0.0224993
0.38785 0.0224884999999999
0.3882 0.0224775
0.38855 0.0224638
0.3889 0.0224428
0.38925 0.0224255
0.3896 0.0224206
0.38995 0.0224037
0.3903 0.0223870999999999
0.39065 0.0223764
0.391 0.0223590999999999
0.39135 0.0223433
0.3917 0.0223215999999999
0.39205 0.0223038
0.3924 0.0222875999999999
0.39275 0.0222647
0.3931 0.0222428
0.39345 0.0222266
0.3938 0.0222044
0.39415 0.0221757
0.3945 0.0221574
0.39485 0.0221256
0.3952 0.0221072999999999
0.39555 0.0220804
0.3959 0.0220357
0.39625 0.0220079
0.3966 0.0219849
0.39695 0.021959
0.3973 0.0219229999999999
0.39765 0.0218849
0.398 0.0218342
0.39835 0.0218150999999999
0.3987 0.0217489
0.39905 0.0217153
0.3994 0.0216839
0.39975 0.0216304
0.4001 0.0215738
0.40045 0.0215089
0.4008 0.0214322999999999
0.40115 0.0212691
0.4015 0.0212025
0.40185 0.0211677
0.4022 0.0210239
0.40255 0.0209216
0.4029 0.0207697
0.40325 0.0205914
0.4036 0.0203660999999999
0.40395 0.0201107
0.4043 0.0193785
0.40465 0.0193785
0.405 0.0199512
0.40535 0.0202857
0.4057 0.0204939
0.40605 0.0206621
0.4064 0.0208113
0.40675 0.0209345999999999
0.4071 0.0210420999999999
0.40745 0.0211375999999999
0.4078 0.0212201
0.40815 0.0212914999999999
0.4085 0.0212914999999999
0.40885 0.0213538
0.4092 0.0214594
0.40955 0.0215052999999999
0.4099 0.0215427
0.41025 0.0215823
0.4106 0.0216152
0.41095 0.0216458
0.4113 0.0216734
0.41165 0.0217029
0.412 0.0217223
0.41235 0.0217523
0.4127 0.0217721
0.41305 0.0217721
0.4134 0.0217962
0.41375 0.0218112
0.4141 0.0218554
0.41445 0.021872
0.4148 0.0218755
0.41515 0.0218872
0.4155 0.0218872
0.41585 0.0216224
0.4162 0.0216224
0.41655 0.0219565
0.4169 0.0219662999999999
0.41725 0.0219735
0.4176 0.0219912
0.41795 0.0219912
0.4183 0.0219972999999999
0.41865 0.0220152999999999
0.419 0.022032
0.41935 0.0220386
0.4197 0.022032
0.42005 0.0219734
0.4204 0.0219734
0.42075 0.0220585
0.4211 0.0220884
0.42145 0.0220612
0.4218 0.0220612
0.42215 0.0220458
0.4225 0.0220458
0.42285 0.0221285
0.4232 0.0221285
0.42355 0.0221099999999999
0.4239 0.0221099999999999
0.42425 0.0221305999999999
0.4246 0.0221410999999999
0.42495 0.0221645
0.4253 0.022186
0.42565 0.022186
0.426 0.0221184
0.42635 0.0221184
0.4267 0.022181
0.42705 0.0222092
0.4274 0.0222331
0.42775 0.0222354
0.4281 0.0222354
0.42845 0.0222129
0.4288 0.0222129
0.42915 0.0221038
0.4295 0.0222135
0.42985 0.0222135
0.4302 0.0222135
0.43055 0.0222405
0.4309 0.0221977
0.43125 0.0222445
0.4316 0.0221977
0.43195 0.0222445
0.4323 0.0222882999999999
0.43265 0.0222931
0.433 0.0222947
0.43335 0.0222931
0.4337 0.02229
0.43405 0.02229
0.4344 0.0222962
0.43475 0.022309
0.4351 0.0223155999999999
0.43545 0.0223155999999999
0.4358 0.0223162
0.43615 0.0223132
0.4365 0.022313
0.43685 0.0222995
0.4372 0.022313
0.43755 0.0223204
0.4379 0.0223265
0.43825 0.02233
0.4386 0.0223307999999999
0.43895 0.022341
0.4393 0.0223307999999999
0.43965 0.022299
0.44 0.0222974999999999
0.44035 0.0222487
0.4407 0.0222487
0.44105 0.0222709
0.4414 0.0222709
0.44175 0.0222825
0.4421 0.0222849
0.44245 0.0222849
0.4428 0.0223314
0.44315 0.022356
0.4435 0.022356
0.44385 0.0222474
0.4442 0.0222474
0.44455 0.0223663
0.4449 0.0223663
0.44525 0.0222994
0.4456 0.0222994
0.44595 0.022343
0.4463 0.0223686
0.44665 0.022371
0.447 0.0223692
0.44735 0.022371
0.4477 0.0223692
0.44805 0.0223772
0.4484 0.0223330999999999
0.44875 0.0223995
0.4491 0.0223990999999999
0.44945 0.0223990999999999
0.4498 0.0223985999999999
0.45015 0.0223985999999999
0.4505 0.0223985999999999
0.45085 0.02238
0.4512 0.0223696
0.45155 0.02238
0.4519 0.0223696
0.45225 0.0223929
0.4526 0.0223985999999999
0.45295 0.0223985999999999
0.4533 0.0224116
0.45365 0.0224149
0.454 0.0224149
0.45435 0.022383
0.4547 0.022383
0.45505 0.0224017
0.4554 0.0224017
0.45575 0.0223804
0.4561 0.0223447999999999
0.45645 0.0223804
0.4568 0.0222938
0.45715 0.022406
0.4575 0.0223992
0.45785 0.0223992
0.4582 0.0223992
0.45855 0.0223992
0.4589 0.0223992
0.45925 0.0223808
0.4596 0.0223533
0.45995 0.0223808
0.4603 0.0223952
0.46065 0.0224197
0.461 0.0224228
0.46135 0.0224258
0.4617 0.0224258
0.46205 0.022424
0.4624 0.022424
0.46275 0.0224352
0.4631 0.0224352
0.46345 0.0224230999999999
0.4638 0.0224230999999999
0.46415 0.0224168
0.4645 0.0224282
0.46485 0.0224150999999999
0.4652 0.0223787999999999
0.46555 0.0223787999999999
0.4659 0.0223772
0.46625 0.0223611999999999
0.4666 0.0223611999999999
0.46695 0.0223707
0.4673 0.0223707
0.46765 0.0223062999999999
0.468 0.0222972
0.46835 0.0222972
0.4687 0.0220774
0.46905 0.0214844
0.4694 0.0220774
0.46975 0.0223102
0.4701 0.0223102
0.47045 0.0223102
0.4708 0.0223139
0.47115 0.0223139
0.4715 0.0221675
0.47185 0.0221675
0.4722 0.0216922
0.47255 0.0219229
0.4729 0.0219229
0.47325 0.0222976
0.4736 0.0223111
0.47395 0.0222976
0.4743 0.0222946
0.47465 0.0221534
0.475 0.0222946
0.47535 0.019697
0.4757 0.0223018
0.47605 0.0221304
0.4764 0.0221304
0.47675 0.0221304
0.4771 0.0221039
0.47745 0.0223048
0.4778 0.0222542
0.47815 0.0222962
0.4785 0.0222950999999999
0.47885 0.0222950999999999
0.4792 0.0222617999999999
0.47955 0.0222159
0.4799 0.0222617999999999
0.48025 0.0222387
0.4806 0.0222387
0.48095 0.0222199
0.4813 0.022207
0.48165 0.0220752
0.482 0.0220752
0.48235 0.0221377
0.4827 0.0221377
0.48305 0.0220795999999999
0.4834 0.0220093
0.48375 0.0219479
0.4841 0.0219479
0.48445 0.0217255999999999
0.4848 0.0213652
0.48515 0.021571
0.4855 0.021571
0.48585 0.021571
0.4862 0.0216978
0.48655 0.0216978
0.4869 0.0218521
0.48725 0.0218521
0.4876 0.0217310999999999
0.48795 0.021052
0.4883 0.0217310999999999
0.48865 0.0219819999999999
0.489 0.0221305999999999
0.48935 0.0219819999999999
0.4897 0.0221305999999999
0.49005 0.0220915
0.4904 0.0220915
0.49075 0.0218557
0.4911 0.0218557
0.49145 0.0219081
0.4918 0.0220468
0.49215 0.0219342
0.4925 0.0219342
0.49285 0.021228
0.4932 0.021228
0.49355 0.0218049
0.4939 0.0218049
0.49425 0.0218049
0.4946 0.0217908
0.49495 0.0218557999999999
0.4953 0.021781
0.49565 0.021929
0.496 0.021929
0.49635 0.0219622
0.4967 0.0219622
0.49705 0.021961
0.4974 0.0219559
0.49775 0.0217738
0.4981 0.0217738
0.49845 0.0216717999999999
0.4988 0.0216717999999999
0.49915 0.0218745
0.4995 0.0218745
0.49985 0.0217621
0.50055 0.0207162999999999
0.5009 0.0207162999999999
0.50125 0.0217144
0.5016 0.0217144
0.50195 0.0217091
0.5023 0.0216789
0.50265 0.0214012
0.503 0.0178124
0.50335 0.0181954
0.5037 0.0181954
0.50405 0.0195665
0.5044 0.0211315
0.50475 0.0211315
0.5051 0.0214345999999999
0.50545 0.0215662999999999
0.5058 0.0215662999999999
0.50615 0.0214742
0.5065 0.0212424
0.50685 0.0205621
0.5072 0.0205621
0.50755 0.0207875
0.5079 0.0207875
0.50825 0.0207875
0.5086 0.0210064
0.50895 0.0210129
0.5093 0.021087
0.50965 0.0210312
0.51 0.0210312
0.51035 0.0210312
0.5107 0.0212395
0.51105 0.0213159999999999
0.5114 0.0212395
0.51175 0.0213159999999999
0.5121 0.0213777
0.51245 0.0216145999999999
0.5128 0.0216145999999999
0.51315 0.0212660999999999
0.5135 0.0212660999999999
0.51385 0.0214678
0.5142 0.0214678
0.51455 0.0214654
0.5149 0.0212125999999999
0.51525 0.0214654
0.5156 0.0216852999999999
0.51595 0.0216852999999999
0.5163 0.0216274
0.51665 0.0216274
0.517 0.0216274
0.51735 0.0216517
0.5177 0.0216157999999999
0.51805 0.0216247
0.5184 0.0216247
0.51875 0.0216694999999999
0.5191 0.0216694999999999
0.51945 0.0216069
0.5198 0.0216069
0.52015 0.0216512
0.5205 0.0216675
0.52085 0.0216512
0.5212 0.0216632999999999
0.52155 0.0216347
0.5219 0.021609
0.52225 0.0215899
0.5226 0.021609
0.52295 0.0215852999999999
0.5233 0.0203195
0.52365 0.0203195
0.524 0.0197922
0.52435 0.0215785999999999
0.5247 0.0215785999999999
0.52505 0.0215785999999999
0.5254 0.0216004999999999
0.52575 0.0215459
0.5261 0.0215366
0.52645 0.0214415
0.5268 0.0215366
0.52715 0.0213395
0.5275 0.0213395
0.52785 0.0213395
0.5282 0.0215046
0.52855 0.0215046
0.5289 0.0214090999999999
0.52925 0.0214090999999999
0.5296 0.021029
0.52995 0.0214101
0.5303 0.0211829
0.53065 0.0211829
0.531 0.0211829
0.53135 0.021235
0.5317 0.021235
0.53205 0.0209326
0.5324 0.0207977999999999
0.53275 0.0209326
0.5331 0.0210525
0.53345 0.0210613
0.5338 0.0212023
0.53415 0.0212023
0.5345 0.0211959
0.53485 0.0211089
0.5352 0.0208497
0.53555 0.0210524
0.5359 0.0209344999999999
0.53625 0.0209344999999999
0.5366 0.0209344999999999
0.53695 0.0207874
0.5373 0.0207874
0.53765 0.0206792
0.538 0.0206662
0.53835 0.0205745
0.5387 0.0203262
0.53905 0.0202939
0.5394 0.0202939
0.53975 0.0201423
0.5401 0.0201423
0.54045 0.0196158
0.5408 0.0190039
0.54115 0.0190039
0.5415 0.0188845999999999
0.54185 0.0186884
0.5422 0.0186884
0.54255 0.0186884
0.5429 0.0185177
0.54325 0.0185177
0.5436 0.0186298
0.54395 0.0186310999999999
0.5443 0.0188059
0.54465 0.0190035
0.545 0.0191988
0.54535 0.0198862
0.5457 0.0200271
0.54605 0.0200271
0.5464 0.0192024
0.54675 0.0192024
0.5471 0.0192024
0.54745 0.0200236
0.5478 0.0199218
0.54815 0.0200236
0.5485 0.0203117999999999
0.54885 0.0203504
0.5492 0.0203117999999999
0.54955 0.0200717
0.5499 0.0195439
0.55025 0.0200418
0.5506 0.0200418
0.55095 0.0201465
0.5513 0.0201465
0.55165 0.019977
0.552 0.019948
0.55235 0.0199460999999999
0.5527 0.0199460999999999
0.55305 0.0199460999999999
0.5534 0.0200032999999999
0.55375 0.0200032999999999
0.5541 0.0199856
0.55445 0.0196264999999999
0.5548 0.0196264999999999
0.55515 0.0196264999999999
0.5555 0.0192938
0.55585 0.0199572
0.5562 0.0198114
0.55655 0.0198114
0.5569 0.0189835
0.55725 0.0189835
0.5576 0.0195497
0.55795 0.0195608
0.5583 0.0195567
0.55865 0.019728
0.559 0.0196917
0.55935 0.0196917
0.5597 0.0196767
0.56005 0.0196465
0.5604 0.0196123
0.56075 0.0195552
0.5611 0.0195275
0.56145 0.0195005999999999
0.5618 0.0195263
0.56215 0.0193044
0.5625 0.0194705999999999
0.56285 0.019433
0.5632 0.019433
0.56355 0.0193747999999999
0.5639 0.0193118
0.56425 0.0192631
0.5646 0.019206
0.56495 0.019206
0.5653 0.0190919999999999
0.56565 0.0190919999999999
0.566 0.0190919999999999
0.56635 0.0187003
0.5667 0.0186361
0.56705 0.0186361
0.5674 0.0188179
0.56775 0.0188179
0.5681 0.0165737
0.56845 0.0165737
0.5688 0.0169567
0.56915 0.0175393
0.5695 0.0169567
0.56985 0.0129937999999999
0.5702 0.0129937999999999
0.57055 0.01826
0.5709 0.01826
0.57125 0.0183164
0.5716 0.0181389
0.57195 0.0182179
0.5723 0.0181389
0.57265 0.0181373
0.573 0.0179427
0.57335 0.0169788
0.5737 0.0178424
0.57405 0.0169788
0.5744 0.0169296
0.57475 0.0169296
0.5751 0.0153943999999999
0.57545 0.0175214
0.5758 0.0175214
0.57615 0.0175214
0.5765 0.0173014
0.57685 0.0157832
0.5772 0.0170444
0.57755 0.0170444
0.5779 0.0170444
0.57825 0.0172887
0.5786 0.0166000999999999
0.57895 0.0170192
0.5793 0.0170192
0.57965 0.0170192
0.58 0.0168886
0.58035 0.0168437
0.5807 0.0158068
0.58105 0.0158068
0.5814 0.0168095999999999
0.58175 0.016862
0.5821 0.016862
0.58245 0.0167397
0.5828 0.0163543
0.58315 0.0160733
0.5835 0.0157111999999999
0.58385 0.0160733
0.5842 0.0162127
0.58455 0.0162127
0.5849 0.0161124
0.58525 0.0161124
0.5856 0.0161124
0.58595 0.0160556
0.5863 0.0159139999999999
0.58665 0.0158755
0.587 0.0154608
0.58735 0.0150938
0.5877 0.0138572999999999
0.58805 0.0113332
0.5884 0.0113332
0.58875 0.0099006
0.5891 0.0099006
0.58945 0.0099006
0.5898 0.0063773
0.59015 0.0063773
0.5905 0.0134246
0.59085 0.0134246
0.5912 0.0126439
0.59155 0.0126439
0.5919 0.0148399
0.59225 0.0148399
0.5926 0.0148399
0.59295 0.0154559
0.5933 0.0154559
0.59365 0.0151937999999999
0.594 0.0102329999999999
0.59435 0.0096609
0.5947 0.0096609
0.59505 0.0143986
0.5954 0.0143986
0.59575 0.0129197999999999
0.5961 0.0129197999999999
0.59645 0.0148543
0.5968 0.0153682
0.59715 0.0153682
0.5975 0.0153682
0.59785 0.0148661
0.5982 0.0148661
0.59855 0.0131563999999999
0.5989 0.0148218
0.59925 0.0131563999999999
0.5996 0.0148218
0.59995 0.0149477999999999
0.6003 0.0149477999999999
0.60065 0.0066161999999999
0.601 0.0066161999999999
0.60135 0.0152426
0.6017 0.0163602999999999
0.60205 0.0163602999999999
0.6024 0.016826
0.60275 0.016826
0.6031 0.0169785999999999
0.60345 0.0169785999999999
0.6038 0.0169785999999999
0.60415 0.0162111
0.6045 0.0162111
0.60485 0.0131232
0.6052 0.017612
0.60555 0.0174561
0.6059 0.0174561
0.60625 0.017403
0.6066 0.017403
0.60695 0.0175975
0.6073 0.0175975
0.60765 0.01775
0.608 0.0171829
0.60835 0.0178046
0.6087 0.0171829
0.60905 0.0177558
0.6094 0.0176274
0.60975 0.0177558
0.6101 0.0179719
0.61045 0.0179719
0.6108 0.0178783
0.61115 0.0178299
0.6115 0.0177729
0.61185 0.017598
0.6122 0.0174666
0.61255 0.0172778
0.6129 0.0167757
0.61325 0.0165772
0.6136 0.0163591
0.61395 0.0160907
0.6143 0.0159167
0.61465 0.0157009
0.615 0.0155997
0.61535 0.0155597
0.6157 0.0154723999999999
0.61605 0.0151767
0.6164 0.0151632
0.61675 0.0149031
0.6171 0.0146502
0.61745 0.0141033999999999
0.6178 0.0134027
0.61815 0.013038
0.6185 0.0130003999999999
0.61885 0.0128242
0.6192 0.0125757
0.61955 0.0125757
0.6199 0.0128434
0.62025 0.0132081
0.6206 0.0135841
0.62095 0.0135872
0.6213 0.0136773
0.62165 0.0140947
0.622 0.0145782
0.62235 0.0150895
0.6227 0.0154908999999999
0.62305 0.0157603999999999
0.6234 0.0160335
0.62375 0.0162629
0.6241 0.0170164
0.62445 0.0170164
0.6248 0.0173322
0.62515 0.0178449
0.6255 0.0178449
0.62585 0.0179952
0.6262 0.0183775
0.62655 0.0183775
0.6269 0.0183775
0.62725 0.0186337
0.6276 0.0186337
0.62795 0.0187724
0.6283 0.0184236
0.62865 0.0188329
0.629 0.0189026
0.62935 0.0189026
0.6297 0.0189534999999999
0.63005 0.0190044999999999
0.6304 0.0190044999999999
0.63075 0.0188465
0.6311 0.0182817999999999
0.63145 0.0165292
0.6318 0.0164715
0.63215 0.0165292
0.6325 0.018321
0.63285 0.0185935
0.6332 0.0185935
0.63355 0.0183959
0.6339 0.0183959
0.63425 0.0186412
0.6346 0.0186412
0.63495 0.0187255
0.6353 0.0187255
0.63565 0.0187255
0.636 0.0186798
0.63635 0.0186798
0.6367 0.0184145
0.63705 0.0184145
0.6374 0.0184145
0.63775 0.0161412999999999
0.6381 0.0161412999999999
0.63845 0.0161412999999999
0.6388 0.0153157
0.63915 0.0174144
0.6395 0.0175044
0.63985 0.0177731
0.6402 0.0187297
0.64055 0.0187297
0.6409 0.0186465
0.64125 0.0181597
0.6416 0.0169775
0.64195 0.017825
0.6423 0.017825
0.64265 0.018413
0.643 0.018413
0.64335 0.0184724
0.6437 0.0161377999999999
0.64405 0.0154604999999999
0.6444 0.0154604999999999
0.64475 0.0172682
0.6451 0.0172682
0.64545 0.0173139
0.6458 0.0071112
0.64615 0.0026028
0.6465 0.0026028
0.64685 0.0118877
0.6472 0.0145317999999999
0.64755 0.0145317999999999
0.6479 0.0135789999999999
0.64825 0.0135789999999999
0.6486 0.0145287999999999
0.64895 0.0157846
0.6493 0.0165909
0.64965 0.018127
0.65 0.018127
0.65035 0.0181401
0.6507 0.0154669999999999
0.65105 0.0122923999999999
0.6514 0.0122923999999999
0.65175 0.0122923999999999
0.6521 0.0134414
0.65245 0.0160973
0.6528 0.0160973
0.65315 0.0169642
0.6535 0.0119365
0.65385 0.0174648
0.6542 0.0132652999999999
0.65455 0.0170729999999999
0.6549 0.0170729999999999
0.65525 0.0170729999999999
0.6556 0.0136859
0.65595 0.0101311
0.6563 0.0101311
0.65665 0.0153757
0.657 0.0153757
0.65735 0.0127796
0.6577 0.0127796
0.65805 0.0158926
0.6584 0.0158926
0.65875 0.016947
0.6591 0.0173254
0.65945 0.0173254
0.6598 0.0143651
0.66015 0.0143651
0.6605 0.0175024
0.66085 0.0175024
0.6612 0.0142110999999999
0.66155 0.0142110999999999
0.6619 0.0160951
0.66225 0.0166002
0.6626 0.0169564
0.66295 0.0166204
0.6633 0.0166204
0.66365 0.0166204
0.664 0.0166966
0.66435 0.0171021
0.6647 0.0174109
0.66505 0.0174109
0.6654 0.0171935999999999
0.66575 0.0170099
0.6661 0.0160191
0.66645 0.0165909
0.6668 0.0165909
0.66715 0.0168701
0.6675 0.0168701
0.66785 0.0169566
0.6682 0.0162642
0.66855 0.0151197999999999
0.6689 0.0151197999999999
0.66925 0.016929
0.6696 0.0170963
0.66995 0.016929
0.6703 0.0172438
0.67065 0.0174823
0.671 0.0174823
0.67135 0.0180926
0.6717 0.0182263
0.67205 0.0182263
0.6724 0.0180903
0.67275 0.0180903
0.6731 0.0182294
0.67345 0.0184836
0.6738 0.0187729999999999
0.67415 0.0186834
0.6745 0.0186834
0.67485 0.0186834
0.6752 0.0190235999999999
0.67555 0.0190235999999999
0.6759 0.0189975
0.67625 0.018968
0.6766 0.018968
0.67695 0.018968
0.6773 0.0190145
0.67765 0.0192481
0.678 0.0190145
0.67835 0.019218
0.6787 0.0184014
0.67905 0.0185007
0.6794 0.0185007
0.67975 0.0189442
0.6801 0.0189442
0.68045 0.0188143
0.6808 0.0174824
0.68115 0.0174824
0.6815 0.0174824
0.68185 0.0183722
0.6822 0.0178869
0.68255 0.0178869
0.6829 0.0178869
0.68325 0.0173461
0.6836 0.0176635
0.68395 0.0173461
0.6843 0.0169965
0.68465 0.0169965
0.685 0.0173111
0.68535 0.0176429
0.6857 0.0179294999999999
0.68605 0.0177783
0.6864 0.0177783
0.68675 0.0160462
0.6871 0.0160462
0.68745 0.0172920999999999
0.6878 0.0177534
0.68815 0.0172920999999999
0.6885 0.0177458
0.68885 0.0164671
0.6892 0.0177458
0.68955 0.0123916
0.6899 0.0172265
0.69025 0.0172224
0.6906 0.0172265
0.69095 0.0172224
0.6913 0.0146200999999999
0.69165 0.0137229999999999
0.692 0.0062165
0.69235 0.0062165
0.6927 0.0090972
0.69305 0.0090972
0.6934 0.0076848999999999
0.69375 0.0076848999999999
0.6941 0.0086901
0.69445 0.0114201
0.6948 0.0139881
0.69515 0.0139881
0.6955 0.0117986
0.69585 0.0117986
0.6962 0.0103872
0.69655 0.011058
0.6969 0.011058
0.69725 0.0118993
0.6976 0.0118993
0.69795 0.0140355
0.6983 0.0140355
0.69865 0.0140355
0.699 0.0141789
0.69935 0.0141789
0.6997 0.0141789
0.70005 0.0076775
0.7004 0.0070662999999999
0.70075 0.0070662999999999
0.7011 0.0081194
0.70145 0.0081194
0.7018 0.0081194
0.70215 0.0094782
0.7025 0.0094782
0.70285 0.0054643999999999
0.7032 0.0054643999999999
0.70355 0.0083573
0.7039 0.0104231
0.70425 0.0084399
0.7046 0.0092145
0.70495 0.0084399
0.7053 0.0092145
0.70565 0.0132708
0.706 0.0132708
0.70635 0.0096443
0.7067 0.0096443
0.70705 0.0096443
0.7074 0.0094351
0.70775 0.0064567999999999
0.7081 0.0094351
0.70845 0.0064567999999999
0.7088 0.0050522
0.70915 0.0041494
0.7095 0.0050522
0.70985 0.0083802
0.7102 0.013143
0.71055 0.013143
0.7109 0.0030814
0.71125 0.0030814
0.7116 0.0053504
0.71195 0.0105081
0.7123 0.0105081
0.71265 0.0068534999999999
0.713 0.0068534999999999
0.71335 0.0066218
0.7137 0.0081781
0.71405 0.0063821999999999
0.7144 0.0056016999999999
0.71475 0.0056016999999999
0.7151 0.0107877
0.71545 0.0107877
0.7158 0.0094216
0.71615 0.0048273
0.7165 0.0009722
0.71685 0.0009722
0.7172 0.0015248
0.71755 0.0015248
0.7179 0.0015248
0.71825 0.0043153
0.7186 0.0043153
0.71895 0.0006096
0.7193 0.0006096
0.71965 0.0006212999999999
0.72 0.0009401
0.72035 0.0019599
0.7207 0.0029963
0.72105 0.0029963
0.7214 0.0031352
0.72175 0.0012597
0.7221 0.004397
0.72245 0.0029526
0.7228 0.0029526
0.72315 0.0009784
0.7235 0.000856
0.72385 0.000856
0.7242 0.000856
0.72455 0.0013533
0.7249 0.0014227999999999
0.72525 0.0014227999999999
0.7256 0.0012438
0.72595 0.0007584
0.7263 0.0006892
0.72665 0.0007584
0.727 0.0003258
0.72735 0.0017434999999999
0.7277 0.0013781
0.72805 0.0017434999999999
0.7284 0.0022307
0.72875 0.0027321
0.7291 0.0027321
0.72945 0.0018364
0.7298 0.0015322
0.73015 0.0017561
0.7305 0.0017561
0.73085 0.0017561
0.7312 0.0025859
0.73155 0.0014826
0.7319 0.0025859
0.73225 0.0015632999999999
0.7326 0.0015632999999999
0.73295 0.0011649
0.7333 0.0011649
0.73365 0.0048817
0.734 0.0048817
0.73435 0.0032882
0.7347 0.0032882
0.73505 0.0060618
0.7354 0.007264
0.73575 0.007264
0.7361 0.0050645
0.73645 0.0037534
0.7368 0.0037534
0.73715 0.0037534
0.7375 0.0023253
0.73785 0.0085119
0.7382 0.0062283
0.73855 0.0062283
0.7389 0.0028675999999999
0.73925 0.0028675999999999
0.7396 0.003068
0.73995 0.003068
0.7403 0.003068
0.74065 0.0084012
0.741 0.0084012
0.74135 0.0084012
0.7417 0.0094899
0.74205 0.0112407999999999
0.7424 0.0112407999999999
0.74275 0.0095797
0.7431 0.0095797
0.74345 0.012201
0.7438 0.012201
0.74415 0.0093702
0.7445 0.0093702
0.74485 0.0134834
0.7452 0.0134834
0.74555 0.0134834
0.7459 0.0053928
0.74625 0.0104535
0.7466 0.0104535
0.74695 0.0104535
0.7473 0.0116967999999999
0.74765 0.0116967999999999
0.748 0.0126107
0.74835 0.0134573999999999
0.7487 0.0126107
0.74905 0.0097985
0.7494 0.0097985
0.74975 0.0126184
0.7501 0.0138176
0.75045 0.0126184
0.7508 0.0141146
0.75115 0.0124767999999999
0.7515 0.0124767999999999
0.75185 0.0119043999999999
0.7522 0.009994
0.75255 0.0105802
0.7529 0.0105802
0.75325 0.0119192999999999
0.7536 0.0129878999999999
0.75395 0.0140733
0.7543 0.0131072
0.75465 0.0139879999999999
0.755 0.0131072
0.75535 0.0136972
0.7557 0.0136651
0.75605 0.0136651
0.7564 0.0134384999999999
0.75675 0.0134384999999999
0.7571 0.0107668
0.75745 0.0114882
0.7578 0.0114882
0.75815 0.0124737
0.7585 0.0129139
0.75885 0.0129139
0.7592 0.012752
0.75955 0.012752
0.7599 0.0125843999999999
0.76025 0.0125843999999999
0.7606 0.0112896
0.76095 0.0112896
0.7613 0.0123654
0.76165 0.0123654
0.762 0.0121827999999999
0.76235 0.0120032999999999
0.7627 0.0118834
0.76305 0.0117679
0.7634 0.0118834
0.76375 0.0117136
0.7641 0.0117136
0.76445 0.0114485
0.7648 0.0114259
0.76515 0.0114259
0.7655 0.0111719
0.76585 0.0110695
0.7662 0.0099163
0.76655 0.0099163
0.7669 0.0104871
0.76725 0.0106307
0.7676 0.0113351
0.76795 0.0113351
0.7683 0.0114311
0.76865 0.0113054
0.769 0.0113054
0.76935 0.0112105
0.7697 0.0099432999999999
0.77005 0.0099432999999999
0.7704 0.0104482999999999
0.77075 0.0112635
0.7711 0.0113025
0.77145 0.0113564
0.7718 0.0113564
0.77215 0.0113559
0.7725 0.0112965
0.77285 0.0110347999999999
0.7732 0.0107722
0.77355 0.0107722
0.7739 0.010843
0.77425 0.0110547
0.7746 0.0110835
0.77495 0.0111152
0.7753 0.0110835
0.77565 0.0110749
0.776 0.0109015
0.77635 0.0108851
0.7767 0.0107262
0.77705 0.0107262
0.7774 0.0106449
0.77775 0.0105615999999999
0.7781 0.010417
0.77845 0.010417
0.7788 0.0102183999999999
0.77915 0.0098251
0.7795 0.0082212999999999
0.77985 0.0082212999999999
0.7802 0.009
0.78055 0.009
0.7809 0.0077128
0.78125 0.0077128
0.7816 0.0077128
0.78195 0.007571
0.7823 0.0075644999999999
0.78265 0.0072797
0.783 0.0072797
0.78335 0.0072797
0.7837 0.0074583
0.78405 0.0064003999999999
0.7844 0.0056128
0.78475 0.0056128
0.7851 0.0078492
0.78545 0.0078492
0.7858 0.0078492
0.78615 0.0083613
0.7865 0.0083613
0.78685 0.0051056999999999
0.7872 0.0051056999999999
0.78755 0.0060221
0.7879 0.0078850999999999
0.78825 0.0078850999999999
0.7886 0.0078850999999999
0.78895 0.0084608
0.7893 0.0084608
0.78965 0.0086881
0.79 0.0086881
0.79035 0.0087017
0.7907 0.0085334
0.79105 0.0085668
0.7914 0.0085668
0.79175 0.0085837
0.7921 0.0085837
0.79245 0.0082061
0.7928 0.0073566999999999
0.79315 0.006696
0.7935 0.006696
0.79385 0.0076603
0.7942 0.0077346
0.79455 0.0077346
0.7949 0.0060903999999999
0.79525 0.0028964
0.7956 0.0060903999999999
0.79595 0.0021327
0.7963 0.0021327
0.79665 0.0021327
0.797 0.0040092
0.79735 0.0040092
0.7977 0.0060353
0.79805 0.0059238
0.7984 0.0060353
0.79875 0.0063348
0.7991 0.0066423
0.79945 0.0066423
0.7998 0.0045491
0.80015 0.0045491
0.8005 0.0075432
0.80085 0.0075432
0.8012 0.0067653999999999
0.80155 0.0052248999999999
0.8019 0.0041056999999999
0.80225 0.0035583
0.8026 0.0035583
0.80295 0.0065490999999999
0.8033 0.0065490999999999
0.80365 0.0075511
0.804 0.0062362
0.80435 0.0075511
0.8047 0.0084187999999999
0.80505 0.0085997
0.8054 0.0086066
0.80575 0.0086066
0.8061 0.001633
0.80645 0.001633
0.8068 0.0023331999999999
0.80715 0.0039914
0.8075 0.0039914
0.80785 0.0034905
0.8082 0.0034905
0.80855 0.0078285
0.8089 0.0078285
0.80925 0.0015203
0.8096 0.0015203
0.80995 0.0019125
0.8103 0.0050667
0.81065 0.0050667
0.811 0.0044109
0.81135 0.0039540999999999
0.8117 0.0039540999999999
0.81205 0.0035104999999999
0.8124 0.0027519
0.81275 0.0035104999999999
0.8131 0.0016339
0.81345 0.0030928
0.8138 0.0030928
0.81415 0.0030928
0.8145 0.0012181
0.81485 0.0005128999999999
0.8152 0.0005128999999999
0.81555 0.0033387
0.8159 0.0044119
0.81625 0.0033387
0.8166 0.0041365
0.81695 0.0041365
0.8173 0.0046697
0.81765 0.0046697
0.818 0.0046105
0.81835 0.0046105
0.8187 0.0046105
0.81905 0.0068322
0.8194 0.0047538999999999
0.81975 0.0047538999999999
0.8201 0.0047538999999999
0.82045 0.004101
0.8208 0.0047443
0.82115 0.0047443
0.8215 0.0061586
0.82185 0.0072326
0.8222 0.0074996
0.82255 0.0072326
0.8229 0.0018196999999999
0.82325 0.0005341
0.8236 0.0005341
0.82395 0.0005341
0.8243 0.0062159999999999
0.82465 0.0062159999999999
0.825 0.0078585
0.82535 0.0061027
0.8257 0.0091825
0.82605 0.0061027
0.8264 0.0055055
0.82675 0.0055055
0.8271 0.0055055
0.82745 0.0046674
0.8278 0.0018611
0.82815 0.0046674
0.8285 0.0050995
0.82885 0.0050995
0.8292 0.0050995
0.82955 0.0066786
0.8299 0.0066786
0.83025 0.0013197
0.8306 0.0013197
0.83095 0.0025103
0.8313 0.0065098999999999
0.83165 0.0025103
0.832 0.0024018
0.83235 0.0024018
0.8327 0.0022683
0.83305 0.0049311
0.8334 0.0042851999999999
0.83375 0.0042851999999999
0.8341 0.0006086
0.83445 0.0006086
0.8348 0.0006086
0.83515 0.0057303
0.8355 0.0035698
0.83585 0.0035698
0.8362 0.002724
0.83655 0.002724
0.8369 0.002724
0.83725 0.0014688
0.8376 0.000921
0.83795 0.000921
0.8383 0.0025636999999999
0.83865 0.004032
0.839 0.004543
0.83935 0.004543
0.8397 0.0043874
0.84005 0.0031343
0.8404 0.0027237
0.84075 0.0027237
0.8411 0.0048663
0.84145 0.0048663
0.8418 0.0036271
0.84215 0.0036271
0.8425 0.0059096
0.84285 0.0070088
0.8432 0.0070088
0.84355 0.0071533999999999
0.8439 0.0065018999999999
0.84425 0.0058876999999999
0.8446 0.0058876999999999
0.84495 0.006958
0.8453 0.006958
0.84565 0.006958
0.846 0.0086642
0.84635 0.0086642
0.8467 0.0086642
0.84705 0.0096693
0.8474 0.0096693
0.84775 0.0040153
0.8481 0.0040153
0.84845 0.0069139
0.8488 0.0079128
0.84915 0.0079128
0.8495 0.0079128
0.84985 0.0085322
0.8502 0.0074652
0.85055 0.0075994
0.8509 0.0075994
0.85125 0.0079217
0.8516 0.0080774
0.85195 0.0084834
0.8523 0.0084834
0.85265 0.0071876999999999
0.853 0.0071876999999999
0.85335 0.0086094999999999
0.8537 0.0086094999999999
0.85405 0.0076456
0.8544 0.0074776
0.85475 0.0066193
0.8551 0.0066193
0.85545 0.0061873
0.8558 0.0061873
0.85615 0.0059165
0.8565 0.0057758
0.85685 0.0054588
0.8572 0.0049862
0.85755 0.003968
0.8579 0.0036606
0.85825 0.0036048
0.8586 0.0036606
0.85895 0.0036048
0.8593 0.0032746
0.85965 0.0030971999999999
0.86 0.0023171
0.86035 0.0019919
0.8607 0.0019919
0.86105 0.0017164
0.8614 0.0015606
0.86175 0.0015040999999999
0.8621 0.0012775
0.86245 0.0012775
0.8628 0.0011842
0.86315 0.0012962
0.8635 0.0012776
0.86385 0.0012776
0.8642 0.0011382999999999
0.86455 0.0011217
0.8649 0.0011382999999999
0.86525 0.0012672
0.8656 0.0014067
0.86595 0.0016581
0.8663 0.0017344
0.86665 0.0017344
0.867 0.001275
0.86735 0.001275
0.8677 0.0013542
0.86805 0.0026382
0.8684 0.0027896
0.86875 0.0027896
0.8691 0.0034712
0.86945 0.0033086999999999
0.8698 0.0035149
0.87015 0.0033086999999999
0.8705 0.0031103
0.87085 0.0031103
0.8712 0.0031368
0.87155 0.0033226999999999
0.8719 0.0042927
0.87225 0.0049573
0.8726 0.0042927
0.87295 0.0037741999999999
0.8733 0.0037741999999999
0.87365 0.0042443
0.874 0.004698
0.87435 0.0049064999999999
0.8747 0.0049064999999999
0.87505 0.0047781
0.8754 0.0047781
0.87575 0.003252
0.8761 0.0045076
0.87645 0.0036799
0.8768 0.0036799
0.87715 0.0029896999999999
0.8775 0.0023485
0.87785 0.0023485
0.8782 0.0023204
0.87855 0.0023204
0.8789 0.0030647
0.87925 0.0030647
0.8796 0.0006547
0.87995 0.0006547
0.8803 0.0006866
0.88065 0.0006866
0.881 0.0004456
0.88135 0.0004019999999999
0.8817 0.0002731999999999
0.88205 0.0001858
0.8824 0.0001131
0.88275 0.0001131
0.8831 0.0001131
0.88345 0.0001142
0.8838 0.0001109
0.88415 0.0001142
0.8845 0.0001403
0.88485 0.0001672
0.8852 0.0001911999999999
0.88555 0.0001911999999999
0.8859 0.0001733999999999
0.88625 0.0001336
0.8866 7.709999999999999e-05
0.88695 6.670000000000001e-05
0.8873 6.670000000000001e-05
0.88765 6.670000000000001e-05
0.888 7.240000000000001e-05
0.88835 7.659999999999999e-05
0.8887 0.0001016
0.88905 7.659999999999999e-05
0.8894 0.0001063
0.88975 0.0001145
0.8901 0.0001296999999999
0.89045 0.0001192
0.8908 0.0001199
0.89115 0.0001192
0.8915 0.0001199
0.89185 0.0001018
0.8922 0.0001266
0.89255 0.0001266
0.8929 0.0001302
0.89325 0.0001302
0.8936 0.0001222
0.89395 0.0001124
0.8943 0.0001124
0.89465 0.0001092
0.895 0.0001092
0.89535 0.000103
0.8957 0.000103
0.89605 0.0001161
0.8964 0.0001279
0.89675 0.0001655
0.8971 0.0001655
0.89745 0.0001489
0.8978 0.0001489
0.89815 0.0001906
0.8985 0.0001906
0.89885 0.0001597
0.8992 7.5e-05
0.89955 7.5e-05
0.8999 4.44e-05
0.90025 4.44e-05
0.9006 4.44e-05
0.90095 0.0001672
0.9013 0.0002505999999999
0.90165 0.0004266999999999
0.902 0.0004266999999999
0.90235 0.0003915
0.9027 0.0003915
0.90305 0.0003915
0.9034 0.0005309
0.90375 0.0005309
0.9041 0.0005694
0.90445 0.0009302
0.9048 0.0012656
0.90515 0.0012656
0.9055 0.0011151
0.90585 0.0011151
0.9062 0.0010809
0.90655 0.0010809
0.9069 0.0010593
0.90725 0.0010593
0.9076 0.0010997
0.90795 0.0010997
0.9083 0.0010835
0.90865 0.0006835
0.909 0.0010835
0.90935 0.0006835
0.9097 0.0005522999999999
0.91005 0.0003428
0.9104 0.000511
0.91075 0.000511
0.9111 0.0005568
0.91145 0.0006717
0.9118 0.0005568
0.91215 0.0006717
0.9125 0.0009953
0.91285 0.0009953
0.9132 0.0009953
0.91355 0.0008302999999999
0.9139 0.0015895
0.91425 0.0002824
0.9146 0.0016087
0.91495 0.0004788
0.9153 0.0005874
0.91565 0.0005874
0.916 0.0005874
0.91635 0.0008862999999999
0.9167 0.0003261
0.91705 0.0002904999999999
0.9174 0.0002275999999999
0.91775 0.0002275999999999
0.9181 0.000144
0.91845 0.000144
0.9188 0.0005283
0.91915 0.0005283
0.9195 0.0001603
0.91985 0.0001603
0.9202 0.0016441
0.92055 0.0021419
0.9209 0.0016441
0.92125 0.0008868999999999
0.9216 0.0003883
0.92195 0.0008868999999999
0.9223 0.001017
0.92265 0.001133
0.923 0.001133
0.92335 0.0006096
0.9237 0.0004297
0.92405 0.0006096
0.9244 0.0003996
0.92475 0.001903
0.9251 0.001903
0.92545 0.001903
0.9258 0.0017727
0.92615 0.0007002
0.9265 0.0007002
0.92685 0.0007002
0.9272 0.00042
0.92755 0.00042
0.9279 0.0002287
0.92825 0.0005935
0.9286 0.0004315
0.92895 0.0008498
0.9293 0.0005611
0.92965 0.0005611
0.93 0.0001137999999999
0.93035 0.0001137999999999
0.9307 8.290000000000001e-05
0.93105 0.0002114
0.9314 0.0001676999999999
0.93175 0.0002114
0.9321 0.0002805
0.93245 0.0002805
0.9328 0.0003627
0.93315 0.0003892
0.9335 0.0003892
0.93385 0.0001408
0.9342 0.0001065
0.93455 5.79e-05
0.9349 0.0001065
0.93525 5.79e-05
0.9356 0.0001136
0.93595 0.0002365
0.9363 0.0002685
0.93665 0.0002365
0.937 0.0001982
0.93735 0.0001982
0.9377 0.0001144
0.93805 0.0001144
0.9384 0.0001144
0.93875 0.0002831
0.9391 0.0002831
0.93945 0.0003456
0.9398 0.0002064
0.94015 0.0003822999999999
0.9405 9.87e-05
0.94085 0.0003822999999999
0.9412 0.0005657
0.94155 0.0005657
0.9419 0.0005032
0.94225 0.0004181
0.9426 0.0004181
0.94295 9.38e-05
0.9433 9.38e-05
0.94365 0.0001363
0.944 0.0001363
0.94435 4.6299999999999994e-05
0.9447 4.6299999999999994e-05
0.94505 0.0002244
0.9454 0.0002244
0.94575 0.0002244
0.9461 0.0001508
0.94645 0.0001485
0.9468 0.0001485
0.94715 0.0002242
0.9475 0.0002242
0.94785 0.0002957
0.9482 0.000405
0.94855 0.000463
0.9489 0.000463
0.94925 4.81e-05
0.9496 4.81e-05
0.94995 8.94e-05
0.9503 0.0001573
0.95065 0.0005944
0.951 0.0005944
0.95135 0.0002189999999999
0.9517 0.0002189999999999
0.95205 0.0002435
0.9524 0.0002435
0.95275 0.000165
0.9531 0.0001102
0.95345 0.0001102
0.9538 0.0001749
0.95415 0.0003092
0.9545 0.0003092
0.95485 0.0003435
0.9552 0.0002596
0.95555 0.0003787
0.9559 0.0003787
0.95625 0.0003787
0.9566 0.0003663999999999
0.95695 0.000122
0.9573 0.000122
0.95765 0.0006328999999999
0.958 0.0006328999999999
0.95835 0.0004266
0.9587 0.0004266
0.95905 0.0004266
0.9594 0.000129
0.95975 0.000129
0.9601 0.0004526
0.96045 0.0004526
0.9608 0.0002489
0.96115 0.0002489
0.9615 0.0003348999999999
0.96185 0.0005372
0.9622 0.0003348999999999
0.96255 9.97e-05
0.9629 9.97e-05
0.96325 0.0001222
0.9636 0.0001222
0.96395 0.0001606
0.9643 0.0001606
0.96465 0.0005155
0.965 0.0005155
0.96535 0.0002739
0.9657 0.0001511
0.96605 0.0002739
0.9664 0.0001546
0.96675 0.0001546
0.9671 9.13e-05
0.96745 9.13e-05
0.9678 0.0003386
0.96815 0.0003386
0.9685 0.000286
0.96885 0.0001428
0.9692 0.0001428
0.96955 0.0003418
0.9699 0.0005033
0.97025 0.0005033
0.9706 0.0004472
0.97095 0.0004472
0.9713 0.0004522
0.97165 0.0005043
0.972 0.0005043
0.97235 0.0003816
0.9727 0.0003416
0.97305 0.0002528999999999
0.9734 0.0001884
0.97375 0.0001174
0.9741 0.0001174
0.97445 0.0001174
0.9748 0.0002941
0.97515 0.0003188
0.9755 0.0004309999999999
0.97585 0.0004309999999999
0.9762 0.0002617
0.97655 0.0002617
0.9769 0.0003813999999999
0.97725 0.0005077
0.9776 0.0005077
0.97795 0.0002875
0.9783 9.71e-05
0.97865 0.0001322
0.979 0.0001322
0.97935 0.0002165999999999
0.9797 0.0002165999999999
0.98005 0.0002444
0.9804 0.0001863
0.98075 0.0001636
0.9811 0.0001636
0.98145 0.0001981
0.9818 0.0001981
0.98215 0.0001966999999999
0.9825 0.0001469
0.98285 7.49e-05
0.9832 0.0001469
0.98355 0.000187
0.9839 0.0001989
0.98425 0.0002025
0.9846 0.0002025
0.98495 0.0002186
0.9853 0.000155
0.98565 0.000155
0.986 0.0001324
0.98635 0.0001324
0.9867 7.99e-05
0.98705 0.0001119
0.9874 0.0001102
0.98775 0.0001102
0.9881 6.23e-05
0.98845 4.01e-05
0.9888 4.01e-05
0.98915 5.27e-05
0.9895 0.0001367
0.98985 8.28e-05
0.9902 0.0001556
0.99055 8.57e-05
0.9909 0.0001556
0.99125 0.0001261
0.9916 0.0001511
0.99195 0.0001261
0.9923 0.0001511
0.99265 0.0001536
0.993 0.0001608
0.99335 0.0001608
0.9937 0.0001646
0.99405 0.0001646
0.9944 0.0001733
0.99475 0.0001424
0.9951 0.0001346
0.99545 0.0001346
0.9958 4.71e-05
0.99615 0.000144
0.9965 4.71e-05
0.99685 0.000144
0.9972 0.0002396
0.99755 0.0002396
0.9979 0.0001855999999999
0.99825 0.000138
0.9986 0.0001652
0.99895 0.0001311
0.9993 0.0001311
