0.3 0.6503029
0.30035 0.650459
0.3007 0.6506147
0.30105 0.6507699
0.3014 0.6509245
0.30175 0.6510786999999999
0.3021 0.6512324
0.30245 0.6513856
0.3028 0.6515383000000001
0.30315 0.6516905
0.3035 0.6518421999999999
0.30385 0.6519934000000001
0.3042 0.6521382
0.30455 0.6522823
0.3049 0.6524260000000001
0.30525 0.6525693
0.3056 0.6527121
0.30595 0.6528545
0.3063 0.6529965
0.30665 0.653138
0.307 0.6532791
0.30735 0.6534196999999999
0.3077 0.6535599
0.30805 0.6536996999999999
0.3084 0.6538390000000001
0.30875 0.6539779
0.3091 0.6541164
0.30945 0.6542544
0.3098 0.654392
0.31015 0.6545291999999999
0.3105 0.6546659
0.31085 0.6548022
0.3112 0.654938
0.31155 0.6550735
0.3119 0.6552085
0.31225 0.6553441
0.3126 0.6554797
0.31295 0.6556148
0.3133 0.6557496
0.31365 0.6558839
0.314 0.6560178000000001
0.31435 0.6561511999999999
0.3147 0.6562843
0.31505 0.6564169
0.3154 0.6565489999999999
0.31575 0.6566808000000001
0.3161 0.6568121
0.31645 0.656943
0.3168 0.6570735
0.31715 0.6572034999999999
0.3175 0.6573331
0.31785 0.6574621999999999
0.3182 0.657591
0.31855 0.6577193
0.3189 0.6578472
0.31925 0.6579746
0.3196 0.6581016
0.31995 0.6582281999999999
0.3203 0.6583544
0.32065 0.6584800999999999
0.321 0.6586054
0.32135 0.6587303000000001
0.3217 0.6588546999999999
0.32205 0.6589786999999999
0.3224 0.6591022
0.32275 0.6592254
0.3231 0.6593481
0.32345 0.6594703000000001
0.3238 0.6595922
0.32415 0.6597135999999999
0.3245 0.6598345
0.32485 0.6599550000000001
0.3252 0.6600751
0.32555 0.6601948000000001
0.3259 0.6603140000000001
0.32625 0.6604328
0.3266 0.6605511
0.32695 0.660669
0.3273 0.6607864
0.32765 0.6609033000000001
0.328 0.6610198
0.32835 0.6611357
0.3287 0.661251
0.32905 0.6613654
0.3294 0.6614783000000001
0.32975 0.6615867
0.3301 0.6616708
0.33045 0.6617890999999999
0.3308 0.6619275
0.33115 0.6620458
0.3315 0.6621600999999999
0.33185 0.6622728
0.3322 0.6623846999999999
0.33255 0.6624959
0.3329 0.6626065999999999
0.33325 0.6627168000000001
0.3336 0.6628265999999999
0.33395 0.6629358
0.3343 0.6630446
0.33465 0.663153
0.335 0.6632609
0.33535 0.6633684
0.3357 0.6634753999999999
0.33605 0.663582
0.3364 0.6636880999999999
0.33675 0.6637938
0.3371 0.6638988
0.33745 0.6640017
0.3378 0.6641041
0.33815 0.6642061
0.3385 0.6643077
0.33885 0.6644087
0.3392 0.6645094
0.33955 0.6646095000000001
0.3399 0.6647092
0.34025 0.6648084
0.3406 0.6649071
0.34095 0.6650054
0.3413 0.6651033000000001
0.34165 0.6652005999999999
0.342 0.6652975
0.34235 0.6653939999999999
0.3427 0.6654899000000001
0.34305 0.6655854999999999
0.3434 0.6656805
0.34375 0.6657751000000001
0.3441 0.6658691999999999
0.34445 0.6659629
0.3448 0.6660560999999999
0.34515 0.6661489
0.3455 0.6662412
0.34585 0.666333
0.3462 0.6664244
0.34655 0.6665153
0.3469 0.6666058000000001
0.34725 0.6666958000000001
0.3476 0.6667854
0.34795 0.6668745
0.3483 0.6669630999999999
0.34865 0.6670513000000001
0.349 0.667139
0.34935 0.6672263
0.3497 0.6673131
0.35005 0.6673994000000001
0.3504 0.6674854
0.35075 0.6675708
0.3511 0.6676558000000001
0.35145 0.6677404
0.3518 0.6678245
0.35215 0.6679081
0.3525 0.6679913000000001
0.35285 0.6680741
0.3532 0.6681564
0.35355 0.6682382
0.3539 0.6683196
0.35425 0.6684004
0.3546 0.6684766
0.35495 0.6685566999999999
0.3553 0.6686359000000001
0.35565 0.6686797
0.356 0.6687141
0.35635 0.6688466
0.3567 0.6689282
0.35705 0.6689501
0.3574 0.6690855
0.35775 0.6691234
0.3581 0.6691328000000001
0.35845 0.6692519
0.3588 0.6692778
0.35915 0.6693608
0.3595 0.6693608
0.35985 0.6693608
0.3602 0.6694654999999999
0.36055 0.6694897
0.3609 0.6697029999999999
0.36125 0.6698354999999999
0.3616 0.6699431
0.36195 0.6700504
0.3623 0.6700659000000001
0.36265 0.6701776999999999
0.363 0.6702566999999999
0.36335 0.6703303
0.3637 0.6703923
0.36405 0.6704404
0.3644 0.6705397
0.36475 0.6706116999999999
0.3651 0.6706783000000001
0.36545 0.6707393
0.3658 0.6707571
0.36615 0.67086
0.3665 0.6709376
0.36685 0.6709885
0.3672 0.6710451999999999
0.36755 0.6711238
0.3679 0.6711661
0.36825 0.6712234
0.3686 0.6712353
0.36895 0.6713709
0.3693 0.6714060000000001
0.36965 0.6714743000000001
0.37 0.6714992
0.37035 0.6714992
0.3707 0.6715277
0.37105 0.6715798000000001
0.3714 0.6717548000000001
0.37175 0.6717632
0.3721 0.6718065
0.37245 0.6718065
0.3728 0.67188
0.37315 0.67201
0.3735 0.6720324000000001
0.37385 0.6720404000000001
0.3742 0.6721603
0.37455 0.6721603
0.3749 0.6721603
0.37525 0.6719215999999999
0.3756 0.6722921
0.37595 0.6721311
0.3763 0.6724008
0.37665 0.6724445
0.377 0.6725085
0.37735 0.6724445
0.3777 0.6724167
0.37805 0.6724167
0.3784 0.6724651
0.37875 0.6726838
0.3791 0.6724651
0.37945 0.6726464
0.3798 0.6726258
0.38015 0.6726464
0.3805 0.6729053
0.38085 0.673024
0.3812 0.6731176
0.38155 0.6731176
0.3819 0.6729314999999999
0.38225 0.6729314999999999
0.3826 0.6730475
0.38295 0.6734234
0.3833 0.6734467
0.38365 0.6735262
0.384 0.6735473000000001
0.38435 0.6736948
0.3847 0.6737357
0.38505 0.6737915
0.3854 0.6738288
0.38575 0.6738831000000001
0.3861 0.6739181
0.38645 0.673942
0.3868 0.673995
0.38715 0.673998
0.3875 0.6740512
0.38785 0.6740732
0.3882 0.6740851999999999
0.38855 0.6740851999999999
0.3889 0.6740851999999999
0.38925 0.6741153
0.3896 0.6742435999999999
0.38995 0.6742435999999999
0.3903 0.6742435999999999
0.39065 0.6743508
0.391 0.6743617
0.39135 0.6743617
0.3917 0.6743876
0.39205 0.6744015999999999
0.3924 0.6744015999999999
0.39275 0.6744312
0.3931 0.6744741
0.39345 0.6745438
0.3938 0.6745438
0.39415 0.6745438
0.3945 0.6743816
0.39485 0.6743816
0.3952 0.6743816
0.39555 0.6743273
0.3959 0.6743273
0.39625 0.6743273
0.3966 0.6744159000000001
0.39695 0.6744159000000001
0.3973 0.6746564
0.39765 0.6745649
0.398 0.6746564
0.39835 0.6747559000000001
0.3987 0.6748754
0.39905 0.6748754
0.3994 0.6748758
0.39975 0.6750646
0.4001 0.675075
0.40045 0.6750646
0.4008 0.6749488
0.40115 0.6749488
0.4015 0.6752151
0.40185 0.6752151
0.4022 0.6752300999999999
0.40255 0.6752300999999999
0.4029 0.6752664
0.40325 0.6752664
0.4036 0.675374
0.40395 0.675374
0.4043 0.6754408000000001
0.40465 0.6754524000000001
0.405 0.6754967
0.40535 0.6755576
0.4057 0.6755576
0.40605 0.6754594
0.4064 0.6754594
0.40675 0.6755278
0.4071 0.6756379
0.40745 0.6757553000000001
0.4078 0.6757947
0.40815 0.6758312
0.4085 0.6758312
0.40885 0.6758678000000001
0.4092 0.6759305999999999
0.40955 0.6759430000000001
0.4099 0.6759430000000001
0.41025 0.6759430000000001
0.4106 0.6759755000000001
0.41095 0.6759755000000001
0.4113 0.6760109999999999
0.41165 0.6759421999999999
0.412 0.6760334
0.41235 0.6759736
0.4127 0.6759736
0.41305 0.6759235
0.4134 0.6756685
0.41375 0.6756685
0.4141 0.6759661
0.41445 0.6759661
0.4148 0.6755435000000001
0.41515 0.6751286
0.4155 0.6750797
0.41585 0.6741339
0.4162 0.6741339
0.41655 0.6753469
0.4169 0.6753469
0.41725 0.6748854999999999
0.4176 0.6738284000000001
0.41795 0.6748854999999999
0.4183 0.6759439
0.41865 0.6759439
0.419 0.6756787
0.41935 0.6756175999999999
0.4197 0.6744124
0.42005 0.6750941
0.4204 0.6750941
0.42075 0.6761843000000001
0.4211 0.6762239999999999
0.42145 0.6762239999999999
0.4218 0.6758524
0.42215 0.675767
0.4225 0.675767
0.42285 0.675767
0.4232 0.6754504
0.42355 0.6738919
0.4239 0.6738919
0.42425 0.6743463000000001
0.4246 0.6743463000000001
0.42495 0.675261
0.4253 0.6758128000000001
0.42565 0.6758128000000001
0.426 0.6735460999999999
0.42635 0.6735460999999999
0.4267 0.6747472
0.42705 0.6757318
0.4274 0.6758982
0.42775 0.6761918
0.4281 0.6760392
0.42845 0.6760392
0.4288 0.675948
0.42915 0.6753776999999999
0.4295 0.6756565
0.42985 0.6756565
0.4302 0.6756565
0.43055 0.6758390999999999
0.4309 0.6761729999999999
0.43125 0.6761729999999999
0.4316 0.6761729999999999
0.43195 0.6766639
0.4323 0.6768783
0.43265 0.6768831999999999
0.433 0.6769436
0.43335 0.6768831999999999
0.4337 0.6768715
0.43405 0.6766677
0.4344 0.6767468000000001
0.43475 0.6767468000000001
0.4351 0.6767565
0.43545 0.6767988
0.4358 0.6767565
0.43615 0.6766731
0.4365 0.6760553
0.43685 0.6760553
0.4372 0.6762099
0.43755 0.6764004
0.4379 0.6765044
0.43825 0.6765473000000001
0.4386 0.6765473000000001
0.43895 0.6767528
0.4393 0.6762210999999999
0.43965 0.676144
0.44 0.6757065
0.44035 0.6740943
0.4407 0.6732304
0.44105 0.6734710999999999
0.4414 0.6732304
0.44175 0.6731458
0.4421 0.6731458
0.44245 0.6731458
0.4428 0.6749236999999999
0.44315 0.6762123000000001
0.4435 0.6762123000000001
0.44385 0.6738408
0.4442 0.6738408
0.44455 0.6761969
0.4449 0.6761969
0.44525 0.6751826999999999
0.4456 0.6751826999999999
0.44595 0.675309
0.4463 0.6758166
0.44665 0.6766081
0.447 0.6765371
0.44735 0.67687
0.4477 0.6765371
0.44805 0.67687
0.4484 0.6768867
0.44875 0.677176
0.4491 0.6772682
0.44945 0.6772682
0.4498 0.6771191999999999
0.45015 0.6771191999999999
0.4505 0.6771191999999999
0.45085 0.6767177
0.4512 0.6759515
0.45155 0.6759071
0.4519 0.675765
0.45225 0.6759071
0.4526 0.6765099
0.45295 0.6765099
0.4533 0.6766905
0.45365 0.6767823000000001
0.454 0.6767823000000001
0.45435 0.6763611999999999
0.4547 0.6760427
0.45505 0.6763611999999999
0.4554 0.6762216
0.45575 0.6762216
0.4561 0.6757494000000001
0.45645 0.6757494000000001
0.4568 0.6753918000000001
0.45715 0.6765831
0.4575 0.6764916999999999
0.45785 0.6764916999999999
0.4582 0.6764916999999999
0.45855 0.6763375
0.4589 0.6763375
0.45925 0.6759801
0.4596 0.6757316
0.45995 0.6759801
0.4603 0.6763551999999999
0.46065 0.6768384
0.461 0.6769853
0.46135 0.6770415
0.4617 0.67718
0.46205 0.6772071999999999
0.4624 0.677222
0.46275 0.6773483
0.4631 0.6773483
0.46345 0.6773418999999999
0.4638 0.6773011
0.46415 0.6772437
0.4645 0.6771550999999999
0.46485 0.6770822
0.4652 0.6763610999999999
0.46555 0.6763610999999999
0.4659 0.6759536
0.46625 0.6758930999999999
0.4666 0.6756405
0.46695 0.6758597
0.4673 0.6756405
0.46765 0.6754420999999999
0.468 0.6746535
0.46835 0.6736886
0.4687 0.6710428
0.46905 0.6710234
0.4694 0.6710234
0.46975 0.6721666000000001
0.4701 0.6724131999999999
0.47045 0.6743865
0.4708 0.6743865
0.47115 0.6748096
0.4715 0.6734064999999999
0.47185 0.6734064999999999
0.4722 0.6715287
0.47255 0.6715287
0.4729 0.6731063
0.47325 0.6733293
0.4736 0.6742482
0.47395 0.6742482
0.4743 0.6756361
0.47465 0.6732412
0.475 0.6756361
0.47535 0.6714366
0.4757 0.6757333999999999
0.47605 0.6746025999999999
0.4764 0.6746025999999999
0.47675 0.6746025999999999
0.4771 0.6749978
0.47745 0.6760436
0.4778 0.6751813
0.47815 0.6760998
0.4785 0.6758626999999999
0.47885 0.6758626999999999
0.4792 0.6756525
0.47955 0.6755808000000001
0.4799 0.6752927
0.48025 0.6752831
0.4806 0.6751229000000001
0.48095 0.6748526
0.4813 0.674656
0.48165 0.6742781
0.482 0.6734109
0.48235 0.6734109
0.4827 0.6735149
0.48305 0.6735149
0.4834 0.6718632
0.48375 0.6704380999999999
0.4841 0.6691713
0.48445 0.6663305
0.4848 0.6644321
0.48515 0.6644321
0.4855 0.6644321
0.48585 0.6653319000000001
0.4862 0.6671298999999999
0.48655 0.6686454000000001
0.4869 0.6705982
0.48725 0.6705982
0.4876 0.668455
0.48795 0.668455
0.4883 0.6721836999999999
0.48865 0.6721836999999999
0.489 0.6739006
0.48935 0.6701508
0.4897 0.6739006
0.49005 0.6733045999999999
0.4904 0.6733045999999999
0.49075 0.6733045999999999
0.4911 0.6734515
0.49145 0.6742271
0.4918 0.6744278
0.49215 0.6742271
0.4925 0.673609
0.49285 0.673609
0.4932 0.6736403
0.49355 0.6736403
0.4939 0.6752166999999999
0.49425 0.6752166999999999
0.4946 0.6752166999999999
0.49495 0.6756376999999999
0.4953 0.6755338000000001
0.49565 0.6762269000000001
0.496 0.675791
0.49635 0.6761169
0.4967 0.6759878
0.49705 0.6759878
0.4974 0.6758265999999999
0.49775 0.6758265999999999
0.4981 0.675762
0.49845 0.6753468
0.4988 0.6753468
0.49915 0.6747394
0.4995 0.6755432
0.49985 0.6747394
0.50055 0.6721942
0.5009 0.6721942
0.50125 0.6732593000000001
0.5016 0.6732593000000001
0.50195 0.67273
0.5023 0.6723104
0.50265 0.6685515999999999
0.503 0.6632359
0.50335 0.6649704000000001
0.5037 0.6649704000000001
0.50405 0.6649704000000001
0.5044 0.6688455
0.50475 0.6713041999999999
0.5051 0.6715135
0.50545 0.6715135
0.5058 0.66981
0.50615 0.66981
0.5065 0.6654100000000001
0.50685 0.6673011
0.5072 0.6673011
0.50755 0.6692955
0.5079 0.6692955
0.50825 0.6691953
0.5086 0.6691953
0.50895 0.6691953
0.5093 0.6689424
0.50965 0.6683771
0.51 0.6683771
0.51035 0.6699563000000001
0.5107 0.6706639
0.51105 0.6709324000000001
0.5114 0.6709324000000001
0.51175 0.6709324000000001
0.5121 0.6719113
0.51245 0.6740936
0.5128 0.6740936
0.51315 0.6737724
0.5135 0.6737724
0.51385 0.6738022
0.5142 0.6738022
0.51455 0.6738022
0.5149 0.6745021
0.51525 0.6757335999999999
0.5156 0.6759626999999999
0.51595 0.6759626999999999
0.5163 0.6759626999999999
0.51665 0.675671
0.517 0.676134
0.51735 0.6761505999999999
0.5177 0.6761505999999999
0.51805 0.6761505999999999
0.5184 0.6762551
0.51875 0.6762864000000001
0.5191 0.6762864000000001
0.51945 0.6759061
0.5198 0.6759061
0.52015 0.6759061
0.5205 0.6758085
0.52085 0.6757578000000001
0.5212 0.6755705
0.52155 0.6755127
0.5219 0.6750684
0.52225 0.6750662
0.5226 0.6747156999999999
0.52295 0.6743111999999999
0.5233 0.6699328
0.52365 0.6699328
0.524 0.6691865
0.52435 0.6733229000000001
0.5247 0.6733229000000001
0.52505 0.6740933000000001
0.5254 0.6744061
0.52575 0.6750628000000001
0.5261 0.6751235999999999
0.52645 0.6750628000000001
0.5268 0.6732059
0.52715 0.6727835999999999
0.5275 0.6727835999999999
0.52785 0.6727835999999999
0.5282 0.6743007
0.52855 0.6743007
0.5289 0.6729231
0.52925 0.672818
0.5296 0.6727085
0.52995 0.6727085
0.5303 0.6727085
0.53065 0.6710541
0.531 0.6710541
0.53135 0.6736745
0.5317 0.6736745
0.53205 0.6736589
0.5324 0.6722184
0.53275 0.6722184
0.5331 0.6722184
0.53345 0.6732262
0.5338 0.6732262
0.53415 0.6732262
0.5345 0.6732158
0.53485 0.6727380000000001
0.5352 0.671744
0.53555 0.6715326
0.5359 0.6704857
0.53625 0.6704857
0.5366 0.6703149
0.53695 0.6689235
0.5373 0.6689235
0.53765 0.667721
0.538 0.6674401
0.53835 0.6666828
0.5387 0.6655445
0.53905 0.6649491
0.5394 0.6635304
0.53975 0.6620772
0.5401 0.6620772
0.54045 0.6594522
0.5408 0.6576430999999999
0.54115 0.6554201
0.5415 0.6544933000000001
0.54185 0.6519438
0.5422 0.6514585999999999
0.54255 0.6514585999999999
0.5429 0.6517871999999999
0.54325 0.6519520000000001
0.5436 0.6520486
0.54395 0.6531041999999999
0.5443 0.6558888
0.54465 0.6599246
0.545 0.6599246
0.54535 0.661105
0.5457 0.6630714
0.54605 0.6630714
0.5464 0.6641044
0.54675 0.6649359
0.5471 0.6675316
0.54745 0.6681446999999999
0.5478 0.6690489000000001
0.54815 0.6700236999999999
0.5485 0.6703829000000001
0.54885 0.6709181
0.5492 0.6703829000000001
0.54955 0.6709573
0.5499 0.6696694000000001
0.55025 0.6721069000000001
0.5506 0.6721069000000001
0.55095 0.6721069000000001
0.5513 0.6726776
0.55165 0.6708381999999999
0.552 0.6725711999999999
0.55235 0.6722005999999999
0.5527 0.6722005999999999
0.55305 0.6722005999999999
0.5534 0.6725283000000001
0.55375 0.6725283000000001
0.5541 0.672457
0.55445 0.6723269000000001
0.5548 0.6723269000000001
0.55515 0.6724471
0.5555 0.6724471
0.55585 0.6733358
0.5562 0.6735104000000001
0.55655 0.6735104000000001
0.5569 0.6727864
0.55725 0.6727864
0.5576 0.6735858
0.55795 0.6736679
0.5583 0.6735858
0.55865 0.6736679
0.559 0.6733859000000001
0.55935 0.6738284999999999
0.5597 0.6733859000000001
0.56005 0.6733690999999999
0.5604 0.6733690999999999
0.56075 0.6732161999999999
0.5611 0.6735479999999999
0.56145 0.6736281
0.5618 0.6736281
0.56215 0.6732581999999999
0.5625 0.6732581999999999
0.56285 0.6736929
0.5632 0.6736929
0.56355 0.6727824
0.5639 0.6722626
0.56425 0.6727824
0.5646 0.6724491
0.56495 0.6724491
0.5653 0.6723718000000001
0.56565 0.6723718000000001
0.566 0.6704102
0.56635 0.6687171
0.5667 0.6687119
0.56705 0.6687171
0.5674 0.6687119
0.56775 0.6677867
0.5681 0.6641180999999999
0.56845 0.6641180999999999
0.5688 0.6633008
0.56915 0.6638653
0.5695 0.6604541
0.56985 0.6619186
0.5702 0.6619186
0.57055 0.6672774
0.5709 0.6672774
0.57125 0.6653180999999999
0.5716 0.6645287
0.57195 0.6653180999999999
0.5723 0.6653644000000001
0.57265 0.6653644000000001
0.573 0.6667085
0.57335 0.6614340999999999
0.5737 0.6638384
0.57405 0.6614340999999999
0.5744 0.6596544
0.57475 0.6596544
0.5751 0.6571081
0.57545 0.6637513
0.5758 0.6638684
0.57615 0.6638684
0.5765 0.6625452
0.57685 0.6607341999999999
0.5772 0.6625452
0.57755 0.6639795000000001
0.5779 0.6647639
0.57825 0.6657479000000001
0.5786 0.6660478
0.57895 0.6667585
0.5793 0.6667585
0.57965 0.666989
0.58 0.6670199
0.58035 0.6672109
0.5807 0.668199
0.58105 0.6693198
0.5814 0.6693198
0.58175 0.6697668999999999
0.5821 0.6693711999999999
0.58245 0.6693711999999999
0.5828 0.6693711999999999
0.58315 0.6694465
0.5835 0.6701866
0.58385 0.6701866
0.5842 0.6701866
0.58455 0.6708607
0.5849 0.6708607
0.58525 0.6697699
0.5856 0.6697699
0.58595 0.6697699
0.5863 0.6690824000000001
0.58665 0.669036
0.587 0.668283
0.58735 0.6682326
0.5877 0.6666685
0.58805 0.6632135
0.5884 0.6632135
0.58875 0.6632135
0.5891 0.6644459
0.58945 0.6644459
0.5898 0.6604903
0.59015 0.6604903
0.5905 0.6641238
0.59085 0.6641238
0.5912 0.6641839
0.59155 0.6630464
0.5919 0.6634366
0.59225 0.6630464
0.5926 0.6634366
0.59295 0.6650921
0.5933 0.6650921
0.59365 0.6626418000000001
0.594 0.6605329000000001
0.59435 0.6469155
0.5947 0.6469155
0.59505 0.6604163000000001
0.5954 0.661044
0.59575 0.661044
0.5961 0.661044
0.59645 0.6603687
0.5968 0.6625272
0.59715 0.6625272
0.5975 0.6625272
0.59785 0.6601127
0.5982 0.6601127
0.59855 0.6625108000000001
0.5989 0.6625108000000001
0.59925 0.6625108000000001
0.5996 0.6626685
0.59995 0.6639098000000001
0.6003 0.6639098000000001
0.60065 0.6602866
0.601 0.6602866
0.60135 0.6638491999999999
0.6017 0.6654654999999999
0.60205 0.6654654999999999
0.6024 0.6670076
0.60275 0.6670076
0.6031 0.6675483
0.60345 0.6687773
0.6038 0.6687773
0.60415 0.6682425999999999
0.6045 0.6682425999999999
0.60485 0.6677778
0.6052 0.6688418
0.60555 0.6685956999999999
0.6059 0.6685956999999999
0.60625 0.6685956999999999
0.6066 0.6681743
0.60695 0.6685846
0.6073 0.6681743
0.60765 0.6681887
0.608 0.6666721
0.60835 0.6666721
0.6087 0.6666599
0.60905 0.666384
0.6094 0.6661771
0.60975 0.666384
0.6101 0.6664401
0.61045 0.6664401
0.6108 0.6651358
0.61115 0.6646145
0.6115 0.6631244000000001
0.61185 0.6610389
0.6122 0.6587101
0.61255 0.6586284
0.6129 0.6555295
0.61325 0.651758
0.6136 0.6472666
0.61395 0.6438772
0.6143 0.6408534
0.61465 0.6383460999999999
0.615 0.6372312
0.61535 0.6371912
0.6157 0.6359829
0.61605 0.6332609
0.6164 0.6315804
0.61675 0.6302207
0.6171 0.6262818
0.61745 0.6191002
0.6178 0.6118288000000001
0.61815 0.6118201
0.6185 0.6061754
0.61885 0.6031787
0.6192 0.6015535
0.61955 0.6015535
0.6199 0.6039786
0.62025 0.6080708
0.6206 0.6125925999999999
0.62095 0.612595
0.6213 0.6150819000000001
0.62165 0.6182225
0.622 0.6237796999999999
0.62235 0.6298549
0.6227 0.6346384
0.62305 0.6394512
0.6234 0.6439467
0.62375 0.6442714
0.6241 0.6492851
0.62445 0.6532296
0.6248 0.6551956
0.62515 0.6583332
0.6255 0.6606544
0.62585 0.6625517
0.6262 0.6636017
0.62655 0.6636017
0.6269 0.6636422
0.62725 0.6649815
0.6276 0.6649815
0.62795 0.6657628999999999
0.6283 0.666557
0.62865 0.6669286
0.629 0.6679356
0.62935 0.668287
0.6297 0.6685473000000001
0.63005 0.6693256
0.6304 0.6696399000000001
0.63075 0.6696399000000001
0.6311 0.6679669
0.63145 0.6674825
0.6318 0.6618655999999999
0.63215 0.6618655999999999
0.6325 0.6673269000000001
0.63285 0.6675462
0.6332 0.6681309
0.63355 0.6685512
0.6339 0.6690093
0.63425 0.6691439
0.6346 0.6690093
0.63495 0.6681083000000001
0.6353 0.6681083000000001
0.63565 0.6673024999999999
0.636 0.6673024999999999
0.63635 0.6673024999999999
0.6367 0.6659128000000001
0.63705 0.6659128000000001
0.6374 0.6659128000000001
0.63775 0.6650397
0.6381 0.6657764
0.63845 0.6657764
0.6388 0.6657764
0.63915 0.6655339
0.6395 0.6655339
0.63985 0.6663621999999999
0.6402 0.6668196
0.64055 0.6663696
0.6409 0.6663696
0.64125 0.6661696
0.6416 0.6652978
0.64195 0.6652978
0.6423 0.6649501999999999
0.64265 0.6656089
0.643 0.6649501999999999
0.64335 0.6650449
0.6437 0.6647553
0.64405 0.6641465999999999
0.6444 0.6641465999999999
0.64475 0.6640241
0.6451 0.6640241
0.64545 0.6640241
0.6458 0.6613765
0.64615 0.6554793000000001
0.6465 0.6554793000000001
0.64685 0.6569881999999999
0.6472 0.6610520000000001
0.64755 0.6610520000000001
0.6479 0.6603102
0.64825 0.6586729
0.6486 0.6603102
0.64895 0.6596424
0.6493 0.6603932
0.64965 0.6619984999999999
0.65 0.6621423000000001
0.65035 0.6625558000000001
0.6507 0.6621423000000001
0.65105 0.6541965000000001
0.6514 0.6541965000000001
0.65175 0.6541965000000001
0.6521 0.6575048000000001
0.65245 0.661964
0.6528 0.661964
0.65315 0.6612199000000001
0.6535 0.6600539000000001
0.65385 0.6612199000000001
0.6542 0.6549725000000001
0.65455 0.6596002
0.6549 0.6596002
0.65525 0.6596002
0.6556 0.6564217
0.65595 0.6563331
0.6563 0.6564217
0.65665 0.6572418999999999
0.657 0.6572924
0.65735 0.6572924
0.6577 0.6572924
0.65805 0.6578592
0.6584 0.6578592
0.65875 0.6575232
0.6591 0.6574601999999999
0.65945 0.6574601999999999
0.6598 0.6560305000000001
0.66015 0.6560305000000001
0.6605 0.6576063
0.66085 0.6576063
0.6612 0.6564589
0.66155 0.6558991
0.6619 0.6558991
0.66225 0.6557097
0.6626 0.6546865
0.66295 0.6546168000000001
0.6633 0.6541766999999999
0.66365 0.6541494999999999
0.664 0.6541263
0.66435 0.6541263
0.6647 0.6537604
0.66505 0.6536533
0.6654 0.6522707
0.66575 0.6515635999999999
0.6661 0.6506255
0.66645 0.6498743
0.6668 0.6498743
0.66715 0.6503083000000001
0.6675 0.6504205
0.66785 0.6508666
0.6682 0.6508666
0.66855 0.6517553
0.6689 0.6520486
0.66925 0.6529374
0.6696 0.6544915
0.66995 0.6559815
0.6703 0.6568822
0.67065 0.6583146
0.671 0.6583146
0.67135 0.6595251
0.6717 0.6608788000000001
0.67205 0.6620191
0.6724 0.6621286999999999
0.67275 0.6636349
0.6731 0.6644975000000001
0.67345 0.6653314
0.6738 0.6659793
0.67415 0.6664656999999999
0.6745 0.6668350000000001
0.67485 0.6673541999999999
0.6752 0.6684975999999999
0.67555 0.6684975999999999
0.6759 0.6687516
0.67625 0.6689432
0.6766 0.6689432
0.67695 0.6690999
0.6773 0.6690999
0.67765 0.6695274999999999
0.678 0.6695274999999999
0.67835 0.6686856
0.6787 0.6680679
0.67905 0.6676982
0.6794 0.6676982
0.67975 0.6675481
0.6801 0.6672305000000001
0.68045 0.6669052
0.6808 0.6657784999999999
0.68115 0.6647126999999999
0.6815 0.6647126999999999
0.68185 0.6626558000000001
0.6822 0.6625052
0.68255 0.6617456
0.6829 0.6617456
0.68325 0.6620640999999999
0.6836 0.6620640999999999
0.68395 0.6614565
0.6843 0.6614565
0.68465 0.6617323
0.685 0.6627042
0.68535 0.664021
0.6857 0.6642093000000001
0.68605 0.6644036999999999
0.6864 0.6644036999999999
0.68675 0.6610676
0.6871 0.6610676
0.68745 0.664786
0.6878 0.6648526
0.68815 0.6651805000000001
0.6885 0.6651805000000001
0.68885 0.6643276
0.6892 0.6643276
0.68955 0.6587719
0.6899 0.6649025
0.69025 0.6643433000000001
0.6906 0.6646907
0.69095 0.6643433000000001
0.6913 0.6635693
0.69165 0.6630520000000001
0.692 0.661148
0.69235 0.6611188
0.6927 0.661148
0.69305 0.6602897
0.6934 0.6590858
0.69375 0.6587098000000001
0.6941 0.6587098000000001
0.69445 0.6587098000000001
0.6948 0.6567719
0.69515 0.6569739
0.6955 0.6567719
0.69585 0.6534966999999999
0.6962 0.6534966999999999
0.69655 0.6553055
0.6969 0.6553055
0.69725 0.6543348000000001
0.6976 0.6468939
0.69795 0.6502111999999999
0.6983 0.6489935
0.69865 0.6489935
0.699 0.6460568
0.69935 0.6431071999999999
0.6997 0.6431071999999999
0.70005 0.6318792
0.7004 0.6276729999999999
0.70075 0.6276729999999999
0.7011 0.6308495
0.70145 0.6308495
0.7018 0.6279421
0.70215 0.6262970999999999
0.7025 0.6262970999999999
0.70285 0.6262970999999999
0.7032 0.6317937
0.70355 0.6317937
0.7039 0.6299054000000001
0.70425 0.6299054000000001
0.7046 0.631629
0.70495 0.631629
0.7053 0.631629
0.70565 0.641578
0.706 0.641578
0.70635 0.641578
0.7067 0.6430486999999999
0.70705 0.6430486999999999
0.7074 0.6456035
0.70775 0.6456035
0.7081 0.6466866
0.70845 0.6480802
0.7088 0.6498291
0.70915 0.6480802
0.7095 0.6510194
0.70985 0.6512744
0.7102 0.6532711999999999
0.71055 0.6532711999999999
0.7109 0.6544469
0.71125 0.6533486999999999
0.7116 0.654794
0.71195 0.6560651999999999
0.7123 0.6560651999999999
0.71265 0.6555065
0.713 0.6551731
0.71335 0.6551731
0.7137 0.6554654000000001
0.71405 0.6554654000000001
0.7144 0.6552479
0.71475 0.6512551
0.7151 0.6511737
0.71545 0.6470057
0.7158 0.6413539
0.71615 0.6406371
0.7165 0.6321589
0.71685 0.6204156999999999
0.7172 0.6081941999999999
0.71755 0.5906587
0.7179 0.5906587
0.71825 0.5789211999999999
0.7186 0.5789211999999999
0.71895 0.5700386
0.7193 0.5646872
0.71965 0.5646872
0.72 0.5394435000000001
0.72035 0.5394435000000001
0.7207 0.5421938000000001
0.72105 0.5421938000000001
0.7214 0.5374886
0.72175 0.5335424
0.7221 0.5339626999999999
0.72245 0.5286514
0.7228 0.5284188
0.72315 0.5186753
0.7235 0.4796435999999999
0.72385 0.4702638
0.7242 0.4702638
0.72455 0.448681
0.7249 0.4382363
0.72525 0.4217099
0.7256 0.4029574999999999
0.72595 0.4029574999999999
0.7263 0.3974704
0.72665 0.3791847
0.727 0.3746175
0.72735 0.3748077
0.7277 0.3748077
0.72805 0.3944677
0.7284 0.4224263
0.72875 0.4404691
0.7291 0.449492
0.72945 0.4523273
0.7298 0.4574608
0.73015 0.4628016
0.7305 0.4728880999999999
0.73085 0.4964969
0.7312 0.5111912000000001
0.73155 0.5111912000000001
0.7319 0.5199074
0.73225 0.5160031
0.7326 0.5337549
0.73295 0.5337549
0.7333 0.5347601
0.73365 0.5648129
0.734 0.5648129
0.73435 0.5757111999999999
0.7347 0.5912274000000001
0.73505 0.5918087
0.7354 0.5996722
0.73575 0.5996722
0.7361 0.5996722
0.73645 0.6121563
0.7368 0.6121563
0.73715 0.6128139
0.7375 0.6240730999999999
0.73785 0.6261531
0.7382 0.6306381
0.73855 0.6346889
0.7389 0.6306381
0.73925 0.6385287
0.7396 0.6448786999999999
0.73995 0.6468944999999999
0.7403 0.6500401
0.74065 0.6539936
0.741 0.6539936
0.74135 0.6555857
0.7417 0.6563925
0.74205 0.6587773
0.7424 0.6587773
0.74275 0.6594741
0.7431 0.6613505999999999
0.74345 0.6619168000000001
0.7438 0.662035
0.74415 0.662117
0.7445 0.6622329
0.74485 0.6622329
0.7452 0.66219
0.74555 0.66219
0.7459 0.66219
0.74625 0.6628616999999999
0.7466 0.6627858
0.74695 0.6627858
0.7473 0.6627858
0.74765 0.662349
0.748 0.6628153
0.74835 0.6628153
0.7487 0.6628153
0.74905 0.6628495
0.7494 0.6627338
0.74975 0.6627338
0.7501 0.6626907
0.75045 0.6625209
0.7508 0.6626907
0.75115 0.6632095
0.7515 0.6632095
0.75185 0.6630477
0.7522 0.6628729
0.75255 0.6627622
0.7529 0.6627622
0.75325 0.6633853
0.7536 0.6633853
0.75395 0.6633853
0.7543 0.6632458000000001
0.75465 0.6629603000000001
0.755 0.6629228
0.75535 0.6628156
0.7557 0.6627548000000001
0.75605 0.6625713000000001
0.7564 0.6623036999999999
0.75675 0.6617776999999999
0.7571 0.6615916999999999
0.75745 0.6601348000000001
0.7578 0.6601348000000001
0.75815 0.6601898
0.7585 0.6601898
0.75885 0.659416
0.7592 0.6589034
0.75955 0.656193
0.7599 0.6557156999999999
0.76025 0.6547764
0.7606 0.6536301
0.76095 0.6536301
0.7613 0.6545517
0.76165 0.6545517
0.762 0.6519153
0.76235 0.6506933000000001
0.7627 0.6501357
0.76305 0.6496048000000001
0.7634 0.6496048000000001
0.76375 0.6494641999999999
0.7641 0.6490929
0.76445 0.6478331
0.7648 0.6476636
0.76515 0.6476636
0.7655 0.648154
0.76585 0.648154
0.7662 0.647545
0.76655 0.6474714
0.7669 0.6455578000000001
0.76725 0.6455578000000001
0.7676 0.64674
0.76795 0.6482435000000001
0.7683 0.6482435000000001
0.76865 0.647491
0.769 0.6472443
0.76935 0.6472443
0.7697 0.6474656999999999
0.77005 0.6474656999999999
0.7704 0.6470130000000001
0.77075 0.6461359999999999
0.7711 0.6458078
0.77145 0.6456718000000001
0.7718 0.6452851
0.77215 0.6452268
0.7725 0.6432014
0.77285 0.6393265
0.7732 0.6356510999999999
0.77355 0.6356510999999999
0.7739 0.6360008
0.77425 0.6375486
0.7746 0.6375486
0.77495 0.6373581
0.7753 0.636093
0.77565 0.6337783
0.776 0.6318986
0.77635 0.6307221
0.7767 0.6301585999999999
0.77705 0.6289603
0.7774 0.6273168
0.77775 0.6271966
0.7781 0.6250125
0.77845 0.6228391
0.7788 0.6209098000000001
0.77915 0.6185351
0.7795 0.6137913
0.77985 0.6086749
0.7802 0.6025005999999999
0.78055 0.6021895
0.7809 0.5951816999999999
0.78125 0.5951816999999999
0.7816 0.5939525999999999
0.78195 0.5883994
0.7823 0.5883994
0.78265 0.5883994
0.783 0.5840927
0.78335 0.5837018
0.7837 0.5756916
0.78405 0.5756916
0.7844 0.5800318
0.78475 0.5957661999999999
0.7851 0.597395
0.78545 0.597395
0.7858 0.5948287
0.78615 0.5947769
0.7865 0.5948287
0.78685 0.5948815
0.7872 0.5960766
0.78755 0.600727
0.7879 0.6008125
0.78825 0.6041141999999999
0.7886 0.6042926
0.78895 0.6057610999999999
0.7893 0.6057610999999999
0.78965 0.6065116999999999
0.79 0.6065116999999999
0.79035 0.6057274
0.7907 0.6056100999999999
0.79105 0.6029852
0.7914 0.6029852
0.79175 0.599557
0.7921 0.5952704000000001
0.79245 0.5931095999999999
0.7928 0.5849318
0.79315 0.5847766
0.7935 0.5847766
0.79385 0.5847766
0.7942 0.5795644
0.79455 0.5795097
0.7949 0.5777426
0.79525 0.5723209
0.7956 0.5696395000000001
0.79595 0.5561024999999999
0.7963 0.5561024999999999
0.79665 0.5561024999999999
0.797 0.5620961
0.79735 0.5634786999999999
0.7977 0.5620961
0.79805 0.5634786999999999
0.7984 0.5669411999999999
0.79875 0.5669411999999999
0.7991 0.5682323
0.79945 0.5735563
0.7998 0.574605
0.80015 0.5751972
0.8005 0.5791911
0.80085 0.5824424
0.8012 0.5824424
0.80155 0.5869653
0.8019 0.5841781
0.80225 0.5868204
0.8026 0.5868204
0.80295 0.5925234
0.8033 0.5925234
0.80365 0.5954958
0.804 0.5966736999999999
0.80435 0.5981553000000001
0.8047 0.6013639000000001
0.80505 0.6043654
0.8054 0.6056629
0.80575 0.6056629
0.8061 0.6056629
0.80645 0.6074495
0.8068 0.6116518
0.80715 0.6159024000000001
0.8075 0.6159024000000001
0.80785 0.6183955
0.8082 0.6195753
0.80855 0.6197628000000001
0.8089 0.6197628000000001
0.80925 0.6164841999999999
0.8096 0.6164841999999999
0.80995 0.6207768
0.8103 0.6223947
0.81065 0.6223947
0.811 0.6227253
0.81135 0.6238498
0.8117 0.6241053000000001
0.81205 0.6244338
0.8124 0.6255645000000001
0.81275 0.6297705
0.8131 0.6255645000000001
0.81345 0.633055
0.8138 0.633055
0.81415 0.6340235
0.8145 0.6340235
0.81485 0.5918568000000001
0.8152 0.5918568000000001
0.81555 0.6304639
0.8159 0.6331244
0.81625 0.6331244
0.8166 0.6370859999999999
0.81695 0.6340318
0.8173 0.6373388000000001
0.81765 0.6340318
0.818 0.6327282
0.81835 0.6327282
0.8187 0.6343013000000001
0.81905 0.6409279
0.8194 0.6409279
0.81975 0.6409279
0.8201 0.6431456
0.82045 0.6451386
0.8208 0.6451386
0.82115 0.6437731
0.8215 0.6437731
0.82185 0.6437731
0.8222 0.6409474000000001
0.82255 0.6408909
0.8229 0.6306298
0.82325 0.5901873000000001
0.8236 0.608464
0.82395 0.608464
0.8243 0.6409754
0.82465 0.6470853
0.825 0.6485721999999999
0.82535 0.6485721999999999
0.8257 0.6452259
0.82605 0.6452259
0.8264 0.6476476
0.82675 0.648243
0.8271 0.6476476
0.82745 0.6424835999999999
0.8278 0.6283795
0.82815 0.6402508000000001
0.8285 0.6402508000000001
0.82885 0.6402508000000001
0.8292 0.6447609000000001
0.82955 0.6459028
0.8299 0.6459028
0.83025 0.6445162
0.8306 0.6445162
0.83095 0.646105
0.8313 0.6479704000000001
0.83165 0.646105
0.832 0.6367838
0.83235 0.6367838
0.8327 0.6392495
0.83305 0.647012
0.8334 0.6416284000000001
0.83375 0.6416284000000001
0.8341 0.6226095
0.83445 0.6226095
0.8348 0.6226095
0.83515 0.6319442
0.8355 0.627494
0.83585 0.627494
0.8362 0.6237446
0.83655 0.6234062
0.8369 0.6187616
0.83725 0.6161901999999999
0.8376 0.5987267
0.83795 0.5963010999999999
0.8383 0.5987267
0.83865 0.5945085999999999
0.839 0.5939715999999999
0.83935 0.5939715999999999
0.8397 0.5973083
0.84005 0.5974188
0.8404 0.5974188
0.84075 0.5838171999999999
0.8411 0.5783946999999999
0.84145 0.5780960999999999
0.8418 0.5780960999999999
0.84215 0.5784813
0.8425 0.5949043
0.84285 0.6103394
0.8432 0.6103394
0.84355 0.6083494
0.8439 0.6019405
0.84425 0.6019405
0.8446 0.6055337
0.84495 0.606675
0.8453 0.6134061
0.84565 0.6163585
0.846 0.6215614
0.84635 0.626454
0.8467 0.626454
0.84705 0.6262346999999999
0.8474 0.6255062
0.84775 0.6254981
0.8481 0.6254981
0.84845 0.6220723000000001
0.8488 0.6279538
0.84915 0.6306255000000001
0.8495 0.6306255000000001
0.84985 0.6299564000000001
0.8502 0.6248659000000001
0.85055 0.6134497
0.8509 0.6134497
0.85125 0.6134497
0.8516 0.6181123000000001
0.85195 0.6165769
0.8523 0.6165769
0.85265 0.6096348
0.853 0.6020095999999999
0.85335 0.6008338000000001
0.8537 0.5977587
0.85405 0.5934329
0.8544 0.5822921999999999
0.85475 0.5784916
0.8551 0.5776708
0.85545 0.5618051
0.8558 0.5618051
0.85615 0.5546356
0.8565 0.5493836999999999
0.85685 0.5443868000000001
0.8572 0.5278364000000001
0.85755 0.5142194999999999
0.8579 0.4694642
0.85825 0.4694642
0.8586 0.4699337999999999
0.85895 0.4699708999999999
0.8593 0.4699337999999999
0.85965 0.4693512999999999
0.86 0.4543799
0.86035 0.4348010999999999
0.8607 0.4307635
0.86105 0.4006626
0.8614 0.3917065999999999
0.86175 0.3826138
0.8621 0.3676368
0.86245 0.3676368
0.8628 0.3632716
0.86315 0.3658843
0.8635 0.3616269
0.86385 0.3616269
0.8642 0.3346915
0.86455 0.3073828
0.8649 0.3346915
0.86525 0.3679757999999999
0.8656 0.37083
0.86595 0.3864763
0.8663 0.3978693
0.86665 0.3978693
0.867 0.3451967
0.86735 0.3451967
0.8677 0.3509262999999999
0.86805 0.4186318
0.8684 0.435745
0.86875 0.4447752
0.8691 0.4692343
0.86945 0.4590417999999999
0.8698 0.4737520999999999
0.87015 0.4733576
0.8705 0.4733576
0.87085 0.4410825
0.8712 0.4346664
0.87155 0.4410825
0.8719 0.4377386
0.87225 0.508845
0.8726 0.508845
0.87295 0.508845
0.8733 0.4827645
0.87365 0.4827645
0.874 0.5135712
0.87435 0.5143237
0.8747 0.5143237
0.87505 0.5143237
0.8754 0.5291796999999999
0.87575 0.4796149
0.8761 0.50459
0.87645 0.502285
0.8768 0.502285
0.87715 0.4836058
0.8775 0.4041270999999999
0.87785 0.4041270999999999
0.8782 0.3819627
0.87855 0.3819627
0.8789 0.4804144
0.87925 0.4804144
0.8796 0.3181693
0.87995 0.2162050999999999
0.8803 0.2791886
0.88065 0.2255112999999999
0.881 0.2255112999999999
0.88135 0.2109551
0.8817 0.1799411
0.88205 0.1435783
0.8824 0.0601461
0.88275 0.0601461
0.8831 0.0601461
0.88345 0.0593055
0.8838 0.0563723
0.88415 0.0593055
0.8845 0.0809573
0.88485 0.1120913
0.8852 0.1172008
0.88555 0.1120913
0.8859 0.105831
0.88625 0.0731128
0.8866 0.0282727
0.88695 0.0199005999999999
0.8873 0.0199005999999999
0.88765 0.0242810999999999
0.888 0.0335581999999999
0.88835 0.0335581999999999
0.8887 0.0426056
0.88905 0.0265890999999999
0.8894 0.0561505999999999
0.88975 0.0509615999999999
0.8901 0.0676963
0.89045 0.0676963
0.8908 0.0676963
0.89115 0.0641047
0.8915 0.0641047
0.89185 0.0818433
0.8922 0.0818433
0.89255 0.0818433
0.8929 0.0786478999999999
0.89325 0.0786478999999999
0.8936 0.0768886999999999
0.89395 0.0496811999999999
0.8943 0.0496811999999999
0.89465 0.0655208
0.895 0.0655208
0.89535 0.0626646999999999
0.8957 0.0626646999999999
0.89605 0.0682059999999999
0.8964 0.0901368999999999
0.89675 0.0970362
0.8971 0.0970362
0.89745 0.1368149
0.8978 0.1245256
0.89815 0.1368149
0.8985 0.1245256
0.89885 0.1387273
0.8992 0.1200783999999999
0.89955 0.1182676999999999
0.8999 0.1182676999999999
0.90025 0.1966337
0.9006 0.2047688
0.90095 0.2230795
0.9013 0.2369619
0.90165 0.2710830999999999
0.902 0.2710830999999999
0.90235 0.2644664
0.9027 0.2644664
0.90305 0.3082667999999999
0.9034 0.3440141
0.90375 0.3082667999999999
0.9041 0.3650607
0.90445 0.3970563
0.9048 0.4052062
0.90515 0.4052062
0.9055 0.4052062
0.90585 0.4807663
0.9062 0.4807663
0.90655 0.4399032999999999
0.9069 0.4399032999999999
0.90725 0.4519795
0.9076 0.4519795
0.90795 0.4865084
0.9083 0.4162543999999999
0.90865 0.4865084
0.909 0.4623207
0.90935 0.4623207
0.9097 0.4195662
0.91005 0.4195662
0.9104 0.5017965999999999
0.91075 0.5061922999999999
0.9111 0.5181187
0.91145 0.5331138000000001
0.9118 0.5331138000000001
0.91215 0.525185
0.9125 0.5147573000000001
0.91285 0.5147573000000001
0.9132 0.5147573000000001
0.91355 0.4434782
0.9139 0.5344471
0.91425 0.5408179
0.9146 0.5558281999999999
0.91495 0.5510199
0.9153 0.5510199
0.91565 0.5249083000000001
0.916 0.5249083000000001
0.91635 0.5298446
0.9167 0.5298446
0.91705 0.5350833
0.9174 0.5559745
0.91775 0.5559745
0.9181 0.5559745
0.91845 0.5593314
0.9188 0.5593314
0.91915 0.5426329000000001
0.9195 0.5224701
0.91985 0.5296268
0.9202 0.5296268
0.92055 0.5410148
0.9209 0.5644151
0.92125 0.5410148
0.9216 0.5093478
0.92195 0.5093478
0.9223 0.388384
0.92265 0.5146122999999999
0.923 0.5650326999999999
0.92335 0.5650326999999999
0.9237 0.5387956
0.92405 0.5387956
0.9244 0.5387956
0.92475 0.5301571999999999
0.9251 0.5132846999999999
0.92545 0.5301571999999999
0.9258 0.5289811
0.92615 0.5289811
0.9265 0.5289811
0.92685 0.3017147999999999
0.9272 0.5253749
0.92755 0.5253749
0.9279 0.5253749
0.92825 0.5422085
0.9286 0.526744
0.92895 0.5422085
0.9293 0.5600084
0.92965 0.5600084
0.93 0.526338
0.93035 0.4321319
0.9307 0.3964157
0.93105 0.3681999
0.9314 0.3681999
0.93175 0.3681999
0.9321 0.4713481
0.93245 0.4713481
0.9328 0.4841867
0.93315 0.5294123000000001
0.9335 0.5294123000000001
0.93385 0.4245244999999999
0.9342 0.4245244999999999
0.93455 0.4041011
0.9349 0.4459062
0.93525 0.4041011
0.9356 0.5480092
0.93595 0.4950031
0.9363 0.5480092
0.93665 0.5202648
0.937 0.5202648
0.93735 0.5202648
0.9377 0.4879984
0.93805 0.4295638
0.9384 0.4295638
0.93875 0.4574016999999999
0.9391 0.5230701
0.93945 0.5350639
0.9398 0.5350639
0.94015 0.5477873000000001
0.9405 0.4209786
0.94085 0.5611159
0.9412 0.5520416
0.94155 0.5785339
0.9419 0.585377
0.94225 0.5896986
0.9426 0.5896986
0.94295 0.4951947
0.9433 0.4951947
0.94365 0.5164175
0.944 0.5164175
0.94435 0.5032529
0.9447 0.5032529
0.94505 0.5472009
0.9454 0.5472009
0.94575 0.5472009
0.9461 0.5561742
0.94645 0.5561742
0.9468 0.5256005
0.94715 0.4991514
0.9475 0.4811732
0.94785 0.4991514
0.9482 0.5612706999999999
0.94855 0.5694295
0.9489 0.5612706999999999
0.94925 0.5226022
0.9496 0.5226022
0.94995 0.5341125
0.9503 0.5379866
0.95065 0.5839139
0.951 0.5839139
0.95135 0.5507291
0.9517 0.5507291
0.95205 0.5563956
0.9524 0.5563956
0.95275 0.5429071
0.9531 0.5429071
0.95345 0.5459781
0.9538 0.582991
0.95415 0.5842934000000001
0.9545 0.5842934000000001
0.95485 0.5842934000000001
0.9552 0.556786
0.95555 0.571052
0.9559 0.571052
0.95625 0.571052
0.9566 0.5664399
0.95695 0.5363948000000001
0.9573 0.5363948000000001
0.95765 0.576962
0.958 0.576962
0.95835 0.576962
0.9587 0.5728316999999999
0.95905 0.5728316999999999
0.9594 0.5325228
0.95975 0.5325228
0.9601 0.5516504
0.96045 0.5516504
0.9608 0.5450794
0.96115 0.5450794
0.9615 0.5450794
0.96185 0.5303858
0.9622 0.5190164
0.96255 0.4730294
0.9629 0.4730294
0.96325 0.4585295
0.9636 0.4585295
0.96395 0.4585295
0.9643 0.4653633
0.96465 0.4653633
0.965 0.4490331
0.96535 0.4452543
0.9657 0.4374567
0.96605 0.422401
0.9664 0.4155307
0.96675 0.4155307
0.9671 0.3988049
0.96745 0.4066841
0.9678 0.4066841
0.96815 0.431326
0.9685 0.431326
0.96885 0.4210696
0.9692 0.4077631
0.96955 0.4077585
0.9699 0.3945198
0.97025 0.3577199
0.9706 0.3218072
0.97095 0.3154091
0.9713 0.3218072
0.97165 0.3485495
0.972 0.3693532
0.97235 0.3961343
0.9727 0.3981552
0.97305 0.3961343
0.9734 0.3904459
0.97375 0.3860111
0.9741 0.3699484
0.97445 0.3860111
0.9748 0.3992522999999999
0.97515 0.3992522999999999
0.9755 0.3997009
0.97585 0.4206940999999999
0.9762 0.4206940999999999
0.97655 0.3783841
0.9769 0.3638244
0.97725 0.3783841
0.9776 0.3620292
0.97795 0.3620292
0.9783 0.319007
0.97865 0.319007
0.979 0.3555197
0.97935 0.3661252
0.9797 0.3661252
0.98005 0.2619632999999999
0.9804 0.256895
0.98075 0.256895
0.9811 0.256895
0.98145 0.2647595999999999
0.9818 0.2673374
0.98215 0.2647595999999999
0.9825 0.2621476
0.98285 0.0688819
0.9832 0.2077679
0.98355 0.2037384
0.9839 0.2044177
0.98425 0.2044177
0.9846 0.2044177
0.98495 0.2293956
0.9853 0.0678795
0.98565 0.1306771
0.986 0.0930078999999999
0.98635 0.1306771
0.9867 0.1166079
0.98705 0.1166079
0.9874 0.1166079
0.98775 0.1274645
0.9881 0.1274645
0.98845 0.0070507
0.9888 0.0070507
0.98915 0.0250697999999999
0.9895 0.1121661
0.98985 0.0609928999999999
0.9902 0.1121661
0.99055 0.0609928999999999
0.9909 0.1206773
0.99125 0.1228933
0.9916 0.1352521
0.99195 0.1352521
0.9923 0.1352521
0.99265 0.1671224
0.993 0.1812452
0.99335 0.1812452
0.9937 0.1642208999999999
0.99405 0.1621694
0.9944 0.1621694
0.99475 0.1621694
0.9951 0.1026632
0.99545 0.1026632
0.9958 0.0169069
0.99615 0.0169069
0.9965 0.0067921
0.99685 0.0067921
0.9972 0.1176087
0.99755 0.1176087
0.9979 0.1670637
0.99825 0.1167526
0.9986 0.1129215
0.99895 0.1080372
0.9993 0.0747625
