0.3 0.0238895999999999
0.30035 0.0239041
0.3007 0.023908
0.30105 0.023908
0.3014 0.0239048
0.30175 0.0238986
0.3021 0.0238884
0.30245 0.0238699
0.3028 0.0238335
0.30315 0.0237435
0.3035 0.0237435
0.30385 0.0237485
0.3042 0.0238221
0.30455 0.0238489
0.3049 0.023859
0.30525 0.023862
0.3056 0.023862
0.30595 0.0238597999999999
0.3063 0.0238560999999999
0.30665 0.0238514999999999
0.307 0.0238459
0.30735 0.0238394
0.3077 0.0238317
0.30805 0.0238222
0.3084 0.0238099999999999
0.30875 0.0237935
0.3091 0.0237675
0.30945 0.0237214
0.3098 0.0236250999999999
0.31015 0.0235764
0.3105 0.0235764
0.31085 0.0236858
0.3112 0.0237264999999999
0.31155 0.0237429
0.3119 0.0237485999999999
0.31225 0.0237485999999999
0.3126 0.0237462999999999
0.31295 0.0237418
0.3133 0.0237362
0.31365 0.0237298
0.314 0.0237227
0.31435 0.0237152
0.3147 0.0237071
0.31505 0.0236988
0.3154 0.0236901
0.31575 0.023681
0.3161 0.0236715999999999
0.31645 0.0236618
0.3168 0.0236516
0.31715 0.023641
0.3175 0.02363
0.31785 0.0236185
0.3182 0.0236066
0.31855 0.0235939
0.3189 0.0235805999999999
0.31925 0.023566
0.3196 0.0235502
0.31995 0.0235321
0.3203 0.0235101
0.32065 0.0234802
0.321 0.0234314
0.32135 0.0233183
0.3217 0.0232601
0.32205 0.0232601
0.3224 0.0233763
0.32275 0.0233989
0.3231 0.0233989
0.32345 0.0233888
0.3238 0.0233738
0.32415 0.0233563
0.3245 0.0233365
0.32485 0.0233143
0.3252 0.0232905
0.32555 0.0232644
0.3259 0.0232356
0.32625 0.0232037
0.3266 0.0231679
0.32695 0.0231284
0.3273 0.023082
0.32765 0.0230282999999999
0.328 0.0229674
0.32835 0.0228939
0.3287 0.0228087
0.32905 0.0227029
0.3294 0.0225521
0.32975 0.022324
0.3301 0.0219785999999999
0.33045 0.0219785999999999
0.3308 0.0223199
0.33115 0.0225235999999999
0.3315 0.0226509999999999
0.33185 0.0227412
0.3322 0.0228122
0.33255 0.0228686
0.3329 0.0229171
0.33325 0.0229560999999999
0.3336 0.02299
0.33395 0.0230173
0.3343 0.0230412999999999
0.33465 0.0230608
0.335 0.0230777
0.33535 0.0230923
0.3357 0.023105
0.33605 0.0231168
0.3364 0.0231261
0.33675 0.023135
0.3371 0.0231429
0.33745 0.0231497999999999
0.3378 0.0231561
0.33815 0.0231612
0.3385 0.023166
0.33885 0.0231697999999999
0.3392 0.0231732
0.33955 0.0231755999999999
0.3399 0.0231772999999999
0.34025 0.0231772999999999
0.3406 0.0231771
0.34095 0.0231748
0.3413 0.0231705
0.34165 0.0231635
0.342 0.0231527
0.34235 0.0231367
0.3427 0.0231129999999999
0.34305 0.0230779
0.3434 0.0230274
0.34375 0.0229463
0.3441 0.0227972
0.34445 0.022452
0.3448 0.022452
0.34515 0.0227145
0.3455 0.0228839
0.34585 0.0229719
0.3462 0.0230259999999999
0.34655 0.0230644
0.3469 0.0230929
0.34725 0.0231145
0.3476 0.0231313
0.34795 0.0231445
0.3483 0.023155
0.34865 0.0231634
0.349 0.0231703
0.34935 0.0231755999999999
0.3497 0.0231803
0.35005 0.0231841
0.3504 0.023187
0.35075 0.0231895999999999
0.3511 0.0231915
0.35145 0.023193
0.3518 0.0231944
0.35215 0.0231953
0.3525 0.0231959
0.35285 0.0231962
0.3532 0.0231963
0.35355 0.0231963
0.3539 0.0231960999999999
0.35425 0.0231958
0.3546 0.0231952
0.35495 0.0231946
0.3553 0.0231938
0.35565 0.0231925
0.356 0.0231907
0.35635 0.0231903
0.3567 0.0231893
0.35705 0.0231863
0.3574 0.0231839
0.35775 0.0231839
0.3581 0.0231812
0.35845 0.0231806
0.3588 0.023178
0.35915 0.0231774
0.3595 0.0231675
0.35985 0.0231611
0.3602 0.0231567
0.36055 0.0231567
0.3609 0.0231639
0.36125 0.0231639
0.3616 0.0231613
0.36195 0.0231597999999999
0.3623 0.0231544999999999
0.36265 0.0231543
0.363 0.0231519
0.36335 0.0231489
0.3637 0.0231462999999999
0.36405 0.0231405999999999
0.3644 0.0231382
0.36475 0.0231375999999999
0.3651 0.0231345999999999
0.36545 0.0231310999999999
0.3658 0.0231274
0.36615 0.0231244
0.3665 0.0231217999999999
0.36685 0.0231181
0.3672 0.0231146
0.36755 0.0231114
0.3679 0.0231075
0.36825 0.0231039
0.3686 0.0230989
0.36895 0.023097
0.3693 0.0230924
0.36965 0.0230890999999999
0.37 0.0230822
0.37035 0.0230805
0.3707 0.0230743
0.37105 0.0230708
0.3714 0.0230687
0.37175 0.0230632
0.3721 0.0230569999999999
0.37245 0.0230552
0.3728 0.0230482
0.37315 0.0230465
0.3735 0.0230376
0.37385 0.0230363
0.3742 0.0230299
0.37455 0.023024
0.3749 0.0230173
0.37525 0.0230071
0.3756 0.0230069
0.37595 0.0230034
0.3763 0.0229949999999999
0.37665 0.0229882
0.377 0.0229882
0.37735 0.0229844
0.3777 0.0229761
0.37805 0.0229663
0.3784 0.0229662
0.37875 0.0229488
0.3791 0.0229189
0.37945 0.0229263
0.3798 0.0229263
0.38015 0.0229263
0.3805 0.0229203
0.38085 0.0229195
0.3812 0.0229125999999999
0.38155 0.0229059
0.3819 0.0228852999999999
0.38225 0.0228829
0.3826 0.0228824
0.38295 0.0228770999999999
0.3833 0.0228629999999999
0.38365 0.0228613
0.384 0.0228482
0.38435 0.0228449999999999
0.3847 0.022835
0.38505 0.0228273
0.3854 0.0228178
0.38575 0.0228077
0.3861 0.0227986999999999
0.38645 0.0227875999999999
0.3868 0.0227770999999999
0.38715 0.0227659999999999
0.3875 0.0227534
0.38785 0.0227432999999999
0.3882 0.0227331
0.38855 0.0227199999999999
0.3889 0.0226987
0.38925 0.0226835999999999
0.3896 0.0226798
0.38995 0.0226641
0.3903 0.0226476
0.39065 0.022639
0.391 0.0226228
0.39135 0.0226082
0.3917 0.0225872999999999
0.39205 0.0225719
0.3924 0.0225568
0.39275 0.0225346
0.3931 0.0225146
0.39345 0.0225007
0.3938 0.0224801
0.39415 0.0224522999999999
0.3945 0.022437
0.39485 0.022407
0.3952 0.0223903
0.39555 0.0223666
0.3959 0.0223227
0.39625 0.0222974
0.3966 0.0222784
0.39695 0.0222565999999999
0.3973 0.0222237
0.39765 0.0221911
0.398 0.0221459
0.39835 0.0221319
0.3987 0.0220720999999999
0.39905 0.0220478
0.3994 0.0220268
0.39975 0.0219866
0.4001 0.0219461
0.40045 0.0219014999999999
0.4008 0.0218491
0.40115 0.0217517
0.4015 0.0216927999999999
0.40185 0.0216927999999999
0.4022 0.0215912
0.40255 0.02154
0.4029 0.0214345999999999
0.40325 0.0212947
0.4036 0.0211054
0.40395 0.0208918
0.4043 0.0202418
0.40465 0.0202418
0.405 0.0207544
0.40535 0.021032
0.4057 0.0212034
0.40605 0.0213317
0.4064 0.0214335
0.40675 0.0215081
0.4071 0.0215675
0.40745 0.0216183
0.4078 0.0216609
0.40815 0.0216983
0.4085 0.0216983
0.40885 0.0217321
0.4092 0.0217940999999999
0.40955 0.0218235
0.4099 0.0218475
0.41025 0.0218752
0.4106 0.0218987
0.41095 0.021921
0.4113 0.0219405
0.41165 0.0219639
0.412 0.0219768
0.41235 0.0220018
0.4127 0.0220164999999999
0.41305 0.0220164999999999
0.4134 0.0220359
0.41375 0.0220405999999999
0.4141 0.022082
0.41445 0.0220911
0.4148 0.0220941
0.41515 0.0220965
0.4155 0.0220965
0.41585 0.0217946
0.4162 0.0217946
0.41655 0.022152
0.4169 0.0221522
0.41725 0.0221682
0.4176 0.0221732
0.41795 0.0221732
0.4183 0.0221732
0.41865 0.0221938
0.419 0.0221938
0.41935 0.0222068
0.4197 0.0221926
0.42005 0.0221262
0.4204 0.0221262
0.42075 0.0222152
0.4211 0.0222421
0.42145 0.0222152
0.4218 0.0222030999999999
0.42215 0.0221809
0.4225 0.0221809
0.42285 0.0222537999999999
0.4232 0.0222537999999999
0.42355 0.0222247
0.4239 0.0222247
0.42425 0.0222415
0.4246 0.0222436
0.42495 0.0222766
0.4253 0.0222947999999999
0.42565 0.0222947999999999
0.426 0.0222062999999999
0.42635 0.0222062999999999
0.4267 0.0222649
0.42705 0.0223041
0.4274 0.0223215999999999
0.42775 0.0223215999999999
0.4281 0.0223195
0.42845 0.022293
0.4288 0.022293
0.42915 0.0221776
0.4295 0.0222777
0.42985 0.0222777
0.4302 0.0222777
0.43055 0.0223022
0.4309 0.0222548
0.43125 0.0222938
0.4316 0.0222548
0.43195 0.0222938
0.4323 0.0223371
0.43265 0.0223371
0.433 0.0223412
0.43335 0.0223365
0.4337 0.0223260999999999
0.43405 0.0223260999999999
0.4344 0.0223264
0.43475 0.0223365
0.4351 0.0223412
0.43545 0.0223412
0.4358 0.0223335
0.43615 0.0223326
0.4365 0.0223209
0.43685 0.0223078
0.4372 0.0223209
0.43755 0.0223254
0.4379 0.0223274
0.43825 0.0223289999999999
0.4386 0.0223289999999999
0.43895 0.0223376
0.4393 0.0223233
0.43965 0.0222886
0.44 0.0222824
0.44035 0.0222197
0.4407 0.0222197
0.44105 0.022236
0.4414 0.022236
0.44175 0.0222429
0.4421 0.0222429
0.44245 0.0222429
0.4428 0.0222942
0.44315 0.0223148
0.4435 0.0223148
0.44385 0.0221776
0.4442 0.0221776
0.44455 0.0223153
0.4449 0.0223153
0.44525 0.0222282
0.4456 0.0222282
0.44595 0.022281
0.4463 0.0223059
0.44665 0.0223101
0.447 0.0223059
0.44735 0.0223079
0.4477 0.0223044
0.44805 0.0223079
0.4484 0.0222608
0.44875 0.0223277
0.4491 0.022321
0.44945 0.022321
0.4498 0.0223152
0.45015 0.0223152
0.4505 0.0223152
0.45085 0.0222832
0.4512 0.0222813
0.45155 0.0222832
0.4519 0.0222697
0.45225 0.022294
0.4526 0.0222965999999999
0.45295 0.0222965999999999
0.4533 0.0223088
0.45365 0.0223062999999999
0.454 0.0223062999999999
0.45435 0.0222723
0.4547 0.0222723
0.45505 0.0222838
0.4554 0.0222838
0.45575 0.0222547
0.4561 0.0222252
0.45645 0.0222547
0.4568 0.0221649
0.45715 0.0222775
0.4575 0.0222692
0.45785 0.0222692
0.4582 0.0222692
0.45855 0.022264
0.4589 0.022264
0.45925 0.0222405
0.4596 0.0222125
0.45995 0.0222405
0.4603 0.0222527
0.46065 0.0222777
0.461 0.02228
0.46135 0.0222814
0.4617 0.0222814
0.46205 0.0222768
0.4624 0.0222768
0.46275 0.0222865
0.4631 0.0222865
0.46345 0.0222724
0.4638 0.0222724
0.46415 0.0222669
0.4645 0.0222716
0.46485 0.0222577
0.4652 0.0222145999999999
0.46555 0.0222145999999999
0.4659 0.0222074
0.46625 0.0221875
0.4666 0.0221875
0.46695 0.0221951999999999
0.4673 0.0221951999999999
0.46765 0.0221198
0.468 0.0221027
0.46835 0.0221027
0.4687 0.0218397
0.46905 0.0212697
0.4694 0.0218397
0.46975 0.0221160999999999
0.4701 0.0221160999999999
0.47045 0.0221160999999999
0.4708 0.0221209
0.47115 0.0221209
0.4715 0.0219689
0.47185 0.0219689
0.4722 0.0215101
0.47255 0.0217486
0.4729 0.0217486
0.47325 0.0221039
0.4736 0.0221237
0.47395 0.0221039
0.4743 0.0221112
0.47465 0.0219346
0.475 0.0221102
0.47535 0.0195995
0.4757 0.0221102
0.47605 0.0219317
0.4764 0.0219317
0.47675 0.0219317
0.4771 0.0219185
0.47745 0.022121
0.4778 0.022065
0.47815 0.0221128
0.4785 0.0221091
0.47885 0.0221091
0.4792 0.0220777999999999
0.47955 0.0220417
0.4799 0.0220777999999999
0.48025 0.0220483
0.4806 0.0220483
0.48095 0.0220273
0.4813 0.0220246
0.48165 0.0218920999999999
0.482 0.0218920999999999
0.48235 0.0219394
0.4827 0.0219394
0.48305 0.0218828
0.4834 0.0217921
0.48375 0.0217122
0.4841 0.0217122
0.48445 0.0214885
0.4848 0.0210646
0.48515 0.0212787999999999
0.4855 0.0212787999999999
0.48585 0.0212787999999999
0.4862 0.0214811
0.48655 0.0214811
0.4869 0.0216432
0.48725 0.0216432
0.4876 0.0214527
0.48795 0.0208884
0.4883 0.0214527
0.48865 0.0217602
0.489 0.0219522
0.48935 0.0217602
0.4897 0.0219522
0.49005 0.0219119
0.4904 0.0219119
0.49075 0.0217039999999999
0.4911 0.0217039999999999
0.49145 0.0217226
0.4918 0.0218732
0.49215 0.0217462
0.4925 0.0217462
0.49285 0.0210624
0.4932 0.0210624
0.49355 0.0216065999999999
0.4939 0.021636
0.49425 0.021636
0.4946 0.021636
0.49495 0.0217011
0.4953 0.0216185
0.49565 0.0217925
0.496 0.0217925
0.49635 0.0218064
0.4967 0.021816
0.49705 0.021816
0.4974 0.0218076
0.49775 0.0216451
0.4981 0.0216451
0.49845 0.0215618
0.4988 0.0215618
0.49915 0.021731
0.4995 0.021731
0.49985 0.0216296999999999
0.50055 0.0204305999999999
0.5009 0.0204305999999999
0.50125 0.0215587
0.5016 0.0215587
0.50195 0.0215402
0.5023 0.021524
0.50265 0.0211553
0.503 0.0173194
0.50335 0.0178427
0.5037 0.0178427
0.50405 0.0189399
0.5044 0.0209709
0.50475 0.0209709
0.5051 0.0212477
0.50545 0.0213993
0.5058 0.0213993
0.50615 0.0213444
0.5065 0.0209462
0.50685 0.0202831
0.5072 0.0202831
0.50755 0.0205878
0.5079 0.0205878
0.50825 0.0205878
0.5086 0.0207976
0.50895 0.0208342
0.5093 0.0208405
0.50965 0.0208342
0.51 0.020835
0.51035 0.020835
0.5107 0.0211039
0.51105 0.0211233
0.5114 0.0211039
0.51175 0.0211233
0.5121 0.0211904
0.51245 0.0214854
0.5128 0.0214854
0.51315 0.0211292
0.5135 0.0211292
0.51385 0.0213149
0.5142 0.0213149
0.51455 0.0213149
0.5149 0.0210846
0.51525 0.0213592999999999
0.5156 0.0215657
0.51595 0.0215657
0.5163 0.0215109
0.51665 0.0215109
0.517 0.0215109
0.51735 0.0215305
0.5177 0.0214869
0.51805 0.0215137
0.5184 0.0215137
0.51875 0.0215497
0.5191 0.0215497
0.51945 0.0214842999999999
0.5198 0.0214842999999999
0.52015 0.0215204
0.5205 0.0215375
0.52085 0.0215204
0.5212 0.0215319
0.52155 0.021502
0.5219 0.0214712
0.52225 0.021455
0.5226 0.0214712
0.52295 0.0214413
0.5233 0.020053
0.52365 0.020053
0.524 0.0194728
0.52435 0.0214373
0.5247 0.0214373
0.52505 0.0214373
0.5254 0.021457
0.52575 0.0214065
0.5261 0.0213979
0.52645 0.0213064
0.5268 0.0213979
0.52715 0.0211926
0.5275 0.0211926
0.52785 0.0211926
0.5282 0.0213736
0.52855 0.0213736
0.5289 0.0212545
0.52925 0.0212545
0.5296 0.0208625
0.52995 0.0212607
0.5303 0.0209914
0.53065 0.0209914
0.531 0.0209914
0.53135 0.0211118
0.5317 0.0211118
0.53205 0.0208662999999999
0.5324 0.0205869
0.53275 0.0208662999999999
0.5331 0.0209332
0.53345 0.0209837
0.5338 0.0211106
0.53415 0.021124
0.5345 0.021124
0.53485 0.0210179
0.5352 0.0207947
0.53555 0.0209773
0.5359 0.0208542
0.53625 0.0208542
0.5366 0.0208542
0.53695 0.0206982
0.5373 0.0206982
0.53765 0.0205834
0.538 0.0205789
0.53835 0.0204868
0.5387 0.0202025999999999
0.53905 0.0201951
0.5394 0.0202025999999999
0.53975 0.0200096
0.5401 0.0200096
0.54045 0.0194409
0.5408 0.0187548
0.54115 0.0187548
0.5415 0.0185397
0.54185 0.0183583
0.5422 0.0183583
0.54255 0.0183583
0.5429 0.0183504
0.54325 0.0183504
0.5436 0.0183504
0.54395 0.0183762
0.5443 0.0185427
0.54465 0.0190075
0.545 0.0190075
0.54535 0.0198507
0.5457 0.0200229
0.54605 0.0200229
0.5464 0.0189843
0.54675 0.0189843
0.5471 0.0189843
0.54745 0.0201292
0.5478 0.0200109
0.54815 0.0201292
0.5485 0.0204945
0.54885 0.0205274
0.5492 0.0204945
0.54955 0.0203249
0.5499 0.0196327
0.55025 0.0202409
0.5506 0.0202409
0.55095 0.0203761
0.5513 0.0203761
0.55165 0.0202805
0.552 0.0202337
0.55235 0.0202337
0.5527 0.0202337
0.55305 0.0202415
0.5534 0.0203003
0.55375 0.0203003
0.5541 0.0203003
0.55445 0.0199509
0.5548 0.0199509
0.55515 0.0199509
0.5555 0.0196312999999999
0.55585 0.0203504
0.5562 0.0201817
0.55655 0.0201817
0.5569 0.0193575
0.55725 0.0193575
0.5576 0.0199512
0.55795 0.0200064
0.5583 0.0199512
0.55865 0.0201524
0.559 0.02015
0.55935 0.02015
0.5597 0.0201433
0.56005 0.0201072999999999
0.5604 0.0200916
0.56075 0.0199888
0.5611 0.0200091
0.56145 0.0199885
0.5618 0.0200091
0.56215 0.0198278
0.5625 0.0199882
0.56285 0.0199681
0.5632 0.0199681
0.56355 0.0198754
0.5639 0.0198328
0.56425 0.0197998
0.5646 0.0197214
0.56495 0.0197214
0.5653 0.0195731
0.56565 0.0195731
0.566 0.0195731
0.56635 0.0190049
0.5667 0.018982
0.56705 0.018982
0.5674 0.0192977
0.56775 0.0192977
0.5681 0.0162374
0.56845 0.0162374
0.5688 0.0166519
0.56915 0.0177628
0.5695 0.0166519
0.56985 0.0128046
0.5702 0.0128046
0.57055 0.0188202
0.5709 0.0188202
0.57125 0.0188416
0.5716 0.018588
0.57195 0.0187673
0.5723 0.0187229
0.57265 0.0187229
0.573 0.0185259
0.57335 0.0169558
0.5737 0.0183792
0.57405 0.0170340999999999
0.5744 0.0170340999999999
0.57475 0.0170340999999999
0.5751 0.0148793999999999
0.57545 0.0181226
0.5758 0.0181226
0.57615 0.0181226
0.5765 0.0178267
0.57685 0.0157562999999999
0.5772 0.0176386
0.57755 0.0176386
0.5779 0.0176386
0.57825 0.0179683
0.5786 0.0172412999999999
0.57895 0.0177283
0.5793 0.0177283
0.57965 0.0177283
0.58 0.0175947999999999
0.58035 0.0175272
0.5807 0.016429
0.58105 0.016429
0.5814 0.017585
0.58175 0.0176608
0.5821 0.0176608
0.58245 0.0174847999999999
0.5828 0.0169197
0.58315 0.016842
0.5835 0.0163262
0.58385 0.016842
0.5842 0.0168957
0.58455 0.0168957
0.5849 0.0166976
0.58525 0.0166976
0.5856 0.0166976
0.58595 0.016653
0.5863 0.0164064
0.58665 0.0163317999999999
0.587 0.0157848999999999
0.58735 0.015309
0.5877 0.0140263
0.58805 0.0114342
0.5884 0.0114342
0.58875 0.0113054
0.5891 0.0113054
0.58945 0.0113054
0.5898 0.006092
0.59015 0.006092
0.5905 0.0132839
0.59085 0.0132839
0.5912 0.0126662
0.59155 0.0126662
0.5919 0.0149812
0.59225 0.0149812
0.5926 0.0150413999999999
0.59295 0.0159833
0.5933 0.0159833
0.59365 0.0153592
0.594 0.0099488
0.59435 0.0084171
0.5947 0.0084171
0.59505 0.0143655
0.5954 0.0143655
0.59575 0.0128001
0.5961 0.0128001
0.59645 0.0147543
0.5968 0.0155721
0.59715 0.0155721
0.5975 0.0155721
0.59785 0.0147392
0.5982 0.0147392
0.59855 0.0132542
0.5989 0.0145793999999999
0.59925 0.0132542
0.5996 0.0145793999999999
0.59995 0.0150144
0.6003 0.0150144
0.60065 0.0063528
0.601 0.0063528
0.60135 0.0149151
0.6017 0.0166169
0.60205 0.0166169
0.6024 0.0173801
0.60275 0.0173801
0.6031 0.0177250999999999
0.60345 0.0177250999999999
0.6038 0.0177250999999999
0.60415 0.0167369
0.6045 0.0167369
0.60485 0.0130223999999999
0.6052 0.0183946
0.60555 0.0182051
0.6059 0.0182051
0.60625 0.0182051
0.6066 0.0182294
0.60695 0.0183085999999999
0.6073 0.0183085999999999
0.60765 0.0185362
0.608 0.0178195
0.60835 0.0185584
0.6087 0.0178195
0.60905 0.0184405
0.6094 0.0182679
0.60975 0.0184405
0.6101 0.0187595999999999
0.61045 0.0187595999999999
0.6108 0.0186242
0.61115 0.0185244
0.6115 0.0184741
0.61185 0.0182539
0.6122 0.0180742
0.61255 0.0178869
0.6129 0.0172813
0.61325 0.0169628
0.6136 0.01669
0.61395 0.016326
0.6143 0.01612
0.61465 0.0158465
0.615 0.0157164
0.61535 0.0156988
0.6157 0.0155859
0.61605 0.0152203
0.6164 0.0151807
0.61675 0.0148616
0.6171 0.0145826
0.61745 0.0139195999999999
0.6178 0.0131305
0.61815 0.0128122
0.6185 0.0126459
0.61885 0.0124338
0.6192 0.012151
0.61955 0.012151
0.6199 0.0124507
0.62025 0.0128653
0.6206 0.0132839
0.62095 0.0132912999999999
0.6213 0.0134032999999999
0.62165 0.0138669999999999
0.622 0.0144306
0.62235 0.0150437
0.6227 0.0155200999999999
0.62305 0.0158731
0.6234 0.0161645
0.62375 0.0163802
0.6241 0.0173469
0.62445 0.0173469
0.6248 0.0177544
0.62515 0.0183530999999999
0.6255 0.0183530999999999
0.62585 0.018555
0.6262 0.0189852
0.62655 0.0189852
0.6269 0.0189852
0.62725 0.0192697
0.6276 0.0192697
0.62795 0.0194736
0.6283 0.0190184
0.62865 0.0195265
0.629 0.0196426
0.62935 0.0196426
0.6297 0.0196928
0.63005 0.0198025
0.6304 0.0198025
0.63075 0.0194546
0.6311 0.0190569
0.63145 0.0170021
0.6318 0.0158998999999999
0.63215 0.0158998999999999
0.6325 0.0187419
0.63285 0.0189954
0.6332 0.0189954
0.63355 0.0187237
0.6339 0.0187237
0.63425 0.0192464
0.6346 0.0192464
0.63495 0.0191715
0.6353 0.0191715
0.63565 0.0191715
0.636 0.0191198
0.63635 0.0191198
0.6367 0.0185995999999999
0.63705 0.0185995999999999
0.6374 0.0185995999999999
0.63775 0.0155798
0.6381 0.0155798
0.63845 0.0155798
0.6388 0.0154337
0.63915 0.0176004
0.6395 0.017942
0.63985 0.0180520999999999
0.6402 0.0193035999999999
0.64055 0.0193035999999999
0.6409 0.0190340999999999
0.64125 0.0184835
0.6416 0.0174452
0.64195 0.0179925
0.6423 0.0179925
0.64265 0.0188498
0.643 0.0188498
0.64335 0.018896
0.6437 0.0164057
0.64405 0.0148277
0.6444 0.0148277
0.64475 0.0170553
0.6451 0.0170553
0.64545 0.0170553
0.6458 0.0064932
0.64615 0.0025640999999999
0.6465 0.0025640999999999
0.64685 0.0105973999999999
0.6472 0.0132566
0.64755 0.0132566
0.6479 0.012167
0.64825 0.012167
0.6486 0.0136363
0.64895 0.0152519
0.6493 0.0160162
0.64965 0.0181606
0.65 0.0181606
0.65035 0.0182958
0.6507 0.0155348999999999
0.65105 0.0107462
0.6514 0.0107462
0.65175 0.0107462
0.6521 0.0123328999999999
0.65245 0.0162771
0.6528 0.0162771
0.65315 0.0168064
0.6535 0.0102803
0.65385 0.0178796
0.6542 0.0123565
0.65455 0.0168233
0.6549 0.0168233
0.65525 0.0168233
0.6556 0.0125101
0.65595 0.0094857
0.6563 0.0094857
0.65665 0.0149732
0.657 0.0149732
0.65735 0.0116002
0.6577 0.0116002
0.65805 0.0162942
0.6584 0.0162942
0.65875 0.0167171999999999
0.6591 0.017314
0.65945 0.017314
0.6598 0.013294
0.66015 0.013294
0.6605 0.0175416
0.66085 0.0175416
0.6612 0.0138631
0.66155 0.0138631
0.6619 0.0159763
0.66225 0.0164274
0.6626 0.017065
0.66295 0.0166177
0.6633 0.0166177
0.66365 0.0166146
0.664 0.0166146
0.66435 0.0170808
0.6647 0.0175699
0.66505 0.0175699
0.6654 0.0173438
0.66575 0.0170985
0.6661 0.0155754999999999
0.66645 0.0166162999999999
0.6668 0.0166162999999999
0.66715 0.0169998
0.6675 0.0169998
0.66785 0.0170735
0.6682 0.0165057999999999
0.66855 0.0149316
0.6689 0.0149316
0.66925 0.0171177
0.6696 0.0171625999999999
0.66995 0.0171177
0.6703 0.0175705
0.67065 0.0179299
0.671 0.0179299
0.67135 0.0185505
0.6717 0.0186605
0.67205 0.0186605
0.6724 0.0183880999999999
0.67275 0.0183880999999999
0.6731 0.0186370999999999
0.67345 0.0189512
0.6738 0.0194012
0.67415 0.0193245
0.6745 0.0193245
0.67485 0.0193245
0.6752 0.0197602
0.67555 0.0197602
0.6759 0.0197685999999999
0.67625 0.0197329
0.6766 0.0197329
0.67695 0.0197329
0.6773 0.0197875
0.67765 0.0200356
0.678 0.0197875
0.67835 0.0200088
0.6787 0.0189165
0.67905 0.0191196
0.6794 0.0191196
0.67975 0.0196788
0.6801 0.0196788
0.68045 0.0195639
0.6808 0.0179289
0.68115 0.0179289
0.6815 0.0179289
0.68185 0.0190024
0.6822 0.0183774
0.68255 0.0183774
0.6829 0.0183774
0.68325 0.0176583
0.6836 0.0179892
0.68395 0.0176583
0.6843 0.0169140999999999
0.68465 0.0169140999999999
0.685 0.0175321
0.68535 0.0182893
0.6857 0.0185755999999999
0.68605 0.0183657999999999
0.6864 0.0183657999999999
0.68675 0.0158413
0.6871 0.0158413
0.68745 0.0178373
0.6878 0.0182519
0.68815 0.0178373
0.6885 0.0181352999999999
0.68885 0.0170974999999999
0.6892 0.0181352999999999
0.68955 0.0112846
0.6899 0.0174055
0.69025 0.0173020999999999
0.6906 0.0174055
0.69095 0.0173020999999999
0.6913 0.0138421
0.69165 0.0125583
0.692 0.0054533
0.69235 0.0054533
0.6927 0.0076548999999999
0.69305 0.0076548999999999
0.6934 0.0066981
0.69375 0.0066981
0.6941 0.0068749
0.69445 0.010062
0.6948 0.0128462
0.69515 0.0128462
0.6955 0.0105034999999999
0.69585 0.0105034999999999
0.6962 0.0104739999999999
0.69655 0.0110626
0.6969 0.0105271
0.69725 0.0110626
0.6976 0.0105271
0.69795 0.0137784
0.6983 0.0137784
0.69865 0.0137784
0.699 0.0136337
0.69935 0.0136337
0.6997 0.0136337
0.70005 0.0060659999999999
0.7004 0.0055662
0.70075 0.0055662
0.7011 0.0073628999999999
0.70145 0.0073628999999999
0.7018 0.0073628999999999
0.70215 0.0083647
0.7025 0.0083647
0.70285 0.0046747
0.7032 0.0046747
0.70355 0.0068088
0.7039 0.0095502
0.70425 0.0071579999999999
0.7046 0.0083592999999999
0.70495 0.0071579999999999
0.7053 0.0083592999999999
0.70565 0.0124307999999999
0.706 0.0124307999999999
0.70635 0.0084329
0.7067 0.0084329
0.70705 0.0084329
0.7074 0.0086514
0.70775 0.0055766999999999
0.7081 0.0086514
0.70845 0.0055766999999999
0.7088 0.0050022
0.70915 0.0037135999999999
0.7095 0.0050022
0.70985 0.0076075
0.7102 0.0124903
0.71055 0.0124903
0.7109 0.0030275
0.71125 0.0030275
0.7116 0.0047836999999999
0.71195 0.0099441
0.7123 0.0099441
0.71265 0.0067965
0.713 0.0067965
0.71335 0.0063415
0.7137 0.007078
0.71405 0.0063415
0.7144 0.0051443
0.71475 0.0051443
0.7151 0.0101437999999999
0.71545 0.0101437999999999
0.7158 0.0082342
0.71615 0.0043958
0.7165 0.0011651
0.71685 0.0011651
0.7172 0.0014494
0.71755 0.0014494
0.7179 0.0014494
0.71825 0.0034495
0.7186 0.0034495
0.71895 0.0005782999999999
0.7193 0.0005782999999999
0.71965 0.0007194
0.72 0.0008529999999999
0.72035 0.001705
0.7207 0.0025894
0.72105 0.0025894
0.7214 0.0025894
0.72175 0.0012573
0.7221 0.0038161
0.72245 0.0025677
0.7228 0.0025677
0.72315 0.0009663
0.7235 0.0008406
0.72385 0.0008406
0.7242 0.0008406
0.72455 0.0011347
0.7249 0.0013104
0.72525 0.0013104
0.7256 0.0011547
0.72595 0.0007155
0.7263 0.000688
0.72665 0.0007155
0.727 0.0003095
0.72735 0.0014955
0.7277 0.0012382
0.72805 0.0014955
0.7284 0.0018814
0.72875 0.0023385999999999
0.7291 0.0023385999999999
0.72945 0.0015554
0.7298 0.0013898
0.73015 0.001533
0.7305 0.001533
0.73085 0.001533
0.7312 0.0021035
0.73155 0.0015110999999999
0.7319 0.0021035
0.73225 0.0012357999999999
0.7326 0.0012357999999999
0.73295 0.0011369
0.7333 0.0011369
0.73365 0.0043986
0.734 0.0043986
0.73435 0.0027824
0.7347 0.0027824
0.73505 0.0049352
0.7354 0.0063352
0.73575 0.0063352
0.7361 0.0041491
0.73645 0.0031840999999999
0.7368 0.0031840999999999
0.73715 0.0031840999999999
0.7375 0.0021037
0.73785 0.0075357
0.7382 0.0050347
0.73855 0.0050347
0.7389 0.0027241999999999
0.73925 0.0027241999999999
0.7396 0.0027048
0.73995 0.0027048
0.7403 0.0027048
0.74065 0.0071866
0.741 0.0071866
0.74135 0.0071866
0.7417 0.0081646
0.74205 0.0109134
0.7424 0.0109134
0.74275 0.0101856
0.7431 0.0101856
0.74345 0.0116087
0.7438 0.0116087
0.74415 0.0084677
0.7445 0.0084677
0.74485 0.0138643
0.7452 0.0138643
0.74555 0.0138643
0.7459 0.0053378
0.74625 0.0100542
0.7466 0.0100542
0.74695 0.0100542
0.7473 0.0120742
0.74765 0.0120742
0.748 0.0127854
0.74835 0.0137912999999999
0.7487 0.0127854
0.74905 0.00955
0.7494 0.00955
0.74975 0.0126004
0.7501 0.0143192999999999
0.75045 0.0126004
0.7508 0.0151536
0.75115 0.0129912999999999
0.7515 0.0129912999999999
0.75185 0.0127938999999999
0.7522 0.010892
0.75255 0.011298
0.7529 0.011298
0.75325 0.0128027
0.7536 0.0137923
0.75395 0.0152141999999999
0.7543 0.0139119
0.75465 0.0152941
0.755 0.0139119
0.75535 0.0150787999999999
0.7557 0.0149931
0.75605 0.0149931
0.7564 0.0149741
0.75675 0.0149741
0.7571 0.0117483999999999
0.75745 0.0125741
0.7578 0.0125741
0.75815 0.0134787999999999
0.7585 0.0141170999999999
0.75885 0.0141170999999999
0.7592 0.0140171
0.75955 0.0140171
0.7599 0.0138702
0.76025 0.0138702
0.7606 0.0122569
0.76095 0.0122569
0.7613 0.0136794999999999
0.76165 0.0136794999999999
0.762 0.0133526
0.76235 0.0131718
0.7627 0.0130391999999999
0.76305 0.0130006
0.7634 0.0130391999999999
0.76375 0.0128218
0.7641 0.0128218
0.76445 0.0125104
0.7648 0.0124245
0.76515 0.0124245
0.7655 0.0120017999999999
0.76585 0.011963
0.7662 0.0103758
0.76655 0.0103758
0.7669 0.0110106
0.76725 0.0114469
0.7676 0.012328
0.76795 0.012328
0.7683 0.0124542
0.76865 0.0123398
0.769 0.0123398
0.76935 0.0120955
0.7697 0.0104166
0.77005 0.0104166
0.7704 0.0111893999999999
0.77075 0.0122855
0.7711 0.0123203999999999
0.77145 0.0124112
0.7718 0.0124112
0.77215 0.012393
0.7725 0.0123321
0.77285 0.0119526
0.7732 0.0115395
0.77355 0.0115395
0.7739 0.0117032
0.77425 0.0119157
0.7746 0.0119476
0.77495 0.0119547999999999
0.7753 0.0119476
0.77565 0.0118881
0.776 0.0116515
0.77635 0.0115964
0.7767 0.0113611
0.77705 0.0113481
0.7774 0.0112407999999999
0.77775 0.0110958
0.7781 0.0108603
0.77845 0.0108603
0.7788 0.0105672999999999
0.77915 0.0100962
0.7795 0.0082775
0.77985 0.0082775
0.7802 0.0090127999999999
0.78055 0.0090127999999999
0.7809 0.0072809
0.78125 0.0072809
0.7816 0.0072809
0.78195 0.0071258
0.7823 0.0070031
0.78265 0.0067777
0.783 0.0067777
0.78335 0.0067777
0.7837 0.0070418999999999
0.78405 0.0060805
0.7844 0.0055118
0.78475 0.0055118
0.7851 0.0077572
0.78545 0.0077572
0.7858 0.0077572
0.78615 0.0079
0.7865 0.0079
0.78685 0.0041626
0.7872 0.0041626
0.78755 0.0049986
0.7879 0.0073569999999999
0.78825 0.0073569999999999
0.7886 0.0073569999999999
0.78895 0.0077569
0.7893 0.0077569
0.78965 0.0083023
0.79 0.0083023
0.79035 0.008416
0.7907 0.007981
0.79105 0.0080845
0.7914 0.0080845
0.79175 0.0081132
0.7921 0.0081132
0.79245 0.0078108999999999
0.7928 0.0067623999999999
0.79315 0.0064265
0.7935 0.0064265
0.79385 0.0070824
0.7942 0.0072209999999999
0.79455 0.0072209999999999
0.7949 0.0052628
0.79525 0.0026662
0.7956 0.0052628
0.79595 0.0016862
0.7963 0.0016862
0.79665 0.0016862
0.797 0.0033638
0.79735 0.0033638
0.7977 0.0051794
0.79805 0.0051786
0.7984 0.0051794
0.79875 0.0055568
0.7991 0.0058622
0.79945 0.0058622
0.7998 0.0037896
0.80015 0.0037896
0.8005 0.0068134
0.80085 0.0068134
0.8012 0.0064108
0.80155 0.004519
0.8019 0.0033286
0.80225 0.0027586999999999
0.8026 0.0027586999999999
0.80295 0.0056955
0.8033 0.0056955
0.80365 0.0067326999999999
0.804 0.0055578999999999
0.80435 0.0067326999999999
0.8047 0.0076776
0.80505 0.0079531999999999
0.8054 0.0081891
0.80575 0.0079531999999999
0.8061 0.0014409
0.80645 0.0014409
0.8068 0.0019609
0.80715 0.0033805
0.8075 0.0033805
0.80785 0.0029475
0.8082 0.0029475
0.80855 0.0069316
0.8089 0.0069316
0.80925 0.0016189
0.8096 0.0016189
0.80995 0.0019713
0.8103 0.0042041
0.81065 0.0042041
0.811 0.0036419
0.81135 0.0030627
0.8117 0.0030627
0.81205 0.0027795
0.8124 0.0022562
0.81275 0.0027795
0.8131 0.00146
0.81345 0.0024882
0.8138 0.0024882
0.81415 0.0024882
0.8145 0.0012645
0.81485 0.0004967
0.8152 0.0004967
0.81555 0.0027327
0.8159 0.0032199
0.81625 0.0027327
0.8166 0.0031514
0.81695 0.0031514
0.8173 0.0039769
0.81765 0.0039769
0.818 0.0035878999999999
0.81835 0.0035878999999999
0.8187 0.0035878999999999
0.81905 0.0059283
0.8194 0.0043374
0.81975 0.0043374
0.8201 0.0043374
0.82045 0.0036119
0.8208 0.0038733
0.82115 0.0038733
0.8215 0.0056345
0.82185 0.0059043
0.8222 0.0060445
0.82255 0.0059043
0.8229 0.0015168
0.82325 0.000475
0.8236 0.000475
0.82395 0.000475
0.8243 0.0049812
0.82465 0.0049812
0.825 0.0063972
0.82535 0.0049188999999999
0.8257 0.0081419
0.82605 0.0049188999999999
0.8264 0.0051113
0.82675 0.0051113
0.8271 0.0051113
0.82745 0.0038056999999999
0.8278 0.0013823
0.82815 0.0038056999999999
0.8285 0.0041204
0.82885 0.0041204
0.8292 0.0041204
0.82955 0.0053753
0.8299 0.0053753
0.83025 0.0013858
0.8306 0.0013858
0.83095 0.0022137
0.8313 0.0052732
0.83165 0.0022137
0.832 0.0018881
0.83235 0.0018881
0.8327 0.0017718
0.83305 0.0039403
0.8334 0.0032102
0.83375 0.0032102
0.8341 0.0006013
0.83445 0.0006013
0.8348 0.0006013
0.83515 0.0045357
0.8355 0.0030559999999999
0.83585 0.0030559999999999
0.8362 0.0024177
0.83655 0.0024051
0.8369 0.0024051
0.83725 0.0014726
0.8376 0.0008972
0.83795 0.0008972
0.8383 0.0021053
0.83865 0.003614
0.839 0.0039632
0.83935 0.0039632
0.8397 0.0037045
0.84005 0.0026090999999999
0.8404 0.0026090999999999
0.84075 0.0026090999999999
0.8411 0.0039279
0.84145 0.0039279
0.8418 0.002941
0.84215 0.002941
0.8425 0.005125
0.84285 0.0061222
0.8432 0.0061222
0.84355 0.0062865
0.8439 0.0055741
0.84425 0.0048839
0.8446 0.0048839
0.84495 0.0060543
0.8453 0.0060543
0.84565 0.0060543
0.846 0.0079498
0.84635 0.0079498
0.8467 0.0079498
0.84705 0.0095492
0.8474 0.0095492
0.84775 0.0040925
0.8481 0.0040925
0.84845 0.0064188
0.8488 0.0075926
0.84915 0.0075926
0.8495 0.0075926
0.84985 0.0081638
0.8502 0.0068987
0.85055 0.0070761
0.8509 0.0070761
0.85125 0.0074578999999999
0.8516 0.0076035
0.85195 0.0080863
0.8523 0.0080863
0.85265 0.0067835
0.853 0.0067835
0.85335 0.0081322
0.8537 0.0081322
0.85405 0.007284
0.8544 0.0069155
0.85475 0.0061021
0.8551 0.0061021
0.85545 0.0054791
0.8558 0.0054791
0.85615 0.005169
0.8565 0.0050886
0.85685 0.0047583999999999
0.8572 0.0042908
0.85755 0.0033420999999999
0.8579 0.0029579999999999
0.85825 0.0029579999999999
0.8586 0.0029579999999999
0.85895 0.0029576999999999
0.8593 0.0026638
0.85965 0.0024603
0.86 0.0018331
0.86035 0.0015647
0.8607 0.0015647
0.86105 0.0013442999999999
0.8614 0.0012270999999999
0.86175 0.0012038
0.8621 0.0010186
0.86245 0.0010186
0.8628 0.0009577
0.86315 0.0010245999999999
0.8635 0.0010176
0.86385 0.0010176
0.8642 0.0008856
0.86455 0.0008631
0.8649 0.0008856
0.86525 0.0009892999999999
0.8656 0.001099
0.86595 0.0012898
0.8663 0.001352
0.86665 0.001352
0.867 0.0009513999999999
0.86735 0.0009513999999999
0.8677 0.0010815999999999
0.86805 0.0020504
0.8684 0.0021805999999999
0.86875 0.0021973
0.8691 0.0028008
0.86945 0.0025685
0.8698 0.0027551
0.87015 0.0025685
0.8705 0.0025578
0.87085 0.0025578
0.8712 0.0024146
0.87155 0.0025627
0.8719 0.0033169
0.87225 0.0040931
0.8726 0.0033169
0.87295 0.0028822
0.8733 0.0028822
0.87365 0.0033614
0.874 0.0037139
0.87435 0.0039212
0.8747 0.0039212
0.87505 0.0038215
0.8754 0.0038215
0.87575 0.0025039
0.8761 0.0036196999999999
0.87645 0.0027818
0.8768 0.0027818
0.87715 0.00224
0.8775 0.0015806
0.87785 0.0015806
0.8782 0.0015562999999999
0.87855 0.0015562999999999
0.8789 0.002193
0.87925 0.002193
0.8796 0.0005392999999999
0.87995 0.00052
0.8803 0.0005392999999999
0.88065 0.00052
0.881 0.0003726
0.88135 0.0003449
0.8817 0.0002526999999999
0.88205 0.0001797
0.8824 0.000112
0.88275 0.000112
0.8831 0.000112
0.88345 0.0001131
0.8838 0.00011
0.88415 0.0001131
0.8845 0.0001381
0.88485 0.0001633
0.8852 0.0001838
0.88555 0.0001838
0.8859 0.0001679
0.88625 0.0001309
0.8866 7.68e-05
0.88695 6.56e-05
0.8873 6.56e-05
0.88765 6.56e-05
0.888 7.209999999999999e-05
0.88835 7.329999999999999e-05
0.8887 0.0001007
0.88905 7.329999999999999e-05
0.8894 0.0001049
0.88975 0.0001111
0.8901 0.0001279
0.89045 0.0001182
0.8908 0.0001199
0.89115 0.0001182
0.8915 0.0001199
0.89185 0.0001001
0.8922 0.0001262
0.89255 0.0001262
0.8929 0.0001303
0.89325 0.0001303
0.8936 0.0001207
0.89395 0.0001111
0.8943 0.0001111
0.89465 0.0001085999999999
0.895 0.0001085999999999
0.89535 0.0001013
0.8957 0.0001013
0.89605 0.0001147999999999
0.8964 0.0001272
0.89675 0.000162
0.8971 0.000162
0.89745 0.0001469
0.8978 0.0001469
0.89815 0.0001816
0.8985 0.0001816
0.89885 0.0001554
0.8992 8.45e-05
0.89955 8.45e-05
0.8999 5.720000000000001e-05
0.90025 5.720000000000001e-05
0.9006 5.720000000000001e-05
0.90095 0.0001674
0.9013 0.0002576
0.90165 0.0003651
0.902 0.0003651
0.90235 0.0003556
0.9027 0.0003556
0.90305 0.0003556
0.9034 0.0004591999999999
0.90375 0.0004336999999999
0.9041 0.0004591999999999
0.90445 0.0006942
0.9048 0.0010255
0.90515 0.0010255
0.9055 0.0007737
0.90585 0.0007737
0.9062 0.0007843
0.90655 0.0007843
0.9069 0.0007261
0.90725 0.0007261
0.9076 0.0007428999999999
0.90795 0.0007428999999999
0.9083 0.0007428999999999
0.90865 0.0005467
0.909 0.0007777
0.90935 0.0005467
0.9097 0.0004368
0.91005 0.0003573
0.9104 0.0004368
0.91075 0.0004832
0.9111 0.0005273
0.91145 0.0005589
0.9118 0.0005589
0.91215 0.0005748
0.9125 0.0007457
0.91285 0.0007457
0.9132 0.0007457
0.91355 0.0006377999999999
0.9139 0.001209
0.91425 0.0002983
0.9146 0.0012507999999999
0.91495 0.0004846999999999
0.9153 0.0005132
0.91565 0.0005132
0.916 0.0005132
0.91635 0.0007422
0.9167 0.0002963
0.91705 0.0003071
0.9174 0.0002494
0.91775 0.0002494
0.9181 0.0001446
0.91845 0.0001446
0.9188 0.0005677
0.91915 0.0005677
0.9195 0.0001658
0.91985 0.0001658
0.9202 0.0014515
0.92055 0.0014702
0.9209 0.0014515
0.92125 0.0006777
0.9216 0.0004173
0.92195 0.0006777
0.9223 0.000762
0.92265 0.0008648
0.923 0.0008648
0.92335 0.0004935
0.9237 0.0004218999999999
0.92405 0.0004935
0.9244 0.0003435
0.92475 0.0014554
0.9251 0.0013135999999999
0.92545 0.0013723
0.9258 0.0013135999999999
0.92615 0.0005295
0.9265 0.0005295
0.92685 0.0005295
0.9272 0.0003972
0.92755 0.0003972
0.9279 0.0002374
0.92825 0.0006246
0.9286 0.0004176
0.92895 0.0007317
0.9293 0.0005174
0.92965 0.0005174
0.93 0.0001149999999999
0.93035 0.0001149999999999
0.9307 9.04e-05
0.93105 0.0002285
0.9314 0.0001742
0.93175 0.0002285
0.9321 0.0002671
0.93245 0.0002671
0.9328 0.0003481999999999
0.93315 0.0003533999999999
0.9335 0.0003533999999999
0.93385 0.000146
0.9342 0.0001026
0.93455 6.840000000000001e-05
0.9349 0.0001026
0.93525 6.840000000000001e-05
0.9356 0.0001254
0.93595 0.0002514
0.9363 0.0002728
0.93665 0.0002728
0.937 0.0002072
0.93735 0.0002072
0.9377 0.0001058
0.93805 0.0001058
0.9384 0.0001058
0.93875 0.0003153
0.9391 0.0003153
0.93945 0.0003778
0.9398 0.0002171
0.94015 0.0003484
0.9405 9.53e-05
0.94085 0.0003484
0.9412 0.0004601
0.94155 0.0004601
0.9419 0.0005003999999999
0.94225 0.0004266999999999
0.9426 0.0004266999999999
0.94295 8.77e-05
0.9433 8.77e-05
0.94365 0.0001296999999999
0.944 0.0001296999999999
0.94435 4.53e-05
0.9447 4.53e-05
0.94505 0.0001814
0.9454 0.0001814
0.94575 0.0001814
0.9461 0.0001468
0.94645 0.0001468
0.9468 0.0001468
0.94715 0.0002119
0.9475 0.0002119
0.94785 0.0003066
0.9482 0.0003731
0.94855 0.0003793999999999
0.9489 0.0003793999999999
0.94925 5.6399999999999995e-05
0.9496 5.6399999999999995e-05
0.94995 9.74e-05
0.9503 0.0001626999999999
0.95065 0.0005522999999999
0.951 0.0005522999999999
0.95135 0.0002238
0.9517 0.0002238
0.95205 0.0002418
0.9524 0.0002418
0.95275 0.0001587
0.9531 0.0001136
0.95345 0.0001136
0.9538 0.0002046999999999
0.95415 0.0003156
0.9545 0.0003156
0.95485 0.0003156
0.9552 0.0002573999999999
0.95555 0.0003485
0.9559 0.0003485
0.95625 0.0003485
0.9566 0.0003342
0.95695 0.0001262
0.9573 0.0001262
0.95765 0.0006122
0.958 0.0006122
0.95835 0.0004385
0.9587 0.0004147
0.95905 0.0004147
0.9594 0.0001372
0.95975 0.0001372
0.9601 0.0003911
0.96045 0.0003911
0.9608 0.0002698
0.96115 0.0002698
0.9615 0.0003412
0.96185 0.0004925
0.9622 0.0003412
0.96255 0.0001016
0.9629 0.0001016
0.96325 0.0001217999999999
0.9636 0.0001217999999999
0.96395 0.0001757
0.9643 0.0001757
0.96465 0.0004388999999999
0.965 0.0004388999999999
0.96535 0.0002737
0.9657 0.000171
0.96605 0.0002737
0.9664 0.000171
0.96675 0.0001458
0.9671 0.0001028
0.96745 0.0001028
0.9678 0.0002946
0.96815 0.0002946
0.9685 0.0002783
0.96885 0.0001724
0.9692 0.0001724
0.96955 0.0003568
0.9699 0.0004166
0.97025 0.0004166
0.9706 0.0003878999999999
0.97095 0.0003833999999999
0.9713 0.0003878999999999
0.97165 0.0004205
0.972 0.0004205
0.97235 0.0003474
0.9727 0.0002889
0.97305 0.0002633
0.9734 0.0001744
0.97375 0.0001249
0.9741 0.0001249
0.97445 0.0001249
0.9748 0.0002825
0.97515 0.0003055
0.9755 0.0003771999999999
0.97585 0.0003771999999999
0.9762 0.0002323
0.97655 0.0002323
0.9769 0.0003318
0.97725 0.000398
0.9776 0.000398
0.97795 0.0002738
0.9783 9.990000000000002e-05
0.97865 0.0001358
0.979 0.0001358
0.97935 0.0002108
0.9797 0.0002108
0.98005 0.0002278
0.9804 0.0001761999999999
0.98075 0.0001746
0.9811 0.0001746
0.98145 0.0001983
0.9818 0.0001983
0.98215 0.0001905
0.9825 0.0001479
0.98285 7.020000000000001e-05
0.9832 0.0001479
0.98355 0.0001771
0.9839 0.0001911999999999
0.98425 0.0001963
0.9846 0.0001911999999999
0.98495 0.0002065
0.9853 0.0001440999999999
0.98565 0.0001440999999999
0.986 0.0001291999999999
0.98635 0.0001291999999999
0.9867 7.840000000000001e-05
0.98705 0.0001115999999999
0.9874 0.000108
0.98775 0.000108
0.9881 7.219999999999999e-05
0.98845 3.85e-05
0.9888 3.85e-05
0.98915 5.2900000000000005e-05
0.9895 0.0001311
0.98985 8.53e-05
0.9902 0.000144
0.99055 8.53e-05
0.9909 0.000144
0.99125 0.0001255
0.9916 0.000145
0.99195 0.0001255
0.9923 0.000145
0.99265 0.00015
0.993 0.0001557
0.99335 0.0001539
0.9937 0.0001557
0.99405 0.0001539
0.9944 0.000159
0.99475 0.0001372
0.9951 0.0001276
0.99545 0.0001276
0.9958 4.48e-05
0.99615 0.0001353
0.9965 4.1899999999999995e-05
0.99685 0.0001353
0.9972 0.0002056
0.99755 0.0002056
0.9979 0.0001721999999999
0.99825 0.0001319
0.9986 0.0001535
0.99895 0.0001288
0.9993 0.0001288
