0.3 0.1999021
0.30035 0.1999021
0.3007 0.1999019
0.30105 0.1999013999999999
0.3014 0.1999006
0.30175 0.1998996
0.3021 0.1998984
0.30245 0.1998969
0.3028 0.1998952
0.30315 0.1998933
0.3035 0.1998911
0.30385 0.1998887
0.3042 0.1998844
0.30455 0.1998799
0.3049 0.1998752
0.30525 0.1998703
0.3056 0.1998652
0.30595 0.1998598
0.3063 0.1998542999999999
0.30665 0.1998486
0.307 0.1998427
0.30735 0.1998366
0.3077 0.1998303
0.30805 0.1998238
0.3084 0.1998171
0.30875 0.1998103
0.3091 0.1998033
0.30945 0.199796
0.3098 0.1997885999999999
0.31015 0.1997811
0.3105 0.1997733
0.31085 0.1997654
0.3112 0.1997573
0.31155 0.1997490999999999
0.3119 0.1997407
0.31225 0.1997321
0.3126 0.1997234
0.31295 0.1997145
0.3133 0.1997053999999999
0.31365 0.1996962
0.314 0.1996868
0.31435 0.1996773
0.3147 0.1996676
0.31505 0.1996578
0.3154 0.1996478
0.31575 0.1996377
0.3161 0.1996273999999999
0.31645 0.199617
0.3168 0.1996064
0.31715 0.1995957
0.3175 0.1995848999999999
0.31785 0.1995739
0.3182 0.1995627999999999
0.31855 0.1995516
0.3189 0.1995402
0.31925 0.1995287
0.3196 0.199517
0.31995 0.1995053
0.3203 0.1994934
0.32065 0.1994813
0.321 0.1994692
0.32135 0.1994569
0.3217 0.1994445
0.32205 0.199432
0.3224 0.1994194
0.32275 0.1994066
0.3231 0.1993937999999999
0.32345 0.1993808
0.3238 0.1993677
0.32415 0.1993545
0.3245 0.1993412
0.32485 0.1993277999999999
0.3252 0.1993142
0.32555 0.1993006
0.3259 0.1992868
0.32625 0.199273
0.3266 0.1992591
0.32695 0.199245
0.3273 0.1992309
0.32765 0.1992166
0.328 0.1992023
0.32835 0.1991878
0.3287 0.1991732
0.32905 0.1991586
0.3294 0.1991437
0.32975 0.1991286
0.3301 0.1991113
0.33045 0.1990967
0.3308 0.1990836
0.33115 0.1990688
0.3315 0.1990536
0.33185 0.1990382999999999
0.3322 0.1990229
0.33255 0.1990075
0.3329 0.1989919
0.33325 0.1989762
0.3336 0.1989605
0.33395 0.1989447
0.3343 0.1989288
0.33465 0.1989128
0.335 0.1988967
0.33535 0.1988806
0.3357 0.1988644
0.33605 0.1988482
0.3364 0.1988318
0.33675 0.1988154
0.3371 0.198799
0.33745 0.1987831
0.3378 0.1987672
0.33815 0.1987510999999999
0.3385 0.198735
0.33885 0.1987188
0.3392 0.1987026
0.33955 0.1986862999999999
0.3399 0.1986698999999999
0.34025 0.1986533999999999
0.3406 0.1986369
0.34095 0.1986203
0.3413 0.1986037
0.34165 0.1985869999999999
0.342 0.1985703
0.34235 0.1985534
0.3427 0.1985366
0.34305 0.1985196
0.3434 0.1985027
0.34375 0.1984856
0.3441 0.1984685
0.34445 0.1984514
0.3448 0.1984341
0.34515 0.1984168999999999
0.3455 0.1983996
0.34585 0.1983822
0.3462 0.1983647999999999
0.34655 0.1983473
0.3469 0.1983297999999999
0.34725 0.1983122
0.3476 0.1982946
0.34795 0.1982769
0.3483 0.1982592
0.34865 0.1982415
0.349 0.1982237
0.34935 0.1982058
0.3497 0.1981879
0.35005 0.19817
0.3504 0.198152
0.35075 0.198134
0.3511 0.1981158999999999
0.35145 0.1980978
0.3518 0.1980796
0.35215 0.1980614
0.3525 0.1980432
0.35285 0.1980249
0.3532 0.1980066
0.35355 0.1979882999999999
0.3539 0.1979698999999999
0.35425 0.1979514
0.3546 0.197932
0.35495 0.1979135
0.3553 0.1978948999999999
0.35565 0.1978761
0.356 0.1978336
0.35635 0.1978324
0.3567 0.1978204
0.35705 0.1977828
0.3574 0.1977787
0.35775 0.1977519
0.3581 0.1977194
0.35845 0.197709
0.3588 0.1976793999999999
0.35915 0.1976787
0.3595 0.1976297
0.35985 0.1975884
0.3602 0.1975837
0.36055 0.1975614
0.3609 0.1975558
0.36125 0.1975558
0.3616 0.1975452
0.36195 0.1975335
0.3623 0.197502
0.36265 0.1974897
0.363 0.1974711
0.36335 0.1974514
0.3637 0.1974292
0.36405 0.1974047
0.3644 0.1973898999999999
0.36475 0.1973701
0.3651 0.1973491
0.36545 0.197327
0.3658 0.1972963999999999
0.36615 0.1972828
0.3665 0.1972642999999999
0.36685 0.1972404
0.3672 0.1972177
0.36755 0.1971997
0.3679 0.1971743
0.36825 0.1971542999999999
0.3686 0.1971174
0.36895 0.1971141
0.3693 0.1970875
0.36965 0.1970672999999999
0.37 0.1970392999999999
0.37035 0.1970102
0.3707 0.1969609
0.37105 0.1969587
0.3714 0.1969524
0.37175 0.196923
0.3721 0.1969007
0.37245 0.1968815
0.3728 0.196842
0.37315 0.1968171
0.3735 0.1968171
0.37385 0.1967797999999999
0.3742 0.1967785
0.37455 0.1967399
0.3749 0.1967001
0.37525 0.1966513999999999
0.3756 0.1966588
0.37595 0.1965752
0.3763 0.1966156
0.37665 0.1965752
0.377 0.1965681
0.37735 0.1965615
0.3777 0.1964922
0.37805 0.1964922
0.3784 0.1964648
0.37875 0.1964237999999999
0.3791 0.1964154
0.37945 0.1963527
0.3798 0.1963142
0.38015 0.1963452
0.3805 0.1963342
0.38085 0.1963342
0.3812 0.1963247
0.38155 0.1963105
0.3819 0.1962217999999999
0.38225 0.1961782
0.3826 0.1961782
0.38295 0.1962068
0.3833 0.1962068
0.38365 0.1961965
0.384 0.1961665
0.38435 0.1961602999999999
0.3847 0.1961441
0.38505 0.1961248
0.3854 0.1961018
0.38575 0.1960824
0.3861 0.1960588
0.38645 0.1960333
0.3868 0.1960137
0.38715 0.1959837
0.3875 0.1959665
0.38785 0.1959412
0.3882 0.1959309
0.38855 0.1958842
0.3889 0.1958517
0.38925 0.1958361
0.3896 0.1958354
0.38995 0.1958046
0.3903 0.1957692
0.39065 0.1957515
0.391 0.1957435
0.39135 0.1957194
0.3917 0.195665
0.39205 0.1956585
0.3924 0.1956428999999999
0.39275 0.1955958
0.3931 0.1955894
0.39345 0.1955894
0.3938 0.1955559
0.39415 0.1955091
0.3945 0.1954438
0.39485 0.1954361
0.3952 0.1954302
0.39555 0.1953844
0.3959 0.1953362
0.39625 0.1953066
0.3966 0.1953066
0.39695 0.1953066
0.3973 0.1952761
0.39765 0.1952274
0.398 0.1952761
0.39835 0.1952274
0.3987 0.1952247999999999
0.39905 0.195222
0.3994 0.1952056
0.39975 0.1951861
0.4001 0.1951757999999999
0.40045 0.195161
0.4008 0.1950976
0.40115 0.1950976
0.4015 0.1950974999999999
0.40185 0.1950974999999999
0.4022 0.1950261
0.40255 0.1950068999999999
0.4029 0.1950131
0.40325 0.1950068999999999
0.4036 0.1949579
0.40395 0.1949491
0.4043 0.1949491
0.40465 0.194922
0.405 0.1949076
0.40535 0.1949071
0.4057 0.1948641
0.40605 0.1948085
0.4064 0.1947813
0.40675 0.194777
0.4071 0.194777
0.40745 0.194777
0.4078 0.1947674
0.40815 0.1947506
0.4085 0.1947358
0.40885 0.1946990999999999
0.4092 0.1946802
0.40955 0.1946802
0.4099 0.1946503
0.41025 0.1946214
0.4106 0.1946065
0.41095 0.1945902
0.4113 0.1945541
0.41165 0.1945532999999999
0.412 0.1944977999999999
0.41235 0.1944607
0.4127 0.1944607
0.41305 0.1944198999999999
0.4134 0.1943192
0.41375 0.1943192
0.4141 0.1943309
0.41445 0.1943309
0.4148 0.1942131
0.41515 0.194074
0.4155 0.1940637
0.41585 0.1938427
0.4162 0.1938427
0.41655 0.1940412
0.4169 0.1940412
0.41725 0.1938606
0.4176 0.1936247999999999
0.41795 0.1938606
0.4183 0.1940334
0.41865 0.1940334
0.419 0.1939463
0.41935 0.1938877
0.4197 0.1936277
0.42005 0.1937467
0.4204 0.1937467
0.42075 0.1939484
0.4211 0.1939484
0.42145 0.1939277999999999
0.4218 0.1938336
0.42215 0.1937652999999999
0.4225 0.1937652999999999
0.42285 0.1937652999999999
0.4232 0.1936369
0.42355 0.1932702
0.4239 0.1932702
0.42425 0.1933106
0.4246 0.1933106
0.42495 0.193486
0.4253 0.1935361
0.42565 0.1935361
0.426 0.1929832
0.42635 0.1929832
0.4267 0.1932262
0.42705 0.1934599
0.4274 0.1934227999999999
0.42775 0.1934786
0.4281 0.1934257
0.42845 0.1934257
0.4288 0.1933651
0.42915 0.1932308
0.4295 0.1932598999999999
0.42985 0.1932598999999999
0.4302 0.1932598999999999
0.43055 0.1932757999999999
0.4309 0.1933023999999999
0.43125 0.1933023999999999
0.4316 0.1933023999999999
0.43195 0.1933628
0.4323 0.1933742
0.43265 0.1933742
0.433 0.1933342
0.43335 0.1933262
0.4337 0.1932646
0.43405 0.1932424
0.4344 0.1931933
0.43475 0.1931933
0.4351 0.1931933
0.43545 0.1931453
0.4358 0.1931358
0.43615 0.1930878999999999
0.4365 0.1928985
0.43685 0.1928985
0.4372 0.1929062999999999
0.43755 0.1929171
0.4379 0.1929342999999999
0.43825 0.1929342999999999
0.4386 0.1929342999999999
0.43895 0.1929134
0.4393 0.1928131
0.43965 0.1927402
0.44 0.192599
0.44035 0.1921396
0.4407 0.1919162
0.44105 0.1919624
0.4414 0.1919162
0.44175 0.191863
0.4421 0.191863
0.44245 0.191863
0.4428 0.1922562
0.44315 0.1925426
0.4435 0.1925426
0.44385 0.1920059999999999
0.4442 0.1920059999999999
0.44455 0.1924804
0.4449 0.1924804
0.44525 0.1922492
0.4456 0.1922237999999999
0.44595 0.1922237999999999
0.4463 0.1922972
0.44665 0.1924957
0.447 0.1924315
0.44735 0.1925007999999999
0.4477 0.1924315
0.44805 0.1925007999999999
0.4484 0.1924525
0.44875 0.1925162
0.4491 0.1924967
0.44945 0.1924967
0.4498 0.1924224
0.45015 0.1924224
0.4505 0.1924224
0.45085 0.1922957
0.4512 0.1921072
0.45155 0.1920472
0.4519 0.1920466
0.45225 0.1920466
0.4526 0.1921414
0.45295 0.1921414
0.4533 0.1921645
0.45365 0.1921291
0.454 0.1921291
0.45435 0.19199
0.4547 0.1918967
0.45505 0.1919885
0.4554 0.1919106
0.45575 0.1919106
0.4561 0.1917774
0.45645 0.1917774
0.4568 0.1916867
0.45715 0.1918972
0.4575 0.1918521
0.45785 0.1918521
0.4582 0.1918175
0.45855 0.1917857
0.4589 0.1917424999999999
0.45925 0.1916127
0.4596 0.191548
0.45995 0.1916127
0.4603 0.1916908
0.46065 0.1917998
0.461 0.191825
0.46135 0.1918282
0.4617 0.1918407999999999
0.46205 0.1918407999999999
0.4624 0.1918407999999999
0.46275 0.1918382
0.4631 0.1918306
0.46345 0.1918052999999999
0.4638 0.1917971
0.46415 0.1917585
0.4645 0.1917063
0.46485 0.1917037999999999
0.4652 0.1915135
0.46555 0.1915135
0.4659 0.1914017999999999
0.46625 0.191348
0.4666 0.1912697
0.46695 0.1912908999999999
0.4673 0.1912697
0.46765 0.1911986
0.468 0.1910174
0.46835 0.1907933
0.4687 0.1902086
0.46905 0.1901837
0.4694 0.1901837
0.46975 0.1903464
0.4701 0.1903697
0.47045 0.1908221
0.4708 0.1908221
0.47115 0.1908817
0.4715 0.1905987999999999
0.47185 0.1905987999999999
0.4722 0.1901412
0.47255 0.1901412
0.4729 0.1904035
0.47325 0.1905194
0.4736 0.1906672
0.47395 0.1906672
0.4743 0.1909359
0.47465 0.1904332999999999
0.475 0.1909227999999999
0.47535 0.1900711
0.4757 0.1909227999999999
0.47605 0.190639
0.4764 0.190639
0.47675 0.190639
0.4771 0.1906727
0.47745 0.190895
0.4778 0.1906740999999999
0.47815 0.1908553999999999
0.4785 0.1907787999999999
0.47885 0.1907787999999999
0.4792 0.1907117
0.47955 0.190663
0.4799 0.1905789
0.48025 0.1905422999999999
0.4806 0.1904703
0.48095 0.190422
0.4813 0.1903165
0.48165 0.1902522
0.482 0.1900136
0.48235 0.1900136
0.4827 0.1899877999999999
0.48305 0.1899773
0.4834 0.1895848
0.48375 0.1893206
0.4841 0.1889678
0.48445 0.1880842999999999
0.4848 0.1876148
0.48515 0.1876003
0.4855 0.1876003
0.48585 0.1878278
0.4862 0.1880224999999999
0.48655 0.1884662
0.4869 0.1890181
0.48725 0.1890181
0.4876 0.1888278
0.48795 0.1888278
0.4883 0.1896124
0.48865 0.1896124
0.489 0.1899356
0.48935 0.189153
0.4897 0.1899356
0.49005 0.1897806
0.4904 0.1897806
0.49075 0.1897806
0.4911 0.1898141
0.49145 0.1899751
0.4918 0.1900101
0.49215 0.1899751
0.4925 0.1898095
0.49285 0.1898095
0.4932 0.1898196
0.49355 0.1898196
0.4939 0.1901167
0.49425 0.1901167
0.4946 0.1901167
0.49495 0.1901996
0.4953 0.1901277999999999
0.49565 0.1902624
0.496 0.1901661
0.49635 0.1902112
0.4967 0.190171
0.49705 0.190171
0.4974 0.1901302
0.49775 0.1901053999999999
0.4981 0.1900947999999999
0.49845 0.1899712
0.4988 0.1899712
0.49915 0.1898437999999999
0.4995 0.1899834
0.49985 0.1897914
0.50055 0.1892434999999999
0.5009 0.1892434999999999
0.50125 0.1893721
0.5016 0.1893721
0.50195 0.1892468
0.5023 0.1891406
0.50265 0.1883381
0.503 0.1872622
0.50335 0.1875811
0.5037 0.1875811
0.50405 0.1875811
0.5044 0.1883138
0.50475 0.1888023999999999
0.5051 0.1888117
0.50545 0.1888117
0.5058 0.1883881
0.50615 0.1883881
0.5065 0.1874682
0.50685 0.1878599
0.5072 0.1878599
0.50755 0.1881902
0.5079 0.1881902
0.50825 0.1880872
0.5086 0.1880872
0.50895 0.1880872
0.5093 0.1880253
0.50965 0.1878514
0.51 0.1878514
0.51035 0.1881563
0.5107 0.1883321
0.51105 0.1884605
0.5114 0.1884605
0.51175 0.1884605
0.5121 0.1886785
0.51245 0.1891325
0.5128 0.1891328
0.51315 0.1891328
0.5135 0.1891328
0.51385 0.1891684
0.5142 0.1891684
0.51455 0.1891684
0.5149 0.1892827
0.51525 0.1895315
0.5156 0.1895529
0.51595 0.1895529
0.5163 0.1895529
0.51665 0.189449
0.517 0.1895688999999999
0.51735 0.1895263999999999
0.5177 0.1895263999999999
0.51805 0.1895165
0.5184 0.189506
0.51875 0.189506
0.5191 0.1894864
0.51945 0.1893621
0.5198 0.1893562999999999
0.52015 0.1893562999999999
0.5205 0.1893123
0.52085 0.1892782999999999
0.5212 0.1892047
0.52155 0.1891987
0.5219 0.1890763
0.52225 0.1890643
0.5226 0.1889642
0.52295 0.1889019
0.5233 0.18802
0.52365 0.18802
0.524 0.1877527
0.52435 0.188613
0.5247 0.188613
0.52505 0.1887811
0.5254 0.1888452
0.52575 0.1890091
0.5261 0.1890093
0.52645 0.1890091
0.5268 0.1885501
0.52715 0.1885025
0.5275 0.1885025
0.52785 0.1885025
0.5282 0.1887407
0.52855 0.1887407
0.5289 0.1884514
0.52925 0.1884276
0.5296 0.1883941
0.52995 0.1883941
0.5303 0.1883941
0.53065 0.1880299
0.531 0.1880299
0.53135 0.1884877999999999
0.5317 0.1884877999999999
0.53205 0.1884394
0.5324 0.1881155
0.53275 0.1881155
0.5331 0.1881155
0.53345 0.1882287
0.5338 0.1882287
0.53415 0.1882287
0.5345 0.1882051
0.53485 0.1880561
0.5352 0.1877866
0.53555 0.1876326
0.5359 0.1873403
0.53625 0.1873403
0.5366 0.1872098999999999
0.53695 0.1868776
0.5373 0.1868776
0.53765 0.1864977
0.538 0.1863397
0.53835 0.1861087
0.5387 0.1858236
0.53905 0.1856198999999999
0.5394 0.185177
0.53975 0.1847502
0.5401 0.1847502
0.54045 0.1840287999999999
0.5408 0.1834417
0.54115 0.1824884
0.5415 0.1824284
0.54185 0.1813745
0.5422 0.1811151
0.54255 0.1811151
0.5429 0.1811486
0.54325 0.1812005
0.5436 0.1813338
0.54395 0.1818203
0.5443 0.1826824
0.54465 0.1839124
0.545 0.1839786
0.54535 0.1844703
0.5457 0.1851609
0.54605 0.1851609
0.5464 0.1856282
0.54675 0.1860506
0.5471 0.1868021
0.54745 0.1868519
0.5478 0.1871637
0.54815 0.1873434
0.5485 0.1874489
0.54885 0.1875244999999999
0.5492 0.1874489
0.54955 0.1875704
0.5499 0.1873207
0.55025 0.1878136
0.5506 0.1878136
0.55095 0.1878136
0.5513 0.1879115
0.55165 0.1875239
0.552 0.187873
0.55235 0.1877832
0.5527 0.1877832
0.55305 0.1877832
0.5534 0.1878277
0.55375 0.1878277
0.5541 0.1878063999999999
0.55445 0.1877333
0.5548 0.1877333
0.55515 0.187753
0.5555 0.187753
0.55585 0.187904
0.5562 0.1879304
0.55655 0.1879304
0.5569 0.1877804
0.55725 0.1877804
0.5576 0.1879279999999999
0.55795 0.1879279999999999
0.5583 0.1879243
0.55865 0.1879243
0.559 0.1878198999999999
0.55935 0.187923
0.5597 0.1878198999999999
0.56005 0.1878147
0.5604 0.1878147
0.56075 0.1877583
0.5611 0.1878451
0.56145 0.1878481
0.5618 0.1878481
0.56215 0.1877481
0.5625 0.1877481
0.56285 0.1878142
0.5632 0.1878142
0.56355 0.1875882
0.5639 0.1875047999999999
0.56425 0.1875882
0.5646 0.1874622999999999
0.56495 0.1874622999999999
0.5653 0.1874382
0.56565 0.1873878
0.566 0.1870101
0.56635 0.1866435
0.5667 0.1866415
0.56705 0.1866415
0.5674 0.1866415
0.56775 0.1863767
0.5681 0.1856327
0.56845 0.1856327
0.5688 0.1854296
0.56915 0.1854205
0.5695 0.1844533
0.56985 0.1848598
0.5702 0.1848598
0.57055 0.1860515
0.5709 0.1860515
0.57125 0.1855271
0.5716 0.1853629
0.57195 0.1855019
0.5723 0.1855019
0.57265 0.1855019
0.573 0.1857007999999999
0.57335 0.1845612999999999
0.5737 0.1849868
0.57405 0.1845612999999999
0.5744 0.1839145
0.57475 0.1839145
0.5751 0.1830947
0.57545 0.1847192
0.5758 0.1847192
0.57615 0.1847192
0.5765 0.1845578
0.57685 0.1841833
0.5772 0.1845578
0.57755 0.1849036
0.5779 0.185139
0.57825 0.1852545
0.5786 0.1854482
0.57895 0.1856801
0.5793 0.1856939
0.57965 0.1857976
0.58 0.1858831
0.58035 0.1860088
0.5807 0.1861789
0.58105 0.1864698
0.5814 0.1864698
0.58175 0.1865944
0.5821 0.1865645
0.58245 0.1865645
0.5828 0.1865645
0.58315 0.1866138
0.5835 0.1867815
0.58385 0.1867815
0.5842 0.1867815
0.58455 0.1868743
0.5849 0.1868743
0.58525 0.1866376
0.5856 0.1866376
0.58595 0.1866376
0.5863 0.1865246
0.58665 0.1865079999999999
0.587 0.1863474
0.58735 0.1863016
0.5877 0.1860265
0.58805 0.1850453
0.5884 0.1850453
0.58875 0.1850453
0.5891 0.1854328
0.58945 0.1854328
0.5898 0.184201
0.59015 0.184201
0.5905 0.1852747
0.59085 0.1852747
0.5912 0.1852122
0.59155 0.1848282
0.5919 0.1848985
0.59225 0.1848282
0.5926 0.1848985
0.59295 0.1852676
0.5933 0.1852676
0.59365 0.1845719
0.594 0.1839303
0.59435 0.1800833999999999
0.5947 0.1800833999999999
0.59505 0.183813
0.5954 0.1839517
0.59575 0.1839517
0.5961 0.1839517
0.59645 0.1837811
0.5968 0.1844217
0.59715 0.1844217
0.5975 0.1844217
0.59785 0.1837151
0.5982 0.1837151
0.59855 0.1844317
0.5989 0.1844317
0.59925 0.1844317
0.5996 0.1845099999999999
0.59995 0.1848656
0.6003 0.1848656
0.60065 0.183807
0.601 0.183807
0.60135 0.1849545
0.6017 0.1853368
0.60205 0.1853368
0.6024 0.1856563999999999
0.60275 0.1856563999999999
0.6031 0.1857676
0.60345 0.1860137999999999
0.6038 0.1860137999999999
0.60415 0.1859355
0.6045 0.1859355
0.60485 0.1857834
0.6052 0.1859827
0.60555 0.1858473
0.6059 0.1858473
0.60625 0.1857467
0.6066 0.1856487999999999
0.60695 0.1856608
0.6073 0.1856487999999999
0.60765 0.1853906
0.608 0.1852144
0.60835 0.1850131
0.6087 0.1849331
0.60905 0.1848496
0.6094 0.1848411
0.60975 0.1848496
0.6101 0.1848027
0.61045 0.1847069
0.6108 0.1843347
0.61115 0.1840636
0.6115 0.1835338
0.61185 0.1827943
0.6122 0.181947
0.61255 0.1819402999999999
0.6129 0.1808487999999999
0.61325 0.1794464
0.6136 0.1777924
0.61395 0.1765556
0.6143 0.1754285
0.61465 0.1745027
0.615 0.1740774
0.61535 0.1740637
0.6157 0.1736042
0.61605 0.1725973
0.6164 0.1719668999999999
0.61675 0.1714612999999999
0.6171 0.1699934
0.61745 0.1673347
0.6178 0.1646491
0.61815 0.1646403
0.6185 0.1625579
0.61885 0.1614507
0.6192 0.1608562
0.61955 0.1608562
0.6199 0.1617212
0.62025 0.1632135
0.6206 0.1648626
0.62095 0.1648697999999999
0.6213 0.1657742
0.62165 0.1669222
0.622 0.1689671
0.62235 0.1712078
0.6227 0.1729734
0.62305 0.1747392
0.6234 0.176457
0.62375 0.1765396
0.6241 0.1783431
0.62445 0.1797822999999999
0.6248 0.1807211
0.62515 0.1817172
0.6255 0.1825436
0.62585 0.1832597
0.6262 0.1837107
0.62655 0.1837117
0.6269 0.1837434
0.62725 0.1842684
0.6276 0.1842684
0.62795 0.1845094
0.6283 0.1848889
0.62865 0.1850043999999999
0.629 0.1852568
0.62935 0.1853176
0.6297 0.1854222
0.63005 0.1856198999999999
0.6304 0.1857668999999999
0.63075 0.1857668999999999
0.6311 0.1853831
0.63145 0.18529
0.6318 0.1837354
0.63215 0.1837354
0.6325 0.1853474
0.63285 0.1853737
0.6332 0.1855042999999999
0.63355 0.1855744999999999
0.6339 0.1856456
0.63425 0.1856759
0.6346 0.1856456
0.63495 0.1854481
0.6353 0.1854481
0.63565 0.1852262999999999
0.636 0.1852262999999999
0.63635 0.1852262999999999
0.6367 0.1849054
0.63705 0.1849054
0.6374 0.1849054
0.63775 0.1846677
0.6381 0.1848731
0.63845 0.1847727
0.6388 0.1847727
0.63915 0.1847004
0.6395 0.1847004
0.63985 0.1848262
0.6402 0.1848976
0.64055 0.1848262
0.6409 0.1847947999999999
0.64125 0.1846322
0.6416 0.1844452
0.64195 0.1844452
0.6423 0.1842822
0.64265 0.1844587
0.643 0.1842907999999999
0.64335 0.1843057
0.6437 0.1842907999999999
0.64405 0.184212
0.6444 0.184212
0.64475 0.1842114
0.6451 0.1842098
0.64545 0.1842098
0.6458 0.1834564
0.64615 0.1816507999999999
0.6465 0.1816507999999999
0.64685 0.1819978
0.6472 0.1833196
0.64755 0.1833196
0.6479 0.1830177
0.64825 0.1824132999999999
0.6486 0.1829116
0.64895 0.1826694999999999
0.6493 0.1829116
0.64965 0.1833332999999999
0.65 0.1833332999999999
0.65035 0.1834336
0.6507 0.1833141
0.65105 0.1808496
0.6514 0.1808496
0.65175 0.1808496
0.6521 0.1819126
0.65245 0.1832619999999999
0.6528 0.1832619999999999
0.65315 0.1828918
0.6535 0.1826186
0.65385 0.1827731
0.6542 0.1808907
0.65455 0.1823252
0.6549 0.1823252
0.65525 0.1823252
0.6556 0.1812972
0.65595 0.1812115
0.6563 0.1812115
0.65665 0.181441
0.657 0.1815138999999999
0.65735 0.1815138999999999
0.6577 0.1815138999999999
0.65805 0.1815402
0.6584 0.1815402
0.65875 0.1813102999999999
0.6591 0.1812677
0.65945 0.1812677
0.6598 0.1809701
0.66015 0.1809701
0.6605 0.1813111
0.66085 0.1813111
0.6612 0.1808751
0.66155 0.180834
0.6619 0.1806477
0.66225 0.1804206
0.6626 0.1801057
0.66295 0.1800727
0.6633 0.179898
0.66365 0.1798787999999999
0.664 0.1798662
0.66435 0.1798662
0.6647 0.17975
0.66505 0.1796007
0.6654 0.1790568
0.66575 0.1789589
0.6661 0.1784093
0.66645 0.1781193
0.6668 0.1781193
0.66715 0.1782996
0.6675 0.1783287999999999
0.66785 0.1784872
0.6682 0.1784872
0.66855 0.1788026
0.6689 0.1789719
0.66925 0.1792933
0.6696 0.1797922
0.66995 0.1803193
0.6703 0.1807542
0.67065 0.181223
0.671 0.181223
0.67135 0.1816082999999999
0.6717 0.1820852
0.67205 0.1825739
0.6724 0.1827518
0.67275 0.1832527999999999
0.6731 0.1835451
0.67345 0.1838917
0.6738 0.1839357999999999
0.67415 0.1841246
0.6745 0.1842581
0.67485 0.1844739
0.6752 0.1847997
0.67555 0.1847997
0.6759 0.1849184
0.67625 0.1850025
0.6766 0.185024
0.67695 0.1850864
0.6773 0.1850864
0.67765 0.1851841
0.678 0.1851841
0.67835 0.1849555
0.6787 0.1848769
0.67905 0.1847145
0.6794 0.1846493
0.67975 0.1845727999999999
0.6801 0.184395
0.68045 0.1842464999999999
0.6808 0.1839245
0.68115 0.1836037999999999
0.6815 0.1835546
0.68185 0.1829495
0.6822 0.1826694
0.68255 0.1824782999999999
0.6829 0.1824782999999999
0.68325 0.1826505
0.6836 0.1826505
0.68395 0.1825424
0.6843 0.1825424
0.68465 0.1827596
0.685 0.1829881
0.68535 0.1832272
0.6857 0.1833077
0.68605 0.1833911
0.6864 0.1833911
0.68675 0.1826097
0.6871 0.1826097
0.68745 0.1837386
0.6878 0.1837915
0.68815 0.1837915
0.6885 0.1837429
0.68885 0.1835792
0.6892 0.1835792
0.68955 0.1820016
0.6899 0.1839328999999999
0.69025 0.1837891
0.6906 0.18383
0.69095 0.1837891
0.6913 0.1836237
0.69165 0.1834844
0.692 0.182908
0.69235 0.1828639
0.6927 0.1828421
0.69305 0.1825398
0.6934 0.182138
0.69375 0.1819559
0.6941 0.1819559
0.69445 0.1819559
0.6948 0.1811937
0.69515 0.1812073
0.6955 0.1811937
0.69585 0.1798938
0.6962 0.1798938
0.69655 0.180457
0.6969 0.180457
0.69725 0.1798448
0.6976 0.1775481
0.69795 0.178456
0.6983 0.1779604
0.69865 0.1779604
0.699 0.176835
0.69935 0.1756462
0.6997 0.1756462
0.70005 0.1719848
0.7004 0.1706291
0.70075 0.1706291
0.7011 0.1710662
0.70145 0.1710662
0.7018 0.1700129
0.70215 0.1693858
0.7025 0.1693858
0.70285 0.1693858
0.7032 0.1714077
0.70355 0.1714077
0.7039 0.1706515
0.70425 0.1706515
0.7046 0.1713188
0.70495 0.1713188
0.7053 0.1713188
0.70565 0.175169
0.706 0.175169
0.70635 0.175169
0.7067 0.1756453
0.70705 0.1756453
0.7074 0.1765066
0.70775 0.1766429
0.7081 0.1771481
0.70845 0.1778127
0.7088 0.1782408999999999
0.70915 0.1778127
0.7095 0.1786901
0.70985 0.1787972
0.7102 0.1795246
0.71055 0.1795246
0.7109 0.1798493
0.71125 0.1797538
0.7116 0.1802555
0.71195 0.1804751
0.7123 0.1804751
0.71265 0.180337
0.713 0.1803072
0.71335 0.1803072
0.7137 0.1804247999999999
0.71405 0.1804247999999999
0.7144 0.180294
0.71475 0.1788467
0.7151 0.1786797
0.71545 0.1770583999999999
0.7158 0.1749032999999999
0.71615 0.174644
0.7165 0.1715391
0.71685 0.1674969
0.7172 0.1630895
0.71755 0.1574474
0.7179 0.1558262
0.71825 0.1525
0.7186 0.1520827
0.71895 0.1488666
0.7193 0.1462902999999999
0.71965 0.1462902999999999
0.72 0.1396786
0.72035 0.1396786
0.7207 0.1392726
0.72105 0.1392726
0.7214 0.1367162999999999
0.72175 0.1359882999999999
0.7221 0.1355244
0.72245 0.1343822
0.7228 0.1325522
0.72315 0.1303663
0.7235 0.1197343
0.72385 0.1161441
0.7242 0.1151933
0.72455 0.1099374
0.7249 0.1074823999999999
0.72525 0.0983788
0.7256 0.0929083
0.72595 0.0929083
0.7263 0.0929083
0.72665 0.0862345
0.727 0.0855197
0.72735 0.0846736999999999
0.7277 0.0846736999999999
0.72805 0.0898866
0.7284 0.0984664
0.72875 0.1039272
0.7291 0.1082797
0.72945 0.1082973
0.7298 0.1099878999999999
0.73015 0.1110903
0.7305 0.1160118
0.73085 0.1227899
0.7312 0.1281931
0.73155 0.1285661
0.7319 0.1316081
0.73225 0.1329763
0.7326 0.136624
0.73295 0.136624
0.7333 0.1378667
0.73365 0.1463589
0.734 0.1470977
0.73435 0.1497676
0.7347 0.1551329
0.73505 0.1562187
0.7354 0.1588639
0.73575 0.1588639
0.7361 0.1588639
0.73645 0.1638078
0.7368 0.1638078
0.73715 0.1640824
0.7375 0.1686433
0.73785 0.1689089
0.7382 0.1709281
0.73855 0.1721808
0.7389 0.1709457999999999
0.73925 0.1737277
0.7396 0.1764632
0.73995 0.1768432
0.7403 0.1782612
0.74065 0.1796035
0.741 0.1796035
0.74135 0.1802945
0.7417 0.1806276
0.74205 0.1814206
0.7424 0.1814206
0.74275 0.1817471
0.7431 0.1823826
0.74345 0.1826222
0.7438 0.1827242
0.74415 0.1827306
0.7445 0.1827965
0.74485 0.1827965
0.7452 0.1827869
0.74555 0.1827869
0.7459 0.1827869
0.74625 0.1829342
0.7466 0.1829059
0.74695 0.1829059
0.7473 0.1829059
0.74765 0.1827582999999999
0.748 0.1828822
0.74835 0.1828822
0.7487 0.1828822
0.74905 0.1828955
0.7494 0.1828531
0.74975 0.1828531
0.7501 0.1827736
0.75045 0.1827736
0.7508 0.1828355
0.75115 0.182978
0.7515 0.182978
0.75185 0.1828902999999999
0.7522 0.1827962
0.75255 0.1827792999999999
0.7529 0.1827792999999999
0.75325 0.182992
0.7536 0.182992
0.75395 0.1829456
0.7543 0.1829329999999999
0.75465 0.1827965
0.755 0.182757
0.75535 0.182741
0.7557 0.1826862
0.75605 0.182602
0.7564 0.1824856
0.75675 0.1823097
0.7571 0.1821772
0.75745 0.1817566
0.7578 0.1817339
0.75815 0.1817022999999999
0.7585 0.1816543
0.75885 0.1814207
0.7592 0.1811772
0.75955 0.1801774
0.7599 0.17993
0.76025 0.1795632999999999
0.7606 0.1791843
0.76095 0.1791843
0.7613 0.1794951
0.76165 0.1794951
0.762 0.1784795
0.76235 0.1779886
0.7627 0.1777634
0.76305 0.1775698999999999
0.7634 0.1775698999999999
0.76375 0.1775392999999999
0.7641 0.1773642999999999
0.76445 0.1768889
0.7648 0.1768184
0.76515 0.1768184
0.7655 0.1770163
0.76585 0.1770163
0.7662 0.1767783999999999
0.76655 0.1767552999999999
0.7669 0.1760207
0.76725 0.1760207
0.7676 0.1764828
0.76795 0.1770750999999999
0.7683 0.1770750999999999
0.76865 0.1767872999999999
0.769 0.1766878999999999
0.76935 0.1766878999999999
0.7697 0.17678
0.77005 0.17678
0.7704 0.1766301
0.77075 0.1762763
0.7711 0.1761662999999999
0.77145 0.1761087
0.7718 0.175963
0.77215 0.1759603
0.7725 0.1751655
0.77285 0.1736782999999999
0.7732 0.1722803
0.77355 0.1722803
0.7739 0.1724137999999999
0.77425 0.17301
0.7746 0.17301
0.77495 0.1729547999999999
0.7753 0.1724566
0.77565 0.1715753
0.776 0.1708596
0.77635 0.170419
0.7767 0.1701986
0.77705 0.1697464
0.7774 0.1691265
0.77775 0.1690865
0.7781 0.1682441
0.77845 0.167422
0.7788 0.1666886
0.77915 0.1657949
0.7795 0.1639588
0.77985 0.1620006
0.7802 0.1596022
0.78055 0.15958
0.7809 0.1569286
0.78125 0.1555821
0.7816 0.1552584
0.78195 0.1547807
0.7823 0.1546878
0.78265 0.1544306
0.783 0.1529858999999999
0.78335 0.1529755
0.7837 0.1501674
0.78405 0.1501674
0.7844 0.1532927
0.78475 0.157201
0.7851 0.1577727
0.78545 0.1577727
0.7858 0.1567658999999999
0.78615 0.1567637999999999
0.7865 0.1567658999999999
0.78685 0.1569509
0.7872 0.1576098
0.78755 0.1589474
0.7879 0.1592509
0.78825 0.1596389
0.7886 0.1606457999999999
0.78895 0.1606457999999999
0.7893 0.1606457999999999
0.78965 0.1610615
0.79 0.1610609999999999
0.79035 0.1610609999999999
0.7907 0.1608862999999999
0.79105 0.1597625
0.7914 0.158458
0.79175 0.158383
0.7921 0.157278
0.79245 0.1549162999999999
0.7928 0.1532734
0.79315 0.1532734
0.7935 0.1533322
0.79385 0.1533322
0.7942 0.151368
0.79455 0.1513572
0.7949 0.1489034
0.79525 0.1482828
0.7956 0.1482828
0.79595 0.1455246
0.7963 0.1453543
0.79665 0.1453543
0.797 0.1457793
0.79735 0.1459103
0.7977 0.1459103
0.79805 0.1465494
0.7984 0.1470784
0.79875 0.1473198999999999
0.7991 0.1475596
0.79945 0.149071
0.7998 0.1502144
0.80015 0.1502623
0.8005 0.1508586
0.80085 0.1527224999999999
0.8012 0.1527224999999999
0.80155 0.1528513
0.8019 0.1528513
0.80225 0.1539902
0.8026 0.1543661
0.80295 0.1558946
0.8033 0.1558946
0.80365 0.1570611
0.804 0.1573311
0.80435 0.1576879
0.8047 0.1592849
0.80505 0.1603895
0.8054 0.1608678999999999
0.80575 0.1608678999999999
0.8061 0.1608678999999999
0.80645 0.1618875
0.8068 0.1634171
0.80715 0.1648734
0.8075 0.1648734
0.80785 0.1656607
0.8082 0.1661936
0.80855 0.1662005
0.8089 0.1662005
0.80925 0.1652545
0.8096 0.1652545
0.80995 0.1666866
0.8103 0.1672287
0.81065 0.1672287
0.811 0.1673551
0.81135 0.1678422
0.8117 0.1681878
0.81205 0.1685299
0.8124 0.169073
0.81275 0.1702313999999999
0.8131 0.169073
0.81345 0.1714008
0.8138 0.1716459
0.81415 0.1719901
0.8145 0.1719901
0.81485 0.1613529
0.8152 0.1613529
0.81555 0.1711526
0.8159 0.1720379
0.81625 0.1720379
0.8166 0.1732578
0.81695 0.1725138
0.8173 0.1734341
0.81765 0.1725138
0.818 0.1722857
0.81835 0.1722857
0.8187 0.172794
0.81905 0.1747326
0.8194 0.1747326
0.81975 0.1747326
0.8201 0.1754192
0.82045 0.1761981
0.8208 0.1761981
0.82115 0.1757825
0.8215 0.1757825
0.82185 0.1757825
0.8222 0.174956
0.82255 0.174902
0.8229 0.1721132
0.82325 0.1616945
0.8236 0.1664152
0.82395 0.1664152
0.8243 0.1750098
0.82465 0.1769002
0.825 0.1773347
0.82535 0.1773347
0.8257 0.176254
0.82605 0.176254
0.8264 0.1770721
0.82675 0.1772217999999999
0.8271 0.1770721
0.82745 0.1754908
0.8278 0.1714662
0.82815 0.1748024
0.8285 0.1748024
0.82885 0.1748024
0.8292 0.1762172
0.82955 0.1765534
0.8299 0.1765534
0.83025 0.1762058
0.8306 0.1762058
0.83095 0.1766966
0.8313 0.1772216
0.83165 0.1766966
0.832 0.1738723
0.83235 0.1738723
0.8327 0.1746959
0.83305 0.1767512
0.8334 0.175014
0.83375 0.175014
0.8341 0.1693184999999999
0.83445 0.1693184999999999
0.8348 0.1693184999999999
0.83515 0.1709102
0.8355 0.1691797
0.83585 0.1691797
0.8362 0.1677787999999999
0.83655 0.1676676
0.8369 0.1659455
0.83725 0.1647346
0.8376 0.1591234
0.83795 0.1589978
0.8383 0.1564659
0.83865 0.1560496
0.839 0.1560496
0.83935 0.1562194999999999
0.8397 0.1578427999999999
0.84005 0.1578427999999999
0.8404 0.157644
0.84075 0.153664
0.8411 0.1504092
0.84145 0.1488909
0.8418 0.148823
0.84215 0.148823
0.8425 0.1566507999999999
0.84285 0.1623301
0.8432 0.1623301
0.84355 0.1619864
0.8439 0.1596697999999999
0.84425 0.1596697999999999
0.8446 0.1606787
0.84495 0.1613979
0.8453 0.1637752999999999
0.84565 0.1652573
0.846 0.1668564
0.84635 0.1686927
0.8467 0.1686927
0.84705 0.1686141
0.8474 0.1683582
0.84775 0.1683353
0.8481 0.1683582
0.84845 0.1671773
0.8488 0.1692695
0.84915 0.1702405
0.8495 0.1702405
0.84985 0.1700401
0.8502 0.1680804
0.85055 0.1644556
0.8509 0.1644556
0.85125 0.1644556
0.8516 0.1656587
0.85195 0.16463
0.8523 0.16463
0.85265 0.1623481
0.853 0.1594477
0.85335 0.1588543999999999
0.8537 0.1577027
0.85405 0.1559249
0.8544 0.1524964999999999
0.85475 0.1509724999999999
0.8551 0.1504895
0.85545 0.1447898
0.8558 0.1447898
0.85615 0.1434503
0.8565 0.1400422
0.85685 0.1380632999999999
0.8572 0.133101
0.85755 0.1281686
0.8579 0.1136861
0.85825 0.1136861
0.8586 0.1136861
0.85895 0.113493
0.8593 0.1134311
0.85965 0.1134311
0.86 0.108654
0.86035 0.1020481
0.8607 0.0986233
0.86105 0.0919878
0.8614 0.0883403
0.86175 0.085634
0.8621 0.082658
0.86245 0.0825015
0.8628 0.0800246
0.86315 0.0800091
0.8635 0.0792302
0.86385 0.0792302
0.8642 0.0732293
0.86455 0.0648871999999999
0.8649 0.0732293
0.86525 0.0812936
0.8656 0.0826631
0.86595 0.0880245
0.8663 0.0913422
0.86665 0.0913422
0.867 0.0793649999999999
0.86735 0.0782237
0.8677 0.0793649999999999
0.86805 0.0995427
0.8684 0.1030046
0.86875 0.1067577
0.8691 0.1136432
0.86945 0.1157394
0.8698 0.1157394
0.87015 0.1146879
0.8705 0.1136657
0.87085 0.1056168999999999
0.8712 0.1045921
0.87155 0.1056168999999999
0.8719 0.1047696
0.87225 0.1269677
0.8726 0.1094030999999999
0.87295 0.1094030999999999
0.8733 0.1094030999999999
0.87365 0.11865
0.874 0.1293747
0.87435 0.1293747
0.8747 0.1293747
0.87505 0.1290503999999999
0.8754 0.1345138
0.87575 0.1250478
0.8761 0.1261206999999999
0.87645 0.1259708
0.8768 0.1259708
0.87715 0.1211280999999999
0.8775 0.0928856
0.87785 0.0928856
0.8782 0.0864113
0.87855 0.0864113
0.8789 0.1176063
0.87925 0.1176063
0.8796 0.0700395
0.87995 0.040337
0.8803 0.056937
0.88065 0.0425518
0.881 0.0425518
0.88135 0.0384944
0.8817 0.0292711999999999
0.88205 0.0158618
0.8824 0.0071936
0.88275 0.0071936
0.8831 0.0071936
0.88345 0.0067673
0.8838 0.0066286999999999
0.88415 0.0067673
0.8845 0.0105555
0.88485 0.0152196
0.8852 0.0159557
0.88555 0.019201
0.8859 0.019201
0.88625 0.0092472
0.8866 0.0026701999999999
0.88695 0.0021373
0.8873 0.0021373
0.88765 0.0023141999999999
0.888 0.0032695
0.88835 0.0032695
0.8887 0.0054106
0.88905 0.0031601999999999
0.8894 0.0068759
0.88975 0.0070687
0.8901 0.0087567
0.89045 0.0083347
0.8908 0.0083347
0.89115 0.0080075
0.8915 0.0080075
0.89185 0.011222
0.8922 0.011222
0.89255 0.0107185
0.8929 0.0105142999999999
0.89325 0.0105142999999999
0.8936 0.008292
0.89395 0.0072203
0.8943 0.0072203
0.89465 0.0076837
0.895 0.0076837
0.89535 0.0071273
0.8957 0.0071273
0.89605 0.0083196
0.8964 0.0101426
0.89675 0.0180037999999999
0.8971 0.0180037999999999
0.89745 0.017272
0.8978 0.017272
0.89815 0.0208754
0.8985 0.0208754
0.89885 0.0212649
0.8992 0.018754
0.89955 0.0175565
0.8999 0.0175565
0.90025 0.0299911
0.9006 0.0387642
0.90095 0.040849
0.9013 0.0451339
0.90165 0.0537753
0.902 0.0537753
0.90235 0.0515433
0.9027 0.0515433
0.90305 0.0676611999999999
0.9034 0.0742025
0.90375 0.0676611999999999
0.9041 0.0806995
0.90445 0.0911786999999999
0.9048 0.0948208
0.90515 0.0948208
0.9055 0.0866612
0.90585 0.0866612
0.9062 0.1109666
0.90655 0.1109666
0.9069 0.1085413
0.90725 0.1085413
0.9076 0.1085413
0.90795 0.1249104
0.9083 0.1047178
0.90865 0.1249104
0.909 0.1112168
0.90935 0.1112168
0.9097 0.1021596999999999
0.91005 0.1021596999999999
0.9104 0.1297977
0.91075 0.129822
0.9111 0.1318118999999999
0.91145 0.1372162999999999
0.9118 0.1372162999999999
0.91215 0.1336933
0.9125 0.1295573
0.91285 0.1295573
0.9132 0.1295573
0.91355 0.1105392
0.9139 0.1409799
0.91425 0.1096379
0.9146 0.1438674
0.91495 0.1427148
0.9153 0.1427148
0.91565 0.136184
0.916 0.136184
0.91635 0.1363481
0.9167 0.1386917999999999
0.91705 0.1395777999999999
0.9174 0.1475009
0.91775 0.1475009
0.9181 0.1475009
0.91845 0.1490361
0.9188 0.1490361
0.91915 0.1451636
0.9195 0.1404737999999999
0.91985 0.1404737999999999
0.9202 0.1404737999999999
0.92055 0.1397277
0.9209 0.1476588
0.92125 0.1397277
0.9216 0.1326052
0.92195 0.1317848
0.9223 0.0998368999999999
0.92265 0.1317848
0.923 0.1481141
0.92335 0.1481141
0.9237 0.1418372999999999
0.92405 0.1418372999999999
0.9244 0.1418372999999999
0.92475 0.1349273
0.9251 0.1309394
0.92545 0.1349273
0.9258 0.1392917
0.92615 0.1392917
0.9265 0.1392917
0.92685 0.0643002
0.9272 0.1408987
0.92755 0.1408987
0.9279 0.1408987
0.92825 0.1393999
0.9286 0.1336116
0.92895 0.1393999
0.9293 0.147044
0.92965 0.147044
0.93 0.1410396
0.93035 0.1117619999999999
0.9307 0.0918787
0.93105 0.0868751
0.9314 0.0868751
0.93175 0.0868751
0.9321 0.1225288
0.93245 0.1225288
0.9328 0.1266405
0.93315 0.1388623
0.9335 0.1388623
0.93385 0.1029369999999999
0.9342 0.1029369999999999
0.93455 0.1029369999999999
0.9349 0.11377
0.93525 0.1204638
0.9356 0.1469751
0.93595 0.1243396
0.9363 0.1454789
0.93665 0.1376012999999999
0.937 0.1376012999999999
0.93735 0.1376012999999999
0.9377 0.1293236
0.93805 0.1107596
0.9384 0.1107596
0.93875 0.1153945
0.9391 0.1361533999999999
0.93945 0.1431621
0.9398 0.1431621
0.94015 0.1440918
0.9405 0.1104962
0.94085 0.1502108999999999
0.9412 0.1453717
0.94155 0.1563237999999999
0.9419 0.1572708
0.94225 0.1580772
0.9426 0.1580772
0.94295 0.1321317
0.9433 0.1321317
0.94365 0.1388339999999999
0.944 0.1388339999999999
0.94435 0.1388339999999999
0.9447 0.1425611
0.94505 0.1425611
0.9454 0.1449164
0.94575 0.1449164
0.9461 0.1504358
0.94645 0.1504358
0.9468 0.1433605
0.94715 0.1253849
0.9475 0.1253849
0.94785 0.1377894
0.9482 0.1505003999999999
0.94855 0.1529984999999999
0.9489 0.1505003999999999
0.94925 0.1438652
0.9496 0.1438652
0.94995 0.1440301
0.9503 0.144175
0.95065 0.1554765
0.951 0.1554765
0.95135 0.1474886
0.9517 0.1474886
0.95205 0.1489376
0.9524 0.1489376
0.95275 0.1464661
0.9531 0.1464661
0.95345 0.1488907
0.9538 0.157415
0.95415 0.1579679
0.9545 0.1579679
0.95485 0.1579679
0.9552 0.1496545
0.95555 0.1534586
0.9559 0.1534586
0.95625 0.1534586
0.9566 0.1518919
0.95695 0.1458942
0.9573 0.1458942
0.95765 0.1538729
0.958 0.1538729
0.95835 0.1538729
0.9587 0.1545152999999999
0.95905 0.1545152999999999
0.9594 0.1417394
0.95975 0.1417394
0.9601 0.1459314
0.96045 0.1459314
0.9608 0.1422009
0.96115 0.142004
0.9615 0.142004
0.96185 0.1362484
0.9622 0.1330947999999999
0.96255 0.1215941
0.9629 0.1215941
0.96325 0.1123387999999999
0.9636 0.1231006
0.96395 0.1148656999999999
0.9643 0.1148656999999999
0.96465 0.1142099999999999
0.965 0.1082596
0.96535 0.1072943
0.9657 0.1034908
0.96605 0.1007041
0.9664 0.0986656
0.96675 0.0986656
0.9671 0.0933932
0.96745 0.0961141
0.9678 0.0961141
0.96815 0.1039416
0.9685 0.1039416
0.96885 0.0996679999999999
0.9692 0.096313
0.96955 0.0946549999999999
0.9699 0.0896042
0.97025 0.078936
0.9706 0.0682903
0.97095 0.0661877
0.9713 0.0682903
0.97165 0.0756125
0.972 0.0816614
0.97235 0.0918238999999999
0.9727 0.0925296
0.97305 0.0925296
0.9734 0.089799
0.97375 0.0886075
0.9741 0.087556
0.97445 0.0886075
0.9748 0.0911099
0.97515 0.0911099
0.9755 0.0929875
0.97585 0.100223
0.9762 0.100223
0.97655 0.0891626
0.9769 0.0857903
0.97725 0.0857903
0.9776 0.0835291
0.97795 0.0835291
0.9783 0.069471
0.97865 0.069471
0.979 0.0801742
0.97935 0.0826931
0.9797 0.0826931
0.98005 0.0747893999999999
0.9804 0.0521978
0.98075 0.05043
0.9811 0.05043
0.98145 0.0526644999999999
0.9818 0.0544769
0.98215 0.0526644999999999
0.9825 0.0517711
0.98285 0.0133073999999999
0.9832 0.0365906
0.98355 0.0359384
0.9839 0.0359384
0.98425 0.0359384
0.9846 0.0355898
0.98495 0.042627
0.9853 0.0087178
0.98565 0.0217384999999999
0.986 0.0164414
0.98635 0.0217384999999999
0.9867 0.0212815999999999
0.98705 0.0212815999999999
0.9874 0.0212815999999999
0.98775 0.0210002
0.9881 0.0210002
0.98845 0.0009057
0.9888 0.0009057
0.98915 0.0025459
0.9895 0.0188336
0.98985 0.0078512
0.9902 0.0177546
0.99055 0.0078512
0.9909 0.0177546
0.99125 0.0182135
0.9916 0.0217319999999999
0.99195 0.0217319999999999
0.9923 0.0217319999999999
0.99265 0.0251717999999999
0.993 0.0343462
0.99335 0.0343462
0.9937 0.0275866
0.99405 0.026989
0.9944 0.026989
0.99475 0.026989
0.9951 0.0123799
0.99545 0.0123799
0.9958 0.0022890999999999
0.99615 0.0239494
0.9965 0.0022890999999999
0.99685 0.0239494
0.9972 0.0247429
0.99755 0.0247429
0.9979 0.0273434
0.99825 0.0273434
0.9986 0.0273434
0.99895 0.0208743
0.9993 0.0169060999999999
