0.3 0.3238054
0.30035 0.3238337
0.3007 0.3238617
0.30105 0.3238894
0.3014 0.3239167999999999
0.30175 0.3239439
0.3021 0.3239705999999999
0.30245 0.3239971
0.3028 0.3240232
0.30315 0.324049
0.3035 0.3240746
0.30385 0.3240998
0.3042 0.3241217999999999
0.30455 0.3241434
0.3049 0.3241647
0.30525 0.3241857999999999
0.3056 0.3242065999999999
0.30595 0.3242272
0.3063 0.3242474999999999
0.30665 0.3242676
0.307 0.3242874
0.30735 0.324307
0.3077 0.3243263
0.30805 0.3243454
0.3084 0.3243642
0.30875 0.3243827999999999
0.3091 0.3244012
0.30945 0.3244194
0.3098 0.3244373
0.31015 0.324455
0.3105 0.3244724
0.31085 0.3244897
0.3112 0.3245067
0.31155 0.3245235
0.3119 0.32454
0.31225 0.3245565
0.3126 0.3245727
0.31295 0.3245887
0.3133 0.3246045
0.31365 0.3246200999999999
0.314 0.3246355
0.31435 0.3246506
0.3147 0.3246656
0.31505 0.3246804
0.3154 0.3246949999999999
0.31575 0.3247093
0.3161 0.3247235
0.31645 0.3247375
0.3168 0.3247512999999999
0.31715 0.3247649
0.3175 0.3247782999999999
0.31785 0.3247915
0.3182 0.3248046
0.31855 0.3248174
0.3189 0.3248301
0.31925 0.3248426
0.3196 0.3248549
0.31995 0.324867
0.3203 0.324879
0.32065 0.3248908
0.321 0.3249024
0.32135 0.3249138
0.3217 0.3249250999999999
0.32205 0.3249362
0.3224 0.3249470999999999
0.32275 0.3249579
0.3231 0.3249685
0.32345 0.3249789
0.3238 0.3249891
0.32415 0.3249993
0.3245 0.3250092
0.32485 0.325019
0.3252 0.3250285999999999
0.32555 0.3250381
0.3259 0.3250474
0.32625 0.3250566
0.3266 0.3250656
0.32695 0.3250744
0.3273 0.3250830999999999
0.32765 0.3250917
0.328 0.3251000999999999
0.32835 0.3251084
0.3287 0.3251165
0.32905 0.3251244
0.3294 0.3251321
0.32975 0.3251395
0.3301 0.3251449
0.33045 0.3251527
0.3308 0.3251617
0.33115 0.3251692
0.3315 0.3251763
0.33185 0.3251832
0.3322 0.3251899
0.33255 0.3251965
0.3329 0.325203
0.33325 0.3252093
0.3336 0.3252155
0.33395 0.3252216
0.3343 0.3252276
0.33465 0.3252334
0.335 0.3252390999999999
0.33535 0.3252446
0.3357 0.3252501
0.33605 0.3252554
0.3364 0.3252605
0.33675 0.3252656
0.3371 0.3252705999999999
0.33745 0.325276
0.3378 0.3252813
0.33815 0.3252864
0.3385 0.3252914
0.33885 0.3252963
0.3392 0.325301
0.33955 0.3253057
0.3399 0.3253102
0.34025 0.3253145999999999
0.3406 0.3253188
0.34095 0.325323
0.3413 0.325327
0.34165 0.3253309
0.342 0.3253347
0.34235 0.3253382999999999
0.3427 0.3253419
0.34305 0.3253453
0.3434 0.3253487
0.34375 0.3253519
0.3441 0.3253549
0.34445 0.3253579
0.3448 0.3253607999999999
0.34515 0.3253636
0.3455 0.3253662
0.34585 0.3253687
0.3462 0.3253710999999999
0.34655 0.3253735
0.3469 0.3253757
0.34725 0.3253778
0.3476 0.3253798
0.34795 0.3253816
0.3483 0.3253834
0.34865 0.3253851
0.349 0.3253866
0.34935 0.3253881
0.3497 0.3253894
0.35005 0.3253907
0.3504 0.3253917999999999
0.35075 0.3253929
0.3511 0.3253938
0.35145 0.3253947
0.3518 0.3253954
0.35215 0.325396
0.3525 0.3253966
0.35285 0.325397
0.3532 0.3253973
0.35355 0.3253975999999999
0.3539 0.3253977
0.35425 0.3253977
0.3546 0.3253958
0.35495 0.3253955999999999
0.3553 0.3253952
0.35565 0.3253945
0.356 0.325384
0.35635 0.325384
0.3567 0.325384
0.35705 0.3253838
0.3574 0.3253687
0.35775 0.3253687
0.3581 0.3253566
0.35845 0.3253430999999999
0.3588 0.3253566
0.35915 0.3253341
0.3595 0.3253145
0.35985 0.325306
0.3602 0.3252714
0.36055 0.325306
0.3609 0.3253189
0.36125 0.3253415999999999
0.3616 0.3253553
0.36195 0.3253553
0.3623 0.3253529
0.36265 0.325352
0.363 0.325352
0.36335 0.3253493
0.3637 0.3253417999999999
0.36405 0.3253362
0.3644 0.3253328
0.36475 0.3253328
0.3651 0.3253273
0.36545 0.32532
0.3658 0.3253048
0.36615 0.3253035999999999
0.3665 0.3253035999999999
0.36685 0.3252926
0.3672 0.3252837999999999
0.36755 0.3252835
0.3679 0.3252696
0.36825 0.3252655
0.3686 0.3252569
0.36895 0.3252406
0.3693 0.3252406
0.36965 0.3252359
0.37 0.3252175
0.37035 0.3251957
0.3707 0.3251544
0.37105 0.3251544
0.3714 0.3251651
0.37175 0.3251651
0.3721 0.3251567
0.37245 0.3251527
0.3728 0.3251442
0.37315 0.325131
0.3735 0.325131
0.37385 0.3251257
0.3742 0.3250902
0.37455 0.3250835
0.3749 0.3250727
0.37525 0.32495
0.3756 0.3250606
0.37595 0.3249440999999999
0.3763 0.3250442999999999
0.37665 0.3249887
0.377 0.3250072
0.37735 0.3249887
0.3777 0.3249112999999999
0.37805 0.3249112999999999
0.3784 0.3248937
0.37875 0.3249102
0.3791 0.3248703
0.37945 0.3248459
0.3798 0.3248018
0.38015 0.3248459
0.3805 0.3248902
0.38085 0.324899
0.3812 0.3249135
0.38155 0.3249135
0.3819 0.324788
0.38225 0.3247649
0.3826 0.3247649
0.38295 0.3248803
0.3833 0.324892
0.38365 0.3248803
0.384 0.324892
0.38435 0.3248873
0.3847 0.3248873
0.38505 0.3248819
0.3854 0.3248696
0.38575 0.324864
0.3861 0.3248502
0.38645 0.3248336
0.3868 0.324827
0.38715 0.3248015999999999
0.3875 0.3247991
0.38785 0.3247900999999999
0.3882 0.3247801
0.38855 0.3247314
0.3889 0.3247021
0.38925 0.3247021
0.3896 0.3247005
0.38995 0.3246996
0.3903 0.3246901
0.39065 0.3246709
0.391 0.3246709
0.39135 0.324654
0.3917 0.3246085
0.39205 0.3245955
0.3924 0.3245955
0.39275 0.324565
0.3931 0.324565
0.39345 0.324565
0.3938 0.3245462
0.39415 0.3245149
0.3945 0.3244072
0.39485 0.3244072
0.3952 0.3244072
0.39555 0.3243356
0.3959 0.3243028
0.39625 0.3243028
0.3966 0.3243048
0.39695 0.3243048
0.3973 0.3243285999999999
0.39765 0.324264
0.398 0.3243285999999999
0.39835 0.3243202
0.3987 0.3243395999999999
0.39905 0.3243202
0.3994 0.3243395999999999
0.39975 0.3243314
0.4001 0.3243314
0.40045 0.3243305999999999
0.4008 0.3242407
0.40115 0.3242407
0.4015 0.3243044
0.40185 0.3243044
0.4022 0.324238
0.40255 0.3242277
0.4029 0.324238
0.40325 0.3242277
0.4036 0.3242179
0.40395 0.3242179
0.4043 0.3242179
0.40465 0.3242034
0.405 0.3242034
0.40535 0.3242027999999999
0.4057 0.3241732
0.40605 0.3240949999999999
0.4064 0.3240838
0.40675 0.3240838
0.4071 0.3241143
0.40745 0.3241477
0.4078 0.3241477
0.40815 0.324142
0.4085 0.3241399
0.40885 0.3241225
0.4092 0.3241127
0.40955 0.3241127
0.4099 0.3240823
0.41025 0.3240532
0.4106 0.3240500999999999
0.41095 0.3240456
0.4113 0.3240263
0.41165 0.3240022999999999
0.412 0.3239709
0.41235 0.3239257
0.4127 0.3239257
0.41305 0.3238708
0.4134 0.3237363
0.41375 0.3237363
0.4141 0.3238043
0.41445 0.3238043
0.4148 0.3236075
0.41515 0.3233734
0.4155 0.3233659
0.41585 0.32303
0.4162 0.32303
0.41655 0.3233864999999999
0.4169 0.3233864999999999
0.41725 0.3231356999999999
0.4176 0.3226646999999999
0.41795 0.3231356999999999
0.4183 0.3235322
0.41865 0.3235322
0.419 0.3233927
0.41935 0.3233336
0.4197 0.3228897
0.42005 0.3231394
0.4204 0.3231394
0.42075 0.323528
0.4211 0.323528
0.42145 0.3235279
0.4218 0.3233795
0.42215 0.3233028
0.4225 0.3233028
0.42285 0.3233028
0.4232 0.3230970999999999
0.42355 0.3224362
0.4239 0.3224362
0.42425 0.3225605
0.4246 0.3225605
0.42495 0.3228970999999999
0.4253 0.3230489
0.42565 0.3230489
0.426 0.3220887
0.42635 0.3220887
0.4267 0.3225909999999999
0.42705 0.3229879
0.4274 0.3229782
0.42775 0.3231095
0.4281 0.3230341
0.42845 0.3230341
0.4288 0.3229665
0.42915 0.3227590999999999
0.4295 0.3228129
0.42985 0.3228129
0.4302 0.3228129
0.43055 0.3228734
0.4309 0.3229926
0.43125 0.3229926
0.4316 0.3229926
0.43195 0.3231551
0.4323 0.3232014
0.43265 0.3232014
0.433 0.3231696
0.43335 0.3231616
0.4337 0.3230978
0.43405 0.3230338
0.4344 0.323004
0.43475 0.323004
0.4351 0.323004
0.43545 0.3229591
0.4358 0.3229558
0.43615 0.322892
0.4365 0.3225732
0.43685 0.3225732
0.4372 0.3226078
0.43755 0.3226685999999999
0.4379 0.3227219
0.43825 0.3227219
0.4386 0.3227219
0.43895 0.3227464
0.4393 0.3225424
0.43965 0.3224367
0.44 0.3221982
0.44035 0.3213753
0.4407 0.3209814
0.44105 0.3210823
0.4414 0.3209814
0.44175 0.3209374
0.4421 0.3209374
0.44245 0.3209374
0.4428 0.3216835999999999
0.44315 0.3222886
0.4435 0.3222886
0.44385 0.3213325999999999
0.4442 0.3213325999999999
0.44455 0.3222220999999999
0.4449 0.3222220999999999
0.44525 0.3218368
0.4456 0.3218215
0.44595 0.3218215
0.4463 0.3219959
0.44665 0.3223524
0.447 0.3222925
0.44735 0.3224533
0.4477 0.3222925
0.44805 0.3224533
0.4484 0.322423
0.44875 0.3225444
0.4491 0.3225453
0.44945 0.3225453
0.4498 0.3224413
0.45015 0.3224413
0.4505 0.3224413
0.45085 0.3222406
0.4512 0.3218959
0.45155 0.3218167999999999
0.4519 0.3218052
0.45225 0.3218167999999999
0.4526 0.3220417
0.45295 0.3220417
0.4533 0.3220969
0.45365 0.3220897
0.454 0.3220897
0.45435 0.3218599
0.4547 0.3217052999999999
0.45505 0.3218599
0.4554 0.3217685999999999
0.45575 0.3217685999999999
0.4561 0.3215364
0.45645 0.3215364
0.4568 0.3213874
0.45715 0.3218377
0.4575 0.3217705999999999
0.45785 0.3217705999999999
0.4582 0.3217417
0.45855 0.3216614
0.4589 0.3216178
0.45925 0.3214093
0.4596 0.3213052
0.45995 0.3214093
0.4603 0.3215921
0.46065 0.3218183
0.461 0.3218879
0.46135 0.321901
0.4617 0.321966
0.46205 0.3219750999999999
0.4624 0.3219785999999999
0.46275 0.321999
0.4631 0.321999
0.46345 0.32197
0.4638 0.3219682
0.46415 0.3219126
0.4645 0.3218419
0.46485 0.321831
0.4652 0.3214994
0.46555 0.3214994
0.4659 0.3213012
0.46625 0.3212455999999999
0.4666 0.3211058
0.46695 0.3211616
0.4673 0.3211058
0.46765 0.3210131
0.468 0.3206757999999999
0.46835 0.3202783
0.4687 0.3193136
0.46905 0.3192215
0.4694 0.3192215
0.46975 0.3195094
0.4701 0.3195634
0.47045 0.3204329
0.4708 0.3204329
0.47115 0.3205897
0.4715 0.3201159
0.47185 0.3201159
0.4722 0.3192547999999999
0.47255 0.3192547999999999
0.4729 0.3197579
0.47325 0.3199728
0.4736 0.320264
0.47395 0.320264
0.4743 0.3208208
0.47465 0.3198804
0.475 0.3208208
0.47535 0.3193395999999999
0.4757 0.3208321
0.47605 0.3203534999999999
0.4764 0.3203534999999999
0.47675 0.3203534999999999
0.4771 0.3204580999999999
0.47745 0.3208872
0.4778 0.3204863
0.47815 0.3208395
0.4785 0.3207133
0.47885 0.3207133
0.4792 0.3206007
0.47955 0.3205257
0.4799 0.320387
0.48025 0.3203265
0.4806 0.3202220999999999
0.48095 0.320116
0.4813 0.3199686
0.48165 0.3198245
0.482 0.3194297
0.48235 0.3194297
0.4827 0.319383
0.48305 0.319383
0.4834 0.3186840999999999
0.48375 0.3182422
0.4841 0.3175914999999999
0.48445 0.3160176
0.4848 0.3152689
0.48515 0.3151782
0.4855 0.3151782
0.48585 0.3156436999999999
0.4862 0.3159107
0.48655 0.316749
0.4869 0.3177655
0.48725 0.3177655
0.4876 0.3175126
0.48795 0.3175126
0.4883 0.3189296
0.48865 0.3189296
0.489 0.3195257999999999
0.48935 0.3181158
0.4897 0.3195257999999999
0.49005 0.3192808
0.4904 0.3192808
0.49075 0.3192808
0.4911 0.319382
0.49145 0.3197127
0.4918 0.31975
0.49215 0.3197127
0.4925 0.3194278
0.49285 0.3194278
0.4932 0.3194958
0.49355 0.3194958
0.4939 0.3200642
0.49425 0.3200642
0.4946 0.3200642
0.49495 0.3202452
0.4953 0.3201544
0.49565 0.3204125
0.496 0.3202450999999999
0.49635 0.3203425
0.4967 0.3202775
0.49705 0.3202775
0.4974 0.3202159
0.49775 0.3201924
0.4981 0.320159
0.49845 0.3199468
0.4988 0.3199468
0.49915 0.3197453
0.4995 0.3199987999999999
0.49985 0.3196499
0.50055 0.3187156
0.5009 0.3187156
0.50125 0.3189377
0.5016 0.3189377
0.50195 0.3187185999999999
0.5023 0.3185319
0.50265 0.3171556
0.503 0.3152869
0.50335 0.3158882
0.5037 0.3158882
0.50405 0.3158882
0.5044 0.3171143
0.50475 0.3180124
0.5051 0.3180352
0.50545 0.3180352
0.5058 0.3172784999999999
0.50615 0.3172784999999999
0.5065 0.3156864
0.50685 0.3164217
0.5072 0.3164217
0.50755 0.3170075
0.5079 0.3170075
0.50825 0.3168315
0.5086 0.3168315
0.50895 0.3168315
0.5093 0.3167466
0.50965 0.3164595999999999
0.51 0.3164595999999999
0.51035 0.317003
0.5107 0.3173268
0.51105 0.3175929999999999
0.5114 0.3175929999999999
0.51175 0.3175929999999999
0.5121 0.3180065
0.51245 0.3188361
0.5128 0.3188659
0.51315 0.3188659
0.5135 0.3188659
0.51385 0.3189629
0.5142 0.3189629
0.51455 0.3189629
0.5149 0.31921
0.51525 0.3196567
0.5156 0.3197295
0.51595 0.3197295
0.5163 0.3197295
0.51665 0.3195597
0.517 0.3197815
0.51735 0.3197311
0.5177 0.3197311
0.51805 0.3197311
0.5184 0.319728
0.51875 0.319728
0.5191 0.3197005
0.51945 0.3194869999999999
0.5198 0.3194837
0.52015 0.3194837
0.5205 0.3194126
0.52085 0.3193565
0.5212 0.3192275
0.52155 0.3192245999999999
0.5219 0.319002
0.52225 0.3189876
0.5226 0.3188136
0.52295 0.3186946
0.5233 0.317152
0.52365 0.317152
0.524 0.3167092999999999
0.52435 0.3181944
0.5247 0.3181944
0.52505 0.3185199
0.5254 0.3186461
0.52575 0.3189915
0.5261 0.3190012
0.52645 0.3189915
0.5268 0.31815
0.52715 0.3180989
0.5275 0.3180989
0.52785 0.3180989
0.5282 0.3185372
0.52855 0.3185372
0.5289 0.3180321
0.52925 0.3180002999999999
0.5296 0.3179682
0.52995 0.3179682
0.5303 0.3179682
0.53065 0.3173325999999999
0.531 0.3173325999999999
0.53135 0.3181729
0.5317 0.3181729
0.53205 0.3181059
0.5324 0.3175505
0.53275 0.3175505
0.5331 0.3175505
0.53345 0.3177598
0.5338 0.3177598
0.53415 0.3177598
0.5345 0.3177234
0.53485 0.3174735
0.5352 0.3169882
0.53555 0.3167218
0.5359 0.3161999
0.53625 0.3161999
0.5366 0.3159759
0.53695 0.3153912
0.5373 0.3153912
0.53765 0.3147116
0.538 0.3144274
0.53835 0.3140187
0.5387 0.3135243
0.53905 0.3131619
0.5394 0.3123805
0.53975 0.3116282
0.5401 0.3116282
0.54045 0.3103618
0.5408 0.3093242
0.54115 0.3076278
0.5415 0.3074743
0.54185 0.3055797999999999
0.5422 0.3051499
0.54255 0.3051499
0.5429 0.3052121
0.54325 0.3053113
0.5436 0.3055728
0.54395 0.306469
0.5443 0.3080237
0.54465 0.3102225999999999
0.545 0.3103977
0.54535 0.3112497
0.5457 0.3125123
0.54605 0.3125123
0.5464 0.3133895
0.54675 0.314212
0.5471 0.3155467
0.54745 0.3156063
0.5478 0.3161927
0.54815 0.3165128
0.5485 0.3167135
0.54885 0.3168347
0.5492 0.3167135
0.54955 0.3169369999999999
0.5499 0.3165409999999999
0.55025 0.3174122
0.5506 0.3174122
0.55095 0.3174122
0.5513 0.3175825999999999
0.55165 0.3169296
0.552 0.3175542999999999
0.55235 0.3174002
0.5527 0.3174002
0.55305 0.3174002
0.5534 0.3175075999999999
0.55375 0.3175075999999999
0.5541 0.3174836
0.55445 0.3173449
0.5548 0.3173449
0.55515 0.3174035999999999
0.5555 0.3174035999999999
0.55585 0.3176840999999999
0.5562 0.3177645999999999
0.55655 0.3177645999999999
0.5569 0.3175103
0.55725 0.3175103
0.5576 0.3177958
0.55795 0.3177958
0.5583 0.317793
0.55865 0.317793
0.559 0.3176199
0.55935 0.3178207
0.5597 0.317626
0.56005 0.317626
0.5604 0.317626
0.56075 0.3175396
0.5611 0.3176973
0.56145 0.3177289
0.5618 0.3177289
0.56215 0.3175560999999999
0.5625 0.3175560999999999
0.56285 0.3176915
0.5632 0.3176915
0.56355 0.3172912
0.5639 0.3171355999999999
0.56425 0.3172912
0.5646 0.3170923
0.56495 0.3170923
0.5653 0.3170499
0.56565 0.316961
0.566 0.3162835
0.56635 0.3156525
0.5667 0.3156525
0.56705 0.315648
0.5674 0.315648
0.56775 0.3151912
0.5681 0.3139547
0.56845 0.3139547
0.5688 0.3135862
0.56915 0.3135459
0.5695 0.3118879
0.56985 0.3125467
0.5702 0.3125467
0.57055 0.3146282999999999
0.5709 0.3146282999999999
0.57125 0.3137127999999999
0.5716 0.3134386
0.57195 0.3136752
0.5723 0.3136752
0.57265 0.3136752
0.573 0.3140249
0.57335 0.312082
0.5737 0.3127897
0.57405 0.312082
0.5744 0.3108894
0.57475 0.3108894
0.5751 0.3094874
0.57545 0.3123044
0.5758 0.3123044
0.57615 0.3123044
0.5765 0.3120745
0.57685 0.3114638
0.5772 0.3120745
0.57755 0.3126917999999999
0.5779 0.3131217
0.57825 0.3132977
0.5786 0.313676
0.57895 0.3140700999999999
0.5793 0.3141288
0.57965 0.3143250999999999
0.58 0.3144981
0.58035 0.3147557
0.5807 0.3150252
0.58105 0.3155817999999999
0.5814 0.3155817999999999
0.58175 0.3157886
0.5821 0.3157618
0.58245 0.3157618
0.5828 0.3157618
0.58315 0.3158719
0.5835 0.3161850999999999
0.58385 0.3161850999999999
0.5842 0.3161850999999999
0.58455 0.3163551
0.5849 0.3163551
0.58525 0.3159525
0.5856 0.3159525
0.58595 0.3159525
0.5863 0.315772
0.58665 0.3157478
0.587 0.3154749
0.58735 0.3153968
0.5877 0.3149505
0.58805 0.3132487
0.5884 0.3132487
0.58875 0.3132487
0.5891 0.3139087
0.58945 0.3139087
0.5898 0.3119204
0.59015 0.3119204
0.5905 0.3136539
0.59085 0.3136539
0.5912 0.3135532
0.59155 0.31285
0.5919 0.3129724
0.59225 0.31285
0.5926 0.3129724
0.59295 0.3136249
0.5933 0.3136249
0.59365 0.3124385
0.594 0.3112112
0.59435 0.3046032
0.5947 0.3046032
0.59505 0.3110855
0.5954 0.3113805999999999
0.59575 0.3113805999999999
0.5961 0.3113805999999999
0.59645 0.3110453
0.5968 0.3121963
0.59715 0.3121963
0.5975 0.3121963
0.59785 0.3109423
0.5982 0.3109423
0.59855 0.3122322
0.5989 0.3122322
0.59925 0.3122322
0.5996 0.3124112
0.59995 0.313034
0.6003 0.313034
0.60065 0.3113907999999999
0.601 0.3113907999999999
0.60135 0.3132408
0.6017 0.3138802
0.60205 0.3139091
0.6024 0.3144579
0.60275 0.3144579
0.6031 0.3146516
0.60345 0.3150887
0.6038 0.3150887
0.60415 0.3149691
0.6045 0.3149691
0.60485 0.3147238
0.6052 0.3150499
0.60555 0.3148169
0.6059 0.3148169
0.60625 0.3146352
0.6066 0.3144677
0.60695 0.3144886
0.6073 0.3144677
0.60765 0.3140048
0.608 0.3137105
0.60835 0.3133328
0.6087 0.313188
0.60905 0.3130492
0.6094 0.3130314
0.60975 0.3130492
0.6101 0.3129694
0.61045 0.3127975
0.6108 0.3121328
0.61115 0.3116405
0.6115 0.3106860999999999
0.61185 0.309355
0.6122 0.3078349
0.61255 0.30782
0.6129 0.3058663
0.61325 0.303346
0.6136 0.3003792999999999
0.61395 0.2981679
0.6143 0.2961519
0.61465 0.2945001
0.615 0.2937426
0.61535 0.2937229
0.6157 0.292905
0.61605 0.2911112999999999
0.6164 0.2899892
0.61675 0.2890922
0.6171 0.2864792
0.61745 0.2817517
0.6178 0.2769880999999999
0.61815 0.2769777
0.6185 0.2732930999999999
0.61885 0.2713384
0.6192 0.2703047999999999
0.61955 0.2703047999999999
0.6199 0.2718322999999999
0.62025 0.2744782
0.6206 0.2774114
0.62095 0.277419
0.6213 0.2790344999999999
0.62165 0.2810774
0.622 0.2847192
0.62235 0.2887164
0.6227 0.2918732
0.62305 0.2950334
0.6234 0.2981187
0.62375 0.2982705
0.6241 0.3015042999999999
0.62445 0.3040934
0.6248 0.3058187
0.62515 0.307592
0.6255 0.3090845
0.62585 0.3103817
0.6262 0.3112084
0.62655 0.3112096
0.6269 0.3113119
0.62725 0.3122321
0.6276 0.3122321
0.62795 0.3126656
0.6283 0.3133637
0.62865 0.3135679
0.629 0.3140199999999999
0.62935 0.3141204999999999
0.6297 0.3143223
0.63005 0.3146784
0.6304 0.3149651
0.63075 0.3149651
0.6311 0.3142900999999999
0.63145 0.3141219999999999
0.6318 0.3114582
0.63215 0.3114582
0.6325 0.314265
0.63285 0.3142946
0.6332 0.3145363
0.63355 0.3146489
0.6339 0.3147767
0.63425 0.314834
0.6346 0.3147767
0.63495 0.3144377
0.6353 0.3144377
0.63565 0.3140600999999999
0.636 0.3140600999999999
0.63635 0.3140600999999999
0.6367 0.3135054
0.63705 0.3135054
0.6374 0.3135054
0.63775 0.3131314
0.6381 0.3134694
0.63845 0.313252
0.6388 0.313252
0.63915 0.3131532999999999
0.6395 0.3131532999999999
0.63985 0.3133690999999999
0.6402 0.3134866
0.64055 0.3133690999999999
0.6409 0.3133124
0.64125 0.3130078
0.6416 0.312695
0.64195 0.312695
0.6423 0.3124018
0.64265 0.3127115
0.643 0.3124437
0.64335 0.3124567
0.6437 0.3124437
0.64405 0.3123611
0.6444 0.3123611
0.64475 0.3123611
0.6451 0.3123435
0.64545 0.3123435
0.6458 0.3110699
0.64615 0.3080410999999999
0.6465 0.3080410999999999
0.64685 0.3084033
0.6472 0.3107609
0.64755 0.3107609
0.6479 0.3102717
0.64825 0.3091479
0.6486 0.3100487999999999
0.64895 0.3096041
0.6493 0.3100487999999999
0.64965 0.3107927
0.65 0.3107927
0.65035 0.3109727
0.6507 0.3107723
0.65105 0.3063952
0.6514 0.3063952
0.65175 0.3063952
0.6521 0.3082984
0.65245 0.3107058
0.6528 0.3107058
0.65315 0.3100393
0.6535 0.3096634
0.65385 0.3098218
0.6542 0.3065032
0.65455 0.3090485
0.6549 0.3090485
0.65525 0.3090485
0.6556 0.3072023
0.65595 0.307086
0.6563 0.307086
0.65665 0.3074906
0.657 0.3076472
0.65735 0.3076472
0.6577 0.3076472
0.65805 0.3076784
0.6584 0.3076784
0.65875 0.3072577999999999
0.6591 0.307181
0.65945 0.307181
0.6598 0.3066688
0.66015 0.3066688
0.6605 0.3072595999999999
0.66085 0.3072595999999999
0.6612 0.3064872
0.66155 0.3064653
0.6619 0.3060859
0.66225 0.3056591
0.6626 0.3051041
0.66295 0.3050469
0.6633 0.3047424
0.66365 0.3046942
0.664 0.3046821
0.66435 0.3046821
0.6647 0.3044794
0.66505 0.3042031
0.6654 0.3032265999999999
0.66575 0.3030759
0.6661 0.3020673
0.66645 0.3015519
0.6668 0.3015519
0.66715 0.3018802
0.6675 0.3019345
0.66785 0.30222
0.6682 0.3022617999999999
0.66855 0.3027869
0.6689 0.3031032999999999
0.66925 0.3036804999999999
0.6696 0.3045719999999999
0.66995 0.3055180999999999
0.6703 0.3063127
0.67065 0.3071519
0.671 0.3071519
0.67135 0.3078433
0.6717 0.3087045
0.67205 0.309593
0.6724 0.3099257
0.67275 0.3108261
0.6731 0.3113555
0.67345 0.3119884
0.6738 0.3120549
0.67415 0.3124022
0.6745 0.3126466
0.67485 0.3130439
0.6752 0.3136299
0.67555 0.3136299
0.6759 0.3138466
0.67625 0.3139984
0.6766 0.314044
0.67695 0.3141545
0.6773 0.3141545
0.67765 0.3143402999999999
0.678 0.3143402999999999
0.67835 0.313927
0.6787 0.3138005
0.67905 0.3135094
0.6794 0.3133859
0.67975 0.3132475
0.6801 0.3129289
0.68045 0.3126597
0.6808 0.3120948
0.68115 0.3115436
0.6815 0.3114215
0.68185 0.3103527
0.6822 0.3098304
0.68255 0.3094867
0.6829 0.3094867
0.68325 0.3098217
0.6836 0.3098217
0.68395 0.3096880999999999
0.6843 0.3096880999999999
0.68465 0.3100509
0.685 0.3104487999999999
0.68535 0.3108580999999999
0.6857 0.3110055
0.68605 0.3111583
0.6864 0.3111583
0.68675 0.3098491
0.6871 0.3098491
0.68745 0.3118108
0.6878 0.3119138
0.68815 0.3119138
0.6885 0.3118197
0.68885 0.3115358
0.6892 0.3115358
0.68955 0.3088934
0.6899 0.312201
0.69025 0.3119515999999999
0.6906 0.3120137
0.69095 0.3119515999999999
0.6913 0.31168
0.69165 0.3114313
0.692 0.3104129
0.69235 0.3104114
0.6927 0.3102968
0.69305 0.309845
0.6934 0.3090613
0.69375 0.3087053
0.6941 0.3087053
0.69445 0.3087053
0.6948 0.3073374
0.69515 0.3073395
0.6955 0.3073374
0.69585 0.3049673
0.6962 0.3049673
0.69655 0.3060149
0.6969 0.3060149
0.69725 0.3048857
0.6976 0.3008533
0.69795 0.3023821
0.6983 0.3015295
0.69865 0.3015295
0.699 0.2995002
0.69935 0.297379
0.6997 0.297379
0.70005 0.2909912
0.7004 0.2884992
0.70075 0.2884992
0.7011 0.2892923
0.70145 0.2892923
0.7018 0.2873943
0.70215 0.2862798
0.7025 0.2862798
0.70285 0.2862798
0.7032 0.2899030999999999
0.70355 0.2899030999999999
0.7039 0.2885265999999999
0.70425 0.2885265999999999
0.7046 0.2897197999999999
0.70495 0.2898350999999999
0.7053 0.2898350999999999
0.70565 0.2965360999999999
0.706 0.2965360999999999
0.70635 0.2965360999999999
0.7067 0.2974551
0.70705 0.2974551
0.7074 0.2989731
0.70775 0.2992973
0.7081 0.3002075999999999
0.70845 0.3014255999999999
0.7088 0.3021066
0.70915 0.3014255999999999
0.7095 0.3029206
0.70985 0.3031534999999999
0.7102 0.304411
0.71055 0.304411
0.7109 0.3049732
0.71125 0.3049102
0.7116 0.3057617
0.71195 0.3061049
0.7123 0.3061049
0.71265 0.3058686
0.713 0.3058377
0.71335 0.3058377
0.7137 0.3060415999999999
0.71405 0.3060415999999999
0.7144 0.3058107
0.71475 0.3033071
0.7151 0.3029199999999999
0.71545 0.3000047999999999
0.7158 0.2961641
0.71615 0.2957023
0.7165 0.2902535
0.71685 0.2832484
0.7172 0.2753972
0.71755 0.2655031
0.7179 0.2622725999999999
0.71825 0.2564987999999999
0.7186 0.2563887
0.71895 0.2507824
0.7193 0.2456082
0.71965 0.2456082
0.72 0.2338877999999999
0.72035 0.2319259
0.7207 0.2319259
0.72105 0.2319259
0.7214 0.2288661
0.72175 0.2277929
0.7221 0.2269168999999999
0.72245 0.2249949
0.7228 0.2239864999999999
0.72315 0.2186168999999999
0.7235 0.1986348
0.72385 0.1946813999999999
0.7242 0.1946813999999999
0.72455 0.1859076
0.7249 0.1795661
0.72525 0.164071
0.7256 0.1536281
0.72595 0.1531927
0.7263 0.1526838
0.72665 0.1433848999999999
0.727 0.1394451
0.72735 0.1387372
0.7277 0.1387372
0.72805 0.1491134
0.7284 0.1635052
0.72875 0.1642632
0.7291 0.1786547999999999
0.72945 0.1836377
0.7298 0.1836377
0.73015 0.1853933
0.7305 0.1930777999999999
0.73085 0.2039297999999999
0.7312 0.2141021
0.73155 0.2153089
0.7319 0.2207511
0.73225 0.2211755
0.7326 0.2281699
0.73295 0.2281699
0.7333 0.2318041
0.73365 0.2457569
0.734 0.2480773999999999
0.73435 0.2505441
0.7347 0.2606231
0.73505 0.2649661
0.7354 0.2679902
0.73575 0.2679902
0.7361 0.2679902
0.73645 0.2764395999999999
0.7368 0.2764395999999999
0.73715 0.2770250999999999
0.7375 0.2853784
0.73785 0.2855777
0.7382 0.2892334
0.73855 0.2913945
0.7389 0.2897355
0.73925 0.2941954
0.7396 0.2991677
0.73995 0.2997139
0.7403 0.3023359
0.74065 0.3046607
0.741 0.3046607
0.74135 0.3059214
0.7417 0.3065268
0.74205 0.3079268
0.7424 0.3079268
0.74275 0.3085198
0.7431 0.3096517
0.74345 0.3100854
0.7438 0.3102789999999999
0.74415 0.3102871
0.7445 0.3104099999999999
0.74485 0.3104099999999999
0.7452 0.3104045
0.74555 0.3104045
0.7459 0.3104045
0.74625 0.3106514
0.7466 0.3106022999999999
0.74695 0.3106022999999999
0.7473 0.3106022999999999
0.74765 0.3103445999999999
0.748 0.3105585
0.74835 0.3105585
0.7487 0.3105585
0.74905 0.3105828
0.7494 0.3105125
0.74975 0.3105125
0.7501 0.3103627
0.75045 0.3103627
0.7508 0.3104909999999999
0.75115 0.3107225999999999
0.7515 0.3107225999999999
0.75185 0.3105717
0.7522 0.310403
0.75255 0.3103752999999999
0.7529 0.3103752999999999
0.75325 0.3107506
0.7536 0.3107506
0.75395 0.3106695
0.7543 0.3106369
0.75465 0.3103991
0.755 0.3103199
0.75535 0.3102974
0.7557 0.3101938
0.75605 0.3100439
0.7564 0.3098317
0.75675 0.3095180999999999
0.7571 0.3092743
0.75745 0.3085474
0.7578 0.3084862
0.75815 0.3084309
0.7585 0.3083353
0.75885 0.3079128
0.7592 0.307481
0.75955 0.3056935
0.7599 0.3052455
0.76025 0.3045877
0.7606 0.3039120999999999
0.76095 0.3039120999999999
0.7613 0.3044633
0.76165 0.3044633
0.762 0.3026478
0.76235 0.3017687
0.7627 0.301363
0.76305 0.3010177
0.7634 0.3010177
0.76375 0.300971
0.7641 0.3006460999999999
0.76445 0.2997975999999999
0.7648 0.2996683
0.76515 0.2996683
0.7655 0.3000220999999999
0.76585 0.3000220999999999
0.7662 0.2995897
0.76655 0.2995464
0.7669 0.2982343
0.76725 0.2982343
0.7676 0.299053
0.76795 0.3001052
0.7683 0.3001052
0.76865 0.2995888
0.769 0.2994075999999999
0.76935 0.2994075999999999
0.7697 0.2995657
0.77005 0.2995657
0.7704 0.2992945999999999
0.77075 0.2986581
0.7711 0.2984565999999999
0.77145 0.2983574
0.7718 0.2980880999999999
0.77215 0.298086
0.7725 0.2966624
0.77285 0.2940127999999999
0.7732 0.2915264
0.77355 0.2915264
0.7739 0.2917548
0.77425 0.2928049
0.7746 0.2928049
0.77495 0.2927043
0.7753 0.2918126
0.77565 0.2902436
0.776 0.2889698
0.77635 0.2881855
0.7767 0.2877878
0.77705 0.2869819
0.7774 0.2858794
0.77775 0.2858055999999999
0.7781 0.2843091
0.77845 0.282851
0.7788 0.2815477
0.77915 0.2799479
0.7795 0.2769458
0.77985 0.2734855
0.7802 0.2690376
0.78055 0.2690274
0.7809 0.2644479
0.78125 0.2615245
0.7816 0.2612307
0.78195 0.2602622
0.7823 0.2596304
0.78265 0.2596304
0.783 0.2579182
0.78335 0.2576938
0.7837 0.2576938
0.78405 0.2578031
0.7844 0.2647247
0.78475 0.2647247
0.7851 0.2662967
0.78545 0.2662967
0.7858 0.2632146999999999
0.78615 0.2632146999999999
0.7865 0.2656766
0.78685 0.2658083
0.7872 0.2658083
0.78755 0.2681504
0.7879 0.2686442
0.78825 0.2705378
0.7886 0.2711160999999999
0.78895 0.2713497
0.7893 0.2716164
0.78965 0.2720145
0.79 0.2720145
0.79035 0.2717074
0.7907 0.2713320999999999
0.79105 0.2695024
0.7914 0.2670492
0.79175 0.2667758
0.7921 0.2630625
0.79245 0.2606655
0.7928 0.2553936
0.79315 0.2553936
0.7935 0.2581513
0.79385 0.2581513
0.7942 0.2540139
0.79455 0.2534605
0.7949 0.2503211
0.79525 0.2494135
0.7956 0.2494135
0.79595 0.2446692
0.7963 0.2438641
0.79665 0.2438641
0.797 0.2443671
0.79735 0.2448745
0.7977 0.2448745
0.79805 0.2456719
0.7984 0.2472558999999999
0.79875 0.2475308999999999
0.7991 0.2479103999999999
0.79945 0.2510998
0.7998 0.2527468
0.80015 0.2529824
0.8005 0.2530501
0.80085 0.2569303
0.8012 0.2569303
0.80155 0.2568172
0.8019 0.2568172
0.80225 0.2585502999999999
0.8026 0.2593495
0.80295 0.2617031
0.8033 0.2617031
0.80365 0.2653057
0.804 0.2653607999999999
0.80435 0.2664936
0.8047 0.2688488
0.80505 0.2706477
0.8054 0.2713142
0.80575 0.2713142
0.8061 0.2713142
0.80645 0.2732983
0.8068 0.2760039
0.80715 0.2782086
0.8075 0.2782086
0.80785 0.2795899
0.8082 0.280587
0.80855 0.280587
0.8089 0.2805512
0.80925 0.2790083
0.8096 0.2790083
0.80995 0.2814445
0.8103 0.2823665
0.81065 0.2823665
0.811 0.2825925
0.81135 0.2834587999999999
0.8117 0.2841797
0.81205 0.2846971
0.8124 0.2859348
0.81275 0.2877435
0.8131 0.2859348
0.81345 0.2897184
0.8138 0.2902755999999999
0.81415 0.290881
0.8145 0.290881
0.81485 0.2721063
0.8152 0.2721063
0.81555 0.2894073
0.8159 0.2908954
0.81625 0.2908954
0.8166 0.2930538
0.81695 0.291753
0.8173 0.2934044
0.81765 0.291753
0.818 0.2912772999999999
0.81835 0.2912772999999999
0.8187 0.2922313
0.81905 0.29556
0.8194 0.29556
0.81975 0.29556
0.8201 0.2967547
0.82045 0.2981579
0.8208 0.2981579
0.82115 0.2974020999999999
0.8215 0.2974020999999999
0.82185 0.2974020999999999
0.8222 0.2959928
0.82255 0.2958551
0.8229 0.2910346
0.82325 0.2721187
0.8236 0.2813456
0.82395 0.2813456
0.8243 0.2960011
0.82465 0.2993861
0.825 0.3001140999999999
0.82535 0.3001140999999999
0.8257 0.2982278
0.82605 0.2982278
0.8264 0.2996549
0.82675 0.2999392
0.8271 0.2996549
0.82745 0.2969381
0.8278 0.2899979
0.82815 0.2957631
0.8285 0.2957631
0.82885 0.2957631
0.8292 0.298256
0.82955 0.2988119999999999
0.8299 0.2988119999999999
0.83025 0.298203
0.8306 0.298203
0.83095 0.2991637
0.8313 0.2999992
0.83165 0.2991637
0.832 0.2942097
0.83235 0.2942097
0.8327 0.2958498
0.83305 0.2992364
0.8334 0.2962250999999999
0.83375 0.2962250999999999
0.8341 0.2870051
0.83445 0.2870051
0.8348 0.2870051
0.83515 0.2890054999999999
0.8355 0.2859466
0.83585 0.2859466
0.8362 0.2835293
0.83655 0.2832693
0.8369 0.2803342
0.83725 0.2781953
0.8376 0.2691932
0.83795 0.2691393
0.8383 0.2681314
0.83865 0.2626664
0.839 0.2626664
0.83935 0.2629417999999999
0.8397 0.266389
0.84005 0.266389
0.8404 0.2662415999999999
0.84075 0.2581492
0.8411 0.2515203
0.84145 0.2512138
0.8418 0.2509165
0.84215 0.2512138
0.8425 0.2654719
0.84285 0.2741712999999999
0.8432 0.2741712999999999
0.84355 0.273576
0.8439 0.2691079
0.84425 0.2691079
0.8446 0.2714843
0.84495 0.2725285999999999
0.8453 0.2766782
0.84565 0.280104
0.846 0.2819963
0.84635 0.2852841
0.8467 0.2852841
0.84705 0.2851652
0.8474 0.2847229
0.84775 0.2846671
0.8481 0.2847229
0.84845 0.2833713
0.8488 0.2863334
0.84915 0.2879799
0.8495 0.2879799
0.84985 0.2876535
0.8502 0.2843194
0.85055 0.2787599
0.8509 0.2787599
0.85125 0.2787599
0.8516 0.2801381
0.85195 0.278596
0.8523 0.278596
0.85265 0.2740594999999999
0.853 0.2691186
0.85335 0.2681274
0.8537 0.2662416999999999
0.85405 0.262398
0.8544 0.2577216
0.85475 0.2523796
0.8551 0.2497032
0.85545 0.2434599999999999
0.8558 0.2434599999999999
0.85615 0.2407688
0.8565 0.2360538999999999
0.85685 0.2329055
0.8572 0.2228406
0.85755 0.2147186999999999
0.8579 0.1913558
0.85825 0.1913558
0.8586 0.1913558
0.85895 0.1907392
0.8593 0.1907392
0.85965 0.1907392
0.86 0.1849443
0.86035 0.1708316
0.8607 0.1577046
0.86105 0.1577046
0.8614 0.152247
0.86175 0.1359408999999999
0.8621 0.1337032
0.86245 0.1359408999999999
0.8628 0.1314441
0.86315 0.1354204
0.8635 0.1306517
0.86385 0.1306517
0.8642 0.1243423
0.86455 0.1118778
0.8649 0.1243423
0.86525 0.1349767
0.8656 0.1364945
0.86595 0.144048
0.8663 0.1465056
0.86665 0.1465056
0.867 0.1321628
0.86735 0.1321628
0.8677 0.1352392
0.86805 0.1731883
0.8684 0.1741289
0.86875 0.182536
0.8691 0.1934490999999999
0.86945 0.1948124
0.8698 0.1948124
0.87015 0.1928105
0.8705 0.185514
0.87085 0.1798442
0.8712 0.1781664
0.87155 0.1798442
0.8719 0.1769773
0.87225 0.21298
0.8726 0.1846823
0.87295 0.1846823
0.8733 0.1846823
0.87365 0.1997065
0.874 0.2174682
0.87435 0.2174682
0.8747 0.2174682
0.87505 0.2156705
0.8754 0.222926
0.87575 0.2106906
0.8761 0.2126596
0.87645 0.2104692999999999
0.8768 0.2104692999999999
0.87715 0.2031858
0.8775 0.1614671
0.87785 0.1614671
0.8782 0.1100535
0.87855 0.1100535
0.8789 0.1954158999999999
0.87925 0.1954158999999999
0.8796 0.120542
0.87995 0.0689738999999999
0.8803 0.0954319
0.88065 0.0755938
0.881 0.0755938
0.88135 0.067459
0.8817 0.0511636999999999
0.88205 0.0255624
0.8824 0.0167939
0.88275 0.0126057999999999
0.8831 0.0126057999999999
0.88345 0.0121926
0.8838 0.0103017999999999
0.88415 0.0121926
0.8845 0.022311
0.88485 0.0250132
0.8852 0.0285314
0.88555 0.0285314
0.8859 0.0189592
0.88625 0.0159649
0.8866 0.0059521
0.88695 0.004139
0.8873 0.004139
0.88765 0.005032
0.888 0.0070491
0.88835 0.0091475
0.8887 0.0091475
0.88905 0.0046545
0.8894 0.0046311
0.88975 0.0046311
0.8901 0.0114824
0.89045 0.0140165999999999
0.8908 0.0144061
0.89115 0.0140165999999999
0.8915 0.0144061
0.89185 0.0189513
0.8922 0.0189513
0.89255 0.0185962
0.8929 0.0176460999999999
0.89325 0.0169335
0.8936 0.0135896
0.89395 0.0127459999999999
0.8943 0.0127791
0.89465 0.0127459999999999
0.895 0.0124417
0.89535 0.0097002999999999
0.8957 0.0097002999999999
0.89605 0.0142755
0.8964 0.0311144
0.89675 0.0331630999999999
0.8971 0.0311144
0.89745 0.0345156999999999
0.8978 0.0338242
0.89815 0.0345156999999999
0.8985 0.0342918
0.89885 0.036177
0.8992 0.0342918
0.89955 0.0337226
0.8999 0.0337226
0.90025 0.0490078
0.9006 0.0622691
0.90095 0.0685448
0.9013 0.0788703
0.90165 0.0881006
0.902 0.0881006
0.90235 0.0829488
0.9027 0.0829488
0.90305 0.1175298999999999
0.9034 0.1230796
0.90375 0.1175298999999999
0.9041 0.1374685
0.90445 0.1513714
0.9048 0.1593114
0.90515 0.1593114
0.9055 0.1740081
0.90585 0.1984479
0.9062 0.1984479
0.90655 0.1834897999999999
0.9069 0.1834897999999999
0.90725 0.1862792
0.9076 0.1862792
0.90795 0.2095501
0.9083 0.183355
0.90865 0.2095501
0.909 0.1858952
0.90935 0.1858952
0.9097 0.1795216
0.91005 0.1795216
0.9104 0.2192507
0.91075 0.2192507
0.9111 0.2201626
0.91145 0.2297342
0.9118 0.2297342
0.91215 0.2246551
0.9125 0.2169029
0.91285 0.2169029
0.9132 0.1858275
0.91355 0.184396
0.9139 0.184396
0.91425 0.2375946
0.9146 0.2406967
0.91495 0.2400971
0.9153 0.2400971
0.91565 0.2285367
0.916 0.2282742999999999
0.91635 0.2282742999999999
0.9167 0.2343573
0.91705 0.235809
0.9174 0.2479412
0.91775 0.2479412
0.9181 0.2479412
0.91845 0.2506373999999999
0.9188 0.2506373999999999
0.91915 0.2445112
0.9195 0.2372186999999999
0.91985 0.2372186999999999
0.9202 0.2372186999999999
0.92055 0.2346601
0.9209 0.2481722
0.92125 0.2346601
0.9216 0.2220165
0.92195 0.2220165
0.9223 0.1838041
0.92265 0.2284581
0.923 0.2482608999999999
0.92335 0.2482608999999999
0.9237 0.2378414999999999
0.92405 0.2378414999999999
0.9244 0.2378414999999999
0.92475 0.2267201
0.9251 0.2214412
0.92545 0.2267201
0.9258 0.2353967
0.92615 0.2353967
0.9265 0.2353967
0.92685 0.1141295
0.9272 0.2378349
0.92755 0.2378349
0.9279 0.2378349
0.92825 0.2343933999999999
0.9286 0.223768
0.92895 0.2343933999999999
0.9293 0.2474367
0.92965 0.2474367
0.93 0.2374647999999999
0.93035 0.1960262
0.9307 0.1583217999999999
0.93105 0.150058
0.9314 0.150058
0.93175 0.1510792
0.9321 0.2112974
0.93245 0.2107084
0.9328 0.2112974
0.93315 0.2365751
0.9335 0.2365751
0.93385 0.1770952
0.9342 0.1770952
0.93455 0.1706327
0.9349 0.1911783
0.93525 0.1706327
0.9356 0.2459639
0.93595 0.2076047999999999
0.9363 0.2443745
0.93665 0.2321214
0.937 0.2321214
0.93735 0.2321214
0.9377 0.2159907
0.93805 0.1840889
0.9384 0.1840889
0.93875 0.2053974999999999
0.9391 0.22996
0.93945 0.2391957
0.9398 0.2391957
0.94015 0.246663
0.9405 0.197395
0.94085 0.2524191
0.9412 0.2440494
0.94155 0.2619319
0.9419 0.2637995999999999
0.94225 0.2657039
0.9426 0.2657039
0.94295 0.2189686
0.9433 0.2189686
0.94365 0.2328641
0.944 0.2328641
0.94435 0.2328641
0.9447 0.2417596
0.94505 0.2417596
0.9454 0.24248
0.94575 0.24248
0.9461 0.2517289
0.94645 0.2517289
0.9468 0.2417214
0.94715 0.2117378999999999
0.9475 0.2117378999999999
0.94785 0.2349012999999999
0.9482 0.2528451
0.94855 0.2569961
0.9489 0.2528451
0.94925 0.2470622
0.9496 0.2416491
0.94995 0.2405942999999999
0.9503 0.2416491
0.95065 0.2612897999999999
0.951 0.2612897999999999
0.95135 0.2480302
0.9517 0.2480302
0.95205 0.2503311
0.9524 0.2503311
0.95275 0.2448841
0.9531 0.2448841
0.95345 0.2505512
0.9538 0.265123
0.95415 0.266269
0.9545 0.266269
0.95485 0.266269
0.9552 0.2520757
0.95555 0.2582792
0.9559 0.2582792
0.95625 0.2582792
0.9566 0.2555672
0.95695 0.2447445999999999
0.9573 0.2447445999999999
0.95765 0.2589005
0.958 0.2589005
0.95835 0.2589005
0.9587 0.256358
0.95905 0.256358
0.9594 0.2381478999999999
0.95975 0.2381478999999999
0.9601 0.2454547
0.96045 0.2454547
0.9608 0.2396569
0.96115 0.238525
0.9615 0.238525
0.96185 0.2295205
0.9622 0.2226502999999999
0.96255 0.203205
0.9629 0.203205
0.96325 0.1881358
0.9636 0.1887162999999999
0.96395 0.1887162999999999
0.9643 0.1887462
0.96465 0.1887462
0.965 0.1817053
0.96535 0.1790992
0.9657 0.1745811
0.96605 0.1675723
0.9664 0.1636902999999999
0.96675 0.1636902999999999
0.9671 0.1564231
0.96745 0.1612497
0.9678 0.1612497
0.96815 0.1710371
0.9685 0.1710371
0.96885 0.1644434
0.9692 0.1575756
0.96955 0.157018
0.9699 0.1492756
0.97025 0.1312277
0.9706 0.1128267
0.97095 0.1088994
0.9713 0.1128267
0.97165 0.1255997
0.972 0.134868
0.97235 0.1519102
0.9727 0.1536516
0.97305 0.1536516
0.9734 0.1496839999999999
0.97375 0.1469371
0.9741 0.1408164
0.97445 0.1469371
0.9748 0.1515108
0.97515 0.1515108
0.9755 0.1541987
0.97585 0.1676406
0.9762 0.1676406
0.97655 0.1506555
0.9769 0.1429796
0.97725 0.1429796
0.9776 0.137247
0.97795 0.137247
0.9783 0.1125673
0.97865 0.1125673
0.979 0.1347125
0.97935 0.1357867
0.9797 0.1357867
0.98005 0.0856076
0.9804 0.0856076
0.98075 0.0856076
0.9811 0.0873038
0.98145 0.0873786999999999
0.9818 0.0910377
0.98215 0.0873786999999999
0.9825 0.0847131999999999
0.98285 0.0322779999999999
0.9832 0.0665121
0.98355 0.0206786
0.9839 0.0611501
0.98425 0.0611501
0.9846 0.0611501
0.98495 0.064986
0.9853 0.016624
0.98565 0.0390055
0.986 0.0031576
0.98635 0.0390055
0.9867 0.0389695
0.98705 0.0389695
0.9874 0.0389695
0.98775 0.0346205
0.9881 0.0346205
0.98845 0.0034195999999999
0.9888 0.0034195999999999
0.98915 0.0072801
0.9895 0.0303190999999999
0.98985 0.0234903
0.9902 0.0298187
0.99055 0.0234903
0.9909 0.0298187
0.99125 0.0305524
0.9916 0.0339708
0.99195 0.0339708
0.9923 0.0371395999999999
0.99265 0.04598
0.993 0.04598
0.99335 0.04597
0.9937 0.0438656
0.99405 0.04597
0.9944 0.0470485999999999
0.99475 0.0470485999999999
0.9951 0.0241560999999999
0.99545 0.0241560999999999
0.9958 0.007818
0.99615 0.0349415999999999
0.9965 0.007818
0.99685 0.0397861
0.9972 0.0397861
0.99755 0.0397861
0.9979 0.0350089
0.99825 0.0341954
0.9986 0.0341954
0.99895 0.0341954
0.9993 0.0275625
