0.3 0.2531396
0.30035 0.2531396
0.3007 0.2531317999999999
0.30105 0.2531239
0.3014 0.2531158
0.30175 0.2531076
0.3021 0.2530992
0.30245 0.2530906
0.3028 0.2530818999999999
0.30315 0.253073
0.3035 0.253064
0.30385 0.2530547999999999
0.3042 0.2530433
0.30455 0.2530315
0.3049 0.2530196
0.30525 0.2530076
0.3056 0.2529954
0.30595 0.2529831
0.3063 0.2529707
0.30665 0.2529581
0.307 0.2529454
0.30735 0.2529326
0.3077 0.2529195999999999
0.30805 0.2529065
0.3084 0.2528933
0.30875 0.2528799
0.3091 0.2528665
0.30945 0.2528528
0.3098 0.2528391
0.31015 0.2528251999999999
0.3105 0.2528112
0.31085 0.2527971
0.3112 0.2527829
0.31155 0.2527685
0.3119 0.252754
0.31225 0.2527395
0.3126 0.2527248
0.31295 0.2527101
0.3133 0.2526952
0.31365 0.2526802
0.314 0.2526651
0.31435 0.2526499
0.3147 0.2526345
0.31505 0.2526191
0.3154 0.2526035
0.31575 0.2525878
0.3161 0.2525719
0.31645 0.252556
0.3168 0.2525399
0.31715 0.2525237999999999
0.3175 0.2525075
0.31785 0.2524911
0.3182 0.2524745
0.31855 0.2524578999999999
0.3189 0.2524411
0.31925 0.2524243
0.3196 0.2524073
0.31995 0.2523902
0.3203 0.252373
0.32065 0.2523557
0.321 0.2523382
0.32135 0.2523207
0.3217 0.252303
0.32205 0.2522852
0.3224 0.2522674
0.32275 0.2522494
0.3231 0.2522312
0.32345 0.252213
0.3238 0.2521947
0.32415 0.2521762
0.3245 0.2521576
0.32485 0.2521389
0.3252 0.2521201
0.32555 0.2521012
0.3259 0.2520821
0.32625 0.2520629
0.3266 0.2520435
0.32695 0.2520239
0.3273 0.2520041
0.32765 0.2519841
0.328 0.2519636
0.32835 0.2519426
0.3287 0.2519207
0.32905 0.2518971
0.3294 0.2518695999999999
0.32975 0.2518328999999999
0.3301 0.2517406
0.33045 0.2517406
0.3308 0.2517672
0.33115 0.2517672
0.3315 0.2517538
0.33185 0.2517369
0.3322 0.2517183999999999
0.33255 0.2516988
0.3329 0.2516788
0.33325 0.2516583
0.3336 0.2516376
0.33395 0.2516166999999999
0.3343 0.2515956
0.33465 0.2515744
0.335 0.251553
0.33535 0.2515313999999999
0.3357 0.2515098
0.33605 0.251488
0.3364 0.2514662
0.33675 0.2514442
0.3371 0.2514222
0.33745 0.2514007
0.3378 0.251379
0.33815 0.2513573
0.3385 0.2513354
0.33885 0.2513135
0.3392 0.2512914
0.33955 0.2512693
0.3399 0.251247
0.34025 0.2512247
0.3406 0.2512022
0.34095 0.2511797
0.3413 0.251157
0.34165 0.2511343
0.342 0.2511115
0.34235 0.2510886
0.3427 0.2510656
0.34305 0.2510425
0.3434 0.2510192
0.34375 0.2509959
0.3441 0.2509724
0.34445 0.2509485
0.3448 0.2509247
0.34515 0.2509017
0.3455 0.2508782
0.34585 0.2508544
0.3462 0.2508304999999999
0.34655 0.2508065
0.3469 0.2507824999999999
0.34725 0.2507583
0.3476 0.2507341
0.34795 0.2507098
0.3483 0.2506854
0.34865 0.2506609
0.349 0.2506363
0.34935 0.2506116
0.3497 0.2505869
0.35005 0.2505621
0.3504 0.2505372
0.35075 0.2505122
0.3511 0.2504871
0.35145 0.2504619999999999
0.3518 0.2504368
0.35215 0.2504114999999999
0.3525 0.2503861
0.35285 0.2503607
0.3532 0.2503351
0.35355 0.2503094999999999
0.3539 0.2502839
0.35425 0.2502581
0.3546 0.2502309
0.35495 0.2502051
0.3553 0.250179
0.35565 0.2501523
0.356 0.2500912
0.35635 0.2500873
0.3567 0.2500745
0.35705 0.2500158
0.3574 0.2499967
0.35775 0.2499739
0.3581 0.2499219
0.35845 0.2499135999999999
0.3588 0.2498748999999999
0.35915 0.2498726
0.3595 0.2497761
0.35985 0.2497126999999999
0.3602 0.2497102
0.36055 0.2497038999999999
0.3609 0.2496982
0.36125 0.2496982
0.3616 0.2496811
0.36195 0.2496679
0.3623 0.2496172
0.36265 0.2496063999999999
0.363 0.2495807
0.36335 0.2495528
0.3637 0.2495215999999999
0.36405 0.24948
0.3644 0.2494674
0.36475 0.2494397999999999
0.3651 0.2494106
0.36545 0.249379
0.3658 0.2493308999999999
0.36615 0.2493161
0.3665 0.2492917999999999
0.36685 0.249257
0.3672 0.2492248999999999
0.36755 0.2492005
0.3679 0.2491627999999999
0.36825 0.2491355
0.3686 0.2490802
0.36895 0.249078
0.3693 0.2490397
0.36965 0.2490141
0.37 0.248967
0.37035 0.2489304
0.3707 0.2488471
0.37105 0.2488471
0.3714 0.2488471
0.37175 0.2488041
0.3721 0.2487685
0.37245 0.2487482999999999
0.3728 0.2486928
0.37315 0.2486525
0.3735 0.2486452999999999
0.37385 0.2486032
0.3742 0.2485989
0.37455 0.2485433
0.3749 0.2484958
0.37525 0.2484181
0.3756 0.2484303
0.37595 0.2482489
0.3763 0.2483686
0.37665 0.2482989
0.377 0.2482989
0.37735 0.2482913
0.3777 0.248186
0.37805 0.248186
0.3784 0.2481399
0.37875 0.2480856
0.3791 0.2480207
0.37945 0.2479596
0.3798 0.2479231
0.38015 0.2479585
0.3805 0.2479585
0.38085 0.2479585
0.3812 0.2479448
0.38155 0.2479239
0.3819 0.2477694
0.38225 0.2477371
0.3826 0.2477371
0.38295 0.2477659
0.3833 0.2477659
0.38365 0.2477561
0.384 0.2477096
0.38435 0.2476994
0.3847 0.2476757
0.38505 0.2476485
0.3854 0.247614
0.38575 0.2475855
0.3861 0.2475517
0.38645 0.2475122
0.3868 0.2474847
0.38715 0.2474393
0.3875 0.2474103999999999
0.38785 0.2473775
0.3882 0.2473626
0.38855 0.2472965
0.3889 0.2472317
0.38925 0.2472185
0.3896 0.2472061
0.38995 0.2471678
0.3903 0.2471219999999999
0.39065 0.2470908
0.391 0.2470807
0.39135 0.2470489
0.3917 0.2469685
0.39205 0.2469494
0.3924 0.246937
0.39275 0.246862
0.3931 0.2468495
0.39345 0.2468495
0.3938 0.2468007
0.39415 0.2467322
0.3945 0.2466382999999999
0.39485 0.2466207
0.3952 0.2466197
0.39555 0.2465630999999999
0.3959 0.2464782999999999
0.39625 0.2464192
0.3966 0.2464192
0.39695 0.2464192
0.3973 0.246376
0.39765 0.2463013
0.398 0.246376
0.39835 0.2463013
0.3987 0.2462612
0.39905 0.2462567
0.3994 0.2462612
0.39975 0.2462567
0.4001 0.2462297999999999
0.40045 0.2462074
0.4008 0.246103
0.40115 0.246103
0.4015 0.2461032
0.40185 0.2461032
0.4022 0.2460003999999999
0.40255 0.2459747
0.4029 0.2459747
0.40325 0.2459566
0.4036 0.2458659
0.40395 0.2458395
0.4043 0.2458395
0.40465 0.2457956
0.405 0.2457932
0.40535 0.2457862999999999
0.4057 0.2457436999999999
0.40605 0.2456737
0.4064 0.2456409
0.40675 0.2456231
0.4071 0.2456181
0.40745 0.2456165
0.4078 0.2455908
0.40815 0.2455637
0.4085 0.2455342
0.40885 0.2454765
0.4092 0.2454467
0.40955 0.2454467
0.4099 0.2454022
0.41025 0.2453635
0.4106 0.2453382
0.41095 0.2453089
0.4113 0.2452444
0.41165 0.2452397
0.412 0.2451593
0.41235 0.2451018
0.4127 0.2451018
0.41305 0.245062
0.4134 0.2448802
0.41375 0.2448802
0.4141 0.2449242
0.41445 0.2449242
0.4148 0.2447464
0.41515 0.2445855
0.4155 0.244548
0.41585 0.2439155999999999
0.4162 0.2439155999999999
0.41655 0.2444998
0.4169 0.2444998
0.41725 0.2442648999999999
0.4176 0.2440071
0.41795 0.2442648999999999
0.4183 0.2444688
0.41865 0.2444688
0.419 0.2443594
0.41935 0.2442462999999999
0.4197 0.2437412
0.42005 0.2438884
0.4204 0.2438884
0.42075 0.2442643
0.4211 0.2442643
0.42145 0.2442587999999999
0.4218 0.2440394
0.42215 0.2439328
0.4225 0.2439328
0.42285 0.2439328
0.4232 0.2438181
0.42355 0.2432896
0.4239 0.2432896
0.42425 0.2433558999999999
0.4246 0.2433558999999999
0.42495 0.2436566
0.4253 0.2437595
0.42565 0.2437595
0.426 0.2428986
0.42635 0.2428986
0.4267 0.2431829999999999
0.42705 0.2435996
0.4274 0.2435755
0.42775 0.2436092999999999
0.4281 0.2435755
0.42845 0.2435021
0.4288 0.2433996
0.42915 0.2430583
0.4295 0.243215
0.42985 0.243215
0.4302 0.243215
0.43055 0.2432503999999999
0.4309 0.2432009
0.43125 0.2432009
0.4316 0.2432009
0.43195 0.243308
0.4323 0.2433807
0.43265 0.2433807
0.433 0.2433203
0.43335 0.2433069
0.4337 0.2432125
0.43405 0.243176
0.4344 0.243111
0.43475 0.243111
0.4351 0.243111
0.43545 0.2430655
0.4358 0.2430371
0.43615 0.2429652999999999
0.4365 0.2427159
0.43685 0.2427159
0.4372 0.242732
0.43755 0.242732
0.4379 0.2427387
0.43825 0.2427387
0.4386 0.2427387
0.43895 0.2427141
0.4393 0.2425687
0.43965 0.2424888
0.44 0.2423138
0.44035 0.2417699
0.4407 0.2414741
0.44105 0.2415282
0.4414 0.2414741
0.44175 0.2413564
0.4421 0.2413564
0.44245 0.2413564
0.4428 0.2419097
0.44315 0.2421739999999999
0.4435 0.2421739999999999
0.44385 0.2412695
0.4442 0.2412695
0.44455 0.2420431
0.4449 0.2420431
0.44525 0.2416347
0.4456 0.2416347
0.44595 0.2416509
0.4463 0.2417902999999999
0.44665 0.2420475
0.447 0.2419232
0.44735 0.2419662
0.4477 0.2419232
0.44805 0.2419662
0.4484 0.2418563
0.44875 0.2420008
0.4491 0.2419489
0.44945 0.2419489
0.4498 0.2418502
0.45015 0.2418502
0.4505 0.2418502
0.45085 0.2416527999999999
0.4512 0.2413847
0.45155 0.2413614
0.4519 0.2413005
0.45225 0.2413614
0.4526 0.2414724
0.45295 0.2414724
0.4533 0.2415107
0.45365 0.2414477
0.454 0.2414477
0.45435 0.2412716
0.4547 0.2411453999999999
0.45505 0.2412652
0.4554 0.2411453999999999
0.45575 0.2410972
0.4561 0.2409538999999999
0.45645 0.2409538999999999
0.4568 0.2407763
0.45715 0.2410955
0.4575 0.2410438999999999
0.45785 0.2410438999999999
0.4582 0.2410163999999999
0.45855 0.2409772
0.4589 0.240928
0.45925 0.2407552999999999
0.4596 0.2406449999999999
0.45995 0.2407552999999999
0.4603 0.2408083
0.46065 0.2409315
0.461 0.2409327
0.46135 0.2409444
0.4617 0.2409327
0.46205 0.240907
0.4624 0.240907
0.46275 0.240887
0.4631 0.2408864
0.46345 0.240836
0.4638 0.2408237
0.46415 0.240771
0.4645 0.2406927
0.46485 0.2406853
0.4652 0.2403823
0.46555 0.2403823
0.4659 0.2402369
0.46625 0.2401232
0.4666 0.2400357
0.46695 0.2401232
0.4673 0.2400357
0.46765 0.2398651
0.468 0.2396381
0.46835 0.2392599
0.4687 0.2381462999999999
0.46905 0.2377887
0.4694 0.2381462999999999
0.46975 0.2388012
0.4701 0.2389037
0.47045 0.2393808999999999
0.4708 0.2393808999999999
0.47115 0.2394116
0.4715 0.2388152
0.47185 0.238713
0.4722 0.2382984
0.47255 0.2382984
0.4729 0.2387621
0.47325 0.2388792999999999
0.4736 0.2391634
0.47395 0.2391634
0.4743 0.2395274
0.47465 0.2386767
0.475 0.2395217
0.47535 0.2373791999999999
0.4757 0.2395217
0.47605 0.2389998
0.4764 0.2389998
0.47675 0.2389998
0.4771 0.239057
0.47745 0.2394815
0.4778 0.2391236
0.47815 0.2394183
0.4785 0.2393272
0.47885 0.2393272
0.4792 0.2392273999999999
0.47955 0.2392098
0.4799 0.2390877999999999
0.48025 0.2390647999999999
0.4806 0.2389842
0.48095 0.2389203
0.4813 0.2387706
0.48165 0.2387139
0.482 0.2383424
0.48235 0.2383424
0.4827 0.2383424
0.48305 0.2382992
0.4834 0.2376712
0.48375 0.236834
0.4841 0.2366791
0.48445 0.2357782
0.4848 0.2348119
0.48515 0.2348351
0.4855 0.2348351
0.48585 0.2348351
0.4862 0.2361671
0.48655 0.236538
0.4869 0.2371712999999999
0.48725 0.2371712999999999
0.4876 0.235894
0.48795 0.235894
0.4883 0.2372666
0.48865 0.2372666
0.489 0.2381067
0.48935 0.2367222
0.4897 0.2381067
0.49005 0.2378234
0.4904 0.2378234
0.49075 0.2377237
0.4911 0.2377237
0.49145 0.2378777999999999
0.4918 0.2380629
0.49215 0.2378777999999999
0.4925 0.2376618
0.49285 0.2374898999999999
0.4932 0.2374898999999999
0.49355 0.2374898999999999
0.4939 0.2380074999999999
0.49425 0.2380074999999999
0.4946 0.2380074999999999
0.49495 0.2381385
0.4953 0.2380553
0.49565 0.2383171
0.496 0.238127
0.49635 0.2382333999999999
0.4967 0.2381698
0.49705 0.2381698
0.4974 0.238061
0.49775 0.2380601
0.4981 0.2380223
0.49845 0.237864
0.4988 0.237864
0.49915 0.2376478
0.4995 0.2379122
0.49985 0.2376478
0.50055 0.2363474
0.5009 0.2363474
0.50125 0.2370235
0.5016 0.2370235
0.50195 0.2368025
0.5023 0.236655
0.50265 0.2349812
0.503 0.2321052
0.50335 0.2329072
0.5037 0.2329072
0.50405 0.2329072
0.5044 0.235273
0.50475 0.2360837
0.5051 0.2362155
0.50545 0.2362155
0.5058 0.2357013
0.50615 0.2357013
0.5065 0.2336126
0.50685 0.2342139
0.5072 0.2342139
0.50755 0.2351471
0.5079 0.2351471
0.50825 0.2351471
0.5086 0.2351768
0.50895 0.2351768
0.5093 0.2350423999999999
0.50965 0.2347826
0.51 0.2347826
0.51035 0.235452
0.5107 0.2356866
0.51105 0.2356866
0.5114 0.2356223
0.51175 0.2356223
0.5121 0.235951
0.51245 0.2368476
0.5128 0.2368476
0.51315 0.2365277
0.5135 0.2365277
0.51385 0.2364395
0.5142 0.2364395
0.51455 0.2364395
0.5149 0.2366328999999999
0.51525 0.2371787
0.5156 0.2372346
0.51595 0.2372346
0.5163 0.2372346
0.51665 0.237119
0.517 0.2372686
0.51735 0.2372557
0.5177 0.2372557
0.51805 0.2372557
0.5184 0.2372913999999999
0.51875 0.2372995
0.5191 0.2372995
0.51945 0.2371525
0.5198 0.2371525
0.52015 0.2371525
0.5205 0.2370998
0.52085 0.2370994
0.5212 0.2370302
0.52155 0.2370042999999999
0.5219 0.23683
0.52225 0.2368264
0.5226 0.2367155
0.52295 0.2365396
0.5233 0.2345032
0.52365 0.2345032
0.524 0.2342099
0.52435 0.2362342
0.5247 0.2362342
0.52505 0.2364523999999999
0.5254 0.236515
0.52575 0.2366083
0.5261 0.2366387999999999
0.52645 0.2366083
0.5268 0.2360627999999999
0.52715 0.2357163999999999
0.5275 0.2357163999999999
0.52785 0.2357163999999999
0.5282 0.2363583
0.52855 0.2363583
0.5289 0.2357804
0.52925 0.2356445
0.5296 0.2355425
0.52995 0.2355425
0.5303 0.2355425
0.53065 0.2348475
0.531 0.2348475
0.53135 0.2359356
0.5317 0.2359356
0.53205 0.235838
0.5324 0.2352043999999999
0.53275 0.2352208999999999
0.5331 0.2352208999999999
0.53345 0.2357052
0.5338 0.2357067999999999
0.53415 0.2357117
0.5345 0.2357117
0.53485 0.2354569
0.5352 0.2351707
0.53555 0.2351191
0.5359 0.234713
0.53625 0.234713
0.5366 0.234713
0.53695 0.2341097
0.5373 0.2341097
0.53765 0.2337482999999999
0.538 0.2336938
0.53835 0.2334133
0.5387 0.2329032
0.53905 0.2327228999999999
0.5394 0.23226
0.53975 0.2316382
0.5401 0.2316382
0.54045 0.2305285
0.5408 0.229856
0.54115 0.2295582
0.5415 0.2287094
0.54185 0.2282998
0.5422 0.2281377
0.54255 0.2281377
0.5429 0.2282068
0.54325 0.2282068
0.5436 0.2282843
0.54395 0.228286
0.5443 0.2292692999999999
0.54465 0.2307489999999999
0.545 0.2307489999999999
0.54535 0.2310199
0.5457 0.231605
0.54605 0.231605
0.5464 0.2315929
0.54675 0.2315929
0.5471 0.2324248
0.54745 0.2330283
0.5478 0.2331656
0.54815 0.233526
0.5485 0.2337696
0.54885 0.2339798
0.5492 0.2337696
0.54955 0.2339798
0.5499 0.2331447999999999
0.55025 0.2342458999999999
0.5506 0.2342458999999999
0.55095 0.2342458999999999
0.5513 0.2345047999999999
0.55165 0.2336514999999999
0.552 0.2343462999999999
0.55235 0.2341813
0.5527 0.2341813
0.55305 0.2341813
0.5534 0.2342355
0.55375 0.2342355
0.5541 0.2342159
0.55445 0.2341264
0.5548 0.2340913
0.55515 0.2340913
0.5555 0.2340913
0.55585 0.2345419
0.5562 0.2344538999999999
0.55655 0.2344538999999999
0.5569 0.2340882
0.55725 0.2340882
0.5576 0.2343675999999999
0.55795 0.2344622
0.5583 0.2343675999999999
0.55865 0.2344622
0.559 0.2343954999999999
0.55935 0.2344962
0.5597 0.2343954999999999
0.56005 0.2343237
0.5604 0.2343237
0.56075 0.2342458999999999
0.5611 0.2343102
0.56145 0.2343102
0.5618 0.2343102
0.56215 0.2341006
0.5625 0.2341006
0.56285 0.2343179
0.5632 0.2343179
0.56355 0.2339703
0.5639 0.2337862
0.56425 0.2339703
0.5646 0.2338213999999999
0.56495 0.2338213999999999
0.5653 0.233762
0.56565 0.233762
0.566 0.2330169
0.56635 0.2322185
0.5667 0.2320949
0.56705 0.2322185
0.5674 0.2320949
0.56775 0.2318849999999999
0.5681 0.2296824
0.56845 0.2296824
0.5688 0.2293142
0.56915 0.23004
0.5695 0.2287449999999999
0.56985 0.2289625
0.5702 0.2289625
0.57055 0.2318312
0.5709 0.2318312
0.57125 0.2310944
0.5716 0.2305152999999999
0.57195 0.2310944
0.5723 0.2311099
0.57265 0.2311099
0.573 0.2317197
0.57335 0.2289092
0.5737 0.2304243
0.57405 0.2289092
0.5744 0.2286277
0.57475 0.2286277
0.5751 0.2277139
0.57545 0.2304952
0.5758 0.2307096
0.57615 0.2307096
0.5765 0.2298076
0.57685 0.2287438999999999
0.5772 0.2298076
0.57755 0.2303825
0.5779 0.2305925999999999
0.57825 0.2312274
0.5786 0.2311148999999999
0.57895 0.2313157
0.5793 0.2313157
0.57965 0.2313157
0.58 0.2313449
0.58035 0.2312014999999999
0.5807 0.2316514999999999
0.58105 0.2318598
0.5814 0.2318598
0.58175 0.2321385
0.5821 0.2318697
0.58245 0.2318697
0.5828 0.2316989
0.58315 0.2316989
0.5835 0.2319316
0.58385 0.2319316
0.5842 0.2319316
0.58455 0.2323251999999999
0.5849 0.2323251999999999
0.58525 0.2319105
0.5856 0.2319105
0.58595 0.2319105
0.5863 0.2315245
0.58665 0.231509
0.587 0.2311677
0.58735 0.2311384
0.5877 0.2301982
0.58805 0.2289462999999999
0.5884 0.2289462999999999
0.58875 0.2289462999999999
0.5891 0.2292139
0.58945 0.2292139
0.5898 0.2274859
0.59015 0.2274859
0.5905 0.2291081
0.59085 0.2291081
0.5912 0.2291456
0.59155 0.2290106
0.5919 0.2291456
0.59225 0.2290106
0.5926 0.2291944
0.59295 0.2299853999999999
0.5933 0.2299853999999999
0.59365 0.2284165
0.594 0.2282419
0.59435 0.2253534999999999
0.5947 0.2253534999999999
0.59505 0.228203
0.5954 0.228203
0.59575 0.2281714
0.5961 0.2281714
0.59645 0.2280487
0.5968 0.2287172
0.59715 0.2287172
0.5975 0.2287172
0.59785 0.2279056
0.5982 0.2279056
0.59855 0.2285988
0.5989 0.2285988
0.59925 0.2284179999999999
0.5996 0.2284179999999999
0.59995 0.2289849
0.6003 0.2289849
0.60065 0.2272517
0.601 0.2272517
0.60135 0.2286643
0.6017 0.2294629
0.60205 0.2294629
0.6024 0.2302448
0.60275 0.2302448
0.6031 0.230633
0.60345 0.2311012999999999
0.6038 0.2311012999999999
0.60415 0.2306769
0.6045 0.2306769
0.60485 0.2303527999999999
0.6052 0.2310808999999999
0.60555 0.231089
0.6059 0.231089
0.60625 0.231089
0.6066 0.2309099
0.60695 0.2311699
0.6073 0.2309099
0.60765 0.2311699
0.608 0.2305781
0.60835 0.2306630999999999
0.6087 0.2305781
0.60905 0.2305057
0.6094 0.2303212999999999
0.60975 0.2305057
0.6101 0.230733
0.61045 0.230733
0.6108 0.2302222
0.61115 0.2302101
0.6115 0.2297804999999999
0.61185 0.2291891
0.6122 0.2285337999999999
0.61255 0.2284797
0.6129 0.227529
0.61325 0.2265152999999999
0.6136 0.2252913999999999
0.61395 0.2243232
0.6143 0.2235032
0.61465 0.2228026
0.615 0.2225047
0.61535 0.2224797999999999
0.6157 0.2221563
0.61605 0.2213967999999999
0.6164 0.2209385
0.61675 0.2205456
0.6171 0.2194833
0.61745 0.2175277
0.6178 0.2155464
0.61815 0.2155304
0.6185 0.2139985999999999
0.61885 0.2131837
0.6192 0.2127121
0.61955 0.2127121
0.6199 0.2133757999999999
0.62025 0.2144804
0.6206 0.2156884
0.62095 0.2156948
0.6213 0.2163472
0.62165 0.2171983999999999
0.622 0.2186987999999999
0.62235 0.2203413
0.6227 0.2216263
0.62305 0.2229566
0.6234 0.2240831
0.62375 0.2241908
0.6241 0.2256456
0.62445 0.2267339
0.6248 0.2268697999999999
0.62515 0.2280277999999999
0.6255 0.2286806
0.62585 0.2291049
0.6262 0.2293764
0.62655 0.2293764
0.6269 0.2294154
0.62725 0.2297031
0.6276 0.2297031
0.62795 0.2300143999999999
0.6283 0.2301328999999999
0.62865 0.2302228999999999
0.629 0.2306362
0.62935 0.2308049
0.6297 0.2308152
0.63005 0.231103
0.6304 0.231103
0.63075 0.2310566
0.6311 0.2304481
0.63145 0.2301618
0.6318 0.2281244999999999
0.63215 0.2281244999999999
0.6325 0.2298922
0.63285 0.2300557
0.6332 0.2301955
0.63355 0.2305303
0.6339 0.2307317
0.63425 0.2307377999999999
0.6346 0.2307377999999999
0.63495 0.2303324
0.6353 0.2303324
0.63565 0.2300114999999999
0.636 0.2300114999999999
0.63635 0.2300114999999999
0.6367 0.2293163999999999
0.63705 0.2293163999999999
0.6374 0.2293163999999999
0.63775 0.228818
0.6381 0.2290608999999999
0.63845 0.2290608999999999
0.6388 0.2290608999999999
0.63915 0.2291992
0.6395 0.2291992
0.63985 0.2296644
0.6402 0.2299697999999999
0.64055 0.2296644
0.6409 0.2297567
0.64125 0.2296523999999999
0.6416 0.2293282999999999
0.64195 0.2293282999999999
0.6423 0.2292871
0.64265 0.229397
0.643 0.2292871
0.64335 0.2292505
0.6437 0.2288976
0.64405 0.2284360999999999
0.6444 0.2284360999999999
0.64475 0.2283357
0.6451 0.2283357
0.64545 0.2283357
0.6458 0.2272518999999999
0.64615 0.2247125
0.6465 0.2247125
0.64685 0.2265876
0.6472 0.2274034999999999
0.64755 0.2274034999999999
0.6479 0.2269017
0.64825 0.2268319
0.6486 0.2268319
0.64895 0.227153
0.6493 0.2274183999999999
0.64965 0.2279201
0.65 0.2279695
0.65035 0.2282222
0.6507 0.2279695
0.65105 0.2259908
0.6514 0.2259908
0.65175 0.2259908
0.6521 0.2265274
0.65245 0.2277637
0.6528 0.2277637
0.65315 0.2277139
0.6535 0.2268584
0.65385 0.2277139
0.6542 0.2259342999999999
0.65455 0.2270672999999999
0.6549 0.2270672999999999
0.65525 0.2270672999999999
0.6556 0.2260936999999999
0.65595 0.2259364999999999
0.6563 0.2259364999999999
0.65665 0.2262958
0.657 0.2262958
0.65735 0.2260977
0.6577 0.2260977
0.65805 0.2265208999999999
0.6584 0.2265208999999999
0.65875 0.2265208999999999
0.6591 0.2265962999999999
0.65945 0.2265962999999999
0.6598 0.2258161
0.66015 0.2258161
0.6605 0.2266603
0.66085 0.2266603
0.6612 0.2262843
0.66155 0.2261199
0.6619 0.2262843
0.66225 0.2261199
0.6626 0.2259669
0.66295 0.2258971
0.6633 0.2258663999999999
0.66365 0.2258024
0.664 0.2257682
0.66435 0.2257682
0.6647 0.2258518999999999
0.66505 0.2258518999999999
0.6654 0.2254984
0.66575 0.2250611
0.6661 0.2249241
0.66645 0.2248497
0.6668 0.2248497
0.66715 0.2249724
0.6675 0.2250038999999999
0.66785 0.2251096
0.6682 0.2251096
0.66855 0.2252786
0.6689 0.2252786
0.66925 0.225573
0.6696 0.226092
0.66995 0.2265692
0.6703 0.2266034999999999
0.67065 0.2271671
0.671 0.2271671
0.67135 0.2275634
0.6717 0.2279554
0.67205 0.2280765
0.6724 0.2281299
0.67275 0.2285304
0.6731 0.2287591
0.67345 0.2289563999999999
0.6738 0.2293329999999999
0.67415 0.2294133
0.6745 0.2295155
0.67485 0.2295646
0.6752 0.2300205
0.67555 0.2300205
0.6759 0.2300781
0.67625 0.2301308999999999
0.6766 0.2301308999999999
0.67695 0.2301614
0.6773 0.2301614
0.67765 0.2302782
0.678 0.2302782
0.67835 0.2300326
0.6787 0.2296202
0.67905 0.2295856
0.6794 0.2295856
0.67975 0.2295873
0.6801 0.2295873
0.68045 0.2295257
0.6808 0.2290429
0.68115 0.2288143999999999
0.6815 0.2288143999999999
0.68185 0.2282688
0.6822 0.2279871
0.68255 0.2279871
0.6829 0.2279871
0.68325 0.2278936
0.6836 0.2278936
0.68395 0.2276671
0.6843 0.2275046
0.68465 0.2275046
0.685 0.2279165
0.68535 0.2286032
0.6857 0.2286534
0.68605 0.2286534
0.6864 0.2285944
0.68675 0.2271719999999999
0.6871 0.2271719999999999
0.68745 0.228332
0.6878 0.2285616
0.68815 0.2287147999999999
0.6885 0.2287147999999999
0.68885 0.2282742
0.6892 0.2282742
0.68955 0.2264404
0.6899 0.22816
0.69025 0.2279042
0.6906 0.22816
0.69095 0.2279042
0.6913 0.2274426
0.69165 0.2272518
0.692 0.22675
0.69235 0.2267111
0.6927 0.22675
0.69305 0.2266586
0.6934 0.2262259
0.69375 0.2262259
0.6941 0.2262259
0.69445 0.2264129
0.6948 0.2260228
0.69515 0.2260228
0.6955 0.2259611
0.69585 0.2252176
0.6962 0.2252176
0.69655 0.2255932
0.6969 0.2255932
0.69725 0.2253822999999999
0.6976 0.2237212
0.69795 0.224315
0.6983 0.2238926
0.69865 0.2238926
0.699 0.2231696
0.69935 0.2224412
0.6997 0.2224092999999999
0.70005 0.220203
0.7004 0.2191231
0.70075 0.2191231
0.7011 0.2188365
0.70145 0.2188365
0.7018 0.2184284
0.70215 0.2182098
0.7025 0.2182098
0.70285 0.2182098
0.7032 0.2191745
0.70355 0.2191745
0.7039 0.2189171
0.70425 0.2189171
0.7046 0.2194223
0.70495 0.2194878999999999
0.7053 0.2196117
0.70565 0.2220672
0.706 0.2220672
0.70635 0.2220891
0.7067 0.2221844
0.70705 0.2221844
0.7074 0.2228642
0.70775 0.2228642
0.7081 0.2231868
0.70845 0.2232015
0.7088 0.2239103999999999
0.70915 0.2233342999999999
0.7095 0.2240175999999999
0.70985 0.224246
0.7102 0.2248199
0.71055 0.2248199
0.7109 0.2249525999999999
0.71125 0.2247211
0.7116 0.2249525999999999
0.71195 0.2255083
0.7123 0.2255083
0.71265 0.2252439
0.713 0.2251476
0.71335 0.2251476
0.7137 0.2251661
0.71405 0.2251661
0.7144 0.22514
0.71475 0.2242417999999999
0.7151 0.2242077
0.71545 0.223039
0.7158 0.2216304999999999
0.71615 0.2215659999999999
0.7165 0.2189550999999999
0.71685 0.2148887
0.7172 0.2136279
0.71755 0.2097288
0.7179 0.2085124
0.71825 0.2085124
0.7186 0.2085124
0.71895 0.2013003
0.7193 0.1994382
0.71965 0.1994382
0.72 0.1954241
0.72035 0.1954241
0.7207 0.1949618
0.72105 0.1949618
0.7214 0.1941313999999999
0.72175 0.1919049
0.7221 0.1933521
0.72245 0.1916516
0.7228 0.1916516
0.72315 0.1888348
0.7235 0.1740722999999999
0.72385 0.1740722999999999
0.7242 0.1740722999999999
0.72455 0.1683127
0.7249 0.1597886
0.72525 0.1597886
0.7256 0.1535331
0.72595 0.1535331
0.7263 0.1516356
0.72665 0.1456678
0.727 0.1422877
0.72735 0.1430476
0.7277 0.1430476
0.72805 0.1508184
0.7284 0.1599406
0.72875 0.1658763999999999
0.7291 0.1677411
0.72945 0.1700204
0.7298 0.1706569
0.73015 0.1711321
0.7305 0.1711321
0.73085 0.1826735
0.7312 0.1866186
0.73155 0.1866186
0.7319 0.1900821
0.73225 0.1891087
0.7326 0.1935438
0.73295 0.1891087
0.7333 0.1935438
0.73365 0.2017319
0.734 0.2017319
0.73435 0.2041483
0.7347 0.2080091
0.73505 0.2089044
0.7354 0.2107514999999999
0.73575 0.2107514999999999
0.7361 0.2107514999999999
0.73645 0.2142436
0.7368 0.2142436
0.73715 0.2143929
0.7375 0.2175231
0.73785 0.2177488
0.7382 0.2192674
0.73855 0.2199393
0.7389 0.2195459
0.73925 0.2207487
0.7396 0.2223319
0.73995 0.2229846
0.7403 0.2233032
0.74065 0.2247754
0.741 0.2247754
0.74135 0.2251023999999999
0.7417 0.2253202
0.74205 0.2259893999999999
0.7424 0.2259893999999999
0.74275 0.2260982999999999
0.7431 0.2266978
0.74345 0.2267905
0.7438 0.2267905
0.74415 0.226735
0.7445 0.226735
0.74485 0.2269257999999999
0.7452 0.2269257999999999
0.74555 0.2269257999999999
0.7459 0.2266705
0.74625 0.2270045
0.7466 0.2270045
0.74695 0.2270045
0.7473 0.2270203999999999
0.74765 0.2269005
0.748 0.2270413
0.74835 0.2270037
0.7487 0.2270037
0.74905 0.2270037
0.7494 0.2270038
0.74975 0.2270038
0.7501 0.2270038
0.75045 0.2269105
0.7508 0.2271498
0.75115 0.2271650999999999
0.7515 0.2271755
0.75185 0.2271755
0.7522 0.2271755
0.75255 0.2270858999999999
0.7529 0.2270858999999999
0.75325 0.2272717
0.7536 0.2272717
0.75395 0.2272717
0.7543 0.2272706
0.75465 0.2273442
0.755 0.2272074
0.75535 0.2272693999999999
0.7557 0.2272687
0.75605 0.2272687
0.7564 0.2271912
0.75675 0.2270951
0.7571 0.2269614
0.75745 0.2265074999999999
0.7578 0.2265074999999999
0.75815 0.2266119999999999
0.7585 0.2266119999999999
0.75885 0.2264066
0.7592 0.2262939
0.75955 0.2255594
0.7599 0.2255228
0.76025 0.2252797
0.7606 0.224856
0.76095 0.224856
0.7613 0.2251949999999999
0.76165 0.2251949999999999
0.762 0.2244943999999999
0.76235 0.2242203
0.7627 0.2240925
0.76305 0.2239409
0.7634 0.2239409
0.76375 0.2238493
0.7641 0.2238083
0.76445 0.2234662
0.7648 0.2234257
0.76515 0.2234257
0.7655 0.2235469
0.76585 0.2235469
0.7662 0.2233938
0.76655 0.2233744999999999
0.7669 0.2228831
0.76725 0.2228831
0.7676 0.2232012
0.76795 0.2235758
0.7683 0.2235758
0.76865 0.2233847
0.769 0.2233393
0.76935 0.2233393
0.7697 0.2233917999999999
0.77005 0.2233917999999999
0.7704 0.2232355
0.77075 0.2230636
0.7711 0.2229625
0.77145 0.2229247
0.7718 0.2228395
0.77215 0.2227913999999999
0.7725 0.2223006
0.77285 0.221296
0.7732 0.2203284
0.77355 0.2203284
0.7739 0.2204315
0.77425 0.2208421
0.7746 0.2208421
0.77495 0.2207779
0.7753 0.2204672999999999
0.77565 0.2198714
0.776 0.2193777999999999
0.77635 0.2190633
0.7767 0.2189316
0.77705 0.2186152999999999
0.7774 0.2181846
0.77775 0.2181339
0.7781 0.2175856
0.77845 0.2170106
0.7788 0.2164969
0.77915 0.2158663999999999
0.7795 0.2144964
0.77985 0.2132094999999999
0.7802 0.2114587
0.78055 0.2114494
0.7809 0.2093962999999999
0.78125 0.2086236
0.7816 0.208248
0.78195 0.2080139
0.7823 0.2078061
0.78265 0.2076872
0.783 0.2066744999999999
0.78335 0.2066647
0.7837 0.2048309999999999
0.78405 0.2048309999999999
0.7844 0.206851
0.78475 0.2094961
0.7851 0.2097937
0.78545 0.2097937
0.7858 0.2087251
0.78615 0.2087251
0.7865 0.2077956
0.78685 0.2087751
0.7872 0.2098212999999999
0.78755 0.2109703999999999
0.7879 0.2111366
0.78825 0.2119576
0.7886 0.2120619
0.78895 0.2124279
0.7893 0.2124299
0.78965 0.2126074999999999
0.79 0.2126074999999999
0.79035 0.2124772999999999
0.7907 0.2123703999999999
0.79105 0.2115538
0.7914 0.2105799
0.79175 0.2105337
0.7921 0.2096507
0.79245 0.2079775999999999
0.7928 0.2067058
0.79315 0.2067058
0.7935 0.206735
0.79385 0.206735
0.7942 0.2053185
0.79455 0.2033583
0.7949 0.2032581
0.79525 0.2032581
0.7956 0.2032581
0.79595 0.2002089
0.7963 0.2002089
0.79665 0.2002089
0.797 0.2015195
0.79735 0.2015195
0.7977 0.2015195
0.79805 0.2023221
0.7984 0.2023982
0.79875 0.202397
0.7991 0.2023982
0.79945 0.2039205
0.7998 0.2043558
0.80015 0.204584
0.8005 0.205257
0.80085 0.2062446
0.8012 0.2062446
0.80155 0.2063852
0.8019 0.2063852
0.80225 0.2071669
0.8026 0.2072085
0.80295 0.2087337999999999
0.8033 0.2087337999999999
0.80365 0.2095187
0.804 0.2095187
0.80435 0.2102031
0.8047 0.2112292999999999
0.80505 0.2120599
0.8054 0.2123712
0.80575 0.2123712
0.8061 0.2122248999999999
0.80645 0.2122248999999999
0.8068 0.2139663
0.80715 0.2150326
0.8075 0.2150326
0.80785 0.2157621
0.8082 0.2160688
0.80855 0.216104
0.8089 0.216104
0.80925 0.2150902999999999
0.8096 0.2150902999999999
0.80995 0.2164061
0.8103 0.2168031
0.81065 0.2168031
0.811 0.2168892
0.81135 0.2172422
0.8117 0.2175701
0.81205 0.2178967
0.8124 0.2182996
0.81275 0.2189347999999999
0.8131 0.2182996
0.81345 0.2196671
0.8138 0.220005
0.81415 0.2201062
0.8145 0.2201062
0.81485 0.2102328999999999
0.8152 0.2102328999999999
0.81555 0.2200235
0.8159 0.220374
0.81625 0.220374
0.8166 0.2212795
0.81695 0.2209991
0.8173 0.221382
0.81765 0.2209991
0.818 0.2209476
0.81835 0.2209476
0.8187 0.2209476
0.81905 0.2221569
0.8194 0.2223688999999999
0.81975 0.2223688999999999
0.8201 0.2226362
0.82045 0.2228567999999999
0.8208 0.2228567999999999
0.82115 0.2230661
0.8215 0.2228243
0.82185 0.2228243
0.8222 0.2226167999999999
0.82255 0.2221365
0.8229 0.2209891
0.82325 0.2099191
0.8236 0.2140462999999999
0.82395 0.2140462999999999
0.8243 0.2227643999999999
0.82465 0.2236034999999999
0.825 0.2236034999999999
0.82535 0.2236034999999999
0.8257 0.2233471
0.82605 0.2233471
0.8264 0.2237344999999999
0.82675 0.2238409
0.8271 0.2237344999999999
0.82745 0.2230024
0.8278 0.2198087999999999
0.82815 0.2226668999999999
0.8285 0.2226668999999999
0.82885 0.2226668999999999
0.8292 0.2231288999999999
0.82955 0.2235397999999999
0.8299 0.2235397999999999
0.83025 0.2233114999999999
0.8306 0.2233114999999999
0.83095 0.2234598
0.8313 0.2238462
0.83165 0.2234598
0.832 0.2220067
0.83235 0.2220067
0.8327 0.2204902999999999
0.83305 0.2233268999999999
0.8334 0.2223536
0.83375 0.2223536
0.8341 0.2169533
0.83445 0.2169533
0.8348 0.2169533
0.83515 0.2193051
0.8355 0.2180607999999999
0.83585 0.2180607999999999
0.8362 0.2170411
0.83655 0.2168867
0.8369 0.2158591
0.83725 0.2149592
0.8376 0.2105522
0.83795 0.2089647
0.8383 0.2089647
0.83865 0.2087106
0.839 0.2087106
0.83935 0.2089114
0.8397 0.2094449
0.84005 0.2099534
0.8404 0.2099534
0.84075 0.2064099999999999
0.8411 0.204755
0.84145 0.204755
0.8418 0.2049575
0.84215 0.2049614
0.8425 0.2093296
0.84285 0.2131071
0.8432 0.2131071
0.84355 0.2128585
0.8439 0.2125511
0.84425 0.2120668999999999
0.8446 0.2120668999999999
0.84495 0.2124474
0.8453 0.2141562
0.84565 0.2141800999999999
0.846 0.2162056
0.84635 0.2175218
0.8467 0.2175218
0.84705 0.2174692999999999
0.8474 0.2173042999999999
0.84775 0.2171929
0.8481 0.2171929
0.84845 0.216751
0.8488 0.2179307
0.84915 0.2187686999999999
0.8495 0.2187686999999999
0.84985 0.2184183999999999
0.8502 0.2173835
0.85055 0.2136337
0.8509 0.2136337
0.85125 0.2136337
0.8516 0.2155867
0.85195 0.2148731
0.8523 0.2148731
0.85265 0.2132499
0.853 0.2112754
0.85335 0.2100083999999999
0.8537 0.2100083999999999
0.85405 0.2081593
0.8544 0.2063558
0.85475 0.2046049
0.8551 0.2032211
0.85545 0.2013669
0.8558 0.2013669
0.85615 0.1976832999999999
0.8565 0.1975533
0.85685 0.1958976
0.8572 0.1914744
0.85755 0.185294
0.8579 0.1754058
0.85825 0.1754058
0.8586 0.1757163
0.85895 0.1761353
0.8593 0.1757163
0.85965 0.1711401
0.86 0.1702706
0.86035 0.1596305
0.8607 0.1523197
0.86105 0.1523197
0.8614 0.1497852999999999
0.86175 0.1473331
0.8621 0.1406779
0.86245 0.1406779
0.8628 0.1403061
0.86315 0.1404931
0.8635 0.1401752
0.86385 0.1401752
0.8642 0.1323155
0.86455 0.1207238
0.8649 0.1323155
0.86525 0.1439903
0.8656 0.1453542
0.86595 0.1495424
0.8663 0.1527831
0.86665 0.1527831
0.867 0.1330836
0.86735 0.1330836
0.8677 0.1368579
0.86805 0.1556755
0.8684 0.1634781
0.86875 0.1657705
0.8691 0.1748148
0.86945 0.1771592
0.8698 0.177636
0.87015 0.177636
0.8705 0.177636
0.87085 0.1683417
0.8712 0.1616553999999999
0.87155 0.1683417
0.8719 0.167677
0.87225 0.1877184999999999
0.8726 0.1703097999999999
0.87295 0.1703097999999999
0.8733 0.1703097999999999
0.87365 0.1814437
0.874 0.1857053
0.87435 0.1896941
0.8747 0.1896941
0.87505 0.1896941
0.8754 0.1932412
0.87575 0.1784938999999999
0.8761 0.1862503999999999
0.87645 0.185263
0.8768 0.185263
0.87715 0.1819967
0.8775 0.157281
0.87785 0.157281
0.8782 0.1522805
0.87855 0.1522805
0.8789 0.1788531
0.87925 0.1788531
0.8796 0.1242362
0.87995 0.0991236
0.8803 0.1113911
0.88065 0.0991236
0.881 0.0923809999999999
0.88135 0.0878478999999999
0.8817 0.0726536
0.88205 0.0492869
0.8824 0.0256983
0.88275 0.0256983
0.8831 0.0256983
0.88345 0.025787
0.8838 0.0245197
0.88415 0.0258846
0.8845 0.0342859
0.88485 0.0460233
0.8852 0.0514984
0.88555 0.0514984
0.8859 0.0460569
0.88625 0.0319609
0.8866 0.0110295
0.88695 0.0079202
0.8873 0.0079202
0.88765 0.0106579999999999
0.888 0.0140057
0.88835 0.0140057
0.8887 0.0212669999999999
0.88905 0.0114841
0.8894 0.0226296
0.88975 0.0224598
0.8901 0.0318171
0.89045 0.0300077999999999
0.8908 0.0300077999999999
0.89115 0.0293902
0.8915 0.0293902
0.89185 0.034805
0.8922 0.034805
0.89255 0.034805
0.8929 0.0352415
0.89325 0.0352415
0.8936 0.0305189
0.89395 0.0266762
0.8943 0.0266762
0.89465 0.0282122
0.895 0.0282122
0.89535 0.0248937
0.8957 0.0248937
0.89605 0.0303109
0.8964 0.0375115
0.89675 0.0517035
0.8971 0.0517035
0.89745 0.0559911999999999
0.8978 0.0531065
0.89815 0.0559911999999999
0.8985 0.0531065
0.89885 0.0548729
0.8992 0.0525765
0.89955 0.0487835
0.8999 0.0487835
0.90025 0.0771728
0.9006 0.0854501999999999
0.90095 0.0896642
0.9013 0.0961194
0.90165 0.1081733999999999
0.902 0.1081733999999999
0.90235 0.111973
0.9027 0.111973
0.90305 0.1182306
0.9034 0.1352043
0.90375 0.1182306
0.9041 0.1405843
0.90445 0.1534279
0.9048 0.1561448
0.90515 0.1561448
0.9055 0.1660908999999999
0.90585 0.1782282999999999
0.9062 0.1782282999999999
0.90655 0.1656955
0.9069 0.1656955
0.90725 0.1670009
0.9076 0.1670009
0.90795 0.1743239
0.9083 0.1473736
0.90865 0.1743239
0.909 0.1798805
0.90935 0.1798805
0.9097 0.1570112
0.91005 0.1570112
0.9104 0.1790242
0.91075 0.1856612999999999
0.9111 0.1932603
0.91145 0.1945265
0.9118 0.1945265
0.91215 0.1900557
0.9125 0.1880363
0.91285 0.1880363
0.9132 0.1880363
0.91355 0.1693594
0.9139 0.1926194
0.91425 0.1937117
0.9146 0.1991744
0.91495 0.1984828
0.9153 0.1984828
0.91565 0.1868754
0.916 0.1868754
0.91635 0.1886776
0.9167 0.1886776
0.91705 0.1918138999999999
0.9174 0.1997701
0.91775 0.1997701
0.9181 0.1939326
0.91845 0.1939326
0.9188 0.1939326
0.91915 0.191438
0.9195 0.1880658999999999
0.91985 0.191438
0.9202 0.1936358
0.92055 0.1937389
0.9209 0.2018377
0.92125 0.1937389
0.9216 0.1829355
0.92195 0.1829355
0.9223 0.1467981
0.92265 0.1863461
0.923 0.2031416
0.92335 0.2031416
0.9237 0.1947384
0.92405 0.1947384
0.9244 0.1947384
0.92475 0.1957539
0.9251 0.1913793999999999
0.92545 0.1957539
0.9258 0.1890901
0.92615 0.1890901
0.9265 0.1890901
0.92685 0.1287318
0.9272 0.1844439
0.92755 0.1844439
0.9279 0.1844439
0.92825 0.1938434
0.9286 0.1938434
0.92895 0.1966561
0.9293 0.2019424
0.92965 0.2019424
0.93 0.1844015
0.93035 0.162504
0.9307 0.1529915
0.93105 0.1466978
0.9314 0.1466978
0.93175 0.1466978
0.9321 0.1721223
0.93245 0.1698806
0.9328 0.1721223
0.93315 0.1926291
0.9335 0.1926291
0.93385 0.1672315
0.9342 0.1622541
0.93455 0.156396
0.9349 0.1622541
0.93525 0.156396
0.9356 0.1984116
0.93595 0.189506
0.9363 0.1984116
0.93665 0.189506
0.937 0.1883243
0.93735 0.1883243
0.9377 0.1702777999999999
0.93805 0.1608532
0.9384 0.1608532
0.93875 0.1693335
0.9391 0.1907457
0.93945 0.1931712
0.9398 0.1931712
0.94015 0.1969921
0.9405 0.1446309
0.94085 0.2007532
0.9412 0.1990067
0.94155 0.2078771
0.9419 0.2091702
0.94225 0.2093982
0.9426 0.2093982
0.94295 0.1711914
0.9433 0.1711914
0.94365 0.1825491
0.944 0.1825491
0.94435 0.1647042
0.9447 0.1647042
0.94505 0.1985944
0.9454 0.1985944
0.94575 0.1985944
0.9461 0.1995637
0.94645 0.1995637
0.9468 0.1809304
0.94715 0.1809304
0.9475 0.1750727999999999
0.94785 0.1867652
0.9482 0.2021378999999999
0.94855 0.2045724
0.9489 0.2021378999999999
0.94925 0.1802263999999999
0.9496 0.1802263999999999
0.94995 0.1881816
0.9503 0.1937829999999999
0.95065 0.2071387999999999
0.951 0.2071387999999999
0.95135 0.197872
0.9517 0.197872
0.95205 0.2001942
0.9524 0.2001942
0.95275 0.1930785
0.9531 0.1912179
0.95345 0.1912179
0.9538 0.2075150999999999
0.95415 0.2075150999999999
0.9545 0.205736
0.95485 0.205736
0.9552 0.1985129
0.95555 0.204574
0.9559 0.204574
0.95625 0.204574
0.9566 0.2034095
0.95695 0.1913565
0.9573 0.1913565
0.95765 0.2056221
0.958 0.2056221
0.95835 0.2053736
0.9587 0.2038934
0.95905 0.2038934
0.9594 0.1907652
0.95975 0.1907652
0.9601 0.1990246
0.96045 0.1990246
0.9608 0.1949749
0.96115 0.1949749
0.9615 0.1949749
0.96185 0.1922332
0.9622 0.1890433
0.96255 0.1707587
0.9629 0.1707587
0.96325 0.1711066
0.9636 0.1711066
0.96395 0.1711066
0.9643 0.1732552
0.96465 0.1732552
0.965 0.1672447
0.96535 0.1635225
0.9657 0.1634422999999999
0.96605 0.1581414
0.9664 0.1569027999999999
0.96675 0.1564873
0.9671 0.1489358999999999
0.96745 0.1509425
0.9678 0.1509425
0.96815 0.161525
0.9685 0.161525
0.96885 0.1595098999999999
0.9692 0.1544917999999999
0.96955 0.1533259
0.9699 0.1500831
0.97025 0.1380907
0.9706 0.1260051999999999
0.97095 0.1230033999999999
0.9713 0.1260051999999999
0.97165 0.1356029
0.972 0.1418555
0.97235 0.1503195
0.9727 0.1507657999999999
0.97305 0.1503195
0.9734 0.1463532
0.97375 0.1463532
0.9741 0.1426442
0.97445 0.1470128
0.9748 0.1506581
0.97515 0.1511592
0.9755 0.1512872999999999
0.97585 0.1575221
0.9762 0.1575221
0.97655 0.1440553999999999
0.9769 0.1273403
0.97725 0.1440553999999999
0.9776 0.1359562999999999
0.97795 0.1359562999999999
0.9783 0.1264622
0.97865 0.1264622
0.979 0.132223
0.97935 0.1433551
0.9797 0.1433551
0.98005 0.1103046
0.9804 0.1033181
0.98075 0.1033181
0.9811 0.1033181
0.98145 0.1084152
0.9818 0.1084152
0.98215 0.1038005
0.9825 0.1038005
0.98285 0.0292883
0.9832 0.0856432
0.98355 0.0856432
0.9839 0.0856432
0.98425 0.0862088999999999
0.9846 0.085494
0.98495 0.0897988
0.9853 0.0312836
0.98565 0.0588798
0.986 0.036333
0.98635 0.0588798
0.9867 0.0481629
0.98705 0.0481629
0.9874 0.0481629
0.98775 0.0532812
0.9881 0.0532812
0.98845 0.0020236
0.9888 0.0020236
0.98915 0.0119133
0.9895 0.0549107
0.98985 0.0302437
0.9902 0.0653408
0.99055 0.0302437
0.9909 0.0578920999999999
0.99125 0.0535604
0.9916 0.0578920999999999
0.99195 0.0535604
0.9923 0.0645541999999999
0.99265 0.0777272
0.993 0.0777272
0.99335 0.0742416
0.9937 0.0722853
0.99405 0.0718578999999999
0.9944 0.0718578999999999
0.99475 0.0718578999999999
0.9951 0.047767
0.99545 0.047767
0.9958 0.0076515
0.99615 0.0617865
0.9965 0.0076515
0.99685 0.0617865
0.9972 0.0741923
0.99755 0.0741923
0.9979 0.0742335
0.99825 0.0520300999999999
0.9986 0.0648077
0.99895 0.0508865
0.9993 0.0167008
