0.3 0.3780585
0.30035 0.3780585
0.3007 0.3780493
0.30105 0.3780396
0.3014 0.3780295
0.30175 0.3780191
0.3021 0.3780082
0.30245 0.3779969
0.3028 0.3779853
0.30315 0.3779730999999999
0.3035 0.37796
0.30385 0.3779478
0.3042 0.3779307
0.30455 0.3779132
0.3049 0.3778952
0.30525 0.3778769
0.3056 0.3778582
0.30595 0.3778391
0.3063 0.3778197
0.30665 0.3778
0.307 0.3777798
0.30735 0.3777594
0.3077 0.3777385
0.30805 0.3777173
0.3084 0.3776958
0.30875 0.3776739
0.3091 0.3776516
0.30945 0.377629
0.3098 0.3776059
0.31015 0.3775802
0.3105 0.3775587999999999
0.31085 0.377535
0.3112 0.3775107
0.31155 0.377486
0.3119 0.3774609
0.31225 0.3774359
0.3126 0.3774106
0.31295 0.3773849999999999
0.3133 0.377359
0.31365 0.3773327
0.314 0.3773061
0.31435 0.3772791
0.3147 0.3772518
0.31505 0.3772241
0.3154 0.3771961
0.31575 0.3771677
0.3161 0.377139
0.31645 0.3771099
0.3168 0.3770805
0.31715 0.3770507999999999
0.3175 0.3770207
0.31785 0.3769903
0.3182 0.3769595
0.31855 0.3769284
0.3189 0.3768969
0.31925 0.3768651
0.3196 0.376833
0.31995 0.3768005
0.3203 0.3767676
0.32065 0.3767342999999999
0.321 0.3767006
0.32135 0.376666
0.3217 0.3766182
0.32205 0.3765967
0.3224 0.3765628
0.32275 0.3765277
0.3231 0.376492
0.32345 0.3764559
0.3238 0.3764192999999999
0.32415 0.3763824
0.3245 0.3763449
0.32485 0.3763069
0.3252 0.3762684
0.32555 0.3762292
0.3259 0.3761894
0.32625 0.3761486
0.3266 0.3761067
0.32695 0.3760636
0.3273 0.3760184
0.32765 0.3759705
0.328 0.3759186
0.32835 0.3758595999999999
0.3287 0.3757893
0.32905 0.3756961
0.3294 0.3755458
0.32975 0.3752219
0.3301 0.3739335
0.33045 0.3739335
0.3308 0.375123
0.33115 0.3753366
0.3315 0.3753955999999999
0.33185 0.3753955999999999
0.3322 0.3753922999999999
0.33255 0.3753675999999999
0.3329 0.375337
0.33325 0.3753019
0.3336 0.3752643
0.33395 0.3752245999999999
0.3343 0.3751837
0.33465 0.3751415999999999
0.335 0.3750986
0.33535 0.3750549
0.3357 0.3750105999999999
0.33605 0.3749657
0.3364 0.3749204
0.33675 0.3748745999999999
0.3371 0.3748285
0.33745 0.3747823
0.3378 0.3747357999999999
0.33815 0.3746889
0.3385 0.3746416999999999
0.33885 0.3745941
0.3392 0.3745463
0.33955 0.3744981
0.3399 0.3744497
0.34025 0.3744009
0.3406 0.3743519
0.34095 0.3743026
0.3413 0.374253
0.34165 0.3742031
0.342 0.3741529
0.34235 0.3741025
0.3427 0.3740517
0.34305 0.3740005
0.3434 0.3739487999999999
0.34375 0.3738960999999999
0.3441 0.3738412
0.34445 0.3737682
0.3448 0.3736826
0.34515 0.3736778
0.3455 0.3736348
0.34585 0.3735835999999999
0.3462 0.3735314
0.34655 0.3734785
0.3469 0.3734252999999999
0.34725 0.3733718
0.3476 0.373318
0.34795 0.3732639
0.3483 0.3732096
0.34865 0.3731551
0.349 0.3731003
0.34935 0.3730453
0.3497 0.3729901
0.35005 0.3729347
0.3504 0.3728790999999999
0.35075 0.3728232
0.3511 0.3727672
0.35145 0.3727109
0.3518 0.3726544
0.35215 0.3725978
0.3525 0.3725409
0.35285 0.3724839
0.3532 0.3724265999999999
0.35355 0.3723692
0.3539 0.3723114999999999
0.35425 0.3722537
0.3546 0.3721940999999999
0.35495 0.372136
0.3553 0.3720774
0.35565 0.3720173
0.356 0.3719040999999999
0.35635 0.3718862
0.3567 0.3718422
0.35705 0.3717157
0.3574 0.3716662
0.35775 0.3716302
0.3581 0.3715305
0.35845 0.371503
0.3588 0.3714262
0.35915 0.3714051
0.3595 0.3711946
0.35985 0.3710961
0.3602 0.371057
0.36055 0.3710475
0.3609 0.3710183
0.36125 0.3710183
0.3616 0.3709676
0.36195 0.3709297
0.3623 0.3708259
0.36265 0.3707968
0.363 0.3707374
0.36335 0.3706737
0.3637 0.3706069
0.36405 0.3705105
0.3644 0.3704838
0.36475 0.3704215
0.3651 0.3703569
0.36545 0.3702877
0.3658 0.3701935
0.36615 0.3701509
0.3665 0.3700949
0.36685 0.3700213
0.3672 0.369952
0.36755 0.3698939
0.3679 0.3698161
0.36825 0.3697535
0.3686 0.3696446
0.36895 0.3696286
0.3693 0.3695448
0.36965 0.3694874
0.37 0.3693856
0.37035 0.3693210999999999
0.3707 0.3691712
0.37105 0.3691534999999999
0.3714 0.3691444
0.37175 0.3690405
0.3721 0.3689584
0.37245 0.3689168
0.3728 0.3687887999999999
0.37315 0.3687639
0.3735 0.3686796
0.37385 0.368617
0.3742 0.3685739999999999
0.37455 0.3684707
0.3749 0.3683666
0.37525 0.3682559
0.3756 0.3682219
0.37595 0.3679890999999999
0.3763 0.3680811
0.37665 0.3679575
0.377 0.3679575
0.37735 0.3679255
0.3777 0.3677558
0.37805 0.3677123
0.3784 0.3676467
0.37875 0.3674953
0.3791 0.3673303
0.37945 0.3672324999999999
0.3798 0.367199
0.38015 0.367199
0.3805 0.367199
0.38085 0.3671955
0.3812 0.3671488
0.38155 0.3670910999999999
0.3819 0.3668094
0.38225 0.366766
0.3826 0.366766
0.38295 0.366766
0.3833 0.3667295
0.38365 0.3667014
0.384 0.3665866
0.38435 0.3665819
0.3847 0.3665058
0.38505 0.366444
0.3854 0.3663683
0.38575 0.3663007
0.3861 0.3662305999999999
0.38645 0.3661448
0.3868 0.3660813
0.38715 0.3659910999999999
0.3875 0.3659168
0.38785 0.3658527
0.3882 0.3658064
0.38855 0.3656910999999999
0.3889 0.3655474999999999
0.38925 0.3654936
0.3896 0.3654786
0.38995 0.365392
0.3903 0.3652842
0.39065 0.3652546
0.391 0.3651953
0.39135 0.3651288
0.3917 0.3649595999999999
0.39205 0.3649589
0.3924 0.3648944
0.39275 0.3647242
0.3931 0.3646855
0.39345 0.3646855
0.3938 0.3645895999999999
0.39415 0.36444
0.3945 0.3643325
0.39485 0.364246
0.3952 0.3642081
0.39555 0.364168
0.3959 0.3639565999999999
0.39625 0.3638191
0.3966 0.3638191
0.39695 0.3638191
0.3973 0.3636847
0.39765 0.3636154
0.398 0.363653
0.39835 0.3635297999999999
0.3987 0.3633692
0.39905 0.3633692
0.3994 0.3633857
0.39975 0.3633857
0.4001 0.363309
0.40045 0.3632467
0.4008 0.3630536
0.40115 0.3630176
0.4015 0.362978
0.40185 0.362978
0.4022 0.3627719
0.40255 0.3627094999999999
0.4029 0.3627094999999999
0.40325 0.3626155
0.4036 0.3623414
0.40395 0.3623358
0.4043 0.3616702
0.40465 0.3616702
0.405 0.3620703
0.40535 0.3621437
0.4057 0.3621437
0.40605 0.3620317
0.4064 0.361971
0.40675 0.3619235
0.4071 0.361892
0.40745 0.3618660999999999
0.4078 0.361807
0.40815 0.3617435999999999
0.4085 0.3616739
0.40885 0.3615436999999999
0.4092 0.3614780999999999
0.40955 0.3614780999999999
0.4099 0.3613870999999999
0.41025 0.3613143
0.4106 0.3612549
0.41095 0.3611842999999999
0.4113 0.3610502
0.41165 0.3610386
0.412 0.3608744
0.41235 0.3607906
0.4127 0.3607637
0.41305 0.360696
0.4134 0.3603385
0.41375 0.3603385
0.4141 0.3603967999999999
0.41445 0.3603967999999999
0.4148 0.360115
0.41515 0.3599034
0.4155 0.3597778
0.41585 0.3582727
0.4162 0.3582727
0.41655 0.3596712
0.4169 0.3596712
0.41725 0.3592666
0.4176 0.3590082
0.41795 0.3592666
0.4183 0.3594382
0.41865 0.3594382
0.419 0.3592745999999999
0.41935 0.3590328
0.4197 0.3583769
0.42005 0.3581960999999999
0.4204 0.3581960999999999
0.42075 0.3589007
0.4211 0.3589285
0.42145 0.3589007
0.4218 0.3584719999999999
0.42215 0.3582364
0.4225 0.3582364
0.42285 0.3582364
0.4232 0.3581645
0.42355 0.3573830999999999
0.4239 0.3573830999999999
0.42425 0.3574164999999999
0.4246 0.3574164999999999
0.42495 0.357882
0.4253 0.3579738
0.42565 0.3579738
0.426 0.3566034999999999
0.42635 0.3566034999999999
0.4267 0.3569585
0.42705 0.3576547
0.4274 0.3575777
0.42775 0.3575777
0.4281 0.3575629
0.42845 0.3573197
0.4288 0.3571440999999999
0.42915 0.3563655
0.4295 0.3567681
0.42985 0.3567681
0.4302 0.3567681
0.43055 0.3568489999999999
0.4309 0.3565670999999999
0.43125 0.356584
0.4316 0.356584
0.43195 0.3566995999999999
0.4323 0.3568779
0.43265 0.3568779
0.433 0.3567649
0.43335 0.3567227
0.4337 0.3565192
0.43405 0.3564905
0.4344 0.3563502
0.43475 0.3563502
0.4351 0.3563484
0.43545 0.3562487
0.4358 0.3561700999999999
0.43615 0.3560412
0.4365 0.355653
0.43685 0.3556348
0.4372 0.355653
0.43755 0.3556348
0.4379 0.3555908
0.43825 0.3555908
0.4386 0.3555738
0.43895 0.3554807
0.4393 0.355306
0.43965 0.3551147999999999
0.44 0.3548489999999999
0.44035 0.3540748
0.4407 0.3536857
0.44105 0.3537491
0.4414 0.3536857
0.44175 0.353469
0.4421 0.353469
0.44245 0.353469
0.4428 0.3542185
0.44315 0.354435
0.4435 0.354435
0.44385 0.3529213
0.4442 0.3529213
0.44455 0.3541422999999999
0.4449 0.3541422999999999
0.44525 0.3534012
0.4456 0.3534012
0.44595 0.353507
0.4463 0.3536995
0.44665 0.3539645
0.447 0.3537824
0.44735 0.3537824
0.4477 0.3537676
0.44805 0.3537676
0.4484 0.3534887
0.44875 0.3537712
0.4491 0.353651
0.44945 0.353651
0.4498 0.353469
0.45015 0.353469
0.4505 0.353469
0.45085 0.3531169
0.4512 0.3527482
0.45155 0.3527039
0.4519 0.3525697
0.45225 0.3527039
0.4526 0.3527794
0.45295 0.3527794
0.4533 0.3528139
0.45365 0.3526730999999999
0.454 0.3526730999999999
0.45435 0.3523715
0.4547 0.3521889
0.45505 0.3523354
0.4554 0.3521889
0.45575 0.3520145999999999
0.4561 0.3518091
0.45645 0.3518091
0.4568 0.3514592
0.45715 0.3519282999999999
0.4575 0.3518358
0.45785 0.3518358
0.4582 0.3517689
0.45855 0.3517309
0.4589 0.3516257
0.45925 0.3513365
0.4596 0.351135
0.45995 0.3513365
0.4603 0.3513405
0.46065 0.3514788
0.461 0.3514788
0.46135 0.3514415
0.4617 0.3514388
0.46205 0.3513325999999999
0.4624 0.3513039
0.46275 0.3512745999999999
0.4631 0.3512474
0.46345 0.3511402999999999
0.4638 0.3511026
0.46415 0.3510127
0.4645 0.35086
0.46485 0.3508502999999999
0.4652 0.350354
0.46555 0.350354
0.4659 0.3501234
0.46625 0.349884
0.4666 0.3497909999999999
0.46695 0.349884
0.4673 0.3497909999999999
0.46765 0.3493085
0.468 0.3490914
0.46835 0.3485337
0.4687 0.3464025
0.46905 0.3453642
0.4694 0.3464025
0.46975 0.3480284
0.4701 0.3481431
0.47045 0.3485283
0.4708 0.3485283
0.47115 0.348427
0.4715 0.348012
0.47185 0.3469594
0.4722 0.346894
0.47255 0.3469594
0.4729 0.3472465
0.47325 0.3479137
0.4736 0.3481705999999999
0.47395 0.3481705999999999
0.4743 0.3485897999999999
0.47465 0.3471303
0.475 0.3485467
0.47535 0.3435118
0.4757 0.3485467
0.47605 0.3475744
0.4764 0.3475744
0.47675 0.3475744
0.4771 0.3475989
0.47745 0.3483875999999999
0.4778 0.3478045
0.47815 0.3482427
0.4785 0.3481040999999999
0.47885 0.3481040999999999
0.4792 0.3479137
0.47955 0.3479136
0.4799 0.3477365
0.48025 0.3476204
0.4806 0.3475234
0.48095 0.347471
0.4813 0.3471594999999999
0.48165 0.3471122
0.482 0.3465523
0.48235 0.3465405
0.4827 0.3465405
0.48305 0.3463777999999999
0.4834 0.3453805
0.48375 0.3438959
0.4841 0.3438959
0.48445 0.3426113
0.4848 0.3404857999999999
0.48515 0.3408461
0.4855 0.3408461
0.48585 0.3408461
0.4862 0.3433649
0.48655 0.3436854
0.4869 0.3446129
0.48725 0.3446129
0.4876 0.3417918
0.48795 0.3417918
0.4883 0.3439025
0.48865 0.3439025
0.489 0.3458645
0.48935 0.3436865
0.4897 0.3458645
0.49005 0.3453950999999999
0.4904 0.3453950999999999
0.49075 0.3449917
0.4911 0.3449917
0.49145 0.34506
0.4918 0.3455513
0.49215 0.34506
0.4925 0.3447881
0.49285 0.3441086
0.4932 0.3441086
0.49355 0.3441086
0.4939 0.3450734
0.49425 0.3450734
0.4946 0.3450734
0.49495 0.3452886
0.4953 0.3451032
0.49565 0.3455997
0.496 0.3452745
0.49635 0.3454541
0.4967 0.3453544
0.49705 0.3453544
0.4974 0.3451715999999999
0.49775 0.3450574
0.4981 0.3449811
0.49845 0.3447312
0.4988 0.3447312
0.49915 0.3444724
0.4995 0.344781
0.49985 0.3444724
0.50055 0.3415054999999999
0.5009 0.3415054999999999
0.50125 0.3434096
0.5016 0.3434096
0.50195 0.3430444
0.5023 0.3428734
0.50265 0.3397123
0.503 0.3314109
0.50335 0.3345079
0.5037 0.3345079
0.50405 0.3345079
0.5044 0.3406445
0.50475 0.3415735
0.5051 0.3419577
0.50545 0.3419577
0.5058 0.3414694
0.50615 0.3414694
0.5065 0.3371841
0.50685 0.3378383
0.5072 0.3378383
0.50755 0.3397708
0.5079 0.3397708
0.50825 0.3397708
0.5086 0.3400492
0.50895 0.3400492
0.5093 0.3399209
0.50965 0.3393583
0.51 0.3393583
0.51035 0.3406872
0.5107 0.3411278
0.51105 0.3411278
0.5114 0.3407274
0.51175 0.3407274
0.5121 0.3412853
0.51245 0.3429503
0.5128 0.3429503
0.51315 0.3420967
0.5135 0.3420967
0.51385 0.3419660999999999
0.5142 0.3419660999999999
0.51455 0.3419660999999999
0.5149 0.3421290999999999
0.51525 0.3432139999999999
0.5156 0.3433997
0.51595 0.3433997
0.5163 0.3433997
0.51665 0.3432313
0.517 0.3434276
0.51735 0.3434236
0.5177 0.3434236
0.51805 0.3434236
0.5184 0.3434877999999999
0.51875 0.3435172
0.5191 0.3435172
0.51945 0.3432917
0.5198 0.3432917
0.52015 0.3432917
0.5205 0.3432712
0.52085 0.343238
0.5212 0.3431909
0.52155 0.3431208
0.5219 0.3428595999999999
0.52225 0.3428575
0.5226 0.3427368
0.52295 0.3424156
0.5233 0.3381041999999999
0.52365 0.3381041999999999
0.524 0.3377103
0.52435 0.3420584
0.5247 0.3420584
0.52505 0.3423038
0.5254 0.3423389
0.52575 0.3423389
0.5261 0.3423897999999999
0.52645 0.3422994
0.5268 0.3416977
0.52715 0.340846
0.5275 0.340846
0.52785 0.340846
0.5282 0.3420235
0.52855 0.3420235
0.5289 0.3410097
0.52925 0.3405989
0.5296 0.3405281
0.52995 0.3405989
0.5303 0.3403022
0.53065 0.339179
0.531 0.339179
0.53135 0.3411779
0.5317 0.3411779
0.53205 0.3408426
0.5324 0.3395834
0.53275 0.3399089
0.5331 0.3399089
0.53345 0.340731
0.5338 0.3407917
0.53415 0.3408349
0.5345 0.3408349
0.53485 0.340261
0.5352 0.3400033
0.53555 0.3399652999999999
0.5359 0.3393102
0.53625 0.3393102
0.5366 0.3393102
0.53695 0.3383236
0.5373 0.3383236
0.53765 0.3378413
0.538 0.3378326
0.53835 0.3373772
0.5387 0.3362959
0.53905 0.3361697
0.5394 0.3355919
0.53975 0.3343557
0.5401 0.3343557
0.54045 0.3320895
0.5408 0.3309145
0.54115 0.3309145
0.5415 0.3288095
0.54185 0.3288095
0.5422 0.328738
0.54255 0.328654
0.5429 0.328738
0.54325 0.328654
0.5436 0.3285752999999999
0.54395 0.3285752999999999
0.5443 0.329826
0.54465 0.3326349
0.545 0.3326349
0.54535 0.3330730999999999
0.5457 0.3333907
0.54605 0.3333907
0.5464 0.3321115
0.54675 0.3321115
0.5471 0.3331737
0.54745 0.335372
0.5478 0.335372
0.54815 0.335914
0.5485 0.3365934
0.54885 0.3369537
0.5492 0.3365934
0.54955 0.3369537
0.5499 0.3348276
0.55025 0.3369844999999999
0.5506 0.3369844999999999
0.55095 0.3369844999999999
0.5513 0.337539
0.55165 0.3360813
0.552 0.3371387
0.55235 0.3368686999999999
0.5527 0.3368686999999999
0.55305 0.3368686999999999
0.5534 0.336883
0.55375 0.336883
0.5541 0.336883
0.55445 0.3364098
0.5548 0.3364021
0.55515 0.3364021
0.5555 0.3364021
0.55585 0.3374547
0.5562 0.3371321
0.55655 0.3371321
0.5569 0.336228
0.55725 0.336228
0.5576 0.3368213
0.55795 0.337098
0.5583 0.3368213
0.55865 0.337098
0.559 0.3370414
0.55935 0.3371441
0.5597 0.3370414
0.56005 0.3368576
0.5604 0.3368576
0.56075 0.3366742
0.5611 0.3366945
0.56145 0.3366945
0.5618 0.3366945
0.56215 0.3363455
0.5625 0.3363455
0.56285 0.3366876
0.5632 0.3366876
0.56355 0.3360988
0.5639 0.33581
0.56425 0.3360988
0.5646 0.335792
0.56495 0.335792
0.5653 0.3356091
0.56565 0.3356091
0.566 0.3344074999999999
0.56635 0.3326224
0.5667 0.3322345
0.56705 0.3326224
0.5674 0.3324134
0.56775 0.3324134
0.5681 0.3255276
0.56845 0.3255276
0.5688 0.3245344
0.56915 0.3280215999999999
0.5695 0.3241711
0.56985 0.3254351
0.5702 0.3254351
0.57055 0.3323824999999999
0.5709 0.3323824999999999
0.57125 0.3312218
0.5716 0.3295522999999999
0.57195 0.3312218
0.5723 0.331225
0.57265 0.331225
0.573 0.3321824
0.57335 0.3250154
0.5737 0.3298667999999999
0.57405 0.3251565999999999
0.5744 0.3251565999999999
0.57475 0.3251565999999999
0.5751 0.3224767
0.57545 0.3299962999999999
0.5758 0.330677
0.57615 0.330677
0.5765 0.3284886
0.57685 0.3247900999999999
0.5772 0.3284886
0.57755 0.3294897999999999
0.5779 0.3294897999999999
0.57825 0.3311659
0.5786 0.3304655999999999
0.57895 0.3308675
0.5793 0.3308675
0.57965 0.3308675
0.58 0.3308877
0.58035 0.330359
0.5807 0.330871
0.58105 0.330871
0.5814 0.330871
0.58175 0.3317113
0.5821 0.3310366
0.58245 0.3310366
0.5828 0.3302773
0.58315 0.3302773
0.5835 0.3304832
0.58385 0.3304832
0.5842 0.3304832
0.58455 0.3311481
0.5849 0.3311481
0.58525 0.3306119
0.5856 0.3306119
0.58595 0.3306119
0.5863 0.3296649
0.58665 0.3296399
0.587 0.328793
0.58735 0.3284958
0.5877 0.326506
0.58805 0.3233917999999999
0.5884 0.3233917999999999
0.58875 0.3233917999999999
0.5891 0.3239004
0.58945 0.3239004
0.5898 0.319635
0.59015 0.319635
0.5905 0.3239796
0.59085 0.3239796
0.5912 0.3244821
0.59155 0.324632
0.5919 0.3246413
0.59225 0.3246413
0.5926 0.3253327
0.59295 0.3274474
0.5933 0.3274474
0.59365 0.3237731
0.594 0.3236038
0.59435 0.3173212
0.5947 0.3173212
0.59505 0.3232067999999999
0.5954 0.3234807
0.59575 0.3234807
0.5961 0.3234807
0.59645 0.3225606
0.5968 0.3243688
0.59715 0.3243688
0.5975 0.3243688
0.59785 0.3221244
0.5982 0.3221244
0.59855 0.3237259
0.5989 0.3237259
0.59925 0.3229841
0.5996 0.3229841
0.59995 0.3244883
0.6003 0.3244883
0.60065 0.3201448
0.601 0.3201448
0.60135 0.3230020999999999
0.6017 0.3254747
0.60205 0.3254747
0.6024 0.3276434
0.60275 0.3276434
0.6031 0.3287825
0.60345 0.3295609
0.6038 0.3295609
0.60415 0.3283011
0.6045 0.3283011
0.60485 0.3271737999999999
0.6052 0.3296434
0.60555 0.3298003
0.6059 0.3298003
0.60625 0.3298003
0.6066 0.3295405
0.60695 0.3301966
0.6073 0.3295405
0.60765 0.3301966
0.608 0.3292627
0.60835 0.3297374
0.6087 0.3292627
0.60905 0.3293893
0.6094 0.3289617
0.60975 0.3293893
0.6101 0.3301564
0.61045 0.3301564
0.6108 0.3295431
0.61115 0.329268
0.6115 0.3290289
0.61185 0.3283400999999999
0.6122 0.327609
0.61255 0.3274535
0.6129 0.3261399
0.61325 0.3250929999999999
0.6136 0.3237950999999999
0.61395 0.322634
0.6143 0.3217948
0.61465 0.320996
0.615 0.3207061
0.61535 0.320643
0.6157 0.3203309
0.61605 0.3194767
0.6164 0.3189994
0.61675 0.3184927
0.6171 0.3174383
0.61745 0.3153973
0.6178 0.3134188
0.61815 0.3133477
0.6185 0.3117877999999999
0.61885 0.3109680999999999
0.6192 0.3104297
0.61955 0.3104297
0.6199 0.3111415
0.62025 0.312246
0.6206 0.3134192999999999
0.62095 0.3135325
0.6213 0.3140685
0.62165 0.3149737999999999
0.622 0.3165262
0.62235 0.3182486
0.6227 0.3195815999999999
0.62305 0.3211001
0.6234 0.3219720999999999
0.62375 0.3221817
0.6241 0.324081
0.62445 0.3242349
0.6248 0.3253014999999999
0.62515 0.3265214
0.6255 0.3272605
0.62585 0.3274368
0.6262 0.3278191
0.62655 0.3278191
0.6269 0.3279354
0.62725 0.3281242
0.6276 0.3281242
0.62795 0.3286139
0.6283 0.3285656
0.62865 0.3286139
0.629 0.3294247
0.62935 0.3296248
0.6297 0.329703
0.63005 0.3301212999999999
0.6304 0.3301212999999999
0.63075 0.3296977
0.6311 0.3286469
0.63145 0.3277970999999999
0.6318 0.3227519
0.63215 0.3227519
0.6325 0.3271751
0.63285 0.32759
0.6332 0.327644
0.63355 0.3286977
0.6339 0.328962
0.63425 0.3290599999999999
0.6346 0.3290599999999999
0.63495 0.328111
0.6353 0.328111
0.63565 0.3276247
0.636 0.3276247
0.63635 0.3276247
0.6367 0.3258855
0.63705 0.3258855
0.6374 0.3258855
0.63775 0.3241001
0.6381 0.3249094
0.63845 0.3249094
0.6388 0.3249094
0.63915 0.3257383
0.6395 0.3257383
0.63985 0.3272997
0.6402 0.3277254
0.64055 0.3272997
0.6409 0.3274540999999999
0.64125 0.3270864
0.6416 0.3265922
0.64195 0.3264793
0.6423 0.3264793
0.64265 0.3268058
0.643 0.3268058
0.64335 0.3265701
0.6437 0.3251674
0.64405 0.3234256
0.6444 0.3234256
0.64475 0.3234132999999999
0.6451 0.3234132999999999
0.64545 0.3234132999999999
0.6458 0.3200794
0.64615 0.3162104
0.6465 0.3162104
0.64685 0.319508
0.6472 0.3206749
0.64755 0.3206749
0.6479 0.3203801
0.64825 0.3202524
0.6486 0.3203801
0.64895 0.3212567999999999
0.6493 0.3219724
0.64965 0.3236064
0.65 0.3236064
0.65035 0.3245985
0.6507 0.3235696
0.65105 0.3186663
0.6514 0.3186663
0.65175 0.3186663
0.6521 0.3195926
0.65245 0.3230686
0.6528 0.3230686
0.65315 0.323551
0.6535 0.3208482
0.65385 0.3237299
0.6542 0.3190632
0.65455 0.3221364
0.6549 0.3221364
0.65525 0.3221364
0.6556 0.3196410999999999
0.65595 0.3193973
0.6563 0.3193973
0.65665 0.3207747
0.657 0.3207747
0.65735 0.3195515999999999
0.6577 0.3195515999999999
0.65805 0.3216083
0.6584 0.3216083
0.65875 0.3216083
0.6591 0.3223618
0.65945 0.3223618
0.6598 0.3195909999999999
0.66015 0.3195909999999999
0.6605 0.3225992
0.66085 0.3225992
0.6612 0.3217683
0.66155 0.321693
0.6619 0.3217683
0.66225 0.3217640999999999
0.6626 0.3222386
0.66295 0.3220985
0.6633 0.3220985
0.66365 0.3218157
0.664 0.3217523
0.66435 0.3217523
0.6647 0.3226153
0.66505 0.3226153
0.6654 0.3223104
0.66575 0.3218524
0.6661 0.3207793
0.66645 0.3215775999999999
0.6668 0.3215775999999999
0.66715 0.3217727
0.6675 0.3218265999999999
0.66785 0.321869
0.6682 0.321869
0.66855 0.3213972
0.6689 0.3213972
0.66925 0.3220498
0.6696 0.3229561999999999
0.66995 0.3230102
0.6703 0.3236987
0.67065 0.324272
0.671 0.324272
0.67135 0.3249180999999999
0.6717 0.3252477
0.67205 0.3252477
0.6724 0.3252477
0.67275 0.3255166
0.6731 0.3257329
0.67345 0.3259215
0.6738 0.3268730999999999
0.67415 0.3268730999999999
0.6745 0.3268730999999999
0.67485 0.3269606
0.6752 0.3276555999999999
0.67555 0.3276555999999999
0.6759 0.3277105999999999
0.67625 0.3277627999999999
0.6766 0.3277627999999999
0.67695 0.3277649
0.6773 0.3277649
0.67765 0.3278959
0.678 0.3278959
0.67835 0.3275939
0.6787 0.3265151
0.67905 0.3267315999999999
0.6794 0.3267315999999999
0.67975 0.3270242
0.6801 0.3270242
0.68045 0.3270045
0.6808 0.3259216
0.68115 0.3259204
0.6815 0.3259204
0.68185 0.3255341
0.6822 0.324918
0.68255 0.324918
0.6829 0.324918
0.68325 0.3243452
0.6836 0.3243452
0.68395 0.323914
0.6843 0.3228876
0.68465 0.3228876
0.685 0.3239629
0.68535 0.3256875
0.6857 0.32575
0.68605 0.32575
0.6864 0.3253447
0.68675 0.32208
0.6871 0.32208
0.68745 0.3240877
0.6878 0.3249549
0.68815 0.3253163
0.6885 0.3253163
0.68885 0.3242514
0.6892 0.3242514
0.68955 0.3198435999999999
0.6899 0.3232442
0.69025 0.3225667
0.6906 0.3232442
0.69095 0.3225667
0.6913 0.3208832
0.69165 0.3202893
0.692 0.319003
0.69235 0.319003
0.6927 0.3190568
0.69305 0.3190568
0.6934 0.3185588
0.69375 0.3185588
0.6941 0.3185588
0.69445 0.3190108
0.6948 0.3189356
0.69515 0.3189748
0.6955 0.3189356
0.69585 0.3185013
0.6962 0.3185013
0.69655 0.3193722
0.6969 0.3193722
0.69725 0.3205119999999999
0.6976 0.3167967
0.69795 0.3185939
0.6983 0.3179619999999999
0.69865 0.3179619999999999
0.699 0.3173595999999999
0.69935 0.3169347
0.6997 0.3169347
0.70005 0.3133501999999999
0.7004 0.3122117
0.70075 0.3122117
0.7011 0.3129701
0.70145 0.3129701
0.7018 0.3124987
0.70215 0.312449
0.7025 0.312449
0.70285 0.312449
0.7032 0.3128517
0.70355 0.3128517
0.7039 0.3132279
0.70425 0.3132279
0.7046 0.3133478
0.70495 0.3133478
0.7053 0.3134689
0.70565 0.316044
0.706 0.316044
0.70635 0.3156704
0.7067 0.3156704
0.70705 0.3156704
0.7074 0.3164095999999999
0.70775 0.3160686
0.7081 0.3164095999999999
0.70845 0.3160686
0.7088 0.317269
0.70915 0.3160088
0.7095 0.317269
0.70985 0.3173777
0.7102 0.3185709
0.71055 0.3185709
0.7109 0.3174482999999999
0.71125 0.317429
0.7116 0.3174482999999999
0.71195 0.3193301
0.7123 0.3193301
0.71265 0.3184748
0.713 0.3180128
0.71335 0.3180128
0.7137 0.3184656
0.71405 0.3184656
0.7144 0.3179653
0.71475 0.3177554999999999
0.7151 0.3169097
0.71545 0.3168612999999999
0.7158 0.3151252
0.71615 0.3149624
0.7165 0.3121116
0.71685 0.3076895
0.7172 0.3075383
0.71755 0.3036873
0.7179 0.3036873
0.71825 0.3013119999999999
0.7186 0.3013119999999999
0.71895 0.2954295
0.7193 0.2954295
0.71965 0.2954295
0.72 0.2906307
0.72035 0.2906307
0.7207 0.2915014
0.72105 0.2915014
0.7214 0.2915014
0.72175 0.2887239
0.7221 0.2911526
0.72245 0.2893779
0.7228 0.2893779
0.72315 0.2853464
0.7235 0.2737573
0.72385 0.2712018
0.7242 0.2712018
0.72455 0.2662732
0.7249 0.2596546
0.72525 0.2596546
0.7256 0.2525136
0.72595 0.2525136
0.7263 0.248464
0.72665 0.2455398999999999
0.727 0.2372497
0.72735 0.2372497
0.7277 0.2372497
0.72805 0.250171
0.7284 0.2599468
0.72875 0.2658798
0.7291 0.2684607
0.72945 0.2684627999999999
0.7298 0.2684627999999999
0.73015 0.2707724999999999
0.7305 0.2744607999999999
0.73085 0.2814427
0.7312 0.2854109
0.73155 0.2854109
0.7319 0.2872453
0.73225 0.2825215
0.7326 0.2899325
0.73295 0.2825215
0.7333 0.2899325
0.73365 0.2987710999999999
0.734 0.2987710999999999
0.73435 0.3007164
0.7347 0.3031822
0.73505 0.3043465
0.7354 0.3061532
0.73575 0.3061532
0.7361 0.3061532
0.73645 0.3087584
0.7368 0.3087584
0.73715 0.3088014
0.7375 0.3110314
0.73785 0.3121087
0.7382 0.3128316
0.73855 0.3139962
0.7389 0.3128316
0.73925 0.314082
0.7396 0.3149137
0.73995 0.3158052
0.7403 0.3158052
0.74065 0.3178853
0.741 0.3178853
0.74135 0.3178853
0.7417 0.3180486
0.74205 0.3191935
0.7424 0.3191935
0.74275 0.3191935
0.7431 0.3203611
0.74345 0.3203611
0.7438 0.3199725999999999
0.74415 0.3195177
0.7445 0.3195177
0.74485 0.3208001
0.7452 0.3208001
0.74555 0.3208001
0.7459 0.319352
0.74625 0.3203205999999999
0.7466 0.3203205999999999
0.74695 0.3203205999999999
0.7473 0.3206742
0.74765 0.3205441
0.748 0.3207243
0.74835 0.3205603
0.7487 0.3205603
0.74905 0.3205603
0.7494 0.3207665
0.74975 0.3207665
0.7501 0.3207665
0.75045 0.3204762
0.7508 0.321596
0.75115 0.321056
0.7515 0.3212134
0.75185 0.3212134
0.7522 0.3212134
0.75255 0.3214402
0.7529 0.3214402
0.75325 0.3215467999999999
0.7536 0.3215749
0.75395 0.3215749
0.7543 0.3215749
0.75465 0.3222752
0.755 0.3215654
0.75535 0.3221487
0.7557 0.3221487
0.75605 0.3222217
0.7564 0.3222217
0.75675 0.3222217
0.7571 0.3215168
0.75745 0.3212107
0.7578 0.3212107
0.75815 0.3213695
0.7585 0.3213695
0.75885 0.3212328
0.7592 0.3211904
0.75955 0.320708
0.7599 0.3204708
0.76025 0.3204708
0.7606 0.3198087999999999
0.76095 0.3198087999999999
0.7613 0.320278
0.76165 0.320278
0.762 0.3195482999999999
0.76235 0.3194444
0.7627 0.319366
0.76305 0.3191620999999999
0.7634 0.3191620999999999
0.76375 0.3190194
0.7641 0.3190194
0.76445 0.3186322
0.7648 0.3186276
0.76515 0.3186322
0.7655 0.3186575999999999
0.76585 0.3186575999999999
0.7662 0.3184232999999999
0.76655 0.3180788
0.7669 0.3180305
0.76725 0.3180305
0.7676 0.3183955
0.76795 0.3186755
0.7683 0.3186755
0.76865 0.3185098
0.769 0.3185007
0.76935 0.3184405
0.7697 0.3184405
0.77005 0.3184080999999999
0.7704 0.3182491
0.77075 0.3181507999999999
0.7711 0.3180982
0.77145 0.3180545999999999
0.7718 0.3180136
0.77215 0.3178676
0.7725 0.3175354
0.77285 0.3166176
0.7732 0.3156722
0.77355 0.3156722
0.7739 0.3158107999999999
0.77425 0.3161906
0.7746 0.3161906
0.77495 0.3160284
0.7753 0.3158335
0.77565 0.3153349
0.776 0.3150459
0.77635 0.3144834
0.7767 0.3144124
0.77705 0.3141125999999999
0.7774 0.3136191
0.77775 0.3135025
0.7781 0.3131482
0.77845 0.3126277999999999
0.7788 0.3121009
0.77915 0.3114642
0.7795 0.3100487
0.77985 0.308982
0.7802 0.3075837
0.78055 0.3075727
0.7809 0.3054953
0.78125 0.3050152
0.7816 0.3042225
0.78195 0.3042043
0.7823 0.3042043
0.78265 0.3042043
0.783 0.3029489999999999
0.78335 0.302935
0.7837 0.301172
0.78405 0.301172
0.7844 0.3032700999999999
0.78475 0.3050524
0.7851 0.3061955999999999
0.78545 0.3061955999999999
0.7858 0.3053941
0.78615 0.305169
0.7865 0.305169
0.78685 0.3051512
0.7872 0.3051512
0.78755 0.3063147
0.7879 0.3067804999999999
0.78825 0.3073285999999999
0.7886 0.3073285999999999
0.78895 0.3077077
0.7893 0.3077077
0.78965 0.3080288
0.79 0.3080288
0.79035 0.3081645999999999
0.7907 0.3076515999999999
0.79105 0.3069969999999999
0.7914 0.3063208
0.79175 0.3062102
0.7921 0.3054053
0.79245 0.3043595999999999
0.7928 0.3034139
0.79315 0.3034139
0.7935 0.3033475
0.79385 0.3033475
0.7942 0.3019357
0.79455 0.3012977
0.7949 0.2997899
0.79525 0.2978762
0.7956 0.2988799
0.79595 0.2955366
0.7963 0.2955366
0.79665 0.2955366
0.797 0.2980812
0.79735 0.2980812
0.7977 0.2980812
0.79805 0.2988524
0.7984 0.2989142
0.79875 0.2991679
0.7991 0.2991679
0.79945 0.2996127
0.7998 0.3008712999999999
0.80015 0.3010582
0.8005 0.3019044
0.80085 0.3027525
0.8012 0.3027525
0.80155 0.3031157
0.8019 0.3029165
0.80225 0.3029165
0.8026 0.3029165
0.80295 0.3045153
0.8033 0.3045153
0.80365 0.3053154
0.804 0.3053870999999999
0.80435 0.3058152
0.8047 0.3066877
0.80505 0.3076836
0.8054 0.307857
0.80575 0.307857
0.8061 0.3064955
0.80645 0.3064955
0.8068 0.3083667
0.80715 0.309476
0.8075 0.309476
0.80785 0.3103569
0.8082 0.3103569
0.80855 0.3106009
0.8089 0.3106009
0.80925 0.3092289
0.8096 0.3092289
0.80995 0.3106964
0.8103 0.3110098
0.81065 0.3110098
0.811 0.3111607
0.81135 0.3113442999999999
0.8117 0.3113442999999999
0.81205 0.3114255
0.8124 0.3118957
0.81275 0.3126047999999999
0.8131 0.3118957
0.81345 0.3134308
0.8138 0.3134347
0.81415 0.3134347
0.8145 0.313419
0.81485 0.2997467
0.8152 0.2997467
0.81555 0.3132819
0.8159 0.3136297999999999
0.81625 0.3136297999999999
0.8166 0.3145716
0.81695 0.3141254
0.8173 0.3145922
0.81765 0.3141254
0.818 0.3139607
0.81835 0.3139607
0.8187 0.3139607
0.81905 0.3153663
0.8194 0.3156058
0.81975 0.3156058
0.8201 0.3159172
0.82045 0.3159914
0.8208 0.3159914
0.82115 0.3162645999999999
0.8215 0.3159287
0.82185 0.3159287
0.8222 0.3157095
0.82255 0.3151782
0.8229 0.3136820999999999
0.82325 0.2970981
0.8236 0.3040164
0.82395 0.3040164
0.8243 0.3157670999999999
0.82465 0.3165810999999999
0.825 0.3165810999999999
0.82535 0.3165810999999999
0.8257 0.3165302
0.82605 0.3165302
0.8264 0.3169074
0.82675 0.3169772999999999
0.8271 0.3169074
0.82745 0.3159333
0.8278 0.3120436
0.82815 0.3155618
0.8285 0.3155618
0.82885 0.3155618
0.8292 0.3160455
0.82955 0.3165100999999999
0.8299 0.3165100999999999
0.83025 0.316133
0.8306 0.316133
0.83095 0.3163189
0.8313 0.3167869
0.83165 0.3163189
0.832 0.3147747
0.83235 0.3147747
0.8327 0.312723
0.83305 0.3163319
0.8334 0.3154785
0.83375 0.3154785
0.8341 0.308927
0.83445 0.308927
0.8348 0.308927
0.83515 0.3130803
0.8355 0.3120058
0.83585 0.3120058
0.8362 0.3111763
0.83655 0.31093
0.8369 0.310103
0.83725 0.3094025
0.8376 0.3053397
0.83795 0.3045189
0.8383 0.3045189
0.83865 0.3043049
0.839 0.3043049
0.83935 0.3043049
0.8397 0.3046943
0.84005 0.3055592
0.8404 0.3055592
0.84075 0.3019381
0.8411 0.300888
0.84145 0.300888
0.8418 0.3010624
0.84215 0.3010820999999999
0.8425 0.304713
0.84285 0.3081055
0.8432 0.3081055
0.84355 0.3078507
0.8439 0.3063724
0.84425 0.3063724
0.8446 0.3071406
0.84495 0.3076561
0.8453 0.308876
0.84565 0.3092065
0.846 0.3104648
0.84635 0.3118435
0.8467 0.31196
0.84705 0.3119750999999999
0.8474 0.3119750999999999
0.84775 0.3113974
0.8481 0.3113974
0.84845 0.3113974
0.8488 0.312613
0.84915 0.313212
0.8495 0.313212
0.84985 0.3121583
0.8502 0.312033
0.85055 0.3088796
0.8509 0.3088796
0.85125 0.3088796
0.8516 0.3105134
0.85195 0.3098464
0.8523 0.3098464
0.85265 0.3085137
0.853 0.3069502999999999
0.85335 0.3065525
0.8537 0.3055671
0.85405 0.3045145999999999
0.8544 0.3024463
0.85475 0.3013651
0.8551 0.3013015999999999
0.85545 0.2990692
0.8558 0.2987987
0.85615 0.2952391
0.8565 0.2952391
0.85685 0.2936583
0.8572 0.2896314
0.85755 0.2868192
0.8579 0.2769175
0.85825 0.2769175
0.8586 0.2775247
0.85895 0.2775247
0.8593 0.2760917999999999
0.85965 0.275389
0.86 0.2703758
0.86035 0.2619071
0.8607 0.2593136
0.86105 0.2520544
0.8614 0.2498087999999999
0.86175 0.2477488
0.8621 0.2410371
0.86245 0.2410371
0.8628 0.2408357999999999
0.86315 0.2395676
0.8635 0.2395676
0.86385 0.2407092
0.8642 0.2407092
0.86455 0.2264719999999999
0.8649 0.2264719999999999
0.86525 0.2418941
0.8656 0.2433069
0.86595 0.2511245
0.8663 0.2525872
0.86665 0.2525872
0.867 0.2307228999999999
0.86735 0.2307228999999999
0.8677 0.2417376
0.86805 0.2534206
0.8684 0.2650795999999999
0.86875 0.2667590999999999
0.8691 0.2761585
0.86945 0.2752693
0.8698 0.2771769
0.87015 0.2770804
0.8705 0.2770804
0.87085 0.2710425
0.8712 0.260211
0.87155 0.2710425
0.8719 0.2713098
0.87225 0.2864808
0.8726 0.2751967
0.87295 0.2751967
0.8733 0.2751967
0.87365 0.2841015
0.874 0.2855014999999999
0.87435 0.2896475999999999
0.8747 0.2896475999999999
0.87505 0.2896475999999999
0.8754 0.2926495
0.87575 0.2753415
0.8761 0.2862347
0.87645 0.2838168
0.8768 0.2838168
0.87715 0.2831046
0.8775 0.2646057
0.87785 0.2646057
0.8782 0.2605375
0.87855 0.2605375
0.8789 0.2814377
0.87925 0.2814377
0.8796 0.2181596
0.87995 0.2074703999999999
0.8803 0.2119194
0.88065 0.2074703999999999
0.881 0.1829117999999999
0.88135 0.1798689
0.8817 0.1568234999999999
0.88205 0.1235066
0.8824 0.0783906
0.88275 0.0783906
0.8831 0.0783906
0.88345 0.0785722
0.8838 0.0759601999999999
0.88415 0.0785722
0.8845 0.0982321
0.88485 0.1174713
0.8852 0.1260748
0.88555 0.1260748
0.8859 0.1165702
0.88625 0.0921068999999999
0.8866 0.0420323
0.88695 0.0313006
0.8873 0.0313006
0.88765 0.0427301
0.888 0.0537661
0.88835 0.0537661
0.8887 0.069357
0.88905 0.0397565
0.8894 0.0732493999999999
0.88975 0.0741105
0.8901 0.0918745
0.89045 0.0870051
0.8908 0.0873028
0.89115 0.0870051
0.8915 0.0873028
0.89185 0.094426
0.8922 0.0944458
0.89255 0.0944458
0.8929 0.0983438
0.89325 0.0983438
0.8936 0.0885411999999999
0.89395 0.0808023999999999
0.8943 0.0808023999999999
0.89465 0.0824688
0.895 0.0824688
0.89535 0.075336
0.8957 0.075336
0.89605 0.0870371
0.8964 0.1009813
0.89675 0.1259935
0.8971 0.1259935
0.89745 0.1257107999999999
0.8978 0.1257107999999999
0.89815 0.13157
0.8985 0.13157
0.89885 0.1265974
0.8992 0.1238398
0.89955 0.1238398
0.8999 0.1285746
0.90025 0.1296412
0.9006 0.1597608
0.90095 0.1797387
0.9013 0.1920707
0.90165 0.2063902
0.902 0.2105851
0.90235 0.2210357
0.9027 0.2210357
0.90305 0.2210357
0.9034 0.2362752999999999
0.90375 0.2135679999999999
0.9041 0.2421251
0.90445 0.2547683
0.9048 0.2575484
0.90515 0.2575484
0.9055 0.2674853
0.90585 0.2766033
0.9062 0.2766033
0.90655 0.2645632
0.9069 0.2645632
0.90725 0.2647504
0.9076 0.2647504
0.90795 0.253335
0.9083 0.2342375
0.90865 0.253335
0.909 0.2847835999999999
0.90935 0.2847835999999999
0.9097 0.259718
0.91005 0.259718
0.9104 0.262267
0.91075 0.2800503
0.9111 0.2914694
0.91145 0.2914080999999999
0.9118 0.2914080999999999
0.91215 0.2881864
0.9125 0.2862255
0.91285 0.2862255
0.9132 0.2862255
0.91355 0.2684479
0.9139 0.2899426
0.91425 0.2893499
0.9146 0.2963777999999999
0.91495 0.2947890999999999
0.9153 0.2947890999999999
0.91565 0.2802197999999999
0.916 0.2772822
0.91635 0.2772822
0.9167 0.2772822
0.91705 0.2875909
0.9174 0.2917883
0.91775 0.2917883
0.9181 0.2816614999999999
0.91845 0.2816614999999999
0.9188 0.2838728
0.91915 0.2838728
0.9195 0.2754278
0.91985 0.2754278
0.9202 0.2922964
0.92055 0.2922964
0.9209 0.2981731999999999
0.92125 0.2898567
0.9216 0.2799544
0.92195 0.2799544
0.9223 0.2425672999999999
0.92265 0.2829286
0.923 0.2996207
0.92335 0.2996207
0.9237 0.2864955
0.92405 0.2864955
0.9244 0.2888726
0.92475 0.2958739999999999
0.9251 0.2888726
0.92545 0.2958739999999999
0.9258 0.2834886
0.92615 0.2834886
0.9265 0.2834886
0.92685 0.2393671
0.9272 0.2622325
0.92755 0.2622325
0.9279 0.2622325
0.92825 0.2901779
0.9286 0.2901779
0.92895 0.2958674
0.9293 0.2976083
0.92965 0.2976083
0.93 0.267912
0.93035 0.2677919
0.9307 0.2262382
0.93105 0.2507908
0.9314 0.2507908
0.93175 0.2507908
0.9321 0.2651946
0.93245 0.2371853
0.9328 0.2651946
0.93315 0.2866849
0.9335 0.2866849
0.93385 0.2586904
0.9342 0.2294078
0.93455 0.2294078
0.9349 0.247648
0.93525 0.247648
0.9356 0.2856507
0.93595 0.2856507
0.9363 0.2908481
0.93665 0.2908481
0.937 0.2768282999999999
0.93735 0.2768282999999999
0.9377 0.2293757
0.93805 0.2277324
0.9384 0.2277324
0.93875 0.2874385
0.9391 0.2874385
0.93945 0.2874385
0.9398 0.280694
0.94015 0.2927603
0.9405 0.2235146
0.94085 0.2927603
0.9412 0.2956772
0.94155 0.2995145999999999
0.9419 0.3032190999999999
0.94225 0.3032190999999999
0.9426 0.3030112
0.94295 0.2285242999999999
0.9433 0.2285242999999999
0.94365 0.2539949999999999
0.944 0.2539949999999999
0.94435 0.2023654
0.9447 0.2023654
0.94505 0.2942632
0.9454 0.2942632
0.94575 0.2942632
0.9461 0.2862493
0.94645 0.2862493
0.9468 0.2680025
0.94715 0.2680025
0.9475 0.2680025
0.94785 0.2861026
0.9482 0.292848
0.94855 0.2960857999999999
0.9489 0.292848
0.94925 0.2542511
0.9496 0.2542511
0.94995 0.2601888
0.9503 0.2791012
0.95065 0.3024651
0.951 0.3024651
0.95135 0.2868954999999999
0.9517 0.2868954999999999
0.95205 0.2904849
0.9524 0.2904849
0.95275 0.2734119
0.9531 0.2682923
0.95345 0.2682923
0.9538 0.2997432
0.95415 0.2997432
0.9545 0.2968905
0.95485 0.2968905
0.9552 0.2882539
0.95555 0.2967764
0.9559 0.2967764
0.95625 0.2967764
0.9566 0.2958569
0.95695 0.2708384
0.9573 0.2708384
0.95765 0.3003127
0.958 0.3003127
0.95835 0.2998319
0.9587 0.2982549
0.95905 0.2982549
0.9594 0.2750094
0.95975 0.2750094
0.9601 0.2921106
0.96045 0.2921106
0.9608 0.2900372
0.96115 0.2900372
0.9615 0.2900372
0.96185 0.2884773
0.9622 0.2852649
0.96255 0.2461385999999999
0.9629 0.2461385999999999
0.96325 0.2702017
0.9636 0.2702017
0.96395 0.2685653
0.9643 0.2685653
0.96465 0.2685653
0.965 0.2656045
0.96535 0.2490851
0.9657 0.2490851
0.96605 0.2507529
0.9664 0.2507529
0.96675 0.2506185
0.9671 0.2339195
0.96745 0.247166
0.9678 0.247166
0.96815 0.2589735999999999
0.9685 0.2589735999999999
0.96885 0.2575945
0.9692 0.2539949999999999
0.96955 0.2520125
0.9699 0.2480804
0.97025 0.2373392
0.9706 0.2236635
0.97095 0.2186177
0.9713 0.2236635
0.97165 0.2334467999999999
0.972 0.2417316
0.97235 0.2458234
0.9727 0.249711
0.97305 0.2458234
0.9734 0.2422599
0.97375 0.2422599
0.9741 0.234352
0.97445 0.2430255
0.9748 0.2475754
0.97515 0.2496614999999999
0.9755 0.2522966
0.97585 0.2524659999999999
0.9762 0.2524659999999999
0.97655 0.2453473
0.9769 0.2176638
0.97725 0.2453473
0.9776 0.218986
0.97795 0.2308579999999999
0.9783 0.218986
0.97865 0.2218386
0.979 0.2218386
0.97935 0.2446689
0.9797 0.2446689
0.98005 0.2135072
0.9804 0.2023704
0.98075 0.2023704
0.9811 0.2023704
0.98145 0.2139092
0.9818 0.2139092
0.98215 0.1931193
0.9825 0.1931193
0.98285 0.0669806
0.9832 0.1762109999999999
0.98355 0.1762109999999999
0.9839 0.1789617
0.98425 0.1813696
0.9846 0.1789617
0.98495 0.1949262
0.9853 0.1114994999999999
0.98565 0.1378349999999999
0.986 0.0974353999999999
0.98635 0.1378349999999999
0.9867 0.1146591999999999
0.98705 0.1172579999999999
0.9874 0.1172579999999999
0.98775 0.1250074
0.9881 0.1250074
0.98845 0.0112292
0.9888 0.0112292
0.98915 0.0523784
0.9895 0.1269725
0.98985 0.0971818
0.9902 0.1375833
0.99055 0.0971818
0.9909 0.1375833
0.99125 0.135347
0.9916 0.1451597
0.99195 0.135347
0.9923 0.1496257999999999
0.99265 0.1687484
0.993 0.1687921
0.99335 0.1687921
0.9937 0.1582838
0.99405 0.1582838
0.9944 0.1618557
0.99475 0.1618557
0.9951 0.1224376
0.99545 0.1224376
0.9958 0.0297985
0.99615 0.1399995
0.9965 0.0297985
0.99685 0.1399995
0.9972 0.1636829
0.99755 0.1636829
0.9979 0.1696552
0.99825 0.1350708
0.9986 0.1508422999999999
0.99895 0.1328973
0.9993 0.1328973
