0.3 0.0011079
0.30035 0.0011084
0.3007 0.0011089
0.30105 0.0011095
0.3014 0.0011099999999999
0.30175 0.0011106
0.3021 0.0011112
0.30245 0.0011118
0.3028 0.0011124
0.30315 0.001113
0.3035 0.0011136
0.30385 0.0011142
0.3042 0.0011149
0.30455 0.0011155
0.3049 0.0011162
0.30525 0.0011169
0.3056 0.0011175999999999
0.30595 0.0011183
0.3063 0.001119
0.30665 0.0011197
0.307 0.0011205
0.30735 0.0011212
0.3077 0.001122
0.30805 0.0011228
0.3084 0.0011236
0.30875 0.0011244
0.3091 0.0011252
0.30945 0.001126
0.3098 0.0011269
0.31015 0.0011277999999999
0.3105 0.0011287
0.31085 0.0011296
0.3112 0.0011305
0.31155 0.0011314
0.3119 0.0011324
0.31225 0.0011333
0.3126 0.0011343
0.31295 0.0011353
0.3133 0.0011363
0.31365 0.0011374
0.314 0.0011384
0.31435 0.0011394999999999
0.3147 0.0011405999999999
0.31505 0.0011417
0.3154 0.0011427999999999
0.31575 0.001144
0.3161 0.0011450999999999
0.31645 0.0011462999999999
0.3168 0.0011474999999999
0.31715 0.0011487
0.3175 0.00115
0.31785 0.0011512
0.3182 0.0011525
0.31855 0.0011538
0.3189 0.0011550999999999
0.31925 0.0011564
0.3196 0.0011577999999999
0.31995 0.0011592
0.3203 0.0011606
0.32065 0.0011619999999999
0.321 0.0011634
0.32135 0.0011649
0.3217 0.0011664
0.32205 0.0011679
0.3224 0.0011694
0.32275 0.001171
0.3231 0.0011725
0.32345 0.0011741
0.3238 0.0011757999999999
0.32415 0.0011774
0.3245 0.0011790999999999
0.32485 0.0011808
0.3252 0.0011825
0.32555 0.0011842
0.3259 0.001186
0.32625 0.0011878
0.3266 0.0011895999999999
0.32695 0.0011914
0.3273 0.0011933
0.32765 0.0011951
0.328 0.0011970999999999
0.32835 0.001199
0.3287 0.001201
0.32905 0.0012029999999999
0.3294 0.001205
0.32975 0.001207
0.3301 0.0012090999999999
0.33045 0.0012112
0.3308 0.0012132999999999
0.33115 0.0012154
0.3315 0.0012175999999999
0.33185 0.0012198
0.3322 0.0012220999999999
0.33255 0.0012243
0.3329 0.0012265999999999
0.33325 0.0012289
0.3336 0.0012312999999999
0.33395 0.0012335999999999
0.3343 0.0012361
0.33465 0.0012385
0.335 0.0012409
0.33535 0.0012434
0.3357 0.001246
0.33605 0.0012485
0.3364 0.0012511
0.33675 0.0012537
0.3371 0.0012563
0.33745 0.001259
0.3378 0.0012617
0.33815 0.0012644
0.3385 0.0012671
0.33885 0.0012699
0.3392 0.0012727
0.33955 0.0012755999999999
0.3399 0.0012784
0.34025 0.0012813
0.3406 0.0012843
0.34095 0.0012872
0.3413 0.0012902
0.34165 0.0012932
0.342 0.0012963
0.34235 0.0012994
0.3427 0.0013025
0.34305 0.0013057
0.3434 0.0013089
0.34375 0.0013120999999999
0.3441 0.0013153
0.34445 0.0013186
0.3448 0.0013219
0.34515 0.0013253
0.3455 0.0013287
0.34585 0.0013321
0.3462 0.0013356
0.34655 0.0013390999999999
0.3469 0.0013425999999999
0.34725 0.0013460999999999
0.3476 0.0013497
0.34795 0.0013533
0.3483 0.001357
0.34865 0.0013607
0.349 0.0013644
0.34935 0.0013682
0.3497 0.001372
0.35005 0.0013758
0.3504 0.0013797
0.35075 0.0013835999999999
0.3511 0.0013875
0.35145 0.0013915
0.3518 0.0013955
0.35215 0.0013995999999999
0.3525 0.0014035999999999
0.35285 0.0014077999999999
0.3532 0.0014119
0.35355 0.0014161
0.3539 0.0014203
0.35425 0.0014245999999999
0.3546 0.0014289
0.35495 0.0014332
0.3553 0.0014376
0.35565 0.001442
0.356 0.0014464
0.35635 0.0014509
0.3567 0.0014554
0.35705 0.00146
0.3574 0.0014646
0.35775 0.0014692
0.3581 0.0014738
0.35845 0.0014785
0.3588 0.0014833
0.35915 0.0014880999999999
0.3595 0.0014929
0.35985 0.0014977
0.3602 0.0015026
0.36055 0.0015075
0.3609 0.0015125
0.36125 0.0015175
0.3616 0.0015225
0.36195 0.0015276
0.3623 0.0015327
0.36265 0.0015379
0.363 0.0015432
0.36335 0.0015484
0.3637 0.0015537
0.36405 0.0015591
0.3644 0.0015645
0.36475 0.0015699
0.3651 0.0015754
0.36545 0.0015809
0.3658 0.0015864
0.36615 0.001592
0.3665 0.0015975999999999
0.36685 0.0016033
0.3672 0.001609
0.36755 0.0016147
0.3679 0.0016204999999999
0.36825 0.0016262999999999
0.3686 0.0016321999999999
0.36895 0.0016381
0.3693 0.001644
0.36965 0.00165
0.37 0.001656
0.37035 0.001662
0.3707 0.0016680999999999
0.37105 0.0016742999999999
0.3714 0.0016804
0.37175 0.0016866
0.3721 0.0016929
0.37245 0.0016992
0.3728 0.0017055
0.37315 0.0017119
0.3735 0.0017183
0.37385 0.0017247
0.3742 0.0017312
0.37455 0.0017376999999999
0.3749 0.0017442
0.37525 0.0017509
0.3756 0.0017575
0.37595 0.0017641999999999
0.3763 0.0017709
0.37665 0.0017777
0.377 0.0017844999999999
0.37735 0.0017913
0.3777 0.0017982
0.37805 0.0018050999999999
0.3784 0.001812
0.37875 0.001819
0.3791 0.001826
0.37945 0.0018329999999999
0.3798 0.0018402
0.38015 0.0018472999999999
0.3805 0.0018545999999999
0.38085 0.0018617999999999
0.3812 0.001869
0.38155 0.0018763999999999
0.3819 0.0018836999999999
0.38225 0.001891
0.3826 0.0018984
0.38295 0.0019059
0.3833 0.0019134
0.38365 0.001921
0.384 0.0019285
0.38435 0.0019361
0.3847 0.0019437999999999
0.38505 0.0019515
0.3854 0.0019592
0.38575 0.001967
0.3861 0.0019747
0.38645 0.0019826
0.3868 0.0019905
0.38715 0.0019983
0.3875 0.0020062
0.38785 0.0020141
0.3882 0.002022
0.38855 0.0020299
0.3889 0.0020379
0.38925 0.0020459
0.3896 0.002054
0.38995 0.0020621
0.3903 0.0020702
0.39065 0.0020784
0.391 0.0020866
0.39135 0.0020948
0.3917 0.0021030999999999
0.39205 0.0021114
0.3924 0.0021197
0.39275 0.0021281
0.3931 0.0021365
0.39345 0.0021449999999999
0.3938 0.0021534
0.39415 0.0021619
0.3945 0.0021704999999999
0.39485 0.002179
0.3952 0.0021875999999999
0.39555 0.0021963
0.3959 0.002205
0.39625 0.0022137
0.3966 0.0022225
0.39695 0.0022313
0.3973 0.00224
0.39765 0.0022489
0.398 0.0022578
0.39835 0.0022668
0.3987 0.0022757
0.39905 0.0022846999999999
0.3994 0.0022936999999999
0.39975 0.0023028
0.4001 0.0023118
0.40045 0.0023209
0.4008 0.0023301
0.40115 0.0023392
0.4015 0.0023485
0.40185 0.0023577
0.4022 0.0023669
0.40255 0.0023763
0.4029 0.0023857
0.40325 0.002395
0.4036 0.0024044
0.40395 0.0024139
0.4043 0.0024233
0.40465 0.0024328
0.405 0.0024424
0.40535 0.0024519
0.4057 0.0024613
0.40605 0.0024706999999999
0.4064 0.0024802
0.40675 0.00249
0.4071 0.0024999
0.40745 0.0025098
0.4078 0.0025196
0.40815 0.0025294
0.4085 0.0025394
0.40885 0.0025491999999999
0.4092 0.0025593
0.40955 0.0025693
0.4099 0.0025792
0.41025 0.0025892
0.4106 0.0025993
0.41095 0.0026095
0.4113 0.0026195999999999
0.41165 0.0026298
0.412 0.00264
0.41235 0.0026501999999999
0.4127 0.0026605
0.41305 0.0026708
0.4134 0.002681
0.41375 0.0026914
0.4141 0.0027018
0.41445 0.0027122
0.4148 0.0027226
0.41515 0.0027329999999999
0.4155 0.0027435
0.41585 0.0027539
0.4162 0.0027643
0.41655 0.0027751
0.4169 0.0027858
0.41725 0.0027960999999999
0.4176 0.0028069
0.41795 0.0028175
0.4183 0.0028284
0.41865 0.002839
0.419 0.0028495
0.41935 0.0028601
0.4197 0.002871
0.42005 0.0028815
0.4204 0.0028925
0.42075 0.0029037
0.4211 0.0029146999999999
0.42145 0.0029258
0.4218 0.0029369
0.42215 0.0029478
0.4225 0.0029589
0.42285 0.00297
0.4232 0.0029809999999999
0.42355 0.0029919
0.4239 0.0030026999999999
0.42425 0.0030142
0.4246 0.0030254
0.42495 0.0030364999999999
0.4253 0.0030479
0.42565 0.0030591
0.426 0.0030701
0.42635 0.0030815
0.4267 0.0030930999999999
0.42705 0.0031044
0.4274 0.0031159
0.42775 0.0031273
0.4281 0.0031388
0.42845 0.0031501999999999
0.4288 0.0031616
0.42915 0.0031731999999999
0.4295 0.0031846
0.42985 0.0031962
0.4302 0.0032078
0.43055 0.0032194
0.4309 0.0032311999999999
0.43125 0.0032428
0.4316 0.0032544
0.43195 0.0032661
0.4323 0.0032778
0.43265 0.0032894
0.433 0.0033010999999999
0.43335 0.0033128999999999
0.4337 0.0033244999999999
0.43405 0.0033361999999999
0.4344 0.003348
0.43475 0.0033599
0.4351 0.0033718
0.43545 0.0033836
0.4358 0.0033954999999999
0.43615 0.0034073999999999
0.4365 0.0034189999999999
0.43685 0.0034308999999999
0.4372 0.0034429
0.43755 0.0034552
0.4379 0.0034674999999999
0.43825 0.0034798
0.4386 0.003492
0.43895 0.0035039999999999
0.4393 0.0035158
0.43965 0.0035271
0.44 0.0035375999999999
0.44035 0.0035475999999999
0.4407 0.0035586999999999
0.44105 0.0035705
0.4414 0.0035832999999999
0.44175 0.0035954
0.4421 0.0036089
0.44245 0.0036228
0.4428 0.003636
0.44315 0.0036498
0.4435 0.0036626999999999
0.44385 0.0036751999999999
0.4442 0.0036878
0.44455 0.0037005
0.4449 0.0037132
0.44525 0.0037255
0.4456 0.0037375999999999
0.44595 0.0037501999999999
0.4463 0.0037628
0.44665 0.0037751
0.447 0.0037876999999999
0.44735 0.0038001
0.4477 0.0038126999999999
0.44805 0.0038250999999999
0.4484 0.0038376999999999
0.44875 0.0038501
0.4491 0.0038626999999999
0.44945 0.0038753
0.4498 0.0038876999999999
0.45015 0.0039003
0.4505 0.0039128999999999
0.45085 0.0039254
0.4512 0.0039378999999999
0.45155 0.0039505
0.4519 0.0039631
0.45225 0.0039756
0.4526 0.0039885
0.45295 0.0040012
0.4533 0.0040134
0.45365 0.0040263
0.454 0.0040389
0.45435 0.0040512
0.4547 0.0040641
0.45505 0.0040767
0.4554 0.0040895
0.45575 0.0041023
0.4561 0.0041148999999999
0.45645 0.0041275
0.4568 0.0041402999999999
0.45715 0.0041526
0.4575 0.0041654
0.45785 0.0041779
0.4582 0.0041898999999999
0.45855 0.0042028
0.4589 0.0042149
0.45925 0.004227
0.4596 0.0042393
0.45995 0.0042527
0.4603 0.0042671
0.46065 0.0042813
0.461 0.0042951
0.46135 0.004308
0.4617 0.0043216
0.46205 0.0043351
0.4624 0.0043483
0.46275 0.0043615
0.4631 0.0043744
0.46345 0.0043874
0.4638 0.0044004
0.46415 0.0044135
0.4645 0.0044265
0.46485 0.0044394
0.4652 0.004452
0.46555 0.0044648
0.4659 0.0044777
0.46625 0.0044906
0.4666 0.0045038
0.46695 0.0045168
0.4673 0.0045299
0.46765 0.004543
0.468 0.0045559
0.46835 0.0045688999999999
0.4687 0.0045818
0.46905 0.0045948
0.4694 0.0046078
0.46975 0.004621
0.4701 0.0046339
0.47045 0.0046472
0.4708 0.0046605
0.47115 0.0046731
0.4715 0.0046863999999999
0.47185 0.0046992
0.4722 0.0047121
0.47255 0.0047249
0.4729 0.0047385
0.47325 0.0047513999999999
0.4736 0.0047647
0.47395 0.004778
0.4743 0.0047906999999999
0.47465 0.0048038
0.475 0.0048159
0.47535 0.0048299
0.4757 0.0048423
0.47605 0.004856
0.4764 0.0048686
0.47675 0.0048813999999999
0.4771 0.0048943999999999
0.47745 0.0049068
0.4778 0.0049197
0.47815 0.0049327
0.4785 0.0049456
0.47885 0.004958
0.4792 0.0049702
0.47955 0.0049821999999999
0.4799 0.0049943
0.48025 0.0050063
0.4806 0.0050184
0.48095 0.0050316
0.4813 0.0050435
0.48165 0.0050554
0.482 0.0050669
0.48235 0.0050796
0.4827 0.0050921
0.48305 0.0051043
0.4834 0.0051153
0.48375 0.0051286
0.4841 0.0051376999999999
0.48445 0.0051408
0.4848 0.0051408999999999
0.48515 0.0051452
0.4855 0.0051555
0.48585 0.0051671
0.4862 0.0051927
0.48655 0.0052063
0.4869 0.0052351
0.48725 0.005259
0.4876 0.0052768
0.48795 0.0052966
0.4883 0.0053142
0.48865 0.0053303
0.489 0.0053445
0.48935 0.0053583
0.4897 0.0053718
0.49005 0.0053863999999999
0.4904 0.0053997
0.49075 0.0054129
0.4911 0.0054265
0.49145 0.0054402
0.4918 0.0054537
0.49215 0.0054673
0.4925 0.0054803
0.49285 0.0054936
0.4932 0.0055073
0.49355 0.0055211
0.4939 0.0055341999999999
0.49425 0.0055478
0.4946 0.0055612
0.49495 0.0055746
0.4953 0.0055881
0.49565 0.0056013999999999
0.496 0.0056147
0.49635 0.005628
0.4967 0.0056413
0.49705 0.0056545
0.4974 0.0056678
0.49775 0.0056812
0.4981 0.0056944
0.49845 0.0057074
0.4988 0.0057204
0.49915 0.0057336
0.4995 0.0057466999999999
0.49985 0.00576
0.50055 0.005786
0.5009 0.0057988
0.50125 0.0058124
0.5016 0.0058253
0.50195 0.0058379
0.5023 0.0058506999999999
0.50265 0.0058625
0.503 0.0058755
0.50335 0.0058876
0.5037 0.005901
0.50405 0.005914
0.5044 0.0059258
0.50475 0.0059397
0.5051 0.0059521
0.50545 0.005964
0.5058 0.0059763
0.50615 0.0059891
0.5065 0.0060019
0.50685 0.0060122
0.5072 0.0060241
0.50755 0.0060351
0.5079 0.0060457
0.50825 0.0060561999999999
0.5086 0.0060673
0.50895 0.0060805
0.5093 0.0060918
0.50965 0.0061034999999999
0.51 0.0061156
0.51035 0.0061277
0.5107 0.0061433
0.51105 0.0061594
0.5114 0.0061765
0.51175 0.006189
0.5121 0.0062066
0.51245 0.0062233
0.5128 0.0062391999999999
0.51315 0.0062546
0.5135 0.0062693
0.51385 0.0062837
0.5142 0.0062974
0.51455 0.0063101999999999
0.5149 0.0063237
0.51525 0.0063368
0.5156 0.0063498999999999
0.51595 0.0063626
0.5163 0.0063753
0.51665 0.0063882
0.517 0.0064005
0.51735 0.0064134
0.5177 0.0064253999999999
0.51805 0.0064375
0.5184 0.0064497
0.51875 0.0064614999999999
0.5191 0.0064733
0.51945 0.0064845
0.5198 0.0064960999999999
0.52015 0.0065088
0.5205 0.0065209
0.52085 0.0065324
0.5212 0.0065438
0.52155 0.0065559
0.5219 0.0065679
0.52225 0.0065803
0.5226 0.0065933
0.52295 0.0066059
0.5233 0.0066184
0.52365 0.0066321
0.524 0.0066463
0.52435 0.0066600999999999
0.5247 0.0066746
0.52505 0.0066886
0.5254 0.0067023
0.52575 0.0067155
0.5261 0.0067292
0.52645 0.0067433
0.5268 0.0067563
0.52715 0.0067694999999999
0.5275 0.0067822
0.52785 0.006795
0.5282 0.0068084
0.52855 0.0068213
0.5289 0.0068337
0.52925 0.0068462
0.5296 0.0068585999999999
0.52995 0.0068714
0.5303 0.0068839
0.53065 0.0068953
0.531 0.0069063
0.53135 0.0069196
0.5317 0.0069304
0.53205 0.0069408
0.5324 0.006952
0.53275 0.0069625
0.5331 0.0069726
0.53345 0.0069835999999999
0.5338 0.0069941999999999
0.53415 0.0070069999999999
0.5345 0.0070173999999999
0.53485 0.0070265
0.5352 0.007035
0.53555 0.0070431
0.5359 0.0070485
0.53625 0.0070521
0.5366 0.0070564999999999
0.53695 0.0070694
0.5373 0.0070735
0.53765 0.0070735
0.538 0.0070735
0.53835 0.0070763999999999
0.5387 0.0070816
0.53905 0.0070816
0.5394 0.0070839
0.53975 0.0070848999999999
0.5401 0.0070848999999999
0.54045 0.0070715
0.5408 0.0070573
0.54115 0.0070367
0.5415 0.0070142
0.54185 0.0069899
0.5422 0.0069888999999999
0.54255 0.0069888999999999
0.5429 0.0069925
0.54325 0.0070072
0.5436 0.0070356
0.54395 0.0070846
0.5443 0.0071382999999999
0.54465 0.0072019999999999
0.545 0.0072588
0.54535 0.0072703
0.5457 0.0073235
0.54605 0.0073647999999999
0.5464 0.0074005
0.54675 0.0074312
0.5471 0.0074566999999999
0.54745 0.007478
0.5478 0.0074966
0.54815 0.0075087
0.5485 0.0075253999999999
0.54885 0.0075403
0.5492 0.0075542
0.54955 0.0075673999999999
0.5499 0.007581
0.55025 0.007593
0.5506 0.0076056
0.55095 0.0076175
0.5513 0.0076296
0.55165 0.0076417
0.552 0.0076533999999999
0.55235 0.0076653
0.5527 0.007677
0.55305 0.0076882999999999
0.5534 0.0077001
0.55375 0.0077122
0.5541 0.0077233999999999
0.55445 0.0077345
0.5548 0.0077453999999999
0.55515 0.0077569
0.5555 0.0077681
0.55585 0.0077794
0.5562 0.0077912999999999
0.55655 0.0078033
0.5569 0.007815
0.55725 0.0078272999999999
0.5576 0.0078397
0.55795 0.0078521
0.5583 0.0078643999999999
0.55865 0.0078761
0.559 0.0078886
0.55935 0.0079003999999999
0.5597 0.0079134
0.56005 0.0079255
0.5604 0.0079376
0.56075 0.0079501
0.5611 0.0079619
0.56145 0.007973
0.5618 0.0079844
0.56215 0.0079960999999999
0.5625 0.0080077
0.56285 0.0080191999999999
0.5632 0.0080308
0.56355 0.0080413
0.5639 0.0080521
0.56425 0.0080628
0.5646 0.0080731999999999
0.56495 0.0080848
0.5653 0.008095
0.56565 0.0081032
0.566 0.0081116
0.56635 0.0081195
0.5667 0.0081279
0.56705 0.0081362
0.5674 0.0081437
0.56775 0.0081542
0.5681 0.008161
0.56845 0.0081689
0.5688 0.0081778
0.56915 0.0081863
0.5695 0.008195
0.56985 0.0082002
0.5702 0.0082086
0.57055 0.0082197
0.5709 0.008226
0.57125 0.0082326
0.5716 0.0082405
0.57195 0.0082472999999999
0.5723 0.0082532999999999
0.57265 0.0082585
0.573 0.00826
0.57335 0.0082709
0.5737 0.0082712999999999
0.57405 0.0082728
0.5744 0.0082729
0.57475 0.0082732
0.5751 0.0082766
0.57545 0.0082821
0.5758 0.0082917999999999
0.57615 0.0083019
0.5765 0.0083162
0.57685 0.0083346
0.5772 0.0083502999999999
0.57755 0.0083636
0.5779 0.0083776
0.57825 0.0083958
0.5786 0.0084201
0.57895 0.0084309
0.5793 0.0084549999999999
0.57965 0.008476
0.58 0.0084979
0.58035 0.0085177999999999
0.5807 0.0085366
0.58105 0.0085541
0.5814 0.0085701
0.58175 0.0085808999999999
0.5821 0.0085967999999999
0.58245 0.0086112
0.5828 0.0086251
0.58315 0.0086386
0.5835 0.0086516
0.58385 0.008664
0.5842 0.0086762
0.58455 0.0086872
0.5849 0.0086994
0.58525 0.0087111
0.5856 0.0087231
0.58595 0.0087342999999999
0.5863 0.0087452
0.58665 0.0087562
0.587 0.0087671
0.58735 0.0087777999999999
0.5877 0.0087873
0.58805 0.0087991
0.5884 0.0088089
0.58875 0.008818
0.5891 0.0088277999999999
0.58945 0.0088363
0.5898 0.008843
0.59015 0.0088547
0.5905 0.0088628999999999
0.59085 0.0088703999999999
0.5912 0.0088753999999999
0.59155 0.0088823
0.5919 0.0088882
0.59225 0.0088937999999999
0.5926 0.0088965
0.59295 0.0089077
0.5933 0.0089115
0.59365 0.0089151
0.594 0.0089161
0.59435 0.0089161
0.5947 0.0089161
0.59505 0.0089213
0.5954 0.0089252999999999
0.59575 0.0089346
0.5961 0.0089361
0.59645 0.0089459999999999
0.5968 0.0089621
0.59715 0.008974
0.5975 0.0089826
0.59785 0.0089944999999999
0.5982 0.0090073
0.59855 0.0090181
0.5989 0.0090312
0.59925 0.0090443
0.5996 0.0090581
0.59995 0.0090742
0.6003 0.0090899
0.60065 0.0091025
0.601 0.0091164
0.60135 0.0091267
0.6017 0.0091421
0.60205 0.0091573
0.6024 0.0091712999999999
0.60275 0.0091843999999999
0.6031 0.0091966
0.60345 0.0092077
0.6038 0.0092182
0.60415 0.0092274
0.6045 0.0092365
0.60485 0.009245
0.6052 0.0092506
0.60555 0.0092558
0.6059 0.0092599
0.60625 0.0092608999999999
0.6066 0.0092611
0.60695 0.0092702999999999
0.6073 0.0092706
0.60765 0.0092706
0.608 0.0092648
0.60835 0.0092583
0.6087 0.0092583
0.60905 0.0092646
0.6094 0.0092723999999999
0.60975 0.0092813999999999
0.6101 0.0092813999999999
0.61045 0.0092811
0.6108 0.0092711
0.61115 0.009256
0.6115 0.0092282
0.61185 0.0091854
0.6122 0.0091422
0.61255 0.0091336
0.6129 0.0090737
0.61325 0.0089766
0.6136 0.00886
0.61395 0.0087752999999999
0.6143 0.0086967
0.61465 0.0086341
0.615 0.0086167999999999
0.61535 0.008609
0.6157 0.0085889
0.61605 0.0085193
0.6164 0.0084775
0.61675 0.0084466
0.6171 0.0083399
0.61745 0.0081394
0.6178 0.0079437
0.61815 0.0079364
0.6185 0.0077877
0.61885 0.0077081
0.6192 0.0076795
0.61955 0.0076795
0.6199 0.0077524
0.62025 0.0078779
0.6206 0.008017
0.62095 0.0080243
0.6213 0.0081049
0.62165 0.0082039
0.622 0.0083747
0.62235 0.0085613999999999
0.6227 0.0087099999999999
0.62305 0.0088583
0.6234 0.0090116
0.62375 0.0090198
0.6241 0.0091682
0.62445 0.0092897
0.6248 0.0093867999999999
0.62515 0.0094626
0.6255 0.0095337
0.62585 0.0095994
0.6262 0.0096506
0.62655 0.0096592
0.6269 0.0096977
0.62725 0.0097274
0.6276 0.0097538
0.62795 0.0097849
0.6283 0.0098126
0.62865 0.0098322999999999
0.629 0.0098476
0.62935 0.0098552
0.6297 0.0098711
0.63005 0.0098856
0.6304 0.0098997
0.63075 0.0099121
0.6311 0.0099217
0.63145 0.0099312
0.6318 0.0099399
0.63215 0.0099473999999999
0.6325 0.0099575
0.63285 0.0099664
0.6332 0.009974
0.63355 0.0099808
0.6339 0.0099877
0.63425 0.0099945
0.6346 0.0100017
0.63495 0.0100089
0.6353 0.0100147999999999
0.63565 0.0100205
0.636 0.0100253
0.63635 0.0100297
0.6367 0.0100355
0.63705 0.0100407999999999
0.6374 0.010047
0.63775 0.0100551
0.6381 0.0100596
0.63845 0.010062
0.6388 0.0100638
0.63915 0.0100667
0.6395 0.0100715
0.63985 0.0100741
0.6402 0.0100766
0.64055 0.0100828
0.6409 0.0100828
0.64125 0.0100787
0.6416 0.0100786
0.64195 0.0100787
0.6423 0.0100794
0.64265 0.0100859
0.643 0.0100971
0.64335 0.0101053
0.6437 0.0101176
0.64405 0.0101326
0.6444 0.0101473
0.64475 0.0101574
0.6451 0.0101649
0.64545 0.010171
0.6458 0.010177
0.64615 0.0101827
0.6465 0.0101926
0.64685 0.010205
0.6472 0.0102204
0.64755 0.0102252
0.6479 0.0102252
0.64825 0.0102189999999999
0.6486 0.0102189999999999
0.64895 0.0102215
0.6493 0.0102221
0.64965 0.0102221
0.65 0.0102242999999999
0.65035 0.0102277999999999
0.6507 0.0102325
0.65105 0.0102384
0.6514 0.0102515
0.65175 0.0102598999999999
0.6521 0.0102684
0.65245 0.0102747
0.6528 0.0102747
0.65315 0.0102711
0.6535 0.010265
0.65385 0.0102555
0.6542 0.0102555
0.65455 0.0102559
0.6549 0.0102559
0.65525 0.0102554
0.6556 0.0102415
0.65595 0.0102011
0.6563 0.0102011
0.65665 0.0102251
0.657 0.0102467
0.65735 0.0102541
0.6577 0.0102541
0.65805 0.0102473999999999
0.6584 0.010244
0.65875 0.0102408999999999
0.6591 0.01023
0.65945 0.01023
0.6598 0.0102417999999999
0.66015 0.0102481
0.6605 0.0102536
0.66085 0.0102536
0.6612 0.0102482
0.66155 0.010236
0.6619 0.0102185
0.66225 0.0101946
0.6626 0.0101825
0.66295 0.0101765
0.6633 0.0101822
0.66365 0.0101813999999999
0.664 0.0101813999999999
0.66435 0.0101813999999999
0.6647 0.0101796
0.66505 0.0101738
0.6654 0.0101356
0.66575 0.0101298
0.6661 0.0100825
0.66645 0.0100688999999999
0.6668 0.0100688999999999
0.66715 0.0100933999999999
0.6675 0.0101008
0.66785 0.0101201
0.6682 0.0101532
0.66855 0.0101587999999999
0.6689 0.0101834
0.66925 0.0102171
0.6696 0.0102626
0.66995 0.0103132
0.6703 0.010364
0.67065 0.0104082
0.671 0.0104435
0.67135 0.010449
0.6717 0.0104949
0.67205 0.0105482999999999
0.6724 0.0105911
0.67275 0.0106303
0.6731 0.01066
0.67345 0.0106851
0.6738 0.0107075
0.67415 0.0107135
0.6745 0.0107324
0.67485 0.0107561
0.6752 0.0107824
0.67555 0.0108022
0.6759 0.0108156
0.67625 0.0108262999999999
0.6766 0.0108376
0.67695 0.0108434
0.6773 0.0108545
0.67765 0.0108632
0.678 0.01087
0.67835 0.0108742
0.6787 0.0108742
0.67905 0.0108668
0.6794 0.0108603
0.67975 0.0108542999999999
0.6801 0.0108471
0.68045 0.0108386
0.6808 0.0108354
0.68115 0.0108314999999999
0.6815 0.0108131
0.68185 0.0107748
0.6822 0.010744
0.68255 0.0107384
0.6829 0.010744
0.68325 0.0107596
0.6836 0.0107765
0.68395 0.0107876
0.6843 0.0108137
0.68465 0.0108352
0.685 0.0108402999999999
0.68535 0.0108461
0.6857 0.0108613
0.68605 0.010877
0.6864 0.0108833
0.68675 0.0108964
0.6871 0.0108964
0.68745 0.0109496
0.6878 0.0109597
0.68815 0.0109597
0.6885 0.0109608
0.68885 0.0109608
0.6892 0.0109804
0.68955 0.011009
0.6899 0.011022
0.69025 0.0110246
0.6906 0.0110267
0.69095 0.0110322
0.6913 0.0110368
0.69165 0.0110453999999999
0.692 0.0110527
0.69235 0.0110527
0.6927 0.0110526
0.69305 0.0110522
0.6934 0.0110522
0.69375 0.0110496
0.6941 0.0110496
0.69445 0.0110426
0.6948 0.0110352
0.69515 0.0110106
0.6955 0.0109757
0.69585 0.0109284999999999
0.6962 0.0108974
0.69655 0.0108919
0.6969 0.0108358
0.69725 0.0107904
0.6976 0.0107752999999999
0.69795 0.0107551
0.6983 0.0107213
0.69865 0.0106627999999999
0.699 0.0105718999999999
0.69935 0.0105664
0.6997 0.0104457
0.70005 0.0103476
0.7004 0.010286
0.70075 0.0102334
0.7011 0.010145
0.70145 0.010061
0.7018 0.0099978
0.70215 0.009991
0.7025 0.0099978
0.70285 0.0100272
0.7032 0.0101073999999999
0.70355 0.0101073999999999
0.7039 0.010099
0.70425 0.010099
0.7046 0.0101344
0.70495 0.0101387
0.7053 0.0103326
0.70565 0.0104949
0.706 0.0105473999999999
0.70635 0.0105499
0.7067 0.0105604
0.70705 0.0106187
0.7074 0.0106932
0.70775 0.0107
0.7081 0.0107754
0.70845 0.010835
0.7088 0.0108738999999999
0.70915 0.0108823
0.7095 0.010889
0.70985 0.0109179
0.7102 0.0109815
0.71055 0.0109863999999999
0.7109 0.011053
0.71125 0.0110911
0.7116 0.0110911
0.71195 0.0110819
0.7123 0.0110674
0.71265 0.0110674
0.713 0.0111035
0.71335 0.0111083
0.7137 0.0111391
0.71405 0.0111391
0.7144 0.0111107
0.71475 0.0110502
0.7151 0.010957
0.71545 0.0108081
0.7158 0.0106082
0.71615 0.0106037
0.7165 0.0103327
0.71685 0.0100489999999999
0.7172 0.0097051
0.71755 0.0093888
0.7179 0.009108
0.71825 0.0088078
0.7186 0.0086282
0.71895 0.0086269
0.7193 0.0083596
0.71965 0.0079967
0.72 0.0076313
0.72035 0.0074473999999999
0.7207 0.0073856
0.72105 0.007248
0.7214 0.0070497
0.72175 0.0070466
0.7221 0.0069488999999999
0.72245 0.0069293
0.7228 0.0067897999999999
0.72315 0.0064972
0.7235 0.0061895
0.72385 0.0057979
0.7242 0.0053387
0.72455 0.0053378
0.7249 0.0045977
0.72525 0.0038758
0.7256 0.0034765
0.72595 0.0034765
0.7263 0.0034561
0.72665 0.0033323999999999
0.727 0.0028644
0.72735 0.0028635
0.7277 0.0028644
0.72805 0.003256
0.7284 0.0038997
0.72875 0.0043523999999999
0.7291 0.0045516
0.72945 0.0047086
0.7298 0.0049058
0.73015 0.0049068
0.7305 0.0053167
0.73085 0.0058772
0.7312 0.0064287999999999
0.73155 0.0068087
0.7319 0.0070516999999999
0.73225 0.0071668999999999
0.7326 0.0073129999999999
0.73295 0.0073161
0.7333 0.00761
0.73365 0.008033
0.734 0.0083511
0.73435 0.0086372
0.7347 0.008921
0.73505 0.0090679
0.7354 0.0092935
0.73575 0.0092959999999999
0.7361 0.0096413
0.73645 0.009806
0.7368 0.0098396
0.73715 0.0100290999999999
0.7375 0.0102746
0.73785 0.0104452
0.7382 0.0106138
0.73855 0.0106162
0.7389 0.0107879
0.73925 0.0109415
0.7396 0.0110856
0.73995 0.0112012999999999
0.7403 0.0112912
0.74065 0.0113852
0.741 0.0114790999999999
0.74135 0.0114828999999999
0.7417 0.0115352
0.74205 0.0115811
0.7424 0.0116303
0.74275 0.0116616
0.7431 0.0116914
0.74345 0.0117237
0.7438 0.011745
0.74415 0.0117492999999999
0.7445 0.0117613
0.74485 0.0117697
0.7452 0.0117758
0.74555 0.0117817
0.7459 0.0117887999999999
0.74625 0.0117955
0.7466 0.011797
0.74695 0.0117996
0.7473 0.0117997
0.74765 0.0118117
0.748 0.0118141
0.74835 0.0118162
0.7487 0.0118272999999999
0.74905 0.0118313999999999
0.7494 0.0118326
0.74975 0.0118313999999999
0.7501 0.0118355
0.75045 0.0118391
0.7508 0.0118542
0.75115 0.0118641
0.7515 0.0118664
0.75185 0.0118664
0.7522 0.0118636
0.75255 0.0118636
0.7529 0.0118739
0.75325 0.0118927
0.7536 0.011904
0.75395 0.011904
0.7543 0.0118995
0.75465 0.0118962
0.755 0.0118962
0.75535 0.0118991
0.7557 0.0118991
0.75605 0.0118944999999999
0.7564 0.0118857999999999
0.75675 0.0118741
0.7571 0.0118633
0.75745 0.0118527999999999
0.7578 0.0118399
0.75815 0.0118363
0.7585 0.0118316
0.75885 0.0118228
0.7592 0.0117935
0.75955 0.0117077
0.7599 0.0116735
0.76025 0.0116399
0.7606 0.0116233
0.76095 0.0116233
0.7613 0.0116526
0.76165 0.0116526
0.762 0.0115543
0.76235 0.0115075
0.7627 0.0114871
0.76305 0.0114793999999999
0.7634 0.0114793999999999
0.76375 0.0114793999999999
0.7641 0.0114659
0.76445 0.0114222
0.7648 0.0114222
0.76515 0.0114241
0.7655 0.0114517
0.76585 0.0114517
0.7662 0.0114367
0.76655 0.011434
0.7669 0.0113637999999999
0.76725 0.0113637999999999
0.7676 0.0114224
0.76795 0.0114937
0.7683 0.0114937
0.76865 0.0114697999999999
0.769 0.0114664
0.76935 0.0114664
0.7697 0.0114837
0.77005 0.0114837
0.7704 0.0114793999999999
0.77075 0.0114452
0.7711 0.0114448
0.77145 0.0114332
0.7718 0.0114325
0.77215 0.01143
0.7725 0.0113527
0.77285 0.0111989999999999
0.7732 0.0110562
0.77355 0.0110562
0.7739 0.0110797
0.77425 0.0111498999999999
0.7746 0.0111532999999999
0.77495 0.0111532999999999
0.7753 0.0111042
0.77565 0.0110152
0.776 0.0109442
0.77635 0.0109032
0.7767 0.0108834999999999
0.77705 0.0108406
0.7774 0.0107825
0.77775 0.01078
0.7781 0.0106964
0.77845 0.0106147
0.7788 0.0105412
0.77915 0.0104515
0.7795 0.0102682
0.77985 0.0100641
0.7802 0.0098117999999999
0.78055 0.0098098
0.7809 0.009535
0.78125 0.0094155
0.7816 0.0093692
0.78195 0.0093438
0.7823 0.0093315
0.78265 0.0092907
0.783 0.009141
0.78335 0.0091387999999999
0.7837 0.0088796
0.78405 0.0088796
0.7844 0.0091919
0.78475 0.0096277999999999
0.7851 0.0096779
0.78545 0.0096779
0.7858 0.0095751
0.78615 0.0095751
0.7865 0.0095807999999999
0.78685 0.0096517999999999
0.7872 0.0097542
0.78755 0.0098399
0.7879 0.0099308
0.78825 0.010011
0.7886 0.0100629999999999
0.78895 0.0100651
0.7893 0.0101027
0.78965 0.0101192
0.79 0.0101425
0.79035 0.0101425
0.7907 0.010075
0.79105 0.0100055
0.7914 0.0098606
0.79175 0.0098584
0.7921 0.0096717
0.79245 0.0094662
0.7928 0.0092852
0.79315 0.0092852
0.7935 0.0092993
0.79385 0.0092993
0.7942 0.0091001
0.79455 0.0090982
0.7949 0.0089234
0.79525 0.0088292
0.7956 0.0088292
0.79595 0.0088529
0.7963 0.0088529
0.79665 0.0087540999999999
0.797 0.0086342
0.79735 0.0086326
0.7977 0.0086342
0.79805 0.0086474
0.7984 0.0087062
0.79875 0.008737
0.7991 0.0087622
0.79945 0.0089435
0.7998 0.0091111
0.80015 0.0091128999999999
0.8005 0.0091548999999999
0.80085 0.0093187
0.8012 0.009348
0.80155 0.009348
0.8019 0.009348
0.80225 0.0095387999999999
0.8026 0.0096985
0.80295 0.009701
0.8033 0.0098132
0.80365 0.0098994
0.804 0.0099155
0.80435 0.0099452
0.8047 0.0100976
0.80505 0.0101988
0.8054 0.0102591
0.80575 0.010261
0.8061 0.0103584
0.80645 0.0104904
0.8068 0.0106399
0.80715 0.0107626
0.8075 0.0108111
0.80785 0.0108444
0.8082 0.010907
0.80855 0.010907
0.8089 0.010896
0.80925 0.0108896
0.8096 0.0108896
0.80995 0.0109967
0.8103 0.0110366
0.81065 0.0110528
0.811 0.0111314999999999
0.81135 0.0111352999999999
0.8117 0.0112805
0.81205 0.0113875
0.8124 0.0114667
0.81275 0.0115036
0.8131 0.0115433
0.81345 0.0116397999999999
0.8138 0.0117096
0.81415 0.0117116
0.8145 0.0117419
0.81485 0.0117457
0.8152 0.0117917
0.81555 0.0118672999999999
0.8159 0.0118914
0.81625 0.0119597
0.8166 0.012
0.81695 0.0120059
0.8173 0.0120299999999999
0.81765 0.0120441
0.818 0.0120827
0.81835 0.0121219999999999
0.8187 0.0121484
0.81905 0.0121554
0.8194 0.0121652999999999
0.81975 0.0121675
0.8201 0.0122168
0.82045 0.0122464
0.8208 0.0122628999999999
0.82115 0.0122749
0.8215 0.0122883
0.82185 0.0122883
0.8222 0.0122799
0.82255 0.0122799
0.8229 0.0122901
0.82325 0.0123575
0.8236 0.0123575
0.82395 0.0123654
0.8243 0.0123651
0.82465 0.0123651
0.825 0.0123582
0.82535 0.0123558
0.8257 0.0123582
0.82605 0.0123602
0.8264 0.0123841
0.82675 0.0123889
0.8271 0.0123927999999999
0.82745 0.0123927999999999
0.8278 0.0124146
0.82815 0.0124148
0.8285 0.0124244
0.82885 0.0124251
0.8292 0.0124307
0.82955 0.0124451
0.8299 0.0124566
0.83025 0.0124632
0.8306 0.0124805
0.83095 0.012484
0.8313 0.012484
0.83165 0.0124798
0.832 0.0124721
0.83235 0.0124433
0.8327 0.0124401
0.83305 0.012407
0.8334 0.0123575
0.83375 0.0123358
0.8341 0.0123006
0.83445 0.0122032999999999
0.8348 0.0120389
0.83515 0.0118482
0.8355 0.0116503999999999
0.83585 0.011448
0.8362 0.011275
0.83655 0.0112712
0.8369 0.0110943
0.83725 0.0109104
0.8376 0.0107198
0.83795 0.0104269999999999
0.8383 0.0099697
0.83865 0.0099311
0.839 0.0099311
0.83935 0.0099332
0.8397 0.0101851
0.84005 0.0101851
0.8404 0.0100964
0.84075 0.0097436
0.8411 0.0093069
0.84145 0.0093069
0.8418 0.0093525
0.84215 0.0093546
0.8425 0.009987
0.84285 0.0106279
0.8432 0.0106279
0.84355 0.0105969
0.8439 0.0103303
0.84425 0.0103303
0.8446 0.0105091
0.84495 0.0105317
0.8453 0.0108738999999999
0.84565 0.0108738999999999
0.846 0.0111567
0.84635 0.0113785
0.8467 0.0113785
0.84705 0.0113593999999999
0.8474 0.0113403
0.84775 0.0113373
0.8481 0.0113403
0.84845 0.0113497
0.8488 0.0114467999999999
0.84915 0.0116396
0.8495 0.0116396
0.84985 0.01158
0.8502 0.0114314
0.85055 0.0110502999999999
0.8509 0.0110502999999999
0.85125 0.0110502999999999
0.8516 0.0111533999999999
0.85195 0.0109965
0.8523 0.0109965
0.85265 0.0108034
0.853 0.0105042
0.85335 0.0104681
0.8537 0.0102357
0.85405 0.0099923999999999
0.8544 0.0097183
0.85475 0.0094436
0.8551 0.0094339
0.85545 0.0091992
0.8558 0.0090339
0.85615 0.0086717
0.8565 0.0085965
0.85685 0.0082571
0.8572 0.0077116
0.85755 0.0072551999999999
0.8579 0.006281
0.85825 0.006281
0.8586 0.0063161
0.85895 0.0063161
0.8593 0.0061456
0.85965 0.006052
0.86 0.0054193999999999
0.86035 0.0047548
0.8607 0.004429
0.86105 0.0038726
0.8614 0.0035454
0.86175 0.0034516
0.8621 0.0030295
0.86245 0.0030295
0.8628 0.0029186
0.86315 0.0029796999999999
0.8635 0.0029271
0.86385 0.0029271
0.8642 0.0024097
0.86455 0.0023951
0.8649 0.0024097
0.86525 0.0032539
0.8656 0.00329
0.86595 0.0037441
0.8663 0.003845
0.86665 0.003845
0.867 0.0031456999999999
0.86735 0.0031456999999999
0.8677 0.0032088999999999
0.86805 0.0040522
0.8684 0.005137
0.86875 0.0056663999999999
0.8691 0.0060665
0.86945 0.0064331999999999
0.8698 0.0065973999999999
0.87015 0.0065973999999999
0.8705 0.0065973999999999
0.87085 0.006234
0.8712 0.0054892
0.87155 0.006234
0.8719 0.0064779
0.87225 0.0077155
0.8726 0.0070176999999999
0.87295 0.0070176999999999
0.8733 0.0070176999999999
0.87365 0.0078822
0.874 0.0079105
0.87435 0.0084336
0.8747 0.0084336
0.87505 0.0084336
0.8754 0.0087487
0.87575 0.0077325
0.8761 0.0074938
0.87645 0.0074938
0.8768 0.0074938
0.87715 0.0077676
0.8775 0.0063073999999999
0.87785 0.0063073999999999
0.8782 0.0062347999999999
0.87855 0.0062347999999999
0.8789 0.0070937
0.87925 0.0070937
0.8796 0.0025304
0.87995 0.0016477
0.8803 0.0016765
0.88065 0.0016477
0.881 0.0009437999999999
0.88135 0.0008919
0.8817 0.0003801
0.88205 0.0001068
0.8824 2.01e-05
0.88275 1.74e-05
0.8831 1.74e-05
0.88345 1.7e-05
0.8838 1.58e-05
0.88415 1.7e-05
0.8845 3.65e-05
0.88485 8.99e-05
0.8852 0.0001175
0.88555 0.0001175
0.8859 7.7e-05
0.88625 2.94e-05
0.8866 6.8e-06
0.88695 4.8e-06
0.8873 4.8e-06
0.88765 4.9000000000000005e-06
0.888 6.5e-06
0.88835 6.5e-06
0.8887 1.13e-05
0.88905 5.7000000000000005e-06
0.8894 1.5399999999999998e-05
0.88975 1.74e-05
0.8901 2.8999999999999997e-05
0.89045 2.51e-05
0.8908 2.51e-05
0.89115 2.4100000000000003e-05
0.8915 2.4100000000000003e-05
0.89185 3.74e-05
0.8922 3.74e-05
0.89255 3.74e-05
0.8929 3.71e-05
0.89325 3.71e-05
0.8936 2.4e-05
0.89395 1.73e-05
0.8943 1.73e-05
0.89465 2.14e-05
0.895 2.14e-05
0.89535 1.52e-05
0.8957 1.52e-05
0.89605 2.29e-05
0.8964 4.6e-05
0.89675 0.0001190999999999
0.8971 0.0001190999999999
0.89745 0.0002189999999999
0.8978 0.000158
0.89815 0.0002189999999999
0.8985 0.0001666999999999
0.89885 0.0002045999999999
0.8992 0.0001666999999999
0.89955 0.0001823
0.8999 0.0001823
0.90025 0.0005482
0.9006 0.0007832999999999
0.90095 0.0007951
0.9013 0.0010239
0.90165 0.0013728
0.902 0.0013728
0.90235 0.0017398
0.9027 0.0018977999999999
0.90305 0.0022191999999999
0.9034 0.002859
0.90375 0.0022191999999999
0.9041 0.0031944
0.90445 0.0044874
0.9048 0.0045752
0.90515 0.0048768
0.9055 0.0055625
0.90585 0.0068457
0.9062 0.0068457
0.90655 0.005182
0.9069 0.005182
0.90725 0.0069938999999999
0.9076 0.0069938999999999
0.90795 0.0081988999999999
0.9083 0.0049023
0.90865 0.0086828
0.909 0.0082265
0.90935 0.0082265
0.9097 0.0056576
0.91005 0.0056576
0.9104 0.0091222
0.91075 0.0091222
0.9111 0.0092507
0.91145 0.0092422999999999
0.9118 0.0092422999999999
0.91215 0.0089901
0.9125 0.008684
0.91285 0.0085849
0.9132 0.0085849
0.91355 0.0087955
0.9139 0.0090099
0.91425 0.0095591
0.9146 0.0095798999999999
0.91495 0.0097218999999999
0.9153 0.0097218999999999
0.91565 0.0090622999999999
0.916 0.0090622999999999
0.91635 0.0081563
0.9167 0.0097118
0.91705 0.0100166
0.9174 0.0105208
0.91775 0.0105208
0.9181 0.0106079
0.91845 0.0107719
0.9188 0.0107719
0.91915 0.0108273
0.9195 0.0109592
0.91985 0.0109592
0.9202 0.0106514
0.92055 0.0102929
0.9209 0.0106514
0.92125 0.0103175
0.9216 0.0103175
0.92195 0.0076843999999999
0.9223 0.0039164
0.92265 0.0076843999999999
0.923 0.0111827
0.92335 0.0111827
0.9237 0.011328
0.92405 0.0111613
0.9244 0.0111613
0.92475 0.0105124
0.9251 0.0102854
0.92545 0.0105124
0.9258 0.010075
0.92615 0.010075
0.9265 0.010075
0.92685 0.0056975
0.9272 0.0113944
0.92755 0.0113944
0.9279 0.0113944
0.92825 0.0109796
0.9286 0.0109796
0.92895 0.0111529
0.9293 0.0113388
0.92965 0.0115375
0.93 0.0113388
0.93035 0.0076278
0.9307 0.0069623
0.93105 0.0067268999999999
0.9314 0.0067268999999999
0.93175 0.0067268999999999
0.9321 0.0069983
0.93245 0.0069983
0.9328 0.0120473
0.93315 0.0120473
0.9335 0.010037
0.93385 0.010037
0.9342 0.0103541
0.93455 0.0103541
0.9349 0.0103541
0.93525 0.0092131
0.9356 0.0124407999999999
0.93595 0.0110149
0.9363 0.0120988
0.93665 0.0111366
0.937 0.0120988
0.93735 0.011597
0.9377 0.011597
0.93805 0.0109742
0.9384 0.0055274999999999
0.93875 0.0055274999999999
0.9391 0.0109477999999999
0.93945 0.0109477999999999
0.9398 0.0099777
0.94015 0.0099777
0.9405 0.0097495
0.94085 0.0122544
0.9412 0.0118859
0.94155 0.0126968
0.9419 0.0126107
0.94225 0.0126107
0.9426 0.0125128
0.94295 0.0123946
0.9433 0.0123717
0.94365 0.0123717
0.944 0.0123717
0.94435 0.0123999
0.9447 0.0123999
0.94505 0.0122906
0.9454 0.0122906
0.94575 0.0116876
0.9461 0.0122759
0.94645 0.0117225
0.9468 0.0117225
0.94715 0.0099762
0.9475 0.0099762
0.94785 0.0116023
0.9482 0.0118262
0.94855 0.0118665
0.9489 0.0118262
0.94925 0.0118567999999999
0.9496 0.0118567999999999
0.94995 0.0119733
0.9503 0.0119733
0.95065 0.0118497
0.951 0.0115263
0.95135 0.0113569999999999
0.9517 0.0113569999999999
0.95205 0.0114237
0.9524 0.0115453
0.95275 0.0115453
0.9531 0.0119793
0.95345 0.0121324
0.9538 0.0121324
0.95415 0.0121292999999999
0.9545 0.0121138
0.95485 0.0120252
0.9552 0.0119423
0.95555 0.0117579
0.9559 0.011627
0.95625 0.011627
0.9566 0.0114805
0.95695 0.0114729
0.9573 0.0113079
0.95765 0.0112962
0.958 0.0112962
0.95835 0.0112962
0.9587 0.0111891
0.95905 0.0110494
0.9594 0.0108406
0.95975 0.0108344
0.9601 0.0106579999999999
0.96045 0.0104392
0.9608 0.0101046
0.96115 0.0096779
0.9615 0.009525
0.96185 0.0091346
0.9622 0.0086401
0.96255 0.0086169
0.9629 0.0080246
0.96325 0.0073878
0.9636 0.006741
0.96395 0.0066926
0.9643 0.0065944
0.96465 0.0063296
0.965 0.0058046999999999
0.96535 0.0057743
0.9657 0.0053828
0.96605 0.0050764
0.9664 0.0049353
0.96675 0.0049353
0.9671 0.004875
0.96745 0.0045658999999999
0.9678 0.0045658999999999
0.96815 0.0052542
0.9685 0.0052542
0.96885 0.0049288999999999
0.9692 0.0045309
0.96955 0.0043849
0.9699 0.0040431
0.97025 0.0031872
0.9706 0.0022529
0.97095 0.002103
0.9713 0.0022529
0.97165 0.0028320999999999
0.972 0.0035429
0.97235 0.0042033
0.9727 0.0044998999999999
0.97305 0.0044998999999999
0.9734 0.0041443999999999
0.97375 0.0040153
0.9741 0.0039555
0.97445 0.0039555
0.9748 0.0041342
0.97515 0.004479
0.9755 0.004495
0.97585 0.0052068
0.9762 0.0052068
0.97655 0.0049164
0.9769 0.0049004
0.97725 0.0045282
0.9776 0.0043725
0.97795 0.0043725
0.9783 0.0042858
0.97865 0.0037110999999999
0.979 0.0037110999999999
0.97935 0.0043247
0.9797 0.0043247
0.98005 0.0031025
0.9804 0.0024878
0.98075 0.0024878
0.9811 0.0024878
0.98145 0.0019379
0.9818 0.0019379
0.98215 0.0019081
0.9825 0.0015534
0.98285 5.79e-05
0.9832 0.000813
0.98355 0.000813
0.9839 0.0008514
0.98425 0.0008753
0.9846 0.0008514
0.98495 0.0009996
0.9853 0.000105
0.98565 0.00045
0.986 0.0001139
0.98635 0.0003299
0.9867 0.0003299
0.98705 0.0003299
0.9874 0.0002441999999999
0.98775 0.0002294
0.9881 0.0002045999999999
0.98845 4.8e-06
0.9888 4.8e-06
0.98915 1.63e-05
0.9895 0.0001701
0.98985 8.43e-05
0.9902 0.0002876
0.99055 8.43e-05
0.9909 0.0002876
0.99125 0.0003353
0.9916 0.0003898
0.99195 0.0003898
0.9923 0.0004383999999999
0.99265 0.0006427
0.993 0.0006427
0.99335 0.0006394
0.9937 0.0005212
0.99405 0.0005212
0.9944 0.0006013
0.99475 0.0006013
0.9951 0.0002119
0.99545 0.0002119
0.9958 6.6e-06
0.99615 0.0002973
0.9965 2.2e-06
0.99685 0.0002973
0.9972 0.0005678
0.99755 0.0005678
0.9979 0.0008554999999999
0.99825 0.0004853
0.9986 0.0004522
0.99895 0.000379
0.9993 0.000379
