0.3 0.464906
0.30035 0.4649807999999999
0.3007 0.4650551999999999
0.30105 0.4651292
0.3014 0.4652028
0.30175 0.4652759
0.3021 0.4653486
0.30245 0.4654208999999999
0.3028 0.4654928
0.30315 0.4655642
0.3035 0.4656353
0.30385 0.4657059
0.3042 0.4657717
0.30455 0.465837
0.3049 0.465902
0.30525 0.4659665
0.3056 0.4660308
0.30595 0.4660947
0.3063 0.4661582
0.30665 0.4662214
0.307 0.4662843
0.30735 0.4663468
0.3077 0.466409
0.30805 0.4664707999999999
0.3084 0.4665323
0.30875 0.4665935
0.3091 0.4666543999999999
0.30945 0.4667149
0.3098 0.4667751
0.31015 0.466835
0.3105 0.4668946
0.31085 0.4669538
0.3112 0.4670127999999999
0.31155 0.4670713999999999
0.3119 0.4671297
0.31225 0.4671879
0.3126 0.467246
0.31295 0.4673037
0.3133 0.4673612
0.31365 0.4674183
0.314 0.4674751
0.31435 0.4675317
0.3147 0.4675879
0.31505 0.4676439
0.3154 0.4676995
0.31575 0.4677549
0.3161 0.4678099
0.31645 0.4678646999999999
0.3168 0.4679192
0.31715 0.4679734
0.3175 0.4680273
0.31785 0.468081
0.3182 0.4681343
0.31855 0.4681874
0.3189 0.4682402
0.31925 0.4682926999999999
0.3196 0.4683449
0.31995 0.4683969
0.3203 0.4684486
0.32065 0.4685
0.321 0.4685511999999999
0.32135 0.468602
0.3217 0.4686526
0.32205 0.468703
0.3224 0.4687531
0.32275 0.4688029
0.3231 0.4688524
0.32345 0.4689017
0.3238 0.4689507
0.32415 0.4689995
0.3245 0.4690479999999999
0.32485 0.4690962999999999
0.3252 0.4691443
0.32555 0.469192
0.3259 0.4692395
0.32625 0.4692867
0.3266 0.4693337
0.32695 0.4693804
0.3273 0.4694269
0.32765 0.4694731
0.328 0.4695190999999999
0.32835 0.4695648
0.3287 0.4696102
0.32905 0.4696554
0.3294 0.4697002999999999
0.32975 0.4697444999999999
0.3301 0.4697857
0.33045 0.4698305999999999
0.3308 0.4698774
0.33115 0.4699215999999999
0.3315 0.4699653
0.33185 0.4700087
0.3322 0.4700519
0.33255 0.4700947
0.3329 0.4701374
0.33325 0.4701797
0.3336 0.4702219
0.33395 0.4702638
0.3343 0.4703055
0.33465 0.470347
0.335 0.4703882
0.33535 0.4704292
0.3357 0.47047
0.33605 0.4705104999999999
0.3364 0.4705508
0.33675 0.4705909
0.3371 0.4706308
0.33745 0.4706707
0.3378 0.4707103
0.33815 0.4707497
0.3385 0.4707889
0.33885 0.4708278
0.3392 0.4708665
0.33955 0.470905
0.3399 0.4709432
0.34025 0.4709813
0.3406 0.4710189999999999
0.34095 0.4710566
0.3413 0.4710939
0.34165 0.471131
0.342 0.4711679
0.34235 0.4712045
0.3427 0.4712409000000001
0.34305 0.4712770999999999
0.3434 0.4713130999999999
0.34375 0.4713489
0.3441 0.4713844
0.34445 0.4714197
0.3448 0.4714547
0.34515 0.4714895999999999
0.3455 0.4715242
0.34585 0.4715585999999999
0.3462 0.4715928
0.34655 0.4716268
0.3469 0.4716606
0.34725 0.4716941
0.3476 0.4717274
0.34795 0.4717604999999999
0.3483 0.4717934
0.34865 0.4718260999999999
0.349 0.4718585999999999
0.34935 0.4718907999999999
0.3497 0.4719228
0.35005 0.4719545999999999
0.3504 0.4719862
0.35075 0.4720175999999999
0.3511 0.4720488
0.35145 0.4720798
0.3518 0.4721104999999999
0.35215 0.4721411
0.3525 0.4721714
0.35285 0.4722015
0.3532 0.4722314
0.35355 0.4722611
0.3539 0.4722906
0.35425 0.4723198
0.3546 0.472346
0.35495 0.4723749
0.3553 0.4724032999999999
0.35565 0.4724032999999999
0.356 0.4724313
0.35635 0.4724729
0.3567 0.4724945
0.35705 0.472516
0.3574 0.4725589
0.35775 0.4725589
0.3581 0.4725643
0.35845 0.4725968
0.3588 0.4726029
0.35915 0.4726233
0.3595 0.4726233
0.35985 0.4726233
0.3602 0.4726419
0.36055 0.4726667999999999
0.3609 0.4727427999999999
0.36125 0.4728058
0.3616 0.4728549
0.36195 0.4728914000000001
0.3623 0.4729001
0.36265 0.4729359
0.363 0.472963
0.36335 0.4729872999999999
0.3637 0.4730041
0.36405 0.4730159
0.3644 0.473052
0.36475 0.4730751
0.3651 0.4730947
0.36545 0.4731042
0.3658 0.4731114999999999
0.36615 0.4731439999999999
0.3665 0.4731701
0.36685 0.4731810999999999
0.3672 0.4731952
0.36755 0.4732224
0.3679 0.4732287999999999
0.36825 0.4732287999999999
0.3686 0.4732499
0.36895 0.4732917
0.3693 0.4732941
0.36965 0.4733130999999999
0.37 0.4733130999999999
0.37035 0.4733068
0.3707 0.4732974
0.37105 0.4732974
0.3714 0.4733676999999999
0.37175 0.4733817
0.3721 0.4733817
0.37245 0.4733817
0.3728 0.4734024
0.37315 0.4734425999999999
0.3735 0.4734425999999999
0.37385 0.4734489999999999
0.3742 0.4734554
0.37455 0.4734554
0.3749 0.4734554
0.37525 0.4732769
0.3756 0.4734914
0.37595 0.4733724
0.3763 0.4735252
0.37665 0.4734928
0.377 0.4735470999999999
0.37735 0.4734928
0.3777 0.4734258
0.37805 0.4734258
0.3784 0.4734399
0.37875 0.4735265999999999
0.3791 0.4734399
0.37945 0.4734789000000001
0.3798 0.4734365
0.38015 0.4734789000000001
0.3805 0.4735975
0.38085 0.4736361
0.3812 0.4736835999999999
0.38155 0.4736835999999999
0.3819 0.4735412
0.38225 0.4735412
0.3826 0.4735555
0.38295 0.4737822
0.3833 0.4737827
0.38365 0.4737939999999999
0.384 0.4738249
0.38435 0.4738834
0.3847 0.4738912
0.38505 0.4739074
0.3854 0.473913
0.38575 0.4739287
0.3861 0.4739304
0.38645 0.4739318
0.3868 0.4739304
0.38715 0.4739445
0.3875 0.4739429
0.38785 0.4739488
0.3882 0.4739429
0.38855 0.4739143
0.3889 0.4739128999999999
0.38925 0.4739128999999999
0.3896 0.4739569999999999
0.38995 0.4739569999999999
0.3903 0.4739569999999999
0.39065 0.473981
0.391 0.473981
0.39135 0.4739777
0.3917 0.4739528
0.39205 0.4739528
0.3924 0.4739528
0.39275 0.4739531
0.3931 0.4739531
0.39345 0.4739685
0.3938 0.4739685
0.39415 0.4739644
0.3945 0.4738213
0.39485 0.4738213
0.3952 0.4738213
0.39555 0.4737333999999999
0.3959 0.4737267
0.39625 0.4737267
0.3966 0.4737729
0.39695 0.4737729
0.3973 0.4738739
0.39765 0.4737962999999999
0.398 0.4738739
0.39835 0.473925
0.3987 0.4739758
0.39905 0.4739291
0.3994 0.4739758
0.39975 0.4740264
0.4001 0.4740462
0.40045 0.4740264
0.4008 0.4739292
0.40115 0.4739292
0.4015 0.4740684
0.40185 0.4740684
0.4022 0.4740286
0.40255 0.4740286
0.4029 0.4740332
0.40325 0.4740332
0.4036 0.4740795
0.40395 0.4740795
0.4043 0.4740977
0.40465 0.4741154
0.405 0.4741169
0.40535 0.4741169
0.4057 0.4741132999999999
0.40605 0.4740155
0.4064 0.4740155
0.40675 0.4740382000000001
0.4071 0.4741036
0.40745 0.474177
0.4078 0.4741922
0.40815 0.4742031
0.4085 0.4742031
0.40885 0.4742192
0.4092 0.4742322
0.40955 0.4742322
0.4099 0.4742107
0.41025 0.4742008
0.4106 0.4742008
0.41095 0.4742008
0.4113 0.4742134
0.41165 0.4741661
0.412 0.4741762
0.41235 0.4741264
0.4127 0.4741264
0.41305 0.4740614
0.4134 0.4738937
0.41375 0.4738937
0.4141 0.4740359999999999
0.41445 0.4740359999999999
0.4148 0.4737535
0.41515 0.4734326
0.4155 0.4734024
0.41585 0.4729255
0.4162 0.4729255
0.41655 0.4735089
0.4169 0.4735089
0.41725 0.4731805999999999
0.4176 0.4724407
0.41795 0.4731805999999999
0.4183 0.4738441
0.41865 0.4738441
0.419 0.4736502999999999
0.41935 0.4735973
0.4197 0.4729367
0.42005 0.4733366
0.4204 0.4733366
0.42075 0.4739487
0.4211 0.4739822
0.42145 0.4739822
0.4218 0.4737717999999999
0.42215 0.4736899
0.4225 0.4736899
0.42285 0.4736899
0.4232 0.4734102
0.42355 0.4724159
0.4239 0.4724159
0.42425 0.4726412999999999
0.4246 0.4726412999999999
0.42495 0.4731741
0.4253 0.4734585
0.42565 0.4734585
0.426 0.4720228
0.42635 0.4720228
0.4267 0.472826
0.42705 0.4734166
0.4274 0.4734529
0.42775 0.4736709
0.4281 0.4735724
0.42845 0.4735724
0.4288 0.4735024
0.42915 0.4732020999999999
0.4295 0.4733012
0.42985 0.4733012
0.4302 0.4733012
0.43055 0.4734104999999999
0.4309 0.4736424
0.43125 0.4736424
0.4316 0.4736424
0.43195 0.4739246
0.4323 0.4740122999999999
0.43265 0.4740122999999999
0.433 0.4740132999999999
0.43335 0.473985
0.4337 0.4739372999999999
0.43405 0.4738227
0.4344 0.4738257999999999
0.43475 0.4738257999999999
0.4351 0.4738257999999999
0.43545 0.4738057
0.4358 0.4737843
0.43615 0.4737189
0.4365 0.4732644
0.43685 0.4732644
0.4372 0.473333
0.43755 0.4734545
0.4379 0.4735354999999999
0.43825 0.4735505999999999
0.4386 0.4735505999999999
0.43895 0.4736359
0.4393 0.4733060999999999
0.43965 0.4731821
0.44 0.4728417
0.44035 0.4716299
0.4407 0.4710438
0.44105 0.4712101999999999
0.4414 0.4710438
0.44175 0.471012
0.4421 0.471012
0.44245 0.471012
0.4428 0.4721614
0.44315 0.473116
0.4435 0.473116
0.44385 0.4716656
0.4442 0.4716656
0.44455 0.4730545999999999
0.4449 0.4730545999999999
0.44525 0.4724922
0.4456 0.4724922
0.44595 0.4724975999999999
0.4463 0.472793
0.44665 0.4733243
0.447 0.4732752999999999
0.44735 0.4735353
0.4477 0.4732752999999999
0.44805 0.4735353
0.4484 0.4735314999999999
0.44875 0.4737028
0.4491 0.4737459
0.44945 0.4737459
0.4498 0.4736149999999999
0.45015 0.4736149999999999
0.4505 0.4736149999999999
0.45085 0.473336
0.4512 0.4728221999999999
0.45155 0.4727289
0.4519 0.472697
0.45225 0.4727289
0.4526 0.4731001
0.45295 0.4731001
0.4533 0.4731980999999999
0.45365 0.4732293999999999
0.454 0.4732293999999999
0.45435 0.4729055
0.4547 0.4726827
0.45505 0.4729055
0.4554 0.4728058
0.45575 0.4728058
0.4561 0.4724644
0.45645 0.4724644
0.4568 0.4722505
0.45715 0.4729817
0.4575 0.4728937
0.45785 0.4728937
0.4582 0.4728792
0.45855 0.4727435
0.4589 0.4727063
0.45925 0.4724189
0.4596 0.4722701
0.45995 0.4724189
0.4603 0.4727148
0.46065 0.4730679
0.461 0.473183
0.46135 0.4732156
0.4617 0.4733348
0.46205 0.4733385
0.4624 0.4733654
0.46275 0.4734213
0.4631 0.4734213
0.46345 0.4734014
0.4638 0.4733864
0.46415 0.4733257
0.4645 0.4732424
0.46485 0.4732132
0.4652 0.4727313
0.46555 0.4727313
0.4659 0.4724403
0.46625 0.4723895
0.4666 0.4721871
0.46695 0.4722833999999999
0.4673 0.4721871
0.46765 0.4720672000000001
0.468 0.4715627
0.46835 0.4709655
0.4687 0.4695007
0.46905 0.4693710999999999
0.4694 0.4693710999999999
0.46975 0.4698340999999999
0.4701 0.4699284000000001
0.47045 0.4712694
0.4708 0.4712694
0.47115 0.4715425
0.4715 0.4708294
0.47185 0.4708294
0.4722 0.4695234
0.47255 0.4695234
0.4729 0.4703261999999999
0.47325 0.4706435
0.4736 0.4711106
0.47395 0.4711106
0.4743 0.4719963
0.47465 0.4705460999999999
0.475 0.4719963
0.47535 0.4697646
0.4757 0.4720354999999999
0.47605 0.4713377
0.4764 0.4713377
0.47675 0.4713377
0.4771 0.4715344
0.47745 0.4721848
0.4778 0.4716001
0.47815 0.4721524
0.4785 0.4719725999999999
0.47885 0.4719725999999999
0.4792 0.4718141999999999
0.47955 0.4717143
0.4799 0.4715166
0.48025 0.4714389
0.4806 0.4713037
0.48095 0.4711313
0.4813 0.470946
0.48165 0.4707103
0.482 0.4701378
0.48235 0.4701378
0.4827 0.4701044
0.48305 0.4701044
0.4834 0.4690625
0.48375 0.4683767
0.4841 0.4674159
0.48445 0.4651154
0.4848 0.4639096
0.48515 0.4638748
0.4855 0.4638748
0.48585 0.4645885999999999
0.4862 0.4650340999999999
0.48655 0.4662893
0.4869 0.4677962
0.48725 0.4677962
0.4876 0.4673585
0.48795 0.4673585
0.4883 0.4695208999999999
0.48865 0.4695208999999999
0.489 0.4704482
0.48935 0.4682825
0.4897 0.4704482
0.49005 0.4700983
0.4904 0.4700983
0.49075 0.4700983
0.4911 0.4702727
0.49145 0.4707963
0.4918 0.4708443
0.49215 0.4707963
0.4925 0.4703805
0.49285 0.4703805
0.4932 0.4705032
0.49355 0.4705032
0.4939 0.4714
0.49425 0.4714
0.4946 0.4714
0.49495 0.4716862
0.4953 0.4715754
0.49565 0.4719799
0.496 0.4717332
0.49635 0.471892
0.4967 0.4718024
0.49705 0.4718024
0.4974 0.4717174
0.49775 0.4717005
0.4981 0.4716396
0.49845 0.4713352
0.4988 0.4713352
0.49915 0.4710374
0.4995 0.4714347
0.49985 0.4709109
0.50055 0.4695112
0.5009 0.4695112
0.50125 0.4698805
0.5016 0.4698805
0.50195 0.4695566
0.5023 0.4692819
0.50265 0.4672002
0.503 0.4643317
0.50335 0.4652825
0.5037 0.4652825
0.50405 0.4652825
0.5044 0.4671679
0.50475 0.4685624
0.5051 0.4686087
0.50545 0.4686087
0.5058 0.4674763
0.50615 0.4674763
0.5065 0.4650509
0.50685 0.4662134
0.5072 0.4662134
0.50755 0.4671395
0.5079 0.4671395
0.50825 0.4668999
0.5086 0.4668999
0.50895 0.4668999
0.5093 0.4667899
0.50965 0.4663725999999999
0.51 0.4663725999999999
0.51035 0.467214
0.5107 0.4677085999999999
0.51105 0.4681074
0.5114 0.4681074
0.51175 0.4681074
0.5121 0.4687412
0.51245 0.4700055999999999
0.5128 0.4700484
0.51315 0.4700484
0.5135 0.4700484
0.51385 0.4702060999999999
0.5142 0.4702060999999999
0.51455 0.4702060999999999
0.5149 0.4706037
0.51525 0.4712803
0.5156 0.4714126
0.51595 0.4714126
0.5163 0.4714126
0.51665 0.4711762
0.517 0.4715066
0.51735 0.471455
0.5177 0.471455
0.51805 0.471455
0.5184 0.4714786
0.51875 0.4714786
0.5191 0.4714467
0.51945 0.4711422999999999
0.5198 0.4711422999999999
0.52015 0.4711422999999999
0.5205 0.4710446
0.52085 0.4709695
0.5212 0.4707873999999999
0.52155 0.4707831
0.5219 0.470456
0.52225 0.4704415
0.5226 0.4701882
0.52295 0.4699995
0.5233 0.4676543999999999
0.52365 0.4676543999999999
0.524 0.4669917
0.52435 0.4692659999999999
0.5247 0.4692659999999999
0.52505 0.4697685
0.5254 0.469967
0.52575 0.4705073
0.5261 0.4705265999999999
0.52645 0.4705073
0.5268 0.4692390999999999
0.52715 0.4691689
0.5275 0.4691689
0.52785 0.4691689
0.5282 0.4698604999999999
0.52855 0.4698604999999999
0.5289 0.4690970999999999
0.52925 0.4690569999999999
0.5296 0.469024
0.52995 0.469024
0.5303 0.469024
0.53065 0.4680718
0.531 0.4680718
0.53135 0.4693880999999999
0.5317 0.4693880999999999
0.53205 0.4693112
0.5324 0.4684755999999999
0.53275 0.4684755999999999
0.5331 0.4684755999999999
0.53345 0.4688352
0.5338 0.4688352
0.53415 0.4688352
0.5345 0.4687864
0.53485 0.4684347
0.5352 0.4677113
0.53555 0.4673505999999999
0.5359 0.4665845999999999
0.53625 0.4665845999999999
0.5366 0.4662777
0.53695 0.4654103
0.5373 0.4654103
0.53765 0.4644129
0.538 0.4640185
0.53835 0.4634247
0.5387 0.4626939999999999
0.53905 0.4621728
0.5394 0.4610358
0.53975 0.4599414
0.5401 0.4599414
0.54045 0.4580792999999999
0.5408 0.4565689999999999
0.54115 0.4540675999999999
0.5415 0.4539324999999999
0.54185 0.4511367999999999
0.5422 0.4505571
0.54255 0.4505571
0.5429 0.4506803
0.54325 0.4508298
0.5436 0.4511906
0.54395 0.4524675999999999
0.5443 0.4547401
0.54465 0.4579715
0.545 0.4581321
0.54535 0.4594287
0.5457 0.4612630999999999
0.54605 0.4612630999999999
0.5464 0.4625327999999999
0.54675 0.4636906
0.5471 0.4656831
0.54745 0.4657925999999999
0.5478 0.4666590999999999
0.54815 0.467154
0.5485 0.4674522
0.54885 0.4676396
0.5492 0.4674522
0.54955 0.4677947
0.5499 0.4671984
0.55025 0.4685340999999999
0.5506 0.4685340999999999
0.55095 0.4685340999999999
0.5513 0.4688002
0.55165 0.4678183
0.552 0.4687802
0.55235 0.4685519
0.5527 0.4685519
0.55305 0.4685519
0.5534 0.4687377
0.55375 0.4687377
0.5541 0.4687093
0.55445 0.4685058
0.5548 0.4685058
0.55515 0.4686123
0.5555 0.4686123
0.55585 0.4690492999999999
0.5562 0.4691922999999999
0.55655 0.4691922999999999
0.5569 0.4688103
0.55725 0.4688103
0.5576 0.4692614
0.55795 0.4692622
0.5583 0.4692614
0.55865 0.4692622
0.559 0.4690143
0.55935 0.4693244000000001
0.5597 0.4690318
0.56005 0.4690318
0.5604 0.4690318
0.56075 0.4689149999999999
0.5611 0.4691502999999999
0.56145 0.4692184
0.5618 0.4692184
0.56215 0.4689662999999999
0.5625 0.4689662999999999
0.56285 0.4691854
0.5632 0.4691854
0.56355 0.4685899
0.5639 0.4683441
0.56425 0.4685899
0.5646 0.4683079
0.56495 0.4683079
0.5653 0.4682524
0.56565 0.4681385
0.566 0.4670925999999999
0.56635 0.4661494
0.5667 0.4661494
0.56705 0.4661735999999999
0.5674 0.4661735999999999
0.56775 0.4654812
0.5681 0.4636043999999999
0.56845 0.4636043999999999
0.5688 0.4630520999999999
0.56915 0.4630169
0.5695 0.4604737
0.56985 0.4615157
0.5702 0.4615157
0.57055 0.4647007999999999
0.5709 0.4647007999999999
0.57125 0.4633390999999999
0.5716 0.4629097
0.57195 0.463309
0.5723 0.463309
0.57265 0.463309
0.573 0.463888
0.57335 0.4609449
0.5737 0.4620517
0.57405 0.4609449
0.5744 0.4591734
0.57475 0.4591734
0.5751 0.4570926999999999
0.57545 0.4614055999999999
0.5758 0.4614055999999999
0.57615 0.4614055999999999
0.5765 0.4610372
0.57685 0.4600945999999999
0.5772 0.4610372
0.57755 0.4619687
0.5779 0.4626061999999999
0.57825 0.4628902
0.5786 0.4634318
0.57895 0.4640289999999999
0.5793 0.4640989
0.57965 0.4643807
0.58 0.4646251
0.58035 0.4649905
0.5807 0.4654155
0.58105 0.4662431999999999
0.5814 0.4662431999999999
0.58175 0.4665527
0.5821 0.4665074999999999
0.58245 0.4665074999999999
0.5828 0.4665074999999999
0.58315 0.4666727
0.5835 0.4671527
0.58385 0.4671527
0.5842 0.4671527
0.58455 0.4674186999999999
0.5849 0.4674186999999999
0.58525 0.4668099
0.5856 0.4668099
0.58595 0.4668099
0.5863 0.4665422000000001
0.58665 0.4665092999999999
0.587 0.4660965
0.58735 0.4659819
0.5877 0.4653094
0.58805 0.4627151
0.5884 0.4627151
0.58875 0.4627151
0.5891 0.4637382
0.58945 0.4637382
0.5898 0.4607242
0.59015 0.4607242
0.5905 0.463383
0.59085 0.463383
0.5912 0.4632667
0.59155 0.4622047999999999
0.5919 0.4624052999999999
0.59225 0.4622047999999999
0.5926 0.4624052999999999
0.59295 0.4634235
0.5933 0.4634235
0.59365 0.4616454
0.594 0.4597885
0.59435 0.4497436999999999
0.5947 0.4497436999999999
0.59505 0.4596643
0.5954 0.4601366
0.59575 0.4601366
0.5961 0.4601366
0.59645 0.4596386999999999
0.5968 0.4613970999999999
0.59715 0.4613970999999999
0.5975 0.4613970999999999
0.59785 0.4594853
0.5982 0.4594853
0.59855 0.461451
0.5989 0.461451
0.59925 0.461451
0.5996 0.4617153
0.59995 0.4626568
0.6003 0.4626568
0.60065 0.4601274
0.601 0.4601274
0.60135 0.4629478
0.6017 0.4639342000000001
0.60205 0.4639606
0.6024 0.4647931999999999
0.60275 0.4647931999999999
0.6031 0.4650853
0.60345 0.4657511
0.6038 0.4657511
0.60415 0.4655733
0.6045 0.4655733
0.60485 0.4652197
0.6052 0.4657305
0.60555 0.4653890999999999
0.6059 0.4653890999999999
0.60625 0.465155
0.6066 0.4649028
0.60695 0.4649548
0.6073 0.4649028
0.60765 0.4642757
0.608 0.4637907
0.60835 0.4632855999999999
0.6087 0.4630864
0.60905 0.4628897
0.6094 0.4628564
0.60975 0.4628897
0.6101 0.4627712
0.61045 0.4625537
0.6108 0.4615809
0.61115 0.4608819999999999
0.6115 0.4595032
0.61185 0.4575795999999999
0.6122 0.455389
0.61255 0.4553627
0.6129 0.4525431
0.61325 0.4489129
0.6136 0.4446396999999999
0.61395 0.4414547
0.6143 0.4385555
0.61465 0.4361794
0.615 0.4350931999999999
0.61535 0.4350667
0.6157 0.4338937
0.61605 0.4313141
0.6164 0.4297039000000001
0.61675 0.4284165
0.6171 0.4246609999999999
0.61745 0.4178648
0.6178 0.4110183
0.61815 0.4110069999999999
0.6185 0.4057134
0.61885 0.4029081
0.6192 0.4014244
0.61955 0.4014244
0.6199 0.4036299
0.62025 0.4074375999999999
0.6206 0.411662
0.62095 0.4116690999999999
0.6213 0.4139991
0.62165 0.4169416
0.622 0.4221817
0.62235 0.4279347
0.6227 0.4324804
0.62305 0.4370324
0.6234 0.4414595
0.62375 0.441696
0.6241 0.4463611
0.62445 0.4500948
0.6248 0.452557
0.62515 0.4551365
0.6255 0.4572957
0.62585 0.4591675
0.6262 0.4603492999999999
0.62655 0.4603547999999999
0.6269 0.4604548
0.62725 0.4618227
0.6276 0.4618227
0.62795 0.4624534999999999
0.6283 0.4634418999999999
0.62865 0.4637326
0.629 0.4644109999999999
0.62935 0.4645670999999999
0.6297 0.4648617
0.63005 0.4653946
0.6304 0.4658155
0.63075 0.4658155
0.6311 0.4647825
0.63145 0.4645244
0.6318 0.4604547
0.63215 0.4604547
0.6325 0.4647430999999999
0.63285 0.4647885
0.6332 0.4651638
0.63355 0.4653319999999999
0.6339 0.4655385
0.63425 0.4656220999999999
0.6346 0.4655385
0.63495 0.4650263
0.6353 0.4650263
0.63565 0.4644679
0.636 0.4644679
0.63635 0.4644679
0.6367 0.4636402
0.63705 0.4636402
0.6374 0.4636402
0.63775 0.4630818
0.6381 0.4636100999999999
0.63845 0.463291
0.6388 0.463291
0.63915 0.4631577999999999
0.6395 0.4631577999999999
0.63985 0.4635103
0.6402 0.463692
0.64055 0.4635103
0.6409 0.4634439999999999
0.64125 0.463003
0.6416 0.4625404
0.64195 0.4625404
0.6423 0.4621291
0.64265 0.4625962
0.643 0.4621957
0.64335 0.4622116
0.6437 0.4621957
0.64405 0.4620479999999999
0.6444 0.4620479999999999
0.64475 0.4620479999999999
0.6451 0.4620266999999999
0.64545 0.4620266999999999
0.6458 0.4600883
0.64615 0.4554774
0.6465 0.4554774
0.64685 0.4560265
0.6472 0.4596189999999999
0.64755 0.4596189999999999
0.6479 0.4589317
0.64825 0.4572406
0.6486 0.4586206
0.64895 0.4579638
0.6493 0.4586206
0.64965 0.4597982
0.65 0.4597982
0.65035 0.460088
0.6507 0.459794
0.65105 0.4531156
0.6514 0.4531156
0.65175 0.4531156
0.6521 0.4560268
0.65245 0.4597153
0.6528 0.4597153
0.65315 0.4587702999999999
0.6535 0.4581657999999999
0.65385 0.4585043
0.6542 0.4534371
0.65455 0.4573454
0.6549 0.4573454
0.65525 0.4573454
0.6556 0.4545869
0.65595 0.4545032999999999
0.6563 0.4545032999999999
0.65665 0.4551122
0.657 0.4553323
0.65735 0.4553323
0.6577 0.4553323
0.65805 0.4554422999999999
0.6584 0.4554422999999999
0.65875 0.4548581
0.6591 0.4547505999999999
0.65945 0.4547505999999999
0.6598 0.4539612
0.66015 0.4539612
0.6605 0.4548657999999999
0.66085 0.4548657999999999
0.6612 0.4537617999999999
0.66155 0.4536914999999999
0.6619 0.4531949
0.66225 0.4526009
0.6626 0.4517998
0.66295 0.4517145999999999
0.6633 0.4512764
0.66365 0.4512094
0.664 0.4511992
0.66435 0.4511992
0.6647 0.4509061
0.66505 0.4505210999999999
0.6654 0.4491234
0.66575 0.4488951
0.6661 0.4474652
0.66645 0.4467285
0.6668 0.4467285
0.66715 0.4471977
0.6675 0.4472798
0.66785 0.4476935
0.6682 0.4477105999999999
0.66855 0.4485116
0.6689 0.4489649999999999
0.66925 0.4497978
0.6696 0.4510894
0.66995 0.4524550999999999
0.6703 0.4535885
0.67065 0.4548027
0.671 0.4548027
0.67135 0.4558072
0.6717 0.4570543999999999
0.67205 0.4583271
0.6724 0.4587695
0.67275 0.4600864
0.6731 0.4608538
0.67345 0.4617595
0.6738 0.4618894
0.67415 0.4623935
0.6745 0.4627449999999999
0.67485 0.4633214
0.6752 0.4641812
0.67555 0.4641812
0.6759 0.4644889
0.67625 0.464702
0.6766 0.4647655
0.67695 0.4649269
0.6773 0.4649269
0.67765 0.4652081
0.678 0.4652081
0.67835 0.464596
0.6787 0.4643895
0.67905 0.4639842999999999
0.6794 0.4638332
0.67975 0.4636197
0.6801 0.4631717999999999
0.68045 0.4627887
0.6808 0.4619637
0.68115 0.4611018
0.6815 0.460981
0.68185 0.4594293
0.6822 0.4587097
0.68255 0.4581867
0.6829 0.4581867
0.68325 0.4586773
0.6836 0.4586773
0.68395 0.4584307999999999
0.6843 0.4584307999999999
0.68465 0.4589588
0.685 0.4595701
0.68535 0.4601974
0.6857 0.4604076
0.68605 0.4606252
0.6864 0.4606252
0.68675 0.4586260999999999
0.6871 0.4586260999999999
0.68745 0.4615407
0.6878 0.4616920999999999
0.68815 0.4616920999999999
0.6885 0.4615776
0.68885 0.4611484999999999
0.6892 0.4611484999999999
0.68955 0.4570383
0.6899 0.4620987
0.69025 0.4617257999999999
0.6906 0.4618227
0.69095 0.4617257999999999
0.6913 0.4613128999999999
0.69165 0.4609364999999999
0.692 0.4593839
0.69235 0.4593757
0.6927 0.459234
0.69305 0.4585315
0.6934 0.4573648
0.69375 0.4568416
0.6941 0.4568416
0.69445 0.4568416
0.6948 0.454854
0.69515 0.45493
0.6955 0.454854
0.69585 0.4514744
0.6962 0.4514744
0.69655 0.4530773
0.6969 0.4530773
0.69725 0.4516009
0.6976 0.4453965
0.69795 0.4478899
0.6983 0.4467009
0.69865 0.4467009
0.699 0.4437800999999999
0.69935 0.4407712
0.6997 0.4407712
0.70005 0.4311773
0.7004 0.4274817
0.70075 0.4274817
0.7011 0.4291454
0.70145 0.4291454
0.7018 0.426363
0.70215 0.424738
0.7025 0.424738
0.70285 0.424738
0.7032 0.430039
0.70355 0.430039
0.7039 0.428058
0.70425 0.428058
0.7046 0.4297515999999999
0.70495 0.4297515999999999
0.7053 0.4297515999999999
0.70565 0.4394813
0.706 0.4394813
0.70635 0.4394813
0.7067 0.4408896
0.70705 0.4408896
0.7074 0.4431194
0.70775 0.4434911
0.7081 0.4447607
0.70845 0.4464707999999999
0.7088 0.447571
0.70915 0.4464707999999999
0.7095 0.4487527
0.70985 0.4490665
0.7102 0.450888
0.71055 0.450888
0.7109 0.4517492
0.71125 0.4514862
0.7116 0.4527916
0.71195 0.4533929
0.7123 0.4533929
0.71265 0.4530361
0.713 0.4529372
0.71335 0.4529372
0.7137 0.4532054
0.71405 0.4532054
0.7144 0.4529217
0.71475 0.4492099
0.7151 0.4487914
0.71545 0.4446037
0.7158 0.4390968
0.71615 0.4383925
0.7165 0.4305482
0.71685 0.4203307
0.7172 0.4089213
0.71755 0.3938964
0.7179 0.3890279
0.71825 0.38138
0.7186 0.3805679
0.71895 0.3731799
0.7193 0.3657901
0.71965 0.3657901
0.72 0.3488339
0.72035 0.3488339
0.7207 0.3462719
0.72105 0.3462719
0.7214 0.3424802
0.72175 0.3412968
0.7221 0.3393982
0.72245 0.337105
0.7228 0.3353137
0.72315 0.3269738
0.7235 0.2989752999999999
0.72385 0.2913017
0.7242 0.2913017
0.72455 0.2776389999999999
0.7249 0.2720508
0.72525 0.2479883
0.7256 0.2343304
0.72595 0.2343304
0.7263 0.2316953999999999
0.72665 0.218245
0.727 0.2138492
0.72735 0.2127334
0.7277 0.2127334
0.72805 0.2197167
0.7284 0.2469086
0.72875 0.2653758
0.7291 0.2694462999999999
0.72945 0.2715639999999999
0.7298 0.2769384
0.73015 0.2796586
0.7305 0.2905094
0.73085 0.307105
0.7312 0.3199637
0.73155 0.3218155
0.7319 0.3300750999999999
0.73225 0.3300279
0.7326 0.3418671
0.73295 0.3410132
0.7333 0.3418671
0.73365 0.3666443
0.734 0.369134
0.73435 0.3745698
0.7347 0.3878397999999999
0.73505 0.3910802
0.7354 0.3988842
0.73575 0.3988842
0.7361 0.3988842
0.73645 0.4108234999999999
0.7368 0.4108234999999999
0.73715 0.4116492
0.7375 0.4233886999999999
0.73785 0.4239911
0.7382 0.4290095
0.73855 0.4323190999999999
0.7389 0.4292338
0.73925 0.4363172999999999
0.7396 0.4432455
0.73995 0.4442694
0.7403 0.4479482
0.74065 0.4513531
0.741 0.4513531
0.74135 0.4531309
0.7417 0.4539805
0.74205 0.4560520999999999
0.7424 0.4560520999999999
0.74275 0.4568849
0.7431 0.4585304
0.74345 0.4591482
0.7438 0.4594195
0.74415 0.4594297
0.7445 0.4596087
0.74485 0.4596087
0.7452 0.4595935
0.74555 0.4595935
0.7459 0.4595935
0.74625 0.4599745
0.7466 0.4599016999999999
0.74695 0.4599016999999999
0.7473 0.4599016999999999
0.74765 0.4595108
0.748 0.4598428
0.74835 0.4598428
0.7487 0.4598428
0.74905 0.4598813
0.7494 0.4597757999999999
0.74975 0.4597757999999999
0.7501 0.4595585999999999
0.75045 0.4595585999999999
0.7508 0.4597383
0.75115 0.4600844
0.7515 0.4600844
0.75185 0.4598674
0.7522 0.4596297
0.75255 0.4595893
0.7529 0.4595893
0.75325 0.4601302
0.7536 0.4601302
0.75395 0.460003
0.7543 0.4599694
0.75465 0.4596196
0.755 0.4595065
0.75535 0.4594738
0.7557 0.4593248
0.75605 0.4591112
0.7564 0.4588095
0.75675 0.4583574
0.7571 0.4580106
0.75745 0.4569254
0.7578 0.4568685
0.75815 0.4567823
0.7585 0.4566595
0.75885 0.4560362
0.7592 0.4554324999999999
0.75955 0.4528505
0.7599 0.4522299
0.76025 0.4512878999999999
0.7606 0.4502958999999999
0.76095 0.4502958999999999
0.7613 0.4511014
0.76165 0.4511014
0.762 0.4485020999999999
0.76235 0.4472433
0.7627 0.4466643
0.76305 0.446166
0.7634 0.446166
0.76375 0.4460925999999999
0.7641 0.4456331
0.76445 0.4444156
0.7648 0.4442286
0.76515 0.4442286
0.7655 0.4447299
0.76585 0.4447299
0.7662 0.4441099
0.76655 0.4440451
0.7669 0.4421652
0.76725 0.4421652
0.7676 0.4433319
0.76795 0.4448309
0.7683 0.4448309
0.76865 0.4440905
0.769 0.4438292
0.76935 0.4438292
0.7697 0.4440501
0.77005 0.4440501
0.7704 0.4436542999999999
0.77075 0.4427434
0.7711 0.4424477
0.77145 0.4423092
0.7718 0.4419145
0.77215 0.4419130999999999
0.7725 0.4398733
0.77285 0.4360806
0.7732 0.4325192
0.77355 0.4325192
0.7739 0.4328412
0.77425 0.4343375
0.7746 0.4343375
0.77495 0.4341857
0.7753 0.4329122999999999
0.77565 0.4306650999999999
0.776 0.4288397
0.77635 0.4277138
0.7767 0.4271434
0.77705 0.4259872
0.7774 0.4244067
0.77775 0.4242974
0.7781 0.4221587
0.77845 0.4200715999999999
0.7788 0.4182085999999999
0.77915 0.4159238
0.7795 0.4114698
0.77985 0.4065488
0.7802 0.4006383
0.78055 0.4004728
0.7809 0.392951
0.78125 0.3905978
0.7816 0.3896148
0.78195 0.3879579
0.7823 0.3878660999999999
0.78265 0.3869853
0.783 0.3834533
0.78335 0.3834279
0.7837 0.3806165999999999
0.78405 0.3806165999999999
0.7844 0.3742807
0.78475 0.3829391
0.7851 0.3972978
0.78545 0.3972978
0.7858 0.3936045
0.78615 0.3931462
0.7865 0.3936025999999999
0.78685 0.3936025999999999
0.7872 0.3957673
0.78755 0.3990862
0.7879 0.3995958
0.78825 0.4024607
0.7886 0.4031694
0.78895 0.4035707
0.7893 0.4038689
0.78965 0.4045642
0.79 0.4045642
0.79035 0.4039808
0.7907 0.4036393
0.79105 0.4007295999999999
0.7914 0.3976316
0.79175 0.397472
0.7921 0.3941731
0.79245 0.3889105
0.7928 0.3844205999999999
0.79315 0.3843548
0.7935 0.3843548
0.79385 0.3843548
0.7942 0.3830019
0.79455 0.3805805999999999
0.7949 0.3733378
0.79525 0.3716474
0.7956 0.3716474
0.79595 0.36466
0.7963 0.3639394
0.79665 0.3639394
0.797 0.3643141
0.79735 0.3653762
0.7977 0.3653762
0.79805 0.365765
0.7984 0.3680306
0.79875 0.3685774
0.7991 0.3702730999999999
0.79945 0.3754873
0.7998 0.3784250999999999
0.80015 0.3792199
0.8005 0.3831135
0.80085 0.3831135
0.8012 0.3856022
0.80155 0.3856022
0.8019 0.3846623
0.80225 0.3846623
0.8026 0.3867781
0.80295 0.3906155
0.8033 0.3906155
0.80365 0.395122
0.804 0.395122
0.80435 0.3966916
0.8047 0.3995290999999999
0.80505 0.4022654
0.8054 0.4030531
0.80575 0.4030531
0.8061 0.404
0.80645 0.4061922
0.8068 0.4099747
0.80715 0.4132925
0.8075 0.4132925
0.80785 0.4153183
0.8082 0.4166937
0.80855 0.4166937
0.8089 0.416671
0.80925 0.4143282
0.8096 0.4143282
0.80995 0.4178883
0.8103 0.4192395
0.81065 0.4192395
0.811 0.4195627
0.81135 0.4207614999999999
0.8117 0.4216321
0.81205 0.4222544
0.8124 0.4239708
0.81275 0.4267962
0.8131 0.4239708
0.81345 0.4297055
0.8138 0.4302983
0.81415 0.4311757
0.8145 0.4311757
0.81485 0.4024574999999999
0.8152 0.4024574999999999
0.81555 0.4287403
0.8159 0.4309827
0.81625 0.4309827
0.8166 0.4341808
0.81695 0.4320707
0.8173 0.4346519
0.81765 0.4320707
0.818 0.4312340999999999
0.81835 0.4312340999999999
0.8187 0.4326592000000001
0.81905 0.4377255
0.8194 0.4377255
0.81975 0.4377255
0.8201 0.4395522
0.82045 0.4415818
0.8208 0.4415818
0.82115 0.4403727
0.8215 0.4403727
0.82185 0.4403727
0.8222 0.4382424
0.82255 0.4380335
0.8229 0.4305599
0.82325 0.4016579
0.8236 0.4157762
0.82395 0.4157762
0.8243 0.4381605999999999
0.82465 0.443324
0.825 0.4444679
0.82535 0.4444679
0.8257 0.4415935
0.82605 0.4415935
0.8264 0.4437289000000001
0.82675 0.4441811
0.8271 0.4437289000000001
0.82745 0.4395664999999999
0.8278 0.4289675
0.82815 0.4377669
0.8285 0.4377669
0.82885 0.4377669
0.8292 0.4415803
0.82955 0.4424095
0.8299 0.4424095
0.83025 0.4414402
0.8306 0.4414402
0.83095 0.4429108
0.8313 0.4442010999999999
0.83165 0.4429108
0.832 0.4353723
0.83235 0.4353723
0.8327 0.4379792
0.83305 0.4432307
0.8334 0.4387099
0.83375 0.4387099
0.8341 0.4247724
0.83445 0.4247724
0.8348 0.4247724
0.83515 0.4286989
0.8355 0.4243475
0.83585 0.4243475
0.8362 0.4209233
0.83655 0.4205292999999999
0.8369 0.4163342
0.83725 0.413497
0.8376 0.3998994999999999
0.83795 0.3998994999999999
0.8383 0.3986350999999999
0.83865 0.3913362999999999
0.839 0.3913362999999999
0.83935 0.3916862
0.8397 0.3965259
0.84005 0.3965827
0.8404 0.3965827
0.84075 0.3849779
0.8411 0.3759167999999999
0.84145 0.3759167999999999
0.8418 0.3765217
0.84215 0.3768294
0.8425 0.3926324
0.84285 0.4077052
0.8432 0.4077052
0.84355 0.4066982
0.8439 0.4004096
0.84425 0.4004096
0.8446 0.4038123
0.84495 0.4054409
0.8453 0.4112095
0.84565 0.4162222
0.846 0.4188755999999999
0.84635 0.4235518
0.8467 0.4235518
0.84705 0.4233957
0.8474 0.4227589
0.84775 0.4226763
0.8481 0.4227589
0.84845 0.420799
0.8488 0.4250599
0.84915 0.4273444999999999
0.8495 0.4273444999999999
0.84985 0.4269063
0.8502 0.4221261999999999
0.85055 0.4141717
0.8509 0.4141717
0.85125 0.4141717
0.8516 0.4156939
0.85195 0.4139903
0.8523 0.4139903
0.85265 0.4073902
0.853 0.4006453
0.85335 0.3991202
0.8537 0.3960915
0.85405 0.390085
0.8544 0.3828239
0.85475 0.3767837
0.8551 0.3625224
0.85545 0.3625224
0.8558 0.3625224
0.85615 0.3591592999999999
0.8565 0.3530575999999999
0.85685 0.3451907
0.8572 0.3343047
0.85755 0.2956854
0.8579 0.2867107
0.85825 0.2867107
0.8586 0.2867107
0.85895 0.2867834
0.8593 0.285893
0.85965 0.285893
0.86 0.276053
0.86035 0.2593298
0.8607 0.2481042999999999
0.86105 0.2323887999999999
0.8614 0.2239327
0.86175 0.2175557
0.8621 0.2079845
0.86245 0.2079845
0.8628 0.2017735
0.86315 0.2027082
0.8635 0.2008937
0.86385 0.2008937
0.8642 0.1899186
0.86455 0.1730832
0.8649 0.1899186
0.86525 0.2066988
0.8656 0.2100672999999999
0.86595 0.2197558999999999
0.8663 0.2314344
0.86665 0.2314344
0.867 0.2022507999999999
0.86735 0.2022507999999999
0.8677 0.2022507999999999
0.86805 0.2069725
0.8684 0.2594236
0.86875 0.2690014
0.8691 0.2862296
0.86945 0.2912335
0.8698 0.2912335
0.87015 0.2855785
0.8705 0.2825047
0.87085 0.2704035999999999
0.8712 0.2694200999999999
0.87155 0.2704035999999999
0.8719 0.2659081
0.87225 0.3189305999999999
0.8726 0.2783981
0.87295 0.2783981
0.8733 0.2783981
0.87365 0.3002091
0.874 0.3242397
0.87435 0.3242397
0.8747 0.3242397
0.87505 0.3220093
0.8754 0.3347160999999999
0.87575 0.3108613
0.8761 0.317768
0.87645 0.314787
0.8768 0.314787
0.87715 0.3044805999999999
0.8775 0.2458376
0.87785 0.2458376
0.8782 0.2186927
0.87855 0.2186927
0.8789 0.2932022999999999
0.87925 0.2932022999999999
0.8796 0.1849367999999999
0.87995 0.1506751
0.8803 0.1506751
0.88065 0.1489264
0.881 0.1169076
0.88135 0.1056954
0.8817 0.0849858
0.88205 0.0470603
0.8824 0.0309332999999999
0.88275 0.0232535999999999
0.8831 0.0232535999999999
0.88345 0.021941
0.8838 0.0178537
0.88415 0.021941
0.8845 0.0306007
0.88485 0.0417631999999999
0.8852 0.048755
0.88555 0.048755
0.8859 0.0424467
0.88625 0.0262035
0.8866 0.0107923999999999
0.88695 0.0105678
0.8873 0.0087992
0.88765 0.0087992
0.888 0.0119181
0.88835 0.0145302
0.8887 0.0166319
0.88905 0.0145302
0.8894 0.0234122
0.88975 0.0206122
0.8901 0.0266514999999999
0.89045 0.0206122
0.8908 0.0238532
0.89115 0.0220083
0.8915 0.0238532
0.89185 0.033291
0.8922 0.033291
0.89255 0.0309145999999999
0.8929 0.0300553
0.89325 0.0300553
0.8936 0.0252794
0.89395 0.0252794
0.8943 0.0261757
0.89465 0.0261757
0.895 0.0239625999999999
0.89535 0.0198165
0.8957 0.0239625999999999
0.89605 0.0307459
0.8964 0.0341385
0.89675 0.0488787
0.8971 0.0488787
0.89745 0.0617654999999999
0.8978 0.0553665
0.89815 0.0617654999999999
0.8985 0.0553665
0.89885 0.0586234
0.8992 0.0550151999999999
0.89955 0.0550151999999999
0.8999 0.0495174
0.90025 0.0495174
0.9006 0.1039809
0.90095 0.1108998
0.9013 0.1172119999999999
0.90165 0.1381555
0.902 0.1381555
0.90235 0.13042
0.9027 0.13042
0.90305 0.1781842
0.9034 0.1898497
0.90375 0.1781842
0.9041 0.2088412
0.90445 0.2302969999999999
0.9048 0.2426584
0.90515 0.2426584
0.9055 0.2633549
0.90585 0.2961160999999999
0.9062 0.2961160999999999
0.90655 0.2744672
0.9069 0.2431671
0.90725 0.2431671
0.9076 0.2431671
0.90795 0.3120712
0.9083 0.2148635
0.90865 0.3120712
0.909 0.2803182
0.90935 0.2803182
0.9097 0.2695866
0.91005 0.2695866
0.9104 0.3272486
0.91075 0.3289077
0.9111 0.3306639
0.91145 0.3421935
0.9118 0.3421935
0.91215 0.3359606
0.9125 0.3235745
0.91285 0.3235745
0.9132 0.3235745
0.91355 0.2786035999999999
0.9139 0.3438473
0.91425 0.3482524
0.9146 0.3582278
0.91495 0.3572652999999999
0.9153 0.3572652999999999
0.91565 0.3439618
0.916 0.3389526
0.91635 0.3389526
0.9167 0.3483388
0.91705 0.3496866
0.9174 0.3681872
0.91775 0.3681872
0.9181 0.3681872
0.91845 0.3723482
0.9188 0.3723482
0.91915 0.3625545
0.9195 0.3503821
0.91985 0.3503821
0.9202 0.3503821
0.92055 0.3492504
0.9209 0.3691445
0.92125 0.3492504
0.9216 0.3301354
0.92195 0.3301354
0.9223 0.2761203
0.92265 0.3407828
0.923 0.3686055
0.92335 0.3686055
0.9237 0.3526245
0.92405 0.3526245
0.9244 0.3526245
0.92475 0.3374532
0.9251 0.3296239
0.92545 0.3374532
0.9258 0.3500514
0.92615 0.3500514
0.9265 0.3500514
0.92685 0.1748259
0.9272 0.3522303
0.92755 0.3522303
0.9279 0.3522303
0.92825 0.3485245999999999
0.9286 0.3330199
0.92895 0.3485245999999999
0.9293 0.367189
0.92965 0.367189
0.93 0.3517906
0.93035 0.2908378
0.9307 0.2389112
0.93105 0.209359
0.9314 0.209359
0.93175 0.2292808999999999
0.9321 0.3162316
0.93245 0.3105301
0.9328 0.3162316
0.93315 0.3513863
0.9335 0.3513863
0.93385 0.2659009
0.9342 0.2659009
0.93455 0.2554788
0.9349 0.2831914
0.93525 0.2554788
0.9356 0.3634261
0.93595 0.3097208
0.9363 0.3620198
0.93665 0.3441440999999999
0.937 0.3441440999999999
0.93735 0.3441440999999999
0.9377 0.318344
0.93805 0.2728182
0.9384 0.2728182
0.93875 0.3077864999999999
0.9391 0.3414905
0.93945 0.3536954
0.9398 0.3536954
0.94015 0.3667046
0.9405 0.2959483
0.94085 0.3735534
0.9412 0.3618734
0.94155 0.3870318
0.9419 0.3901855
0.94225 0.3932459
0.9426 0.3932459
0.94295 0.322193
0.9433 0.322193
0.94365 0.3433677
0.944 0.3433677
0.94435 0.3433677
0.9447 0.3563113
0.94505 0.3563113
0.9454 0.3578487
0.94575 0.3578487
0.9461 0.3720337999999999
0.94645 0.3720337999999999
0.9468 0.3571607999999999
0.94715 0.3159775
0.9475 0.3159775
0.94785 0.3466344
0.9482 0.3735636
0.94855 0.3807801
0.9489 0.3735636
0.94925 0.3665095
0.9496 0.3574053
0.94995 0.3548769
0.9503 0.3574053
0.95065 0.387945
0.951 0.387945
0.95135 0.3675439
0.9517 0.3675439
0.95205 0.3708946
0.9524 0.3708946
0.95275 0.3617467
0.9531 0.3617467
0.95345 0.3701713
0.9538 0.3924785
0.95415 0.3942627999999999
0.9545 0.3942627999999999
0.95485 0.3942627999999999
0.9552 0.3733679
0.95555 0.3824485
0.9559 0.3824485
0.95625 0.3824485
0.9566 0.3787379
0.95695 0.3628675
0.9573 0.3628675
0.95765 0.3841595999999999
0.958 0.3841595999999999
0.95835 0.3841595999999999
0.9587 0.3806811
0.95905 0.3806811
0.9594 0.3530724
0.95975 0.3530724
0.9601 0.3646569
0.96045 0.3646569
0.9608 0.3555562
0.96115 0.3547916
0.9615 0.3547916
0.96185 0.3426386
0.9622 0.332908
0.96255 0.3028116
0.9629 0.3028116
0.96325 0.2795031
0.9636 0.2830064
0.96395 0.2830064
0.9643 0.2853059
0.96465 0.2853059
0.965 0.274465
0.96535 0.2727522
0.9657 0.2636895999999999
0.96605 0.2538819
0.9664 0.2483927
0.96675 0.2483927
0.9671 0.2377647999999999
0.96745 0.2436472999999999
0.9678 0.2436472999999999
0.96815 0.2596804
0.9685 0.2596804
0.96885 0.2516442
0.9692 0.2399534
0.96955 0.2385513
0.9699 0.2277742
0.97025 0.2041404
0.9706 0.1742915
0.97095 0.1700723999999999
0.9713 0.1742915
0.97165 0.1940532999999999
0.972 0.2070389
0.97235 0.2298166
0.9727 0.233171
0.97305 0.233171
0.9734 0.2276076
0.97375 0.2227814
0.9741 0.2136066
0.97445 0.2227814
0.9748 0.2305455
0.97515 0.2305455
0.9755 0.2344029
0.97585 0.2547349
0.9762 0.2547349
0.97655 0.2276159999999999
0.9769 0.2166711
0.97725 0.2166711
0.9776 0.2087183999999999
0.97795 0.2087183999999999
0.9783 0.1719156
0.97865 0.1719156
0.979 0.2051146999999999
0.97935 0.206932
0.9797 0.206932
0.98005 0.1332374
0.9804 0.1332374
0.98075 0.1332374
0.9811 0.1347329
0.98145 0.1353406
0.9818 0.1409275
0.98215 0.1353406
0.9825 0.1331417
0.98285 0.0494675
0.9832 0.1005483
0.98355 0.0894875
0.9839 0.0966375
0.98425 0.0966375
0.9846 0.0966375
0.98495 0.1185931
0.9853 0.0295505999999999
0.98565 0.0658456
0.986 0.0547324
0.98635 0.0658456
0.9867 0.0624172
0.98705 0.0624172
0.9874 0.0624172
0.98775 0.0523323
0.9881 0.0523323
0.98845 0.0072533
0.9888 0.0072533
0.98915 0.0140807
0.9895 0.0383894
0.98985 0.0226800999999999
0.9902 0.0383894
0.99055 0.0226800999999999
0.9909 0.0433852
0.99125 0.0433852
0.9916 0.0592586
0.99195 0.061357
0.9923 0.0638181
0.99265 0.0699151
0.993 0.0876365
0.99335 0.0876365
0.9937 0.0739591
0.99405 0.0703011
0.9944 0.0703011
0.99475 0.0703011
0.9951 0.0415856999999999
0.99545 0.0415856999999999
0.9958 0.0144597999999999
0.99615 0.0619605
0.9965 0.0144597999999999
0.99685 0.0617348
0.9972 0.0617348
0.99755 0.0839583
0.9979 0.0839583
0.99825 0.0808193
0.9986 0.0578703
0.99895 0.0576687
0.9993 0.0485858
