0.3 0.5408196
0.30035 0.5408395
0.3007 0.5408395
0.30105 0.5407791000000001
0.3014 0.5406966
0.30175 0.5405922
0.3021 0.540457
0.30245 0.5402566
0.3028 0.5399019
0.30315 0.5390366
0.3035 0.5389487
0.30385 0.5389487
0.3042 0.5395331
0.30455 0.5396736
0.3049 0.5396736
0.30525 0.539618
0.3056 0.5395335
0.30595 0.5394332
0.3063 0.5393215
0.30665 0.5392007
0.307 0.5390715
0.30735 0.5389333000000001
0.3077 0.5387837
0.30805 0.5386181
0.3084 0.5384274
0.30875 0.5381956999999999
0.3091 0.5378727
0.30945 0.5373397
0.3098 0.536225
0.31015 0.5354906999999999
0.3105 0.5354906999999999
0.31085 0.5366036999999999
0.3112 0.5369183000000001
0.31155 0.5369326
0.3119 0.5369326
0.31225 0.5368369000000001
0.3126 0.5367134
0.31295 0.536572
0.3133 0.5364184000000001
0.31365 0.5362560000000001
0.314 0.5360854
0.31435 0.5359090999999999
0.3147 0.5357255999999999
0.31505 0.5355373000000001
0.3154 0.5353434
0.31575 0.5351438000000001
0.3161 0.5349384
0.31645 0.5347269
0.3168 0.534509
0.31715 0.5342843
0.3175 0.5340522
0.31785 0.533812
0.3182 0.533565
0.31855 0.533305
0.3189 0.533035
0.31925 0.5327458
0.3196 0.5324378000000001
0.31995 0.5320971
0.3203 0.5317008000000001
0.32065 0.5311946
0.321 0.5304194000000001
0.32135 0.5287075
0.3217 0.527612
0.32205 0.527612
0.3224 0.5291375
0.32275 0.5291839
0.3231 0.5291839
0.32345 0.5289005
0.3238 0.5285411999999999
0.32415 0.5281368000000001
0.3245 0.5276906
0.32485 0.5271941
0.3252 0.5266595000000001
0.32555 0.5260727
0.3259 0.5254228
0.32625 0.5246956
0.3266 0.5238716
0.32695 0.5229474000000001
0.3273 0.5218448
0.32765 0.5205327999999999
0.328 0.5189855999999999
0.32835 0.5170182
0.3287 0.5145685999999999
0.32905 0.5112911
0.3294 0.5064385
0.32975 0.499536
0.3301 0.4903916
0.33045 0.4903916
0.3308 0.499143
0.33115 0.5052890999999999
0.3315 0.509363
0.33185 0.512099
0.3322 0.5140513
0.33255 0.5154554
0.3329 0.5165691
0.33325 0.5173934
0.3336 0.518061
0.33395 0.5185563
0.3343 0.5189614
0.33465 0.5192583
0.335 0.5194867
0.33535 0.5196601
0.3357 0.5197887
0.33605 0.5198907
0.3364 0.5199408
0.33675 0.5199752000000001
0.3371 0.5199752000000001
0.33745 0.5199702
0.3378 0.519937
0.33815 0.5198813
0.3385 0.5198174
0.33885 0.5197334
0.3392 0.5196407999999999
0.33955 0.5195285
0.3399 0.519405
0.34025 0.5192595
0.3406 0.5190935999999999
0.34095 0.5189027
0.3413 0.5186795
0.34165 0.5184138
0.342 0.5180891
0.34235 0.5176808
0.3427 0.5171498
0.34305 0.5164319
0.3434 0.5154454
0.34375 0.5139069
0.3441 0.5110971
0.34445 0.5044912
0.3448 0.5044912
0.34515 0.5091045
0.3455 0.5120093
0.34585 0.5133744
0.3462 0.5141057
0.34655 0.514552
0.3469 0.514825
0.34725 0.5149828
0.3476 0.5150603
0.34795 0.5150603
0.3483 0.5150563
0.34865 0.5150003
0.349 0.5149189000000001
0.34935 0.5148121
0.3497 0.5146953
0.35005 0.5145653
0.3504 0.51442
0.35075 0.51427
0.3511 0.5141082
0.35145 0.51394
0.3518 0.5137695
0.35215 0.5135903
0.3525 0.5134065999999999
0.35285 0.5132188
0.3532 0.5130272
0.35355 0.5128322
0.3539 0.5126338
0.35425 0.5124325
0.3546 0.5122264
0.35495 0.5120197
0.3553 0.5118102
0.35565 0.5115911
0.356 0.5112855
0.35635 0.5111369
0.3567 0.5109463
0.35705 0.5104899
0.3574 0.510356
0.35775 0.5102084
0.3581 0.5099018
0.35845 0.5097446
0.3588 0.5094894
0.35915 0.5093263
0.3595 0.5086619000000001
0.35985 0.5084441
0.3602 0.5081866
0.36055 0.5080313
0.3609 0.5078560000000001
0.36125 0.5078560000000001
0.3616 0.5076214
0.36195 0.5074316
0.3623 0.5070742
0.36265 0.506931
0.363 0.5066938
0.36335 0.5064432
0.3637 0.5061925
0.36405 0.5058324000000001
0.3644 0.5057031
0.36475 0.5054542000000001
0.3651 0.505201
0.36545 0.5049323
0.3658 0.5046084
0.36615 0.5044033
0.3665 0.5041694
0.36685 0.5038882
0.3672 0.5036185999999999
0.36755 0.5033731
0.3679 0.5030808
0.36825 0.5028210999999999
0.3686 0.5024513
0.36895 0.5023063
0.3693 0.5019887
0.36965 0.5017488
0.37 0.5013582999999999
0.37035 0.5011333
0.3707 0.5006798
0.37105 0.5005097
0.3714 0.50035
0.37175 0.4999823
0.3721 0.499647
0.37245 0.4994621
0.3728 0.4990130999999999
0.37315 0.4989072
0.3735 0.4984385
0.37385 0.4982590999999999
0.3742 0.4979733
0.37455 0.4975982
0.3749 0.4971441
0.37525 0.4968512
0.3756 0.496529
0.37595 0.4962015
0.3763 0.4959043999999999
0.37665 0.4954909999999999
0.377 0.4954909999999999
0.37735 0.4952729
0.3777 0.4947727
0.37805 0.494361
0.3784 0.4943273
0.37875 0.4934808
0.3791 0.4929805999999999
0.37945 0.4925249
0.3798 0.4924161
0.38015 0.4924161
0.3805 0.4920564
0.38085 0.4920428
0.3812 0.4917502
0.38155 0.4914297
0.3819 0.4905880999999999
0.38225 0.4902294
0.3826 0.4901335999999999
0.38295 0.4901335999999999
0.3833 0.4896258
0.38365 0.4894777
0.384 0.4889754
0.38435 0.4888207
0.3847 0.4884406
0.38505 0.4881142
0.3854 0.4877369000000001
0.38575 0.487367
0.3861 0.4870081
0.38645 0.4865897
0.3868 0.4862235
0.38715 0.4857883
0.3875 0.4853605
0.38785 0.4849903
0.3882 0.4846534
0.38855 0.4841407
0.3889 0.4834968
0.38925 0.4829569999999999
0.3896 0.4828407999999999
0.38995 0.482296
0.3903 0.4817520999999999
0.39065 0.4815183
0.391 0.4809840999999999
0.39135 0.4805371
0.3917 0.4797872999999999
0.39205 0.4794218
0.3924 0.4789665
0.39275 0.4781432
0.3931 0.4778025999999999
0.39345 0.4773354
0.3938 0.4766885
0.39415 0.4756792999999999
0.3945 0.4754678
0.39485 0.4745225999999999
0.3952 0.4739956
0.39555 0.4735045999999999
0.3959 0.4723146
0.39625 0.4713198
0.3966 0.4708574
0.39695 0.4704617999999999
0.3973 0.4693674
0.39765 0.4686524999999999
0.398 0.4674751
0.39835 0.4672002
0.3987 0.4655047
0.39905 0.4647809
0.3994 0.4643759
0.39975 0.4633732
0.4001 0.462314
0.40045 0.4611737
0.4008 0.4596492
0.40115 0.4572435
0.4015 0.4557753
0.40185 0.4557753
0.4022 0.4528026
0.40255 0.4518328
0.4029 0.4492446
0.40325 0.4458395
0.4036 0.4409425999999999
0.40395 0.4356456
0.4043 0.4146293
0.40465 0.4146293
0.405 0.4315734999999999
0.40535 0.4381874
0.4057 0.4420439
0.40605 0.4447543
0.4064 0.4468755
0.40675 0.4483409
0.4071 0.4494669
0.40745 0.4503962999999999
0.4078 0.4511018
0.40815 0.4516767
0.4085 0.4516767
0.40885 0.4521449
0.4092 0.4529843
0.40955 0.4533585
0.4099 0.4535944999999999
0.41025 0.4539230999999999
0.4106 0.4541757999999999
0.41095 0.4543523
0.4113 0.4543772
0.41165 0.4544244
0.412 0.4547209
0.41235 0.4549003
0.4127 0.4549026
0.41305 0.4549026
0.4134 0.4544054
0.41375 0.4544054
0.4141 0.4551321
0.41445 0.4551321
0.4148 0.4546126
0.41515 0.4543695
0.4155 0.4539460999999999
0.41585 0.4487350999999999
0.4162 0.4487350999999999
0.41655 0.4538220999999999
0.4169 0.4538220999999999
0.41725 0.4533724
0.4176 0.4530282999999999
0.41795 0.4532254
0.4183 0.4532254
0.41865 0.4533607
0.419 0.4533607
0.41935 0.4525109999999999
0.4197 0.4513178
0.42005 0.4491513
0.4204 0.4491513
0.42075 0.4515827999999999
0.4211 0.4522172
0.42145 0.4515827999999999
0.4218 0.4503354999999999
0.42215 0.4497492
0.4225 0.4497492
0.42285 0.4499707999999999
0.4232 0.4499707999999999
0.42355 0.4480647
0.4239 0.4480647
0.42425 0.4481425
0.4246 0.4481425
0.42495 0.4492380999999999
0.4253 0.4492826
0.42565 0.4492826
0.426 0.4456340999999999
0.42635 0.4456340999999999
0.4267 0.4463840999999999
0.42705 0.4483385
0.4274 0.4479624
0.42775 0.4479624
0.4281 0.4476611
0.42845 0.4465619
0.4288 0.4459948
0.42915 0.4426286
0.4295 0.4443468
0.42985 0.4443468
0.4302 0.4443468
0.43055 0.4450412
0.4309 0.4428303
0.43125 0.4433135
0.4316 0.4433135
0.43195 0.4434079999999999
0.4323 0.4444944
0.43265 0.4444944
0.433 0.4440082
0.43335 0.443856
0.4337 0.4429439999999999
0.43405 0.4429334
0.4344 0.4423422999999999
0.43475 0.4423115999999999
0.4351 0.4423115999999999
0.43545 0.4420013
0.4358 0.4415012
0.43615 0.4411305
0.4365 0.4398764
0.43685 0.4395312
0.4372 0.4396192
0.43755 0.4395312
0.4379 0.4392895999999999
0.43825 0.4391812
0.4386 0.4390827999999999
0.43895 0.4386045999999999
0.4393 0.438277
0.43965 0.4370923
0.44 0.4362773
0.44035 0.4340189
0.4407 0.4332069
0.44105 0.4332435
0.4414 0.4332069
0.44175 0.4323188
0.4421 0.4323188
0.44245 0.4323188
0.4428 0.4341967
0.44315 0.4341821
0.4435 0.4341821
0.44385 0.4294135999999999
0.4442 0.4294135999999999
0.44455 0.4326951
0.4449 0.4326951
0.44525 0.4296212
0.4456 0.4296212
0.44595 0.4303001
0.4463 0.4309099
0.44665 0.4311470999999999
0.447 0.4309099
0.44735 0.4305245
0.4477 0.4302819
0.44805 0.4302819
0.4484 0.4285532999999999
0.44875 0.4301523
0.4491 0.4294259
0.44945 0.4294259
0.4498 0.4287962
0.45015 0.4287305
0.4505 0.4286242999999999
0.45085 0.4272122999999999
0.4512 0.4260252
0.45155 0.4260161
0.4519 0.4253505
0.45225 0.4260161
0.4526 0.4259652
0.45295 0.4259652
0.4533 0.4257322
0.45365 0.4250854999999999
0.454 0.4250854999999999
0.45435 0.4238666
0.4547 0.4234032
0.45505 0.423643
0.4554 0.4234032
0.45575 0.4217396
0.4561 0.4212867
0.45645 0.4217396
0.4568 0.4199484999999999
0.45715 0.4214275999999999
0.4575 0.4210383
0.45785 0.4210383
0.4582 0.4206670999999999
0.45855 0.4205524999999999
0.4589 0.420104
0.45925 0.4188180999999999
0.4596 0.4179380999999999
0.45995 0.4185497
0.4603 0.4185497
0.46065 0.4187747999999999
0.461 0.4187747999999999
0.46135 0.418533
0.4617 0.4183994
0.46205 0.4177886999999999
0.4624 0.4175241
0.46275 0.4173922
0.4631 0.4172600999999999
0.46345 0.4165849
0.4638 0.4162654999999999
0.46415 0.4160219
0.4645 0.4153265
0.46485 0.4153138
0.4652 0.4132926999999999
0.46555 0.4132926999999999
0.4659 0.4124887
0.46625 0.4110604999999999
0.4666 0.4109407
0.46695 0.4109407
0.4673 0.4105442
0.46765 0.4074008
0.468 0.4071588
0.46835 0.4056235
0.4687 0.3983062
0.46905 0.3914338
0.4694 0.3983062
0.46975 0.4056102
0.4701 0.4056102
0.47045 0.405721
0.4708 0.4053655
0.47115 0.4047709
0.4715 0.4041296
0.47185 0.4005391
0.4722 0.3956761
0.47255 0.3973352
0.4729 0.3973352
0.47325 0.4028219999999999
0.4736 0.4032254
0.47395 0.4028219999999999
0.4743 0.4038052
0.47465 0.3988988
0.475 0.4038052
0.47535 0.3722891
0.4757 0.4038155
0.47605 0.3991717999999999
0.4764 0.3991717999999999
0.47675 0.3991717999999999
0.4771 0.3980547
0.47745 0.4019147
0.4778 0.3995622
0.47815 0.4010776
0.4785 0.4006447999999999
0.47885 0.4006447999999999
0.4792 0.3998747
0.47955 0.399371
0.4799 0.3991208
0.48025 0.3982254
0.4806 0.3980174
0.48095 0.3977386
0.4813 0.3968052999999999
0.48165 0.3956783
0.482 0.3941167
0.48235 0.3933624
0.4827 0.3933624
0.48305 0.3920569
0.4834 0.3880164
0.48375 0.3837689
0.4841 0.3837689
0.48445 0.3799774
0.4848 0.3697121
0.48515 0.3737465
0.4855 0.3737465
0.48585 0.3737465
0.4862 0.3811843
0.48655 0.3811843
0.4869 0.3849155999999999
0.48725 0.3849155999999999
0.4876 0.3731134
0.48795 0.3731134
0.4883 0.3771855999999999
0.48865 0.3823488
0.489 0.3886093
0.48935 0.3823488
0.4897 0.3886093
0.49005 0.3861544
0.4904 0.3861544
0.49075 0.3826379
0.4911 0.3826379
0.49145 0.3826379
0.4918 0.3852219999999999
0.49215 0.3820866
0.4925 0.3815950999999999
0.49285 0.3759442
0.4932 0.3759442
0.49355 0.3759442
0.4939 0.3786200999999999
0.49425 0.3786200999999999
0.4946 0.3786200999999999
0.49495 0.3807435999999999
0.4953 0.379864
0.49565 0.3818812
0.496 0.3804973
0.49635 0.3810062
0.4967 0.3804979
0.49705 0.3804979
0.4974 0.3794499
0.49775 0.3779305999999999
0.4981 0.3770577
0.49845 0.3759981
0.4988 0.3759981
0.49915 0.3761973
0.4995 0.3762261
0.49985 0.3761973
0.50055 0.359159
0.5009 0.359159
0.50125 0.3704119999999999
0.5016 0.3704119999999999
0.50195 0.3687165999999999
0.5023 0.3678699
0.50265 0.3563502999999999
0.503 0.3019659
0.50335 0.3260699999999999
0.5037 0.3260699999999999
0.50405 0.3260699999999999
0.5044 0.3600102
0.50475 0.3600102
0.5051 0.3631752
0.50545 0.3631752
0.5058 0.36283
0.50615 0.36283
0.5065 0.3478427
0.50685 0.3430895
0.5072 0.3430895
0.50755 0.3505824999999999
0.5079 0.3505824999999999
0.50825 0.3505824999999999
0.5086 0.3538227
0.50895 0.3538227
0.5093 0.3529172
0.50965 0.3511440999999999
0.51 0.3511440999999999
0.51035 0.3554939
0.5107 0.35677
0.51105 0.35677
0.5114 0.3544578
0.51175 0.3544578
0.5121 0.3559376999999999
0.51245 0.3635192
0.5128 0.3635192
0.51315 0.3574544
0.5135 0.3574544
0.51385 0.3572623
0.5142 0.3572623
0.51455 0.3572623
0.5149 0.3561829
0.51525 0.3614029
0.5156 0.3629857999999999
0.51595 0.3629857999999999
0.5163 0.3623934
0.51665 0.3619164
0.517 0.3619992
0.51735 0.3619164
0.5177 0.3618819
0.51805 0.3618819
0.5184 0.361928
0.51875 0.3622188
0.5191 0.3622188
0.51945 0.3607539
0.5198 0.3607539
0.52015 0.3607539
0.5205 0.3606527
0.52085 0.3603873
0.5212 0.3600837999999999
0.52155 0.3598263
0.5219 0.3583629
0.52225 0.358189
0.5226 0.3578989
0.52295 0.3567642
0.5233 0.3354689
0.52365 0.3354689
0.524 0.3359049
0.52435 0.3546354
0.5247 0.3546354
0.52505 0.3546354
0.5254 0.3547805999999999
0.52575 0.3537755999999999
0.5261 0.3526566
0.52645 0.3522065
0.5268 0.3510066
0.52715 0.3468582
0.5275 0.3468582
0.52785 0.3468582
0.5282 0.3497477
0.52855 0.3497477
0.5289 0.346207
0.52925 0.3450892
0.5296 0.3417312
0.52995 0.3450892
0.5303 0.3408679
0.53065 0.3380316
0.531 0.3380316
0.53135 0.3435904
0.5317 0.3435904
0.53205 0.3396549
0.5324 0.3346396
0.53275 0.3376229
0.5331 0.3376229
0.53345 0.3394583
0.5338 0.3399356
0.53415 0.3399356
0.5345 0.3398007
0.53485 0.3366936
0.5352 0.3360285
0.53555 0.3358885
0.5359 0.3332466
0.53625 0.3332466
0.5366 0.3332466
0.53695 0.3295269
0.5373 0.3295269
0.53765 0.3280195999999999
0.538 0.3276727
0.53835 0.3258195
0.5387 0.3210418
0.53905 0.320849
0.5394 0.319978
0.53975 0.3151297
0.5401 0.3151297
0.54045 0.3062896
0.5408 0.3019421
0.54115 0.3019421
0.5415 0.2941037
0.54185 0.2941037
0.5422 0.2941037
0.54255 0.2918739999999999
0.5429 0.2929234
0.54325 0.291394
0.5436 0.291394
0.54395 0.291394
0.5443 0.2929859
0.54465 0.3020202
0.545 0.3020202
0.54535 0.3073025
0.5457 0.306223
0.54605 0.306223
0.5464 0.2945113
0.54675 0.2945113
0.5471 0.2945113
0.54745 0.3066829
0.5478 0.3063859
0.54815 0.3066829
0.5485 0.3100665
0.54885 0.3108210999999999
0.5492 0.3100665
0.54955 0.3096614
0.5499 0.2997844
0.55025 0.3066255
0.5506 0.3066255
0.55095 0.3066255
0.5513 0.3071922
0.55165 0.3053865
0.552 0.3051455
0.55235 0.3039486
0.5527 0.3039486
0.55305 0.3039486
0.5534 0.3031672
0.55375 0.3031672
0.5541 0.3028947999999999
0.55445 0.299594
0.5548 0.299594
0.55515 0.299594
0.5555 0.29774
0.55585 0.3021566
0.5562 0.2997750999999999
0.55655 0.2997750999999999
0.5569 0.2945269
0.55725 0.2945269
0.5576 0.2964029
0.55795 0.2978425
0.5583 0.2964029
0.55865 0.2978425
0.559 0.2969615
0.55935 0.2969615
0.5597 0.2964657
0.56005 0.2954824
0.5604 0.2946417
0.56075 0.2934975999999999
0.5611 0.2934975999999999
0.56145 0.2928937
0.5618 0.2920574999999999
0.56215 0.2917924
0.5625 0.2909669
0.56285 0.2908687
0.5632 0.2908687
0.56355 0.2886134
0.5639 0.2884585999999999
0.56425 0.2875950999999999
0.5646 0.2861926
0.56495 0.2861926
0.5653 0.2846440999999999
0.56565 0.2846440999999999
0.566 0.2825980999999999
0.56635 0.2749311
0.5667 0.2745001999999999
0.56705 0.2749311
0.5674 0.2765855
0.56775 0.2765855
0.5681 0.2425469
0.56845 0.2425469
0.5688 0.2451373
0.56915 0.2619172
0.5695 0.2451373
0.56985 0.2420672
0.5702 0.2420672
0.57055 0.2716586
0.5709 0.2716586
0.57125 0.2694058
0.5716 0.2654236
0.57195 0.2681120999999999
0.5723 0.2681120999999999
0.57265 0.2681120999999999
0.573 0.266602
0.57335 0.2447505999999999
0.5737 0.2629750999999999
0.57405 0.2474225
0.5744 0.2474225
0.57475 0.2474225
0.5751 0.2275149
0.57545 0.2604748
0.5758 0.2607786
0.57615 0.2607786
0.5765 0.2551217
0.57685 0.2363529
0.5772 0.2548455
0.57755 0.2548455
0.5779 0.2548455
0.57825 0.2575125
0.5786 0.2523726
0.57895 0.2540413
0.5793 0.2539146
0.57965 0.2539146
0.58 0.2516247
0.58035 0.2515057
0.5807 0.2460155
0.58105 0.2460155
0.5814 0.2497317
0.58175 0.2506291
0.5821 0.2497317
0.58245 0.2479082
0.5828 0.2428985
0.58315 0.2428985
0.5835 0.2427493
0.58385 0.2431719999999999
0.5842 0.2431719999999999
0.58455 0.2431719999999999
0.5849 0.2421411
0.58525 0.2421411
0.5856 0.2422492
0.58595 0.2422492
0.5863 0.2403034
0.58665 0.2402212999999999
0.587 0.2375366
0.58735 0.2360569
0.5877 0.229408
0.58805 0.2114174
0.5884 0.2114174
0.58875 0.2087392
0.5891 0.2087392
0.58945 0.2087392
0.5898 0.1813111
0.59015 0.1813111
0.5905 0.2202631
0.59085 0.2202631
0.5912 0.2227294
0.59155 0.2227294
0.5919 0.2273807
0.59225 0.2273807
0.5926 0.2291093
0.59295 0.235013
0.5933 0.235013
0.59365 0.226086
0.594 0.2146834
0.59435 0.1861407
0.5947 0.1861407
0.59505 0.2212661
0.5954 0.2212661
0.59575 0.2200936
0.5961 0.2200936
0.59645 0.2202332
0.5968 0.2279109
0.59715 0.2279109
0.5975 0.2279109
0.59785 0.2196654
0.5982 0.2196654
0.59855 0.2213788
0.5989 0.2213788
0.59925 0.2181833999999999
0.5996 0.2181833999999999
0.59995 0.2267626999999999
0.6003 0.2267626999999999
0.60065 0.1932845
0.601 0.1932845
0.60135 0.2192177
0.6017 0.2331025
0.60205 0.2331025
0.6024 0.2404714
0.60275 0.2404714
0.6031 0.2455994
0.60345 0.2455994
0.6038 0.2455994
0.60415 0.2398603
0.6045 0.2398603
0.60485 0.2291844999999999
0.6052 0.2480064
0.60555 0.2485546
0.6059 0.2485546
0.60625 0.2485546
0.6066 0.2479959
0.60695 0.2496091
0.6073 0.2479959
0.60765 0.2501607
0.608 0.2473259
0.60835 0.2506432
0.6087 0.2473259
0.60905 0.2498782
0.6094 0.2477457
0.60975 0.2498782
0.6101 0.2524891
0.61045 0.2524891
0.6108 0.2520035
0.61115 0.2511154
0.6115 0.2511154
0.61185 0.2500116
0.6122 0.2490837
0.61255 0.2481013
0.6129 0.2446397999999999
0.61325 0.2429857999999999
0.6136 0.2415411
0.61395 0.2392477
0.6143 0.2382754
0.61465 0.236698
0.615 0.2361442999999999
0.61535 0.2360522999999999
0.6157 0.2355367
0.61605 0.233748
0.6164 0.2331163999999999
0.61675 0.2312094
0.6171 0.2299335
0.61745 0.2261781
0.6178 0.2219494
0.61815 0.2210735
0.6185 0.2191239999999999
0.61885 0.2178675
0.6192 0.2162982999999999
0.61955 0.2162982999999999
0.6199 0.2178362
0.62025 0.2200998
0.6206 0.2222313
0.62095 0.222375
0.6213 0.2231446
0.62165 0.2254304
0.622 0.2285432
0.62235 0.2319143
0.6227 0.2344908
0.62305 0.2374038999999999
0.6234 0.2380464
0.62375 0.2386449999999999
0.6241 0.2443202
0.62445 0.2443202
0.6248 0.246648
0.62515 0.2489687
0.6255 0.2489687
0.62585 0.2501135
0.6262 0.2512622
0.62655 0.2512622
0.6269 0.2517302999999999
0.62725 0.251882
0.6276 0.251882
0.62795 0.2539245
0.6283 0.2522147
0.62865 0.2539245
0.629 0.2555518
0.62935 0.2555518
0.6297 0.2558222
0.63005 0.2567342999999999
0.6304 0.2567342999999999
0.63075 0.2533529
0.6311 0.2523004
0.63145 0.2451207
0.6318 0.2243871
0.63215 0.2243871
0.6325 0.2466808
0.63285 0.2473225
0.6332 0.2466808
0.63355 0.2498873
0.6339 0.2498873
0.63425 0.2519303
0.6346 0.2519303
0.63495 0.2485777
0.6353 0.2485777
0.63565 0.2485777
0.636 0.2482116
0.63635 0.2482116
0.6367 0.2416274
0.63705 0.2416274
0.6374 0.2416274
0.63775 0.2253416999999999
0.6381 0.231092
0.63845 0.231092
0.6388 0.231092
0.63915 0.2388732999999999
0.6395 0.2388732999999999
0.63985 0.2462655
0.6402 0.2485375
0.64055 0.2485375
0.6409 0.2451177
0.64125 0.2446621
0.6416 0.2440606
0.64195 0.2388573
0.6423 0.2388573
0.64265 0.2458619
0.643 0.2458619
0.64335 0.2445679999999999
0.6437 0.2322179999999999
0.64405 0.2192445
0.6444 0.2192445
0.64475 0.2257844999999999
0.6451 0.2257844999999999
0.64545 0.2257844999999999
0.6458 0.1856808
0.64615 0.1707527
0.6465 0.1707527
0.64685 0.1956542
0.6472 0.2024655
0.64755 0.2024655
0.6479 0.2027561
0.64825 0.2027561
0.6486 0.2071726
0.64895 0.2165732999999999
0.6493 0.2211701
0.64965 0.2335413
0.65 0.2335413
0.65035 0.2379373
0.6507 0.227269
0.65105 0.1923067
0.6514 0.1923067
0.65175 0.1923067
0.6521 0.199347
0.65245 0.2266892
0.6528 0.2266892
0.65315 0.2277274
0.6535 0.2031841
0.65385 0.235089
0.6542 0.2002252
0.65455 0.2243743
0.6549 0.2243743
0.65525 0.2243743
0.6556 0.2029521
0.65595 0.1958987999999999
0.6563 0.1958987999999999
0.65665 0.2167813999999999
0.657 0.2167813999999999
0.65735 0.1952797999999999
0.6577 0.1952797999999999
0.65805 0.2233496
0.6584 0.2233496
0.65875 0.2233496
0.6591 0.2288228
0.65945 0.2288228
0.6598 0.2037076
0.66015 0.2037076
0.6605 0.2305054
0.66085 0.2305054
0.6612 0.2193792999999999
0.66155 0.2193792999999999
0.6619 0.2234822
0.66225 0.2244125
0.6626 0.2300873
0.66295 0.2278272999999999
0.6633 0.2278272999999999
0.66365 0.2258224
0.664 0.2258224
0.66435 0.2280218
0.6647 0.2327747
0.66505 0.2327747
0.6654 0.2327408
0.66575 0.230759
0.6661 0.2228885
0.66645 0.2290829999999999
0.6668 0.2290829999999999
0.66715 0.2310878999999999
0.6675 0.2310878999999999
0.66785 0.2315005
0.6682 0.2297295
0.66855 0.2209281
0.6689 0.2209281
0.66925 0.2280755
0.6696 0.2311256
0.66995 0.2311256
0.6703 0.2349992
0.67065 0.2363381
0.671 0.2363381
0.67135 0.2388882999999999
0.6717 0.2376391
0.67205 0.2376391
0.6724 0.2376391
0.67275 0.2377857999999999
0.6731 0.2377885
0.67345 0.2385491
0.6738 0.2418344999999999
0.67415 0.2415727
0.6745 0.2415727
0.67485 0.2415727
0.6752 0.2438699
0.67555 0.2438699
0.6759 0.2440057
0.67625 0.2437512
0.6766 0.2437512
0.67695 0.2437512
0.6773 0.2437406
0.67765 0.2441862
0.678 0.2437406
0.67835 0.2436268
0.6787 0.2376442
0.67905 0.2386042999999999
0.6794 0.2386042999999999
0.67975 0.2415637
0.6801 0.2415637
0.68045 0.2413947
0.6808 0.2346489
0.68115 0.2346489
0.6815 0.2346489
0.68185 0.2378109
0.6822 0.2347994
0.68255 0.2347994
0.6829 0.2347994
0.68325 0.2302339
0.6836 0.2302339
0.68395 0.23013
0.6843 0.2222747
0.68465 0.2222747
0.685 0.22783
0.68535 0.235701
0.6857 0.2357922
0.68605 0.2357922
0.6864 0.2328572
0.68675 0.2182907999999999
0.6871 0.2182907999999999
0.68745 0.2247452
0.6878 0.2312806
0.68815 0.2304944
0.6885 0.2304944
0.68885 0.2269431
0.6892 0.2269431
0.68955 0.1999681
0.6899 0.2202183
0.69025 0.2166942
0.6906 0.2202183
0.69095 0.2166942
0.6913 0.1992342
0.69165 0.1931483
0.692 0.175627
0.69235 0.175627
0.6927 0.1794763
0.69305 0.1794763
0.6934 0.1789089999999999
0.69375 0.1789089999999999
0.6941 0.1789089999999999
0.69445 0.1850253999999999
0.6948 0.1931793
0.69515 0.1931793
0.6955 0.1894574
0.69585 0.1894574
0.6962 0.1940241
0.69655 0.1970912
0.6969 0.1970912
0.69725 0.2046619999999999
0.6976 0.189608
0.69795 0.2051967
0.6983 0.2026771
0.69865 0.2026771
0.699 0.2014013
0.69935 0.2014013
0.6997 0.2014013
0.70005 0.1726094
0.7004 0.1725448
0.70075 0.1726094
0.7011 0.1862519
0.70145 0.1862519
0.7018 0.1826992
0.70215 0.1826992
0.7025 0.1826992
0.70285 0.1735442
0.7032 0.1735442
0.70355 0.1746171
0.7039 0.1877867
0.70425 0.1774161
0.7046 0.1829657999999999
0.70495 0.1774161
0.7053 0.1829657999999999
0.70565 0.1945396
0.706 0.1945396
0.70635 0.181161
0.7067 0.181161
0.70705 0.181161
0.7074 0.1866244
0.70775 0.1736089999999999
0.7081 0.1864813
0.70845 0.1736089999999999
0.7088 0.181291
0.70915 0.1733252
0.7095 0.181291
0.70985 0.1819132
0.7102 0.1962661
0.71055 0.1962661
0.7109 0.1706253999999999
0.71125 0.1706253999999999
0.7116 0.1760055
0.71195 0.1905238
0.7123 0.1905238
0.71265 0.1823221
0.713 0.1788902999999999
0.71335 0.1788902999999999
0.7137 0.1853523
0.71405 0.1853523
0.7144 0.1759789
0.71475 0.1759789
0.7151 0.1872941
0.71545 0.1872941
0.7158 0.1792031
0.71615 0.1725309
0.7165 0.1624716
0.71685 0.1624716
0.7172 0.1599924999999999
0.71755 0.1599924999999999
0.7179 0.1599924999999999
0.71825 0.1650579999999999
0.7186 0.1650579999999999
0.71895 0.1512962
0.7193 0.1512962
0.71965 0.1556762
0.72 0.1556762
0.72035 0.1586737999999999
0.7207 0.163269
0.72105 0.163269
0.7214 0.163269
0.72175 0.157577
0.7221 0.1673497
0.72245 0.1636121
0.7228 0.1636121
0.72315 0.1548382999999999
0.7235 0.1530039
0.72385 0.152348
0.7242 0.152348
0.72455 0.152348
0.7249 0.1539322
0.72525 0.1539322
0.7256 0.1510944
0.72595 0.1479508
0.7263 0.1457063999999999
0.72665 0.1457063999999999
0.727 0.131874
0.72735 0.1510609
0.7277 0.1510609
0.72805 0.1513964
0.7284 0.1554117
0.72875 0.1583437999999999
0.7291 0.1583437999999999
0.72945 0.1555763
0.7298 0.1545442
0.73015 0.1555763
0.7305 0.1560436
0.73085 0.1587689
0.7312 0.1598598
0.73155 0.1587689
0.7319 0.1598598
0.73225 0.1553096
0.7326 0.1571735
0.73295 0.1553096
0.7333 0.1571735
0.73365 0.170052
0.734 0.170052
0.73435 0.1643079999999999
0.7347 0.1643079999999999
0.73505 0.1691285
0.7354 0.175469
0.73575 0.175469
0.7361 0.1684233
0.73645 0.166296
0.7368 0.166296
0.73715 0.166296
0.7375 0.1636072
0.73785 0.1769666
0.7382 0.1697750999999999
0.73855 0.1697750999999999
0.7389 0.1679326
0.73925 0.1679326
0.7396 0.1661787
0.73995 0.1661787
0.7403 0.1661787
0.74065 0.1755207999999999
0.741 0.1755207999999999
0.74135 0.1755207999999999
0.7417 0.1766968
0.74205 0.1853522
0.7424 0.1853522
0.74275 0.1853522
0.7431 0.1904124
0.74345 0.1904124
0.7438 0.1870695
0.74415 0.1793831
0.7445 0.1793831
0.74485 0.1979312
0.7452 0.1979312
0.74555 0.1979312
0.7459 0.1774032
0.74625 0.1858563999999999
0.7466 0.1858563999999999
0.74695 0.1858563999999999
0.7473 0.1942116
0.74765 0.1942116
0.748 0.1942116
0.74835 0.1934525
0.7487 0.1924246
0.74905 0.1887578
0.7494 0.1887578
0.74975 0.1911711
0.7501 0.1955963
0.75045 0.1911711
0.7508 0.2013776
0.75115 0.1940549
0.7515 0.1940549
0.75185 0.1940549
0.7522 0.193026
0.75255 0.1965631
0.7529 0.1965631
0.75325 0.1972520999999999
0.7536 0.1972520999999999
0.75395 0.2000007999999999
0.7543 0.196996
0.75465 0.2019225
0.755 0.1969634999999999
0.75535 0.2019225
0.7557 0.2019787
0.75605 0.2020611
0.7564 0.2020611
0.75675 0.2020611
0.7571 0.1957014
0.75745 0.1967611
0.7578 0.1967611
0.75815 0.1972197
0.7585 0.1981813999999999
0.75885 0.1982223
0.7592 0.1981813999999999
0.75955 0.1982223
0.7599 0.1979751
0.76025 0.1979751
0.7606 0.1953251
0.76095 0.1953251
0.7613 0.1963102
0.76165 0.1963102
0.762 0.1948181
0.76235 0.1945459
0.7627 0.1941112
0.76305 0.1934232
0.7634 0.1924469
0.76375 0.1914494
0.7641 0.1914494
0.76445 0.1901472
0.7648 0.1900429
0.76515 0.1892605
0.7655 0.1884904
0.76585 0.1883362
0.7662 0.1878523
0.76655 0.1877384
0.7669 0.1875562
0.76725 0.1877384
0.7676 0.1886515
0.76795 0.1888077
0.7683 0.1889073
0.76865 0.1888077
0.769 0.1886462
0.76935 0.1880346
0.7697 0.1875181
0.77005 0.1875157
0.7704 0.1875157
0.77075 0.1883685
0.7711 0.1886782
0.77145 0.1893958999999999
0.7718 0.1897988
0.77215 0.1902898999999999
0.7725 0.1902898999999999
0.77285 0.1902149
0.7732 0.1899104
0.77355 0.1899104
0.7739 0.1903047
0.77425 0.1909708999999999
0.7746 0.1910856
0.77495 0.1913391
0.7753 0.1913391
0.77565 0.1913391
0.776 0.1907747
0.77635 0.1907020999999999
0.7767 0.190126
0.77705 0.1899526
0.7774 0.1897912999999999
0.77775 0.1893847
0.7781 0.1885561
0.77845 0.1885561
0.7788 0.1875108999999999
0.77915 0.1864096
0.7795 0.182158
0.77985 0.182158
0.7802 0.1832138999999999
0.78055 0.1832138999999999
0.7809 0.1766024
0.78125 0.1766024
0.7816 0.1759537999999999
0.78195 0.1771662999999999
0.7823 0.1769195
0.78265 0.1769195
0.783 0.1769195
0.78335 0.1756772999999999
0.7837 0.1765301
0.78405 0.1754737
0.7844 0.1754737
0.78475 0.1754737
0.7851 0.1790418
0.78545 0.1790418
0.7858 0.180271
0.78615 0.1776723999999999
0.7865 0.1776723999999999
0.78685 0.1670452
0.7872 0.1670452
0.78755 0.1690837
0.7879 0.1756189
0.78825 0.1756189
0.7886 0.1756189
0.78895 0.1759751
0.7893 0.1759751
0.78965 0.1786487
0.79 0.1786487
0.79035 0.180539
0.7907 0.1774365
0.79105 0.1782698999999999
0.7914 0.1777771
0.79175 0.1782698999999999
0.7921 0.1777771
0.79245 0.1784864
0.7928 0.1754518
0.79315 0.1757967999999999
0.7935 0.1756922
0.79385 0.1757967999999999
0.7942 0.1764064
0.79455 0.1764064
0.7949 0.1700691
0.79525 0.1654614
0.7956 0.1700691
0.79595 0.1595002999999999
0.7963 0.1595002999999999
0.79665 0.1595002999999999
0.797 0.164999
0.79735 0.164999
0.7977 0.1691568
0.79805 0.1691568
0.7984 0.1696263999999999
0.79875 0.1704535
0.7991 0.1714583999999999
0.79945 0.1714583999999999
0.7998 0.1665099
0.80015 0.1665099
0.8005 0.1735255
0.80085 0.1754285
0.8012 0.1735255
0.80155 0.1688157
0.8019 0.1643493
0.80225 0.1638334
0.8026 0.1638334
0.80295 0.1705201
0.8033 0.1705201
0.80365 0.1738357999999999
0.804 0.1707955
0.80435 0.1738357999999999
0.8047 0.1750264
0.80505 0.1759943
0.8054 0.1771598
0.80575 0.1759943
0.8061 0.1624519999999999
0.80645 0.1624519999999999
0.8068 0.1632657
0.80715 0.1672865
0.8075 0.1672865
0.80785 0.165603
0.8082 0.165603
0.80855 0.172025
0.8089 0.172025
0.80925 0.1633869
0.8096 0.1633869
0.80995 0.1644734
0.8103 0.1672995
0.81065 0.1672995
0.811 0.1662959
0.81135 0.1646422999999999
0.8117 0.1646422999999999
0.81205 0.1644568
0.8124 0.1635318
0.81275 0.1644568
0.8131 0.16174
0.81345 0.1640791
0.8138 0.1640791
0.81415 0.1640791
0.8145 0.1628388999999999
0.81485 0.1562204999999999
0.8152 0.1562204999999999
0.81555 0.1643557
0.8159 0.1648046
0.81625 0.1648046
0.8166 0.1651371
0.81695 0.1651371
0.8173 0.1656881
0.81765 0.1656881
0.818 0.1653805
0.81835 0.1653805
0.8187 0.1653805
0.81905 0.1708117999999999
0.8194 0.1704214
0.81975 0.1704214
0.8201 0.1699109
0.82045 0.1685517999999999
0.8208 0.1685517999999999
0.82115 0.1685517999999999
0.8215 0.1713448
0.82185 0.1713448
0.8222 0.1700833
0.82255 0.1688336
0.8229 0.1618904
0.82325 0.1551724
0.8236 0.1568964
0.82395 0.1568964
0.8243 0.1681158999999999
0.82465 0.1681158999999999
0.825 0.1692948999999999
0.82535 0.1685557
0.8257 0.1736987
0.82605 0.1685868999999999
0.8264 0.1710211
0.82675 0.1710211
0.8271 0.1710211
0.82745 0.166394
0.8278 0.1607262
0.82815 0.166394
0.8285 0.1670201
0.82885 0.1670201
0.8292 0.1672963
0.82955 0.1680929
0.8299 0.1680929
0.83025 0.1636691
0.8306 0.1636691
0.83095 0.1643204999999999
0.8313 0.168074
0.83165 0.1643204999999999
0.832 0.1625027
0.83235 0.1625027
0.8327 0.1621119999999999
0.83305 0.166518
0.8334 0.1646458999999999
0.83375 0.1646458999999999
0.8341 0.1586104
0.83445 0.1586104
0.8348 0.1586104
0.83515 0.1666747
0.8355 0.1656184
0.83585 0.1656184
0.8362 0.1644499
0.83655 0.1642991
0.8369 0.1634779999999999
0.83725 0.1624453
0.8376 0.1592338
0.83795 0.1592338
0.8383 0.1615552999999999
0.83865 0.1665392
0.839 0.1665392
0.83935 0.1665392
0.8397 0.1656032999999999
0.84005 0.1656032999999999
0.8404 0.1656032999999999
0.84075 0.1645458
0.8411 0.1645458
0.84145 0.1645458
0.8418 0.1635917999999999
0.84215 0.1635917999999999
0.8425 0.1687215
0.84285 0.1703482
0.8432 0.1703482
0.84355 0.1709662
0.8439 0.1686292
0.84425 0.166706
0.8446 0.166706
0.84495 0.1702787999999999
0.8453 0.1702787999999999
0.84565 0.1702787999999999
0.846 0.1736658999999999
0.84635 0.1736658999999999
0.8467 0.1736658999999999
0.84705 0.1789933
0.8474 0.1789933
0.84775 0.1705547
0.8481 0.1705547
0.84845 0.1718515
0.8488 0.1769397999999999
0.84915 0.1769397999999999
0.8495 0.1769397999999999
0.84985 0.1766761
0.8502 0.1753797
0.85055 0.1753797
0.8509 0.1753797
0.85125 0.1738253
0.8516 0.1757539
0.85195 0.177969
0.8523 0.177969
0.85265 0.1743507999999999
0.853 0.1743507999999999
0.85335 0.176066
0.8537 0.176066
0.85405 0.1748836
0.8544 0.1739217
0.85475 0.1722349
0.8551 0.1722349
0.85545 0.1678142
0.8558 0.1678142
0.85615 0.1678142
0.8565 0.1685303
0.85685 0.1670988
0.8572 0.1660637999999999
0.85755 0.1633095
0.8579 0.1613253
0.85825 0.1613253
0.8586 0.1613253
0.85895 0.1596811
0.8593 0.1595842999999999
0.85965 0.1591881
0.86 0.1565532
0.86035 0.1551606
0.8607 0.1540845
0.86105 0.1521046
0.8614 0.1511482
0.86175 0.1508571
0.8621 0.1489647
0.86245 0.1489647
0.8628 0.1488382
0.86315 0.1489463
0.8635 0.1489463
0.86385 0.1489463
0.8642 0.1448524
0.86455 0.1448524
0.8649 0.1461432
0.86525 0.1494066
0.8656 0.1502742
0.86595 0.15198
0.8663 0.1523607
0.86665 0.1523607
0.867 0.1469664
0.86735 0.1469664
0.8677 0.1499567
0.86805 0.1541828999999999
0.8684 0.1571007999999999
0.86875 0.1574250999999999
0.8691 0.1598055
0.86945 0.1591032
0.8698 0.1600705
0.87015 0.1600705
0.8705 0.1600705
0.87085 0.1595457
0.8712 0.1543615
0.87155 0.1595457
0.8719 0.16235
0.87225 0.1650897999999999
0.8726 0.16235
0.87295 0.1606128
0.8733 0.1606128
0.87365 0.1639556
0.874 0.1640827
0.87435 0.1640827
0.8747 0.1644121
0.87505 0.1644121
0.8754 0.1652648
0.87575 0.1590566
0.8761 0.1633321
0.87645 0.1612027
0.8768 0.1612027
0.87715 0.1612027
0.8775 0.1571
0.87785 0.1574253
0.8782 0.1571
0.87855 0.1574253
0.8789 0.1591184
0.87925 0.1591184
0.8796 0.142379
0.87995 0.142379
0.8803 0.142379
0.88065 0.1419374
0.881 0.1355509
0.88135 0.1355509
0.8817 0.1355509
0.88205 0.1170088
0.8824 0.0968438
0.88275 0.0968438
0.8831 0.0992005
0.88345 0.1007755
0.8838 0.1007755
0.88415 0.1007755
0.8845 0.106169
0.88485 0.1155938
0.8852 0.118315
0.88555 0.118315
0.8859 0.1152612
0.88625 0.1065636
0.8866 0.0882617
0.88695 0.0755513999999999
0.8873 0.0755513999999999
0.88765 0.0755513999999999
0.888 0.0831275
0.88835 0.0804812
0.8887 0.0956455
0.88905 0.1032755
0.8894 0.1032755
0.88975 0.0994906
0.8901 0.0994906
0.89045 0.1005165
0.8908 0.1012602
0.89115 0.1012602
0.8915 0.1012602
0.89185 0.0979012
0.8922 0.1063381
0.89255 0.1063381
0.8929 0.1063381
0.89325 0.1061468
0.8936 0.1052458
0.89395 0.1048636999999999
0.8943 0.1052458
0.89465 0.1011251
0.895 0.1011251
0.89535 0.0991828
0.8957 0.0947209
0.89605 0.0947209
0.8964 0.1072851999999999
0.89675 0.1182345
0.8971 0.1182345
0.89745 0.1145765
0.8978 0.1145765
0.89815 0.1200538
0.8985 0.1200538
0.89885 0.117399
0.8992 0.1108873
0.89955 0.1108873
0.8999 0.1146568999999999
0.90025 0.1146568999999999
0.9006 0.1146568999999999
0.90095 0.1319219
0.9013 0.1358281
0.90165 0.1408198
0.902 0.1411426
0.90235 0.1415162
0.9027 0.1437291
0.90305 0.1437291
0.9034 0.1476908999999999
0.90375 0.1406753999999999
0.9041 0.1476908999999999
0.90445 0.1514974999999999
0.9048 0.1532417999999999
0.90515 0.1532417999999999
0.9055 0.1531952
0.90585 0.1531952
0.9062 0.1523631
0.90655 0.1523631
0.9069 0.1523631
0.90725 0.1527478
0.9076 0.1527478
0.90795 0.1419052999999999
0.9083 0.1419052999999999
0.90865 0.1437549
0.909 0.1557339999999999
0.90935 0.1557339999999999
0.9097 0.1514111
0.91005 0.1420155
0.9104 0.1420155
0.91075 0.1541857999999999
0.9111 0.1569019999999999
0.91145 0.1568499
0.9118 0.1568499
0.91215 0.1568499
0.9125 0.1537076
0.91285 0.1541811
0.9132 0.1541811
0.91355 0.1541811
0.9139 0.1580272999999999
0.91425 0.1556958
0.9146 0.1594491
0.91495 0.1572438
0.9153 0.1572438
0.91565 0.1523969
0.916 0.1517525
0.91635 0.1517525
0.9167 0.1517525
0.91705 0.1564974999999999
0.9174 0.1549943
0.91775 0.1549943
0.9181 0.1452457999999999
0.91845 0.1452457999999999
0.9188 0.1557148
0.91915 0.1557148
0.9195 0.148898
0.91985 0.148898
0.9202 0.1597437
0.92055 0.1597437
0.9209 0.1591527999999999
0.92125 0.1581151
0.9216 0.1559225
0.92195 0.1555044
0.9223 0.1495962
0.92265 0.1555044
0.923 0.1580037
0.92335 0.1580037
0.9237 0.1544978
0.92405 0.1544978
0.9244 0.1565378999999999
0.92475 0.1602927999999999
0.9251 0.1578099999999999
0.92545 0.1602927999999999
0.9258 0.1578099999999999
0.92615 0.155093
0.9265 0.155093
0.92685 0.155093
0.9272 0.1523412
0.92755 0.1523412
0.9279 0.1511128
0.92825 0.1575855
0.9286 0.1575855
0.92895 0.1578127
0.9293 0.1578127
0.92965 0.1577912999999999
0.93 0.1412369
0.93035 0.1412369
0.9307 0.1352347
0.93105 0.1508434
0.9314 0.1508434
0.93175 0.1508434
0.9321 0.1504037999999999
0.93245 0.1472201
0.9328 0.1504037999999999
0.93315 0.1544073999999999
0.9335 0.1544073999999999
0.93385 0.1490226
0.9342 0.1328852999999999
0.93455 0.1328852999999999
0.9349 0.1372345
0.93525 0.1372345
0.9356 0.1465155
0.93595 0.1535138999999999
0.9363 0.1555486
0.93665 0.1555486
0.937 0.1517269
0.93735 0.1517269
0.9377 0.1311249
0.93805 0.1311249
0.9384 0.1311249
0.93875 0.1502657999999999
0.9391 0.1523627
0.93945 0.1568865
0.9398 0.1523627
0.94015 0.1554414
0.9405 0.1278739
0.94085 0.1554414
0.9412 0.157246
0.94155 0.1576989
0.9419 0.1580405
0.94225 0.1581305
0.9426 0.1581305
0.94295 0.1230608
0.9433 0.1230608
0.94365 0.1419702
0.944 0.1419702
0.94435 0.087163
0.9447 0.087163
0.94505 0.1433527999999999
0.9454 0.1454807
0.94575 0.1454807
0.9461 0.1482658999999999
0.94645 0.1482658999999999
0.9468 0.1482658999999999
0.94715 0.1510456
0.9475 0.1510456
0.94785 0.1561247
0.9482 0.1556823
0.94855 0.1564011
0.9489 0.1556823
0.94925 0.1215678999999999
0.9496 0.1215678999999999
0.94995 0.1421767
0.9503 0.1511617999999999
0.95065 0.1586852999999999
0.951 0.1586852999999999
0.95135 0.1546972999999999
0.9517 0.1546421
0.95205 0.1546421
0.9524 0.1546421
0.95275 0.1488462
0.9531 0.1462526
0.95345 0.1462526
0.9538 0.1560512
0.95415 0.1560512
0.9545 0.1558878
0.95485 0.1558878
0.9552 0.1541662999999999
0.95555 0.1567363
0.9559 0.1567363
0.95625 0.1567363
0.9566 0.156578
0.95695 0.1481395
0.9573 0.1481395
0.95765 0.1583351
0.958 0.1583351
0.95835 0.1578435
0.9587 0.1571391
0.95905 0.1571391
0.9594 0.1504683
0.95975 0.1504683
0.9601 0.1561801
0.96045 0.1561801
0.9608 0.1555605
0.96115 0.1555605
0.9615 0.1558491
0.96185 0.1558491
0.9622 0.1554189
0.96255 0.1408149
0.9629 0.1388409
0.96325 0.1388409
0.9636 0.1388409
0.96395 0.1507176
0.9643 0.1507176
0.96465 0.1525401
0.965 0.1525401
0.96535 0.1505467
0.9657 0.1468404999999999
0.96605 0.1487789
0.9664 0.1468404999999999
0.96675 0.1450885
0.9671 0.1418178
0.96745 0.1450885
0.9678 0.1468698
0.96815 0.1499517999999999
0.9685 0.1499517999999999
0.96885 0.1496848
0.9692 0.1496848
0.96955 0.1500437
0.9699 0.1500437
0.97025 0.1474157999999999
0.9706 0.1445247
0.97095 0.1438854
0.9713 0.1445247
0.97165 0.1464537
0.972 0.1479684
0.97235 0.1479684
0.9727 0.1493937
0.97305 0.1478712999999999
0.9734 0.1446014
0.97375 0.1429903
0.9741 0.1419908999999999
0.97445 0.1419908999999999
0.9748 0.1483637
0.97515 0.1492484999999999
0.9755 0.1502349
0.97585 0.1502349
0.9762 0.1481642
0.97655 0.1481642
0.9769 0.1489592
0.97725 0.1497579
0.9776 0.1489592
0.97795 0.1488821
0.9783 0.1374776
0.97865 0.1413395
0.979 0.1413395
0.97935 0.1481006
0.9797 0.1481006
0.98005 0.1459696
0.9804 0.1396127
0.98075 0.1396127
0.9811 0.1396127
0.98145 0.1402967999999999
0.9818 0.1402967999999999
0.98215 0.1377856
0.9825 0.1377856
0.98285 0.1010962
0.9832 0.1320914
0.98355 0.1320914
0.9839 0.1348611
0.98425 0.1367246
0.9846 0.1348611
0.98495 0.1359316
0.9853 0.1276932
0.98565 0.1276932
0.986 0.1206986
0.98635 0.1206986
0.9867 0.1040876999999999
0.98705 0.1235819
0.9874 0.1192006
0.98775 0.1208795
0.9881 0.1192006
0.98845 0.0709297
0.9888 0.0709297
0.98915 0.0944592
0.9895 0.1218403
0.98985 0.1124483
0.9902 0.1261688
0.99055 0.1124483
0.9909 0.1261688
0.99125 0.1268155
0.9916 0.1280546
0.99195 0.1268155
0.9923 0.1280546
0.99265 0.1316415
0.993 0.1316415
0.99335 0.1309299
0.9937 0.1307265
0.99405 0.1309299
0.9944 0.1311065
0.99475 0.1311065
0.9951 0.1232017
0.99545 0.1232017
0.9958 0.0856487
0.99615 0.1223259
0.9965 0.0599255999999999
0.99685 0.1200871
0.9972 0.1200871
0.99755 0.1259829999999999
0.9979 0.1375366
0.99825 0.1259829999999999
0.9986 0.132093
0.99895 0.1283973
0.9993 0.1283973
