0.3 0.6843167
0.30035 0.6845164
0.3007 0.6847154999999999
0.30105 0.6849142
0.3014 0.6851123
0.30175 0.6853099
0.3021 0.685507
0.30245 0.6857036
0.3028 0.6858996999999999
0.30315 0.6860951999999999
0.3035 0.6862903
0.30385 0.6864849000000001
0.3042 0.6866724
0.30455 0.6868592
0.3049 0.6870456
0.30525 0.6872315999999999
0.3056 0.6874170999999999
0.30595 0.6876021999999999
0.3063 0.6877869000000001
0.30665 0.6879712
0.307 0.6881550000000001
0.30735 0.6883384
0.3077 0.6885214
0.30805 0.688704
0.3084 0.6888861999999999
0.30875 0.6890679
0.3091 0.6892491999999999
0.30945 0.6894300999999999
0.3098 0.6896106
0.31015 0.6897907
0.3105 0.6899704000000001
0.31085 0.6901496
0.3112 0.6903284000000001
0.31155 0.6905068
0.3119 0.6906848000000001
0.31225 0.6908634
0.3126 0.6910419
0.31295 0.69122
0.3133 0.6913977
0.31365 0.691575
0.314 0.6917519
0.31435 0.6919284000000001
0.3147 0.6921045
0.31505 0.6922802
0.3154 0.6924555
0.31575 0.6926304
0.3161 0.6928048000000001
0.31645 0.6929789000000001
0.3168 0.6931526
0.31715 0.6933259
0.3175 0.6934988000000001
0.31785 0.6936713000000001
0.3182 0.6938434
0.31855 0.6940151
0.3189 0.6941864000000001
0.31925 0.6943573000000001
0.3196 0.6945278
0.31995 0.6946979
0.3203 0.6948675999999999
0.32065 0.695037
0.321 0.6952059
0.32135 0.6953744000000001
0.3217 0.6955425000000001
0.32205 0.6957102
0.3224 0.6958776
0.32275 0.6960445
0.3231 0.6962109999999999
0.32345 0.6963772
0.3238 0.6965429
0.32415 0.6967083000000001
0.3245 0.6968732
0.32485 0.6970378
0.3252 0.6972019
0.32555 0.6973657
0.3259 0.6975291
0.32625 0.697692
0.3266 0.6978546
0.32695 0.6980168000000001
0.3273 0.6981786
0.32765 0.6983399
0.328 0.6985009
0.32835 0.6986614999999999
0.3287 0.6988215999999999
0.32905 0.6989813
0.3294 0.6991404999999999
0.32975 0.6992986999999999
0.3301 0.6994523
0.33045 0.6996114
0.3308 0.6997733
0.33115 0.6999314999999999
0.3315 0.7000887
0.33185 0.7002455
0.3322 0.7004017
0.33255 0.7005576
0.3329 0.700713
0.33325 0.7008681
0.3336 0.7010227
0.33395 0.701177
0.3343 0.7013308000000001
0.33465 0.7014842
0.335 0.7016373
0.33535 0.7017899000000001
0.3357 0.7019422
0.33605 0.702094
0.3364 0.7022454
0.33675 0.7023965
0.3371 0.7025467
0.33745 0.7026946
0.3378 0.7028420999999999
0.33815 0.7029892
0.3385 0.7031358
0.33885 0.703282
0.3392 0.7034276999999999
0.33955 0.7035731
0.3399 0.7037180000000001
0.34025 0.7038624
0.3406 0.7040065
0.34095 0.70415
0.3413 0.7042932
0.34165 0.7044359
0.342 0.7045781999999999
0.34235 0.7047201
0.3427 0.7048615
0.34305 0.7050026
0.3434 0.7051430999999999
0.34375 0.7052833000000001
0.3441 0.7054229999999999
0.34445 0.7055621999999999
0.3448 0.7057011
0.34515 0.7058395000000001
0.3455 0.7059774999999999
0.34585 0.7061149999999999
0.3462 0.7062520999999999
0.34655 0.7063888
0.3469 0.706525
0.34725 0.7066609
0.3476 0.7067962
0.34795 0.7069312
0.3483 0.7070656999999999
0.34865 0.7071998
0.349 0.7073334
0.34935 0.7074666000000001
0.3497 0.7075994000000001
0.35005 0.7077318
0.3504 0.7078637
0.35075 0.7079951999999999
0.3511 0.7081261999999999
0.35145 0.7082568
0.3518 0.708387
0.35215 0.7085168000000001
0.3525 0.7086461
0.35285 0.708775
0.3532 0.7089034000000001
0.35355 0.7090314999999999
0.3539 0.709159
0.35425 0.7092861
0.3546 0.7094083999999999
0.35495 0.7095347
0.3553 0.7096601
0.35565 0.7097849
0.356 0.7098041
0.35635 0.7100123
0.3567 0.7101594
0.35705 0.710209
0.3574 0.710388
0.35775 0.7104779
0.3581 0.7105434
0.35845 0.7106992
0.3588 0.7107713000000001
0.35915 0.7109736999999999
0.3595 0.7109761
0.35985 0.7109788
0.3602 0.7112012
0.36055 0.7112443
0.3609 0.7114773
0.36125 0.7116528
0.3616 0.7118071
0.36195 0.7119555999999999
0.3623 0.7120248
0.36265 0.7121751999999999
0.363 0.7122993000000001
0.36335 0.7124191
0.3637 0.7125274
0.36405 0.7126279000000001
0.3644 0.7127651999999999
0.36475 0.7128825
0.3651 0.7129946999999999
0.36545 0.7131023
0.3658 0.7131735
0.36615 0.7133156999999999
0.3665 0.713437
0.36685 0.7135353
0.3672 0.7136384
0.36755 0.713761
0.3679 0.713852
0.36825 0.7139653
0.3686 0.7140078000000001
0.36895 0.7141906
0.3693 0.7142751
0.36965 0.714386
0.37 0.7144653
0.37035 0.714525
0.3707 0.7145363
0.37105 0.7146829
0.3714 0.7149052
0.37175 0.7149492
0.3721 0.7150503
0.37245 0.7150503
0.3728 0.7151611999999999
0.37315 0.7153811
0.3735 0.7154701
0.37385 0.7154949
0.3742 0.7156961
0.37455 0.7156961
0.3749 0.7157170999999999
0.37525 0.7155266
0.3756 0.7159289000000001
0.37595 0.7159849
0.3763 0.716137
0.37665 0.7163227
0.377 0.7163341
0.37735 0.7163773
0.3777 0.716453
0.37805 0.716453
0.3784 0.7166311
0.37875 0.7167933000000001
0.3791 0.7166311
0.37945 0.7168391
0.3798 0.7169214
0.38015 0.7169342
0.3805 0.7172536999999999
0.38085 0.7173885
0.3812 0.7175365
0.38155 0.7175365
0.3819 0.7174742
0.38225 0.7174742
0.3826 0.7176477
0.38295 0.7180659
0.3833 0.7181408
0.38365 0.7182805999999999
0.384 0.7183093
0.38435 0.7185193
0.3847 0.7186062
0.38505 0.7187054
0.3854 0.7187886
0.38575 0.7188869000000001
0.3861 0.718966
0.38645 0.7190383
0.3868 0.7191338
0.38715 0.7191845
0.3875 0.7192837
0.38785 0.7193444999999999
0.3882 0.7194404999999999
0.38855 0.7194721
0.3889 0.7194765999999999
0.38925 0.7195768
0.3896 0.7197425000000001
0.38995 0.7197425000000001
0.3903 0.7197812
0.39065 0.719965
0.391 0.7200231
0.39135 0.7200231
0.3917 0.7200864
0.39205 0.7201849
0.3924 0.7201849
0.39275 0.7202564
0.3931 0.7203884
0.39345 0.7205285
0.3938 0.7205285
0.39415 0.7205461999999999
0.3945 0.7205253
0.39485 0.7205253
0.3952 0.7205253
0.39555 0.7205822
0.3959 0.7205822
0.39625 0.7205822
0.3966 0.7207840999999999
0.39695 0.7207840999999999
0.3973 0.7211335999999999
0.39765 0.7210821
0.398 0.7211335999999999
0.39835 0.7214065
0.3987 0.7215286999999999
0.39905 0.7215425999999999
0.3994 0.7215481
0.39975 0.7217888000000001
0.4001 0.7218185
0.40045 0.7218185
0.4008 0.7218008
0.40115 0.7218008
0.4015 0.7221386
0.40185 0.7221386
0.4022 0.7222683000000001
0.40255 0.7222698000000001
0.4029 0.7223401999999999
0.40325 0.7223576999999999
0.4036 0.7225326
0.40395 0.7225993
0.4043 0.7227161999999999
0.40465 0.7227522
0.405 0.7228437
0.40535 0.7229643
0.4057 0.7229643
0.40605 0.7229183000000001
0.4064 0.7229183000000001
0.40675 0.7230389
0.4071 0.7231982
0.40745 0.7233689
0.4078 0.7234527
0.40815 0.7235303000000001
0.4085 0.7235303000000001
0.40885 0.7236161999999999
0.4092 0.7237615
0.40955 0.7238315
0.4099 0.7238547
0.41025 0.723881
0.4106 0.7239645
0.41095 0.7240356
0.4113 0.7240454000000001
0.41165 0.7240356
0.412 0.7241821999999999
0.41235 0.7242221999999999
0.4127 0.7242221999999999
0.41305 0.7241856
0.4134 0.7240551
0.41375 0.7240551
0.4141 0.7243909000000001
0.41445 0.7243909000000001
0.4148 0.7240259
0.41515 0.7236634
0.4155 0.7235576
0.41585 0.7229599
0.4162 0.7229599
0.41655 0.7239583
0.4169 0.7239583
0.41725 0.7236427
0.4176 0.7225254
0.41795 0.7236427
0.4183 0.7248201999999999
0.41865 0.7248201999999999
0.419 0.7245888
0.41935 0.7245888
0.4197 0.7236918999999999
0.42005 0.7243519
0.4204 0.7243519
0.42075 0.7253310000000001
0.4211 0.7254510000000001
0.42145 0.7254510000000001
0.4218 0.7252356
0.42215 0.7252274999999999
0.4225 0.7252274999999999
0.42285 0.7252274999999999
0.4232 0.7249211
0.42355 0.7234811
0.4239 0.7234811
0.42425 0.7239344
0.4246 0.7239344
0.42495 0.7247934
0.4253 0.725391
0.42565 0.725391
0.426 0.7233426
0.42635 0.7233426
0.4267 0.7246645
0.42705 0.7254973000000001
0.4274 0.7257204
0.42775 0.7260906
0.4281 0.7260119
0.42845 0.7260119
0.4288 0.7260119
0.42915 0.7256216
0.4295 0.725826
0.42985 0.725826
0.4302 0.725826
0.43055 0.7260456
0.4309 0.7265594
0.43125 0.726582
0.4316 0.726582
0.43195 0.7270937
0.4323 0.7272805999999999
0.43265 0.7273488
0.433 0.7273947
0.43335 0.7273488
0.4337 0.7274401
0.43405 0.7272311
0.4344 0.7273793000000001
0.43475 0.7273793000000001
0.4351 0.727424
0.43545 0.7275098000000001
0.4358 0.727432
0.43615 0.727432
0.4365 0.7268555
0.43685 0.7268555
0.4372 0.7270114000000001
0.43755 0.7272968000000001
0.4379 0.7273677
0.43825 0.7274927
0.4386 0.7274927
0.43895 0.7277785
0.4393 0.7272284000000001
0.43965 0.7271516
0.44 0.7266991
0.44035 0.7249938
0.4407 0.7241645
0.44105 0.7244633
0.4414 0.7241645
0.44175 0.7242611
0.4421 0.7242611
0.44245 0.7242611
0.4428 0.726035
0.44315 0.7276093000000001
0.4435 0.7276093000000001
0.44385 0.7255039000000001
0.4442 0.7255039000000001
0.44455 0.7276642
0.4449 0.7276642
0.44525 0.7269153
0.4456 0.7269153
0.44595 0.7270213000000001
0.4463 0.7275632
0.44665 0.7283141
0.447 0.7283858
0.44735 0.7287520000000001
0.4477 0.7283858
0.44805 0.7288255
0.4484 0.7289644000000001
0.44875 0.7291736999999999
0.4491 0.7293514
0.44945 0.7293514
0.4498 0.7292807
0.45015 0.7292807
0.4505 0.7292807
0.45085 0.7289559
0.4512 0.7282301
0.45155 0.728184
0.4519 0.7280886999999999
0.45225 0.728184
0.4526 0.7288359999999999
0.45295 0.7288359999999999
0.4533 0.7290300000000001
0.45365 0.7292181
0.454 0.7292181
0.45435 0.728824
0.4547 0.7285351
0.45505 0.728824
0.4554 0.7288118
0.45575 0.7288118
0.4561 0.7283440999999999
0.45645 0.7283440999999999
0.4568 0.7280688
0.45715 0.7293075
0.4575 0.7292215999999999
0.45785 0.7292215999999999
0.4582 0.7292215999999999
0.45855 0.7290809
0.4589 0.7290809
0.45925 0.728743
0.4596 0.7285615
0.45995 0.728743
0.4603 0.729269
0.46065 0.7298393
0.461 0.730053
0.46135 0.730146
0.4617 0.7303722
0.46205 0.7304084
0.4624 0.7304970000000001
0.46275 0.7306603
0.4631 0.7306603
0.46345 0.730668
0.4638 0.7306587
0.46415 0.7306537
0.4645 0.7306142
0.46485 0.7305274
0.4652 0.7298865
0.46555 0.7298865
0.4659 0.7294895
0.46625 0.7295321
0.4666 0.7292675000000001
0.46695 0.7294513000000001
0.4673 0.7292675000000001
0.46765 0.7291651
0.468 0.7284456
0.46835 0.7275862
0.4687 0.7254219
0.46905 0.7252659
0.4694 0.7252659
0.46975 0.72604
0.4701 0.7262211
0.47045 0.7282768000000001
0.4708 0.7282768000000001
0.47115 0.7288029
0.4715 0.7277691999999999
0.47185 0.7277691999999999
0.4722 0.7258431
0.47255 0.7258431
0.4729 0.727165
0.47325 0.7276038
0.4736 0.7283819
0.47395 0.7283819
0.4743 0.7297911
0.47465 0.7276088000000001
0.475 0.7298281
0.47535 0.7265853
0.4757 0.7299623000000001
0.47605 0.7290260000000001
0.4764 0.7290260000000001
0.47675 0.7290260000000001
0.4771 0.7294368
0.47745 0.7303761999999999
0.4778 0.7296103
0.47815 0.7304786999999999
0.4785 0.7302470999999999
0.47885 0.7302470999999999
0.4792 0.7300481
0.47955 0.7299380999999999
0.4799 0.7296802
0.48025 0.7296033000000001
0.4806 0.7294751
0.48095 0.72918
0.4813 0.7290169
0.48165 0.7286224
0.482 0.7278419
0.48235 0.7278419
0.4827 0.7279047
0.48305 0.7279047
0.4834 0.7264139000000001
0.48375 0.7253475
0.4841 0.723985
0.48445 0.72067
0.4848 0.7188690999999999
0.48515 0.7188690999999999
0.4855 0.7188690999999999
0.48585 0.7200291999999999
0.4862 0.7207031
0.48655 0.7226243
0.4869 0.7248773000000001
0.48725 0.7248773000000001
0.4876 0.724259
0.48795 0.724259
0.4883 0.7275345
0.48865 0.7275345
0.489 0.7290259
0.48935 0.7257332
0.4897 0.7290259
0.49005 0.728604
0.4904 0.728604
0.49075 0.728604
0.4911 0.7289378000000001
0.49145 0.7297955
0.4918 0.7298325
0.49215 0.7297955
0.4925 0.7292418
0.49285 0.7292418
0.4932 0.7294963000000001
0.49355 0.7294963000000001
0.4939 0.7309496
0.49425 0.7309496
0.4946 0.7309496
0.49495 0.7314147
0.4953 0.7313525
0.49565 0.7319956999999999
0.496 0.7316592
0.49635 0.731933
0.4967 0.7318331
0.49705 0.7318331
0.4974 0.7317395000000001
0.49775 0.7317395000000001
0.4981 0.7316568
0.49845 0.7312685999999999
0.4988 0.7312685999999999
0.49915 0.7308558
0.4995 0.7314875
0.49985 0.7307342
0.50055 0.7287323
0.5009 0.7287323
0.50125 0.72939
0.5016 0.72939
0.50195 0.7289383
0.5023 0.7285598000000001
0.50265 0.7255003000000001
0.503 0.7211525
0.50335 0.722685
0.5037 0.722685
0.50405 0.722685
0.5044 0.7255541999999999
0.50475 0.7277194
0.5051 0.7278241
0.50545 0.7278241
0.5058 0.7261924
0.50615 0.7261924
0.5065 0.7225784000000001
0.50685 0.7244255
0.5072 0.7244255
0.50755 0.7258865
0.5079 0.7258865
0.50825 0.7255935
0.5086 0.7255935
0.50895 0.7255935
0.5093 0.7254871
0.50965 0.7249198
0.51 0.7249198
0.51035 0.7262149
0.5107 0.7269787
0.51105 0.7276121999999999
0.5114 0.7276121999999999
0.51175 0.7276121999999999
0.5121 0.7286075
0.51245 0.7305254
0.5128 0.7306281
0.51315 0.7306281
0.5135 0.7306281
0.51385 0.7309338000000001
0.5142 0.7309338000000001
0.51455 0.7309338000000001
0.5149 0.7316087
0.51525 0.7326004
0.5156 0.7328771
0.51595 0.7328771
0.5163 0.7328771
0.51665 0.7326009
0.517 0.7330705
0.51735 0.7330738
0.5177 0.7330738
0.51805 0.7330738
0.5184 0.7331658000000001
0.51875 0.7331723000000001
0.5191 0.7331723000000001
0.51945 0.7327724
0.5198 0.7327724
0.52015 0.7327724
0.5205 0.7326775999999999
0.52085 0.7325931
0.5212 0.7323742
0.52155 0.7323411
0.5219 0.7319064000000001
0.52225 0.7319026999999999
0.5226 0.7315743
0.52295 0.7312658000000001
0.5233 0.7277893
0.52365 0.7277893
0.524 0.726873
0.52435 0.7303033
0.5247 0.7303185999999999
0.52505 0.7311015000000001
0.5254 0.7314279
0.52575 0.7322970999999999
0.5261 0.7323528
0.52645 0.7322970999999999
0.5268 0.7304753
0.52715 0.7303996
0.5275 0.7303996
0.52785 0.7303996
0.5282 0.7315263000000001
0.52855 0.7315263000000001
0.5289 0.7304089
0.52925 0.7303784999999999
0.5296 0.7303784999999999
0.52995 0.7303881
0.5303 0.7303881
0.53065 0.7290183000000001
0.531 0.7290183000000001
0.53135 0.7310810000000001
0.5317 0.7310810000000001
0.53205 0.7310426
0.5324 0.72982
0.53275 0.72982
0.5331 0.72982
0.53345 0.7304609000000001
0.5338 0.7304609000000001
0.53415 0.7304609000000001
0.5345 0.7304155999999999
0.53485 0.7299566999999999
0.5352 0.7289071
0.53555 0.7284484
0.5359 0.7273458
0.53625 0.7273458
0.5366 0.7269581999999999
0.53695 0.7256956999999999
0.5373 0.7256956999999999
0.53765 0.7242505
0.538 0.7237107
0.53835 0.7228631999999999
0.5387 0.7218045999999999
0.53905 0.7210677
0.5394 0.7194444999999999
0.53975 0.7178651999999999
0.5401 0.7178651999999999
0.54045 0.7151466999999999
0.5408 0.7129589
0.54115 0.7092941999999999
0.5415 0.709194
0.54185 0.7050936
0.5422 0.7043236999999999
0.54255 0.7043236999999999
0.5429 0.7045511999999999
0.54325 0.7047922
0.5436 0.7053196999999999
0.54395 0.7071791000000001
0.5443 0.7105256999999999
0.54465 0.7152917
0.545 0.7154775
0.54535 0.717404
0.5457 0.7201158000000001
0.54605 0.7201158000000001
0.5464 0.7219813
0.54675 0.723672
0.5471 0.7266611999999999
0.54745 0.7268241
0.5478 0.7281359000000001
0.54815 0.7289021
0.5485 0.7293776999999999
0.54885 0.7296437
0.5492 0.7293776999999999
0.54955 0.7299104999999999
0.5499 0.7290734999999999
0.55025 0.7311017
0.5506 0.7311017
0.55095 0.7311017
0.5513 0.7315235
0.55165 0.7301135
0.552 0.7315847
0.55235 0.7312675000000001
0.5527 0.7312675000000001
0.55305 0.7312675000000001
0.5534 0.7316236999999999
0.55375 0.7316236999999999
0.5541 0.7316076
0.55445 0.7313284000000001
0.5548 0.7313284000000001
0.55515 0.7315411999999999
0.5555 0.7315411999999999
0.55585 0.7322243
0.5562 0.7325136999999999
0.55655 0.7325136999999999
0.5569 0.7319861
0.55725 0.7319861
0.5576 0.7327117
0.55795 0.7327364000000001
0.5583 0.7327117
0.55865 0.7327364000000001
0.559 0.7324343000000001
0.55935 0.7329218000000001
0.5597 0.7325052
0.56005 0.7325052
0.5604 0.7325052
0.56075 0.7323984
0.5611 0.7327286
0.56145 0.7328903
0.5618 0.7328903
0.56215 0.7325715
0.5625 0.7325715
0.56285 0.7329481
0.5632 0.7329481
0.56355 0.7321035
0.5639 0.731709
0.56425 0.7321035
0.5646 0.7317531999999999
0.56495 0.7317531999999999
0.5653 0.7316958
0.56565 0.7315685000000001
0.566 0.7299763000000001
0.56635 0.7285996
0.5667 0.7285996
0.56705 0.728676
0.5674 0.728676
0.56775 0.7276722
0.5681 0.7248739000000001
0.56845 0.7248739000000001
0.5688 0.7240641999999999
0.56915 0.7240671999999999
0.5695 0.7202261999999999
0.56985 0.7218555
0.5702 0.7218555
0.57055 0.7266562
0.5709 0.7266562
0.57125 0.7246746999999999
0.5716 0.7240095
0.57195 0.7246743
0.5723 0.7246743
0.57265 0.7246743
0.573 0.7256148
0.57335 0.7212244999999999
0.5737 0.7229201999999999
0.57405 0.7212244999999999
0.5744 0.7186269000000001
0.57475 0.7186269000000001
0.5751 0.715584
0.57545 0.7220833999999999
0.5758 0.7220833999999999
0.57615 0.7220833999999999
0.5765 0.7215465
0.57685 0.7201320999999999
0.5772 0.7215465
0.57755 0.7229571
0.5779 0.7239190999999999
0.57825 0.7243485
0.5786 0.7251719
0.57895 0.7260483
0.5793 0.72617
0.57965 0.7265949
0.58 0.7269619
0.58035 0.7275202
0.5807 0.7281534000000001
0.58105 0.7294109000000001
0.5814 0.7294109000000001
0.58175 0.7298871
0.5821 0.7298651999999999
0.58245 0.7298651999999999
0.5828 0.7298651999999999
0.58315 0.7301439000000001
0.5835 0.730899
0.58385 0.730899
0.5842 0.730899
0.58455 0.7313368
0.5849 0.7313368
0.58525 0.7304758000000001
0.5856 0.7304758000000001
0.58595 0.7304758000000001
0.5863 0.730113
0.58665 0.730083
0.587 0.7294824000000001
0.58735 0.7293303000000001
0.5877 0.7283599000000001
0.58805 0.7244828000000001
0.5884 0.7244828000000001
0.58875 0.7244828000000001
0.5891 0.7260643
0.58945 0.7260643
0.5898 0.7216037
0.59015 0.7216037
0.5905 0.7256229000000001
0.59085 0.7256229000000001
0.5912 0.725522
0.59155 0.7239496
0.5919 0.724275
0.59225 0.7239496
0.5926 0.724275
0.59295 0.7258481999999999
0.5933 0.7258481999999999
0.59365 0.7232309
0.594 0.7204688
0.59435 0.7054441999999999
0.5947 0.7054441999999999
0.59505 0.720377
0.5954 0.7211294
0.59575 0.7211294
0.5961 0.7211294
0.59645 0.7204302
0.5968 0.7230842
0.59715 0.7230842
0.5975 0.7230842
0.59785 0.7202393
0.5982 0.7202393
0.59855 0.723225
0.5989 0.723225
0.59925 0.723225
0.5996 0.7236383000000001
0.59995 0.7250564
0.6003 0.7250564
0.60065 0.7212753000000001
0.601 0.7212753000000001
0.60135 0.7255315999999999
0.6017 0.7270099
0.60205 0.7270581
0.6024 0.7283156999999999
0.60275 0.7283156999999999
0.6031 0.728763
0.60345 0.7297849000000001
0.6038 0.7297849000000001
0.60415 0.7295453000000001
0.6045 0.7295453000000001
0.60485 0.7290654999999999
0.6052 0.7298544
0.60555 0.7293647
0.6059 0.7293647
0.60625 0.7290719
0.6066 0.7287066999999999
0.60695 0.7288128
0.6073 0.7287066999999999
0.60765 0.7278650999999999
0.608 0.7270954000000001
0.60835 0.7264191
0.6087 0.7261491999999999
0.60905 0.7258879
0.6094 0.7258220000000001
0.60975 0.7258879
0.6101 0.7257234
0.61045 0.7254560999999999
0.6108 0.7240409999999999
0.61115 0.7230466999999999
0.6115 0.7210525
0.61185 0.7182655
0.6122 0.7151059000000001
0.61255 0.7150529
0.6129 0.7109758
0.61325 0.7057154
0.6136 0.6995201999999999
0.61395 0.6949041
0.6143 0.6907065
0.61465 0.6872668000000001
0.615 0.6857029
0.61535 0.6856764
0.6157 0.6839861999999999
0.61605 0.6802505
0.6164 0.6779251999999999
0.61675 0.6760705
0.6171 0.6706313
0.61745 0.6607719
0.6178 0.6508366999999999
0.61815 0.6508358
0.6185 0.6431566
0.61885 0.6390939999999999
0.6192 0.6369658
0.61955 0.6369658
0.6199 0.6401965000000001
0.62025 0.6457519
0.6206 0.651922
0.62095 0.6519291
0.6213 0.6553435000000001
0.62165 0.6596373999999999
0.622 0.6672712
0.62235 0.6756471
0.6227 0.6822679
0.62305 0.6888973
0.6234 0.6953279
0.62375 0.6957012
0.6241 0.7024971
0.62445 0.7079365
0.6248 0.7115041
0.62515 0.7152847
0.6255 0.7184408
0.62585 0.7211736999999999
0.6262 0.7228939999999999
0.62655 0.7229189
0.6269 0.7230346
0.62725 0.7250714
0.6276 0.7250714
0.62795 0.7260055000000001
0.6283 0.7274434000000001
0.62865 0.7278671999999999
0.629 0.7288811
0.62935 0.729123
0.6297 0.7295590999999999
0.63005 0.7303554
0.6304 0.7309833
0.63075 0.7309833
0.6311 0.7294350000000001
0.63145 0.7290512
0.6318 0.7229422
0.63215 0.7229422
0.6325 0.7294
0.63285 0.7294632
0.6332 0.7300471
0.63355 0.7302916
0.6339 0.7306262
0.63425 0.7307438
0.6346 0.7306262
0.63495 0.7298714
0.6353 0.7298714
0.63565 0.7290627
0.636 0.7290627
0.63635 0.7290627
0.6367 0.7278504
0.63705 0.7278504
0.6374 0.7278504
0.63775 0.7270368
0.6381 0.7278453
0.63845 0.7273815
0.6388 0.7273815
0.63915 0.7272057
0.6395 0.7272057
0.63985 0.7277638000000001
0.6402 0.7280434
0.64055 0.7277638000000001
0.6409 0.7276906
0.64125 0.7270535
0.6416 0.726376
0.64195 0.726376
0.6423 0.725811
0.64265 0.7264948
0.643 0.7259471
0.64335 0.7259846
0.6437 0.7259471
0.64405 0.7257574999999999
0.6444 0.7257574999999999
0.64475 0.7257640000000001
0.6451 0.7257640000000001
0.64545 0.7257640000000001
0.6458 0.7228747
0.64615 0.7160115
0.6465 0.7160115
0.64685 0.7168495
0.6472 0.7222557
0.64755 0.7222557
0.6479 0.7213239
0.64825 0.7188216
0.6486 0.7209146
0.64895 0.7199633000000001
0.6493 0.7209146
0.64965 0.7227517
0.65 0.7228011999999999
0.65035 0.7232162
0.6507 0.7228011999999999
0.65105 0.7128238
0.6514 0.7128238
0.65175 0.7128238
0.6521 0.7172172
0.65245 0.7228007
0.6528 0.7228007
0.65315 0.7214919
0.6535 0.7205417
0.65385 0.7211808000000001
0.6542 0.7135854
0.65455 0.7194909
0.6549 0.7194909
0.65525 0.7194909
0.6556 0.7154307
0.65595 0.7154007
0.6563 0.7154007
0.65665 0.7163401
0.657 0.7166866999999999
0.65735 0.7166866999999999
0.6577 0.7166866999999999
0.65805 0.7169232
0.6584 0.7169232
0.65875 0.7161053000000001
0.6591 0.7159575
0.65945 0.7159575
0.6598 0.7147760999999999
0.66015 0.7147760999999999
0.6605 0.7161427
0.66085 0.7161427
0.6612 0.7145638000000001
0.66155 0.7144216
0.6619 0.7137561
0.66225 0.7129178
0.6626 0.7117588
0.66295 0.7116376999999999
0.6633 0.7110124
0.66365 0.7109141
0.664 0.7109141
0.66435 0.7109141
0.6647 0.7104928
0.66505 0.7099559
0.6654 0.7079395
0.66575 0.7076031
0.6661 0.7055524999999999
0.66645 0.704498
0.6668 0.704498
0.66715 0.7051811
0.6675 0.7053088000000001
0.66785 0.7059168
0.6682 0.7059168
0.66855 0.7071109999999999
0.6689 0.7077772
0.66925 0.7089926999999999
0.6696 0.7108795
0.66995 0.7128694999999999
0.6703 0.7145098000000001
0.67065 0.7162818
0.671 0.7162818
0.67135 0.7177526
0.6717 0.7195782
0.67205 0.7214235
0.6724 0.7220371999999999
0.67275 0.7239707
0.6731 0.7250933
0.67345 0.7264114
0.6738 0.726626
0.67415 0.7273703
0.6745 0.7278845
0.67485 0.7287291
0.6752 0.7299953
0.67555 0.7299953
0.6759 0.7304421999999999
0.67625 0.7307556
0.6766 0.7308548
0.67695 0.7310968000000001
0.6773 0.7310968000000001
0.67765 0.7315238000000001
0.678 0.7315238000000001
0.67835 0.7306412
0.6787 0.7303126999999999
0.67905 0.7297514
0.6794 0.7295699999999999
0.67975 0.7292406
0.6801 0.7286144
0.68045 0.7280694000000001
0.6808 0.7268759
0.68115 0.7255574
0.6815 0.7254451
0.68185 0.7231895
0.6822 0.7221813
0.68255 0.7214038
0.6829 0.7214038
0.68325 0.7221429
0.6836 0.7221429
0.68395 0.7217496
0.6843 0.7217496
0.68465 0.7225271
0.685 0.7234549
0.68535 0.7244058000000001
0.6857 0.7247151999999999
0.68605 0.7250352
0.6864 0.7250352
0.68675 0.7220518
0.6871 0.7220518
0.68745 0.726367
0.6878 0.7265957
0.68815 0.7265957
0.6885 0.7264614
0.68885 0.7258272
0.6892 0.7258272
0.68955 0.7196088
0.6899 0.7272236
0.69025 0.7266765000000001
0.6906 0.7268299
0.69095 0.7266765000000001
0.6913 0.7260766
0.69165 0.7255078
0.692 0.7231987
0.69235 0.7231711999999999
0.6927 0.7230072
0.69305 0.7219352
0.6934 0.7202269
0.69375 0.7194643000000001
0.6941 0.7194643000000001
0.69445 0.7194643000000001
0.6948 0.716583
0.69515 0.7167649
0.6955 0.716583
0.69585 0.7117273000000001
0.6962 0.7117273000000001
0.69655 0.7141438
0.6969 0.7141438
0.69725 0.7121523
0.6976 0.7027858
0.69795 0.7066818
0.6983 0.7049958000000001
0.69865 0.7049958000000001
0.699 0.7007671999999999
0.69935 0.6964437
0.6997 0.6964437
0.70005 0.6821621999999999
0.7004 0.6767033
0.70075 0.6767033
0.7011 0.6795889
0.70145 0.6795889
0.7018 0.6755196
0.70215 0.6731449
0.7025 0.6731449
0.70285 0.6731449
0.7032 0.680909
0.70355 0.680909
0.7039 0.6780715
0.70425 0.6780715
0.7046 0.6805215
0.70495 0.6805215
0.7053 0.6805215
0.70565 0.6945962
0.706 0.6945962
0.70635 0.6945962
0.7067 0.6967270999999999
0.70705 0.6967270999999999
0.7074 0.7000092
0.70775 0.7004741999999999
0.7081 0.7022856
0.70845 0.7047392
0.7088 0.7064379
0.70915 0.7047392
0.7095 0.7081718000000001
0.70985 0.7086178000000001
0.7102 0.7112762
0.71055 0.7112762
0.7109 0.7125772
0.71125 0.7120557
0.7116 0.7140163
0.71195 0.7149994000000001
0.7123 0.7149994000000001
0.71265 0.7144716
0.713 0.7142888000000001
0.71335 0.7142888000000001
0.7137 0.7146600000000001
0.71405 0.7146600000000001
0.7144 0.714304
0.71475 0.7088317
0.7151 0.708359
0.71545 0.7022991
0.7158 0.6943335999999999
0.71615 0.6932858000000001
0.7165 0.6819012
0.71685 0.6669447
0.7172 0.6502709
0.71755 0.6288216
0.7179 0.6259661999999999
0.71825 0.610934
0.7186 0.610934
0.71895 0.5986196
0.7193 0.5880215999999999
0.71965 0.5880215999999999
0.72 0.5610472
0.72035 0.5610472
0.7207 0.5617678
0.72105 0.5617678
0.7214 0.5532383000000001
0.72175 0.5506436
0.7221 0.5497588000000001
0.72245 0.5456804
0.7228 0.5382438
0.72315 0.5295814
0.7235 0.4913603
0.72385 0.4755684
0.7242 0.4755684
0.72455 0.4554752
0.7249 0.446552
0.72525 0.4136925999999999
0.7256 0.3924611
0.72595 0.3924611
0.7263 0.3893948
0.72665 0.3694361
0.727 0.3624662
0.72735 0.3606950999999999
0.7277 0.3606950999999999
0.72805 0.380379
0.7284 0.4154079
0.72875 0.4385879
0.7291 0.4459048
0.72945 0.4512545999999999
0.7298 0.4574889
0.73015 0.4617194999999999
0.7305 0.4768791
0.73085 0.5040439999999999
0.7312 0.5232698
0.73155 0.5232698
0.7319 0.5359584
0.73225 0.5357325
0.7326 0.5532196
0.73295 0.5525230999999999
0.7333 0.5532196
0.73365 0.5850380000000001
0.734 0.5925796999999999
0.73435 0.6023485
0.7347 0.6204004
0.73505 0.6265805
0.7354 0.6364017
0.73575 0.6364017
0.7361 0.6364017
0.73645 0.653672
0.7368 0.653672
0.73715 0.6548239
0.7375 0.6716108000000001
0.73785 0.6727694000000001
0.7382 0.6798331
0.73855 0.6848219
0.7389 0.6798331
0.73925 0.6905899999999999
0.7396 0.7004705
0.73995 0.7021596
0.7403 0.7074316999999999
0.74065 0.7124337
0.741 0.7124337
0.74135 0.7149888000000001
0.7417 0.7162198000000001
0.74205 0.7192845
0.7424 0.7192845
0.74275 0.7204828000000001
0.7431 0.722902
0.74345 0.7238011
0.7438 0.7242059000000001
0.74415 0.7242105
0.7445 0.7244899
0.74485 0.7244899
0.7452 0.7244884
0.74555 0.7244884
0.7459 0.7244884
0.74625 0.7250909999999999
0.7466 0.7249922
0.74695 0.7249922
0.7473 0.7249922
0.74765 0.7244341999999999
0.748 0.7249464
0.74835 0.7249464
0.7487 0.7249464
0.74905 0.7250319000000001
0.7494 0.7248840999999999
0.74975 0.7248840999999999
0.7501 0.7245854
0.75045 0.7245854
0.7508 0.7248501
0.75115 0.7253723000000001
0.7515 0.7253723000000001
0.75185 0.7250755999999999
0.7522 0.7247441
0.75255 0.7246925000000001
0.7529 0.7246925000000001
0.75325 0.7254877
0.7536 0.7254877
0.75395 0.7253038
0.7543 0.725272
0.75465 0.724763
0.755 0.7246048
0.75535 0.7245621999999999
0.7557 0.7243512
0.75605 0.7240486
0.7564 0.7236191
0.75675 0.722968
0.7571 0.7224738
0.75745 0.7208699000000001
0.7578 0.7208254
0.75815 0.7206895999999999
0.7585 0.7205345000000001
0.75885 0.7196219
0.7592 0.7187671999999999
0.75955 0.7150189
0.7599 0.7141455
0.76025 0.712788
0.7606 0.7113361
0.76095 0.7113361
0.7613 0.7125300999999999
0.76165 0.7125300999999999
0.762 0.7087763000000001
0.76235 0.7069603
0.7627 0.7061295
0.76305 0.7054099
0.7634 0.7054099
0.76375 0.7053027
0.7641 0.704653
0.76445 0.7028941
0.7648 0.7026285
0.76515 0.7026285
0.7655 0.7033476
0.76585 0.7033476
0.7662 0.7024477
0.76655 0.7023501
0.7669 0.6996283
0.76725 0.6996283
0.7676 0.7013088000000001
0.76795 0.7034682
0.7683 0.7034682
0.76865 0.7023951
0.769 0.7020144
0.76935 0.7020144
0.7697 0.7023265000000001
0.77005 0.7023265000000001
0.7704 0.7017449
0.77075 0.7004262
0.7711 0.6999897
0.77145 0.6997937
0.7718 0.6992122
0.77215 0.6992104
0.7725 0.6962568
0.77285 0.6907675999999999
0.7732 0.6856099
0.77355 0.6856099
0.7739 0.6860696
0.77425 0.6882269
0.7746 0.6882269
0.77495 0.687999
0.7753 0.6861577
0.77565 0.6829026
0.776 0.6802587
0.77635 0.6786201
0.7767 0.6777951999999999
0.77705 0.6761179
0.7774 0.673826
0.77775 0.6736719
0.7781 0.6705863000000001
0.77845 0.6675728
0.7788 0.6648871000000001
0.77915 0.6615996999999999
0.7795 0.6550617
0.77985 0.6480560000000001
0.7802 0.6393199
0.78055 0.6392515999999999
0.7809 0.6341338000000001
0.78125 0.6278933000000001
0.7816 0.6232935000000001
0.78195 0.6214259
0.7823 0.6196389
0.78265 0.6195568
0.783 0.6135763000000001
0.78335 0.6135763000000001
0.7837 0.6135763000000001
0.78405 0.6154831000000001
0.7844 0.6154831000000001
0.78475 0.6306719
0.7851 0.6336674
0.78545 0.6336674
0.7858 0.628332
0.78615 0.6278402
0.7865 0.628332
0.78685 0.6320094
0.7872 0.6328491
0.78755 0.6374669
0.7879 0.6383946999999999
0.78825 0.6420493
0.7886 0.6432097
0.78895 0.6439974
0.7893 0.6444101
0.78965 0.6452768
0.79 0.6452768
0.79035 0.6456717
0.7907 0.6444867
0.79105 0.6399713
0.7914 0.6351241
0.79175 0.6349893
0.7921 0.6285805
0.79245 0.622413
0.7928 0.6165470999999999
0.79315 0.6162512
0.7935 0.6162512
0.79385 0.6162512
0.7942 0.6088520000000001
0.79455 0.607412
0.7949 0.6088520000000001
0.79525 0.5982635000000001
0.7956 0.6041476
0.79595 0.5867579
0.7963 0.5827964
0.79665 0.5827964
0.797 0.58836
0.79735 0.58836
0.7977 0.58836
0.79805 0.5913911000000001
0.7984 0.592599
0.79875 0.5940662
0.7991 0.5947595
0.79945 0.5998
0.7998 0.6049607
0.80015 0.6049607
0.8005 0.6052444
0.80085 0.6139519
0.8012 0.6139519
0.80155 0.6136363
0.8019 0.6136363
0.80225 0.6176588000000001
0.8026 0.6205847
0.80295 0.6268201999999999
0.8033 0.6268201999999999
0.80365 0.6317182
0.804 0.6317182
0.80435 0.6339916999999999
0.8047 0.6382392
0.80505 0.642257
0.8054 0.6438098000000001
0.80575 0.6438098000000001
0.8061 0.6438098000000001
0.80645 0.6475496000000001
0.8068 0.6532418000000001
0.80715 0.6582404000000001
0.8075 0.6582404000000001
0.80785 0.6611963000000001
0.8082 0.6631449
0.80855 0.6631501999999999
0.8089 0.6631501999999999
0.80925 0.6596505
0.8096 0.6596505
0.80995 0.6648665
0.8103 0.6668457
0.81065 0.6668457
0.811 0.6673085
0.81135 0.668998
0.8117 0.6701094
0.81205 0.6709015
0.8124 0.6733273
0.81275 0.6776319000000001
0.8131 0.6733273
0.81345 0.681906
0.8138 0.6825739000000001
0.81415 0.6838451999999999
0.8145 0.6838451999999999
0.81485 0.6406391
0.8152 0.6406391
0.81555 0.6800136
0.8159 0.6833534000000001
0.81625 0.6833534000000001
0.8166 0.6880723000000001
0.81695 0.6847838
0.8173 0.6887165
0.81765 0.6847838
0.818 0.6834203000000001
0.81835 0.6834203000000001
0.8187 0.685525
0.81905 0.6931172
0.8194 0.6931172
0.81975 0.6931172
0.8201 0.6958584
0.82045 0.6988024
0.8208 0.6988024
0.82115 0.6969251000000001
0.8215 0.6969251000000001
0.82185 0.6969251000000001
0.8222 0.6937335
0.82255 0.6934228
0.8229 0.6821165
0.82325 0.6387010000000001
0.8236 0.6599347
0.82395 0.6599347
0.8243 0.6935744
0.82465 0.7013187
0.825 0.7030844
0.82535 0.7030844
0.8257 0.6987854
0.82605 0.6987854
0.8264 0.7019694000000001
0.82675 0.7026706
0.8271 0.7019694000000001
0.82745 0.6957260000000001
0.8278 0.6798122
0.82815 0.6930318
0.8285 0.6930318
0.82885 0.6930318
0.8292 0.6987719
0.82955 0.700014
0.8299 0.700014
0.83025 0.698545
0.8306 0.698545
0.83095 0.7007698
0.8313 0.7027266
0.83165 0.7007698
0.832 0.6894823
0.83235 0.6894823
0.8327 0.6935009
0.83305 0.7014619000000001
0.8334 0.6947545999999999
0.83375 0.6947545999999999
0.8341 0.6739331999999999
0.83445 0.6739331999999999
0.8348 0.6739331999999999
0.83515 0.6805756
0.8355 0.6743094000000001
0.83585 0.6743094000000001
0.8362 0.6693960999999999
0.83655 0.6687999
0.8369 0.6627608
0.83725 0.658514
0.8376 0.6381479999999999
0.83795 0.6372302
0.8383 0.6270316
0.83865 0.6265585
0.839 0.6265585
0.83935 0.6271819000000001
0.8397 0.634105
0.84005 0.6343826
0.8404 0.6343826
0.84075 0.6171728
0.8411 0.6003824999999999
0.84145 0.6003824999999999
0.8418 0.6069153
0.84215 0.6073487
0.8425 0.6295244000000001
0.84285 0.6501749
0.8432 0.6501749
0.84355 0.6488602
0.8439 0.6398587
0.84425 0.6398587
0.8446 0.645035
0.84495 0.6470659000000001
0.8453 0.6555522
0.84565 0.663057
0.846 0.6667555000000001
0.84635 0.6734906999999999
0.8467 0.6734906999999999
0.84705 0.6732816999999999
0.8474 0.67237
0.84775 0.6722435
0.8481 0.67237
0.84845 0.6695813
0.8488 0.6757085
0.84915 0.6789834
0.8495 0.6789834
0.84985 0.6783724
0.8502 0.6714754
0.85055 0.6600271
0.8509 0.6600271
0.85125 0.6600271
0.8516 0.6624873
0.85195 0.6597363
0.8523 0.6597363
0.85265 0.6502148
0.853 0.6399819999999999
0.85335 0.6381456
0.8537 0.6342492
0.85405 0.6274420999999999
0.8544 0.614704
0.85475 0.6077754
0.8551 0.6060807
0.85545 0.5856994000000001
0.8558 0.5856994000000001
0.85615 0.5816897
0.8565 0.5707991
0.85685 0.5640341
0.8572 0.5434346
0.85755 0.5243784
0.8579 0.4749122
0.85825 0.4749122
0.8586 0.4749122
0.85895 0.4740137
0.8593 0.4721219
0.85965 0.4720516999999999
0.86 0.4549706
0.86035 0.4316031
0.8607 0.4152021999999999
0.86105 0.3929594
0.8614 0.3764317
0.86175 0.3699245
0.8621 0.3575249
0.86245 0.3553466
0.8628 0.3480185999999999
0.86315 0.3490081
0.8635 0.3459205999999999
0.86385 0.3459205999999999
0.8642 0.3288609
0.86455 0.3036804999999999
0.8649 0.3288609
0.86525 0.3552807
0.8656 0.3572477
0.86595 0.3753889
0.8663 0.3890973
0.86665 0.3890973
0.867 0.3477329
0.86735 0.3477329
0.8677 0.3545654
0.86805 0.4341534000000001
0.8684 0.4355004
0.86875 0.4544885999999999
0.8691 0.4732856
0.86945 0.4794449999999999
0.8698 0.4794449999999999
0.87015 0.4769859999999999
0.8705 0.4757119999999999
0.87085 0.4490209
0.8712 0.4462793
0.87155 0.4490209
0.8719 0.4423661
0.87225 0.5232388
0.8726 0.4621372
0.87295 0.4621372
0.8733 0.4621372
0.87365 0.4933668
0.874 0.5298761
0.87435 0.5298761
0.8747 0.5298761
0.87505 0.5259034
0.8754 0.5437564
0.87575 0.5147976
0.8761 0.5193429
0.87645 0.5142167999999999
0.8768 0.5142167999999999
0.87715 0.4995338
0.8775 0.4013339
0.87785 0.4013339
0.8782 0.3697172999999999
0.87855 0.3697172999999999
0.8789 0.4951398
0.87925 0.4951398
0.8796 0.3438045
0.87995 0.2011192
0.8803 0.266819
0.88065 0.2125524
0.881 0.2125524
0.88135 0.1994313999999999
0.8817 0.1591891
0.88205 0.1005235
0.8824 0.0522574
0.88275 0.0522574
0.8831 0.0462954999999999
0.88345 0.0497945999999999
0.8838 0.0497945999999999
0.88415 0.0503361
0.8845 0.0695614
0.88485 0.0899572
0.8852 0.0991195
0.88555 0.0991195
0.8859 0.0902908
0.88625 0.0613170999999999
0.8866 0.0284419
0.88695 0.0272975
0.8873 0.0243059
0.88765 0.0243059
0.888 0.0317890999999999
0.88835 0.0388431999999999
0.8887 0.0407227
0.88905 0.0388431999999999
0.8894 0.0523191
0.88975 0.0527155
0.8901 0.0591077
0.89045 0.0590816
0.8908 0.0591077
0.89115 0.0590816
0.8915 0.0603056
0.89185 0.0715357
0.8922 0.0715357
0.89255 0.0712423
0.8929 0.0699583999999999
0.89325 0.0695008999999999
0.8936 0.0583524
0.89395 0.0525692
0.8943 0.0525692
0.89465 0.055625
0.895 0.0570260999999999
0.89535 0.0570260999999999
0.8957 0.0570260999999999
0.89605 0.0577677
0.8964 0.073602
0.89675 0.102313
0.8971 0.102313
0.89745 0.0954983
0.8978 0.0954983
0.89815 0.0983834
0.8985 0.1161277
0.89885 0.1163624
0.8992 0.1161277
0.89955 0.1067135
0.8999 0.1067135
0.90025 0.1229342
0.9006 0.1958557
0.90095 0.2039592
0.9013 0.210602
0.90165 0.2507656
0.902 0.2507656
0.90235 0.2452299
0.9027 0.2452299
0.90305 0.3128871
0.9034 0.3275859
0.90375 0.3128871
0.9041 0.3570392
0.90445 0.3883041
0.9048 0.4064837999999999
0.90515 0.4064837999999999
0.9055 0.4362968
0.90585 0.4847949
0.9062 0.4847949
0.90655 0.4599130999999999
0.9069 0.4599130999999999
0.90725 0.4636646
0.9076 0.4636646
0.90795 0.5100324
0.9083 0.4619469
0.90865 0.5100324
0.909 0.4619469
0.90935 0.4613422
0.9097 0.4414565
0.91005 0.4414565
0.9104 0.5177103
0.91075 0.5289045
0.9111 0.5289045
0.91145 0.5541946999999999
0.9118 0.5541946999999999
0.91215 0.5461633
0.9125 0.5279095
0.91285 0.5279095
0.9132 0.5279095
0.91355 0.4613837
0.9139 0.557295
0.91425 0.5638506
0.9146 0.5786511999999999
0.91495 0.5736846
0.9153 0.5736846
0.91565 0.5529144
0.916 0.5497944
0.91635 0.5497944
0.9167 0.5612689000000001
0.91705 0.5781972
0.9174 0.5917121
0.91775 0.5917121
0.9181 0.5917121
0.91845 0.5980015000000001
0.9188 0.5980015000000001
0.91915 0.5838619
0.9195 0.5657304
0.91985 0.5657304
0.9202 0.5657304
0.92055 0.5647364
0.9209 0.5939291
0.92125 0.5647364
0.9216 0.5364326
0.92195 0.5364326
0.9223 0.45577
0.92265 0.5527797
0.923 0.5927581000000001
0.92335 0.5927581000000001
0.9237 0.5687171999999999
0.92405 0.5687171999999999
0.9244 0.5687171999999999
0.92475 0.54766
0.9251 0.5362403
0.92545 0.54766
0.9258 0.5655483
0.92615 0.5655483
0.9265 0.5655483
0.92685 0.3092430999999999
0.9272 0.5679213000000001
0.92755 0.5679213000000001
0.9279 0.5679213000000001
0.92825 0.5635138000000001
0.9286 0.5413703000000001
0.92895 0.5635138000000001
0.9293 0.5907564000000001
0.92965 0.5907564000000001
0.93 0.5675091999999999
0.93035 0.4790092999999999
0.9307 0.4048915999999999
0.93105 0.3859229
0.9314 0.3859229
0.93175 0.3895295
0.9321 0.5165166
0.93245 0.505191
0.9328 0.5165166
0.93315 0.5675432
0.9335 0.5675432
0.93385 0.4528081
0.9342 0.4528081
0.93455 0.4276823
0.9349 0.4661041
0.93525 0.4276823
0.9356 0.5838533
0.93595 0.5073645
0.9363 0.5826993
0.93665 0.5565169
0.937 0.5565169
0.93735 0.5565169
0.9377 0.516756
0.93805 0.4511563
0.9384 0.4511563
0.93875 0.5098366
0.9391 0.5531971
0.93945 0.5697814
0.9398 0.5697814
0.94015 0.5905632
0.9405 0.4867977
0.94085 0.5993071
0.9412 0.5827968000000001
0.94155 0.6185705
0.9419 0.6235913000000001
0.94225 0.628305
0.9426 0.628305
0.94295 0.5218252999999999
0.9433 0.5218252999999999
0.94365 0.5535515999999999
0.944 0.5535515999999999
0.94435 0.5535515999999999
0.9447 0.5724259
0.94505 0.5734300999999999
0.9454 0.5750940999999999
0.94575 0.5750940999999999
0.9461 0.5964107
0.94645 0.5964107
0.9468 0.5743709
0.94715 0.5164607
0.9475 0.5164607
0.94785 0.5591528
0.9482 0.599327
0.94855 0.6094841
0.9489 0.599327
0.94925 0.5891466
0.9496 0.5750831999999999
0.94995 0.5703699999999999
0.9503 0.5750831999999999
0.95065 0.62185
0.951 0.62185
0.95135 0.5903975
0.9517 0.5903975
0.95205 0.5953636
0.9524 0.5953636
0.95275 0.5809233
0.9531 0.5809233
0.95345 0.5933762
0.9538 0.626947
0.95415 0.6296463999999999
0.9545 0.6296463999999999
0.95485 0.6296463999999999
0.9552 0.5987937
0.95555 0.613114
0.9559 0.613114
0.95625 0.613114
0.9566 0.6251309
0.95695 0.6070573
0.9573 0.6243231
0.95765 0.6154214
0.958 0.6154214
0.95835 0.6154214
0.9587 0.6103644
0.95905 0.6103644
0.9594 0.5688241999999999
0.95975 0.5688241999999999
0.9601 0.5866234
0.96045 0.5866234
0.9608 0.5716299
0.96115 0.5716299
0.9615 0.5716299
0.96185 0.5552269000000001
0.9622 0.5408156
0.96255 0.4953311999999999
0.9629 0.4953311999999999
0.96325 0.4637128
0.9636 0.4675026
0.96395 0.4675026
0.9643 0.4675026
0.96465 0.4606882
0.965 0.4511867
0.96535 0.4476181999999999
0.9657 0.4394679
0.96605 0.4236422999999999
0.9664 0.4156939999999999
0.96675 0.4156939999999999
0.9671 0.3986841
0.96745 0.4104562
0.9678 0.4104562
0.96815 0.4313701
0.9685 0.4313701
0.96885 0.4207831
0.9692 0.402891
0.96955 0.4014572999999999
0.9699 0.3846065999999999
0.97025 0.3442542
0.9706 0.3067349
0.97095 0.297676
0.9713 0.3067349
0.97165 0.3345975999999999
0.972 0.3554573
0.97235 0.3930825999999999
0.9727 0.3972902
0.97305 0.3930825999999999
0.9734 0.3819758
0.97375 0.3795434
0.9741 0.3643959
0.97445 0.3795434
0.9748 0.3873316
0.97515 0.3873316
0.9755 0.3955175
0.97585 0.4222564
0.9762 0.4222564
0.97655 0.3822801
0.9769 0.3689005999999999
0.97725 0.3689005999999999
0.9776 0.3562157999999999
0.97795 0.3562157999999999
0.9783 0.3017437
0.97865 0.3017437
0.979 0.3525014
0.97935 0.3537717999999999
0.9797 0.3537717999999999
0.98005 0.2446476
0.9804 0.2446476
0.98075 0.2446476
0.9811 0.2484051
0.98145 0.2490627999999999
0.9818 0.2551959
0.98215 0.2490627999999999
0.9825 0.2438313
0.98285 0.1035213
0.9832 0.1898668
0.98355 0.1835416
0.9839 0.1857589
0.98425 0.1857589
0.9846 0.1857589
0.98495 0.2085661
0.9853 0.0702246
0.98565 0.1421775
0.986 0.1224575
0.98635 0.1421775
0.9867 0.1288346
0.98705 0.1288346
0.9874 0.126277
0.98775 0.1049549
0.9881 0.1049549
0.98845 0.0219957
0.9888 0.0219957
0.98915 0.0370645
0.9895 0.1090665
0.98985 0.0653384
0.9902 0.1114984
0.99055 0.0653384
0.9909 0.1097744
0.99125 0.1097744
0.9916 0.1213871
0.99195 0.1213871
0.9923 0.1259453999999999
0.99265 0.1400442
0.993 0.1613886
0.99335 0.18481
0.9937 0.1613886
0.99405 0.1491415
0.9944 0.1491415
0.99475 0.1491415
0.9951 0.0962626
0.99545 0.0962626
0.9958 0.0372829
0.99615 0.1306272
0.9965 0.0372829
0.99685 0.1324447
0.9972 0.1335245
0.99755 0.1335245
0.9979 0.1537096
0.99825 0.1226528
0.9986 0.1392312
0.99895 0.1157017
0.9993 0.0980485
