0.3 0.0709781
0.30035 0.0709781
0.3007 0.0709646
0.30105 0.0709508999999999
0.3014 0.0709371
0.30175 0.0709231
0.3021 0.070909
0.30245 0.0708948
0.3028 0.0708805
0.30315 0.070866
0.3035 0.0708514
0.30385 0.0708367
0.3042 0.0708213999999999
0.30455 0.0708058999999999
0.3049 0.0707903
0.30525 0.0707747
0.3056 0.0707589
0.30595 0.0707429
0.3063 0.0707269
0.30665 0.0707108
0.307 0.0706945
0.30735 0.0706781
0.3077 0.0706617
0.30805 0.0706451
0.3084 0.0706284
0.30875 0.0706116
0.3091 0.0705947
0.30945 0.0705776
0.3098 0.0705605
0.31015 0.0705433
0.3105 0.070526
0.31085 0.0705086
0.3112 0.0704911
0.31155 0.0704735
0.3119 0.0704558
0.31225 0.0704378
0.3126 0.0704198
0.31295 0.0704016
0.3133 0.0703833
0.31365 0.070365
0.314 0.0703466
0.31435 0.070328
0.3147 0.0703094
0.31505 0.0702907
0.3154 0.0702719
0.31575 0.0702531
0.3161 0.0702341
0.31645 0.0702151
0.3168 0.070196
0.31715 0.0701768
0.3175 0.0701575
0.31785 0.0701382
0.3182 0.0701188
0.31855 0.0700993
0.3189 0.0700797
0.31925 0.0700601
0.3196 0.0700404
0.31995 0.0700206
0.3203 0.0700007
0.32065 0.0699808
0.321 0.0699608
0.32135 0.0699408
0.3217 0.0699207
0.32205 0.0699005
0.3224 0.0698802
0.32275 0.0698598999999999
0.3231 0.0698396
0.32345 0.0698191
0.3238 0.0697986
0.32415 0.0697781
0.3245 0.0697575
0.32485 0.0697368
0.3252 0.0697161
0.32555 0.0696953
0.3259 0.0696745
0.32625 0.0696536
0.3266 0.0696326
0.32695 0.0696116
0.3273 0.0695905
0.32765 0.0695693
0.328 0.069548
0.32835 0.0695266
0.3287 0.069505
0.32905 0.0694831
0.3294 0.0694603999999999
0.32975 0.0694361
0.3301 0.0694018
0.33045 0.0693831
0.3308 0.0693718
0.33115 0.0693531
0.3315 0.0693328
0.33185 0.0693119
0.3322 0.0692907
0.33255 0.0692692999999999
0.3329 0.0692477
0.33325 0.0692261
0.3336 0.0692044
0.33395 0.0691827
0.3343 0.0691609
0.33465 0.0691391
0.335 0.0691172
0.33535 0.0690953
0.3357 0.0690733
0.33605 0.0690513
0.3364 0.0690293
0.33675 0.0690073
0.3371 0.0689853999999999
0.33745 0.068964
0.3378 0.0689426
0.33815 0.0689212
0.3385 0.0688998
0.33885 0.0688783999999999
0.3392 0.0688569
0.33955 0.0688353999999999
0.3399 0.0688138999999999
0.34025 0.0687924
0.3406 0.0687708
0.34095 0.0687493
0.3413 0.0687276999999999
0.34165 0.0687061
0.342 0.0686845
0.34235 0.0686628
0.3427 0.0686411999999999
0.34305 0.0686195
0.3434 0.0685978
0.34375 0.0685761
0.3441 0.0685544
0.34445 0.0685326
0.3448 0.0685108
0.34515 0.0684892
0.3455 0.0684674
0.34585 0.0684457
0.3462 0.0684239
0.34655 0.0684021
0.3469 0.0683803
0.34725 0.0683585
0.3476 0.0683367
0.34795 0.0683148999999999
0.3483 0.0682931
0.34865 0.0682713
0.349 0.0682493999999999
0.34935 0.0682276
0.3497 0.0682057
0.35005 0.0681838999999999
0.3504 0.068162
0.35075 0.0681402
0.3511 0.0681182999999999
0.35145 0.0680965
0.3518 0.0680746
0.35215 0.0680527
0.3525 0.0680308999999999
0.35285 0.068009
0.3532 0.0679871
0.35355 0.0679653
0.3539 0.0679434
0.35425 0.0679215
0.3546 0.0678995
0.35495 0.0678776
0.3553 0.0678557
0.35565 0.0678338
0.356 0.0678049
0.35635 0.0677885
0.3567 0.0677683999999999
0.35705 0.0677372
0.3574 0.0677236
0.35775 0.067699
0.3581 0.0676726
0.35845 0.0676541
0.3588 0.0676297
0.35915 0.0676132
0.3595 0.0675784
0.35985 0.0675495
0.3602 0.0675331
0.36055 0.0675023
0.3609 0.0674977
0.36125 0.0674799
0.3616 0.06746
0.36195 0.0674408
0.3623 0.0674143
0.36265 0.0673949
0.363 0.0673728
0.36335 0.0673503
0.3637 0.0673271999999999
0.36405 0.0673023
0.3644 0.0672826
0.36475 0.0672603
0.3651 0.0672376
0.36545 0.0672146
0.3658 0.0671886
0.36615 0.0671687
0.3665 0.067147
0.36685 0.0671235
0.3672 0.0671005
0.36755 0.0670789
0.3679 0.0670549
0.36825 0.0670328999999999
0.3686 0.0670053999999999
0.36895 0.0669887
0.3693 0.0669643
0.36965 0.0669426
0.37 0.0669171
0.37035 0.0668935
0.3707 0.0668613
0.37105 0.0668446
0.3714 0.0668297
0.37175 0.066803
0.3721 0.0667797
0.37245 0.0667593
0.3728 0.0667251
0.37315 0.0667156999999999
0.3735 0.0666903
0.37385 0.066666
0.3742 0.0666486
0.37455 0.0666218
0.3749 0.0665825
0.37525 0.06658
0.3756 0.0665351
0.37595 0.0665182
0.3763 0.0664909
0.37665 0.0664857
0.377 0.0664618
0.37735 0.066444
0.3777 0.0664085
0.37805 0.0663838
0.3784 0.0663782
0.37875 0.0663295
0.3791 0.0663251
0.37945 0.0662698
0.3798 0.066247
0.38015 0.066247
0.3805 0.0662372
0.38085 0.0662225
0.3812 0.0662025
0.38155 0.0661827
0.3819 0.0661386
0.38225 0.0661008
0.3826 0.0660981
0.38295 0.0660981
0.3833 0.0660742
0.38365 0.0660565
0.384 0.0660304
0.38435 0.0660164
0.3847 0.0659945
0.38505 0.0659738
0.3854 0.0659518
0.38575 0.0659309999999999
0.3861 0.0659092
0.38645 0.0658864
0.3868 0.0658658
0.38715 0.0658421
0.3875 0.0658223
0.38785 0.0658016999999999
0.3882 0.0657843999999999
0.38855 0.0657579
0.3889 0.0657316
0.38925 0.0657125
0.3896 0.0657003
0.38995 0.0656766999999999
0.3903 0.0656483
0.39065 0.0656396
0.391 0.0656178
0.39135 0.0655978
0.3917 0.0655654
0.39205 0.0655547
0.3924 0.0655348
0.39275 0.0654928999999999
0.3931 0.0654928999999999
0.39345 0.0654766
0.3938 0.0654536
0.39415 0.0654131999999999
0.3945 0.0654101
0.39485 0.0653789
0.3952 0.0653545
0.39555 0.0653509999999999
0.3959 0.0653114
0.39625 0.0652773
0.3966 0.065273
0.39695 0.0652717
0.3973 0.065224
0.39765 0.06522
0.398 0.0651996
0.39835 0.0651967
0.3987 0.0651606
0.39905 0.0651486999999999
0.3994 0.0651343
0.39975 0.0651234
0.4001 0.0651025
0.40045 0.065085
0.4008 0.0650525
0.40115 0.0650275999999999
0.4015 0.0650126
0.40185 0.0650126
0.4022 0.0649674
0.40255 0.0649495
0.4029 0.0649495
0.40325 0.064933
0.4036 0.0648952
0.40395 0.0648903
0.4043 0.0648724
0.40465 0.0648513
0.405 0.0648366
0.40535 0.0648249
0.4057 0.0648023
0.40605 0.0647756999999999
0.4064 0.0647563999999999
0.40675 0.0647407
0.4071 0.0647275
0.40745 0.0647151
0.4078 0.0646979
0.40815 0.0646802
0.4085 0.0646621999999999
0.40885 0.0646257
0.4092 0.0646072999999999
0.40955 0.0646072999999999
0.4099 0.064586
0.41025 0.0645658
0.4106 0.0645486
0.41095 0.0645304
0.4113 0.0645052
0.41165 0.0644933
0.412 0.0644523
0.41235 0.0644514
0.4127 0.0644291999999999
0.41305 0.0644093
0.4134 0.0643509
0.41375 0.0643509
0.4141 0.0643509
0.41445 0.0643339
0.4148 0.064289
0.41515 0.0642472
0.4155 0.0642279
0.41585 0.0640998
0.4162 0.0640998
0.41655 0.064182
0.4169 0.064182
0.41725 0.0641024
0.4176 0.0640675
0.41795 0.0641024
0.4183 0.0641026
0.41865 0.0641026
0.419 0.0640698
0.41935 0.0640246
0.4197 0.0639449
0.42005 0.063935
0.4204 0.063935
0.42075 0.0639807
0.4211 0.0639807
0.42145 0.0639683
0.4218 0.0639168
0.42215 0.0638736999999999
0.4225 0.0638736999999999
0.42285 0.0638736999999999
0.4232 0.0638291999999999
0.42355 0.063721
0.4239 0.0637098
0.42425 0.0637098
0.4246 0.0637098
0.42495 0.0637531
0.4253 0.0637372
0.42565 0.0637372
0.426 0.0635565
0.42635 0.0635565
0.4267 0.0635852
0.42705 0.0636723
0.4274 0.0636337
0.42775 0.0636337
0.4281 0.0636283
0.42845 0.0635971999999999
0.4288 0.0635555
0.42915 0.0634814
0.4295 0.0634986999999999
0.42985 0.0634938
0.4302 0.0634938
0.43055 0.0634938
0.4309 0.0634508
0.43125 0.0634508
0.4316 0.0634476
0.43195 0.0634476
0.4323 0.0634476
0.43265 0.0634381
0.433 0.0634155999999999
0.43335 0.0634020999999999
0.4337 0.0633666
0.43405 0.0633619
0.4344 0.0633300999999999
0.43475 0.0633213
0.4351 0.0633144
0.43545 0.0632909
0.4358 0.0632745
0.43615 0.0632505
0.4365 0.0631822
0.43685 0.0631743
0.4372 0.0631743
0.43755 0.0631734
0.4379 0.0631526999999999
0.43825 0.063145
0.4386 0.063144
0.43895 0.0631077
0.4393 0.0630927
0.43965 0.0630538
0.44 0.0630072
0.44035 0.0628789999999999
0.4407 0.0628137
0.44105 0.0628145
0.4414 0.0628137
0.44175 0.062765
0.4421 0.062765
0.44245 0.062765
0.4428 0.0628591
0.44315 0.0628832
0.4435 0.0628832
0.44385 0.0627083
0.4442 0.0627083
0.44455 0.0628207
0.4449 0.0628207
0.44525 0.062736
0.4456 0.0627191
0.44595 0.0627191
0.4463 0.0627249
0.44665 0.0627621999999999
0.447 0.0627296
0.44735 0.0627296
0.4477 0.0627277
0.44805 0.0627178
0.4484 0.0626781999999999
0.44875 0.0626952
0.4491 0.0626781999999999
0.44945 0.062676
0.4498 0.0626451
0.45015 0.0626385
0.4505 0.062632
0.45085 0.062583
0.4512 0.0625243
0.45155 0.0625009
0.4519 0.0624994
0.45225 0.0625009
0.4526 0.0624999
0.45295 0.0624999
0.4533 0.0624844
0.45365 0.0624594
0.454 0.0624594
0.45435 0.0624081
0.4547 0.0623754
0.45505 0.0623880999999999
0.4554 0.0623754
0.45575 0.0623482
0.4561 0.0623125
0.45645 0.0623125
0.4568 0.0622703
0.45715 0.0623
0.4575 0.0622808
0.45785 0.0622808
0.4582 0.0622577999999999
0.45855 0.0622559999999999
0.4589 0.0622290999999999
0.45925 0.0621769
0.4596 0.0621514
0.45995 0.0621726
0.4603 0.0621726
0.46065 0.0621839
0.461 0.0621839
0.46135 0.0621729
0.4617 0.0621691
0.46205 0.0621528
0.4624 0.0621409
0.46275 0.0621373
0.4631 0.0621233
0.46345 0.0621054
0.4638 0.0620943999999999
0.46415 0.0620760999999999
0.4645 0.0620518
0.46485 0.0620443999999999
0.4652 0.0619788
0.46555 0.0619788
0.4659 0.0619436
0.46625 0.0618985
0.4666 0.0618835
0.46695 0.0618844
0.4673 0.0618744
0.46765 0.0618274
0.468 0.0617776999999999
0.46835 0.0617005
0.4687 0.0614804999999999
0.46905 0.061407
0.4694 0.0614804999999999
0.46975 0.0615847
0.4701 0.0615953
0.47045 0.0616749
0.4708 0.0616749
0.47115 0.0616568999999999
0.4715 0.0615553999999999
0.47185 0.0615207
0.4722 0.0614369
0.47255 0.0614369
0.4729 0.0615063
0.47325 0.0615198
0.4736 0.0615645
0.47395 0.0615645
0.4743 0.0616075
0.47465 0.0614596
0.475 0.0615909
0.47535 0.0611896999999999
0.4757 0.0615909
0.47605 0.0614714
0.4764 0.0614714
0.47675 0.0614714
0.4771 0.0614571
0.47745 0.0615270999999999
0.4778 0.0614571
0.47815 0.0614996
0.4785 0.0614741999999999
0.47885 0.0614741999999999
0.4792 0.061447
0.47955 0.0614345
0.4799 0.0613988
0.48025 0.0613937
0.4806 0.0613583
0.48095 0.0613538999999999
0.4813 0.0613004
0.48165 0.0612995
0.482 0.0612041999999999
0.48235 0.0612003
0.4827 0.0612003
0.48305 0.0611791999999999
0.4834 0.0610466999999999
0.48375 0.0609001999999999
0.4841 0.0608514
0.48445 0.0606351
0.4848 0.0604365
0.48515 0.0604365
0.4855 0.0604365
0.48585 0.060429
0.4862 0.0606623
0.48655 0.0607355
0.4869 0.0608688
0.48725 0.0608688
0.4876 0.0606466
0.48795 0.0606466
0.4883 0.0608973
0.48865 0.0608973
0.489 0.0610356
0.48935 0.0607886999999999
0.4897 0.0610356
0.49005 0.0609639
0.4904 0.0609639
0.49075 0.0609312
0.4911 0.0609312
0.49145 0.0609457
0.4918 0.0609866
0.49215 0.0609457
0.4925 0.0608916
0.49285 0.0608461
0.4932 0.0608461
0.49355 0.0608461
0.4939 0.0609203
0.49425 0.0609203
0.4946 0.0609203
0.49495 0.0609374
0.4953 0.0609011999999999
0.49565 0.0609422
0.496 0.0609011999999999
0.49635 0.0609126999999999
0.4967 0.0609004
0.49705 0.0608938999999999
0.4974 0.0608670999999999
0.49775 0.0608601
0.4981 0.0608461
0.49845 0.0608097
0.4988 0.0608043
0.49915 0.0607486999999999
0.4995 0.0607910999999999
0.49985 0.0607486999999999
0.50055 0.0604888
0.5009 0.0604888
0.50125 0.0605919
0.5016 0.0605919
0.50195 0.0605437
0.5023 0.0605092
0.50265 0.0601865
0.503 0.059666
0.50335 0.059791
0.5037 0.059791
0.50405 0.059791
0.5044 0.0602184999999999
0.50475 0.0603526999999999
0.5051 0.0603691
0.50545 0.0603691
0.5058 0.0602587
0.50615 0.0602587
0.5065 0.0598684999999999
0.50685 0.0599554999999999
0.5072 0.0599554999999999
0.50755 0.0601094
0.5079 0.0601094
0.50825 0.0600979
0.5086 0.0600979
0.50895 0.0600979
0.5093 0.0600603
0.50965 0.0599989
0.51 0.0599989
0.51035 0.0601149999999999
0.5107 0.0601561
0.51105 0.0601561
0.5114 0.0601431
0.51175 0.0601431
0.5121 0.0601982
0.51245 0.0603622
0.5128 0.0603622
0.51315 0.0602999
0.5135 0.0602999
0.51385 0.0602729
0.5142 0.0602729
0.51455 0.0602729
0.5149 0.0602934
0.51525 0.0603986
0.5156 0.0603933
0.51595 0.0603933
0.5163 0.060389
0.51665 0.0603557
0.517 0.0603869
0.51735 0.0603693
0.5177 0.0603693
0.51805 0.0603639
0.5184 0.0603589
0.51875 0.0603589
0.5191 0.0603534
0.51945 0.0603118
0.5198 0.0603106
0.52015 0.0603106
0.5205 0.0602910999999999
0.52085 0.0602843
0.5212 0.0602602
0.52155 0.0602591
0.5219 0.0602165
0.52225 0.0602105
0.5226 0.0601805
0.52295 0.0601531999999999
0.5233 0.0597692
0.52365 0.0597692
0.524 0.0597014
0.52435 0.0600692
0.5247 0.0600692
0.52505 0.0601045
0.5254 0.0601109
0.52575 0.0601175
0.5261 0.0601186
0.52645 0.0601175
0.5268 0.0600015999999999
0.52715 0.0599318999999999
0.5275 0.0599318999999999
0.52785 0.0599318999999999
0.5282 0.0600328
0.52855 0.0600328
0.5289 0.0599204
0.52925 0.0598892
0.5296 0.0598584
0.52995 0.0598584
0.5303 0.0598584
0.53065 0.0597173
0.531 0.0597173
0.53135 0.0598961
0.5317 0.0598961
0.53205 0.0598623
0.5324 0.0597377
0.53275 0.0597377
0.5331 0.0597377
0.53345 0.0598058
0.5338 0.0598058
0.53415 0.0598058
0.5345 0.0598011999999999
0.53485 0.0597366
0.5352 0.0596736999999999
0.53555 0.0596398
0.5359 0.0595494
0.53625 0.0595494
0.5366 0.0595298
0.53695 0.0594054
0.5373 0.0594054
0.53765 0.0593193999999999
0.538 0.0592904
0.53835 0.0592235
0.5387 0.0591170999999999
0.53905 0.0590679999999999
0.5394 0.0589543
0.53975 0.0588145
0.5401 0.0588145
0.54045 0.0585775999999999
0.5408 0.05842
0.54115 0.0582804999999999
0.5415 0.0581687
0.54185 0.0580047
0.5422 0.0579379999999999
0.54255 0.0579366
0.5429 0.0579379999999999
0.54325 0.0579443999999999
0.5436 0.0579495
0.54395 0.0580009
0.5443 0.0582229
0.54465 0.0585468
0.545 0.0585468
0.54535 0.0586411999999999
0.5457 0.0587838
0.54605 0.0587838
0.5464 0.0588211
0.54675 0.0588451
0.5471 0.0590129
0.54745 0.0591186
0.5478 0.0591514999999999
0.54815 0.0592131
0.5485 0.0592568999999999
0.54885 0.0592928999999999
0.5492 0.0592568999999999
0.54955 0.0592928999999999
0.5499 0.0591288
0.55025 0.0593273
0.5506 0.0593273
0.55095 0.0593273
0.5513 0.0593703
0.55165 0.0592047
0.552 0.0593223
0.55235 0.0592865
0.5527 0.0592865
0.55305 0.0592865
0.5534 0.0592802
0.55375 0.0592802
0.5541 0.0592648
0.55445 0.0592541999999999
0.5548 0.0592300999999999
0.55515 0.0592300999999999
0.5555 0.0592300999999999
0.55585 0.0593071
0.5562 0.0592754
0.55655 0.0592754
0.5569 0.059203
0.55725 0.059203
0.5576 0.0592410999999999
0.55795 0.0592539999999999
0.5583 0.0592410999999999
0.55865 0.0592539999999999
0.559 0.0592276999999999
0.55935 0.0592425
0.5597 0.0592276999999999
0.56005 0.0592062999999999
0.5604 0.0592052
0.56075 0.0591786
0.5611 0.059185
0.56145 0.0591829
0.5618 0.0591829
0.56215 0.0591317
0.5625 0.0591317
0.56285 0.0591661999999999
0.5632 0.0591661999999999
0.56355 0.0590867
0.5639 0.0590584
0.56425 0.0590867
0.5646 0.0590432
0.56495 0.0590432
0.5653 0.0590261999999999
0.56565 0.0590224
0.566 0.0588827
0.56635 0.0587186
0.5667 0.0586901999999999
0.56705 0.0587186
0.5674 0.0586901999999999
0.56775 0.0586419
0.5681 0.0582299
0.56845 0.0582299
0.5688 0.0581563
0.56915 0.0582747
0.5695 0.0580418
0.56985 0.0580616
0.5702 0.0580616
0.57055 0.0585878
0.5709 0.0585878
0.57125 0.0584327
0.5716 0.0583317999999999
0.57195 0.0584215
0.5723 0.0584215
0.57265 0.0584215
0.573 0.0585113
0.57335 0.0579868
0.5737 0.0582491999999999
0.57405 0.0579822
0.5744 0.0579067
0.57475 0.0579067
0.5751 0.0577091
0.57545 0.0582273
0.5758 0.0582556
0.57615 0.0582556
0.5765 0.0580925999999999
0.57685 0.0578994
0.5772 0.0580925999999999
0.57755 0.0582004
0.5779 0.0582443
0.57825 0.0583563
0.5786 0.0583449
0.57895 0.0583895999999999
0.5793 0.0583895999999999
0.57965 0.0583895999999999
0.58 0.0584
0.58035 0.0583793
0.5807 0.0584659
0.58105 0.0585088
0.5814 0.0585088
0.58175 0.0585604
0.5821 0.0585054999999999
0.58245 0.0585054999999999
0.5828 0.0584706
0.58315 0.0584706
0.5835 0.0585081999999999
0.58385 0.0585081999999999
0.5842 0.0585081999999999
0.58455 0.0585705
0.5849 0.0585705
0.58525 0.0584876
0.5856 0.0584876
0.58595 0.0584876
0.5863 0.0584058
0.58665 0.0584047
0.587 0.058335
0.58735 0.0583254
0.5877 0.0581437999999999
0.58805 0.0579087
0.5884 0.0579087
0.58875 0.0579087
0.5891 0.0579475
0.58945 0.0579475
0.5898 0.0576126999999999
0.59015 0.0576126999999999
0.5905 0.0579050999999999
0.59085 0.0579050999999999
0.5912 0.0578909
0.59155 0.0578594
0.5919 0.057886
0.59225 0.0578594
0.5926 0.057886
0.59295 0.0580197
0.5933 0.0580197
0.59365 0.0577043
0.594 0.0576769
0.59435 0.0571281999999999
0.5947 0.0571281999999999
0.59505 0.0576325
0.5954 0.0576325
0.59575 0.0576135999999999
0.5961 0.0576135999999999
0.59645 0.0575813
0.5968 0.0577029
0.59715 0.0577029
0.5975 0.0577029
0.59785 0.0575484
0.5982 0.0575484
0.59855 0.0576731999999999
0.5989 0.0576731999999999
0.59925 0.0576401999999999
0.5996 0.0576401999999999
0.59995 0.0577491999999999
0.6003 0.0577491999999999
0.60065 0.0574300999999999
0.601 0.0574300999999999
0.60135 0.0576899
0.6017 0.0578386999999999
0.60205 0.0578386999999999
0.6024 0.0579834
0.60275 0.0579834
0.6031 0.0580548
0.60345 0.0581386999999999
0.6038 0.0581386999999999
0.60415 0.0580553
0.6045 0.0580553
0.60485 0.0579824
0.6052 0.0581225999999999
0.60555 0.0581041999999999
0.6059 0.0581041999999999
0.60625 0.0581041999999999
0.6066 0.0580478
0.60695 0.0580861
0.6073 0.0580478
0.60765 0.0580695
0.608 0.0579338
0.60835 0.0579390999999999
0.6087 0.0579338
0.60905 0.057901
0.6094 0.0578654
0.60975 0.057901
0.6101 0.0579188999999999
0.61045 0.0579188999999999
0.6108 0.0578062
0.61115 0.0577808999999999
0.6115 0.0576681
0.61185 0.0575131
0.6122 0.0573358
0.61255 0.0573286999999999
0.6129 0.0570831
0.61325 0.0568041999999999
0.6136 0.0564698
0.61395 0.0562094
0.6143 0.0559811
0.61465 0.0557885999999999
0.615 0.0557023
0.61535 0.0556949
0.6157 0.0556015999999999
0.61605 0.0553920999999999
0.6164 0.055262
0.61675 0.0551525
0.6171 0.0548530999999999
0.61745 0.0543059
0.6178 0.0537497
0.61815 0.0537428999999999
0.6185 0.05331
0.61885 0.0530775
0.6192 0.0529443999999999
0.61955 0.0529443999999999
0.6199 0.0531224
0.62025 0.0534285999999999
0.6206 0.0537611999999999
0.62095 0.0537661999999999
0.6213 0.0539436
0.62165 0.0541771999999999
0.622 0.0545920999999999
0.62235 0.0550451
0.6227 0.055398
0.62305 0.0557577999999999
0.6234 0.0560835
0.62375 0.0560996
0.6241 0.0564799
0.62445 0.0567697999999999
0.6248 0.0568643
0.62515 0.0571283999999999
0.6255 0.0572957
0.62585 0.0574164
0.6262 0.0574972
0.62655 0.0574972
0.6269 0.0575008
0.62725 0.0575875999999999
0.6276 0.0575875999999999
0.62795 0.0576556
0.6283 0.0577058
0.62865 0.0577300999999999
0.629 0.0578104
0.62935 0.0578396
0.6297 0.0578462
0.63005 0.0579028
0.6304 0.0579028
0.63075 0.0578995
0.6311 0.0577873
0.63145 0.0577343
0.6318 0.0573583
0.63215 0.0573583
0.6325 0.0576813
0.63285 0.0577122
0.6332 0.0577332
0.63355 0.0577972
0.6339 0.0578285999999999
0.63425 0.0578297
0.6346 0.0578285999999999
0.63495 0.0577501
0.6353 0.0577501
0.63565 0.0576843
0.636 0.0576813
0.63635 0.0576813
0.6367 0.0575431
0.63705 0.0575431
0.6374 0.0575431
0.63775 0.0574437999999999
0.6381 0.057483
0.63845 0.057483
0.6388 0.057483
0.63915 0.0574941
0.6395 0.0574941
0.63985 0.0575692
0.6402 0.0576238
0.64055 0.0575692
0.6409 0.0575660999999999
0.64125 0.0575574
0.6416 0.0574803999999999
0.64195 0.0574794
0.6423 0.0574548
0.64265 0.0574794
0.643 0.0574548
0.64335 0.0574413
0.6437 0.0573771999999999
0.64405 0.0572924999999999
0.6444 0.0572924999999999
0.64475 0.0572678
0.6451 0.0572678
0.64545 0.0572678
0.6458 0.0570628
0.64615 0.0565803
0.6465 0.0565803
0.64685 0.0569258
0.6472 0.0570774999999999
0.64755 0.0570774999999999
0.6479 0.0569688
0.64825 0.0569405999999999
0.6486 0.0569405999999999
0.64895 0.0569722
0.6493 0.0570325
0.64965 0.0571038
0.65 0.0571038
0.65035 0.0571511999999999
0.6507 0.0570974
0.65105 0.0567221
0.6514 0.0567221
0.65175 0.0567221
0.6521 0.0568169999999999
0.65245 0.0570361999999999
0.6528 0.0570361999999999
0.65315 0.0569906999999999
0.6535 0.056847
0.65385 0.0569906999999999
0.6542 0.056628
0.65455 0.0568268
0.6549 0.0568268
0.65525 0.0568268
0.6556 0.0566179
0.65595 0.0565491
0.6563 0.0565491
0.65665 0.0566143
0.657 0.0566143
0.65735 0.0565808999999999
0.6577 0.0565808999999999
0.65805 0.0566314
0.6584 0.0566314
0.65875 0.0566204
0.6591 0.0566204
0.65945 0.0566204
0.6598 0.0564733
0.66015 0.0564733
0.6605 0.0566271999999999
0.66085 0.0566271999999999
0.6612 0.0565252
0.66155 0.0564757
0.6619 0.0564985999999999
0.66225 0.0564757
0.6626 0.0564021
0.66295 0.0563909
0.6633 0.0563693
0.66365 0.0563595
0.664 0.0563466
0.66435 0.0563466
0.6647 0.056338
0.66505 0.056338
0.6654 0.0562341
0.66575 0.0561271999999999
0.6661 0.0561063
0.66645 0.0560454
0.6668 0.0560454
0.66715 0.0560805
0.6675 0.056086
0.66785 0.056114
0.6682 0.056114
0.66855 0.0561749
0.6689 0.0561749
0.66925 0.0562483
0.6696 0.0563716
0.66995 0.056491
0.6703 0.0565291999999999
0.67065 0.0566596
0.671 0.0566596
0.67135 0.0567525999999999
0.6717 0.0568509
0.67205 0.0569163
0.6724 0.056932
0.67275 0.0570383
0.6731 0.0570961
0.67345 0.0571553999999999
0.6738 0.0572141999999999
0.67415 0.0572381999999999
0.6745 0.0572649999999999
0.67485 0.0572854
0.6752 0.0573827
0.67555 0.0573827
0.6759 0.0574019
0.67625 0.0574178
0.6766 0.0574178
0.67695 0.0574265
0.6773 0.0574265
0.67765 0.0574481
0.678 0.0574481
0.67835 0.0573922
0.6787 0.0573224
0.67905 0.0572875
0.6794 0.0572875
0.67975 0.0572835
0.6801 0.0572664
0.68045 0.0572429999999999
0.6808 0.057137
0.68115 0.0570758
0.6815 0.0570758
0.68185 0.0569101
0.6822 0.0568863
0.68255 0.0568563999999999
0.6829 0.0568563999999999
0.68325 0.0568447
0.6836 0.0568447
0.68395 0.0568050999999999
0.6843 0.0567973
0.68465 0.0567973
0.685 0.0568709
0.68535 0.0569956
0.6857 0.0570099
0.68605 0.0570146
0.6864 0.0570146
0.68675 0.0567355
0.6871 0.0567355
0.68745 0.0569857
0.6878 0.0570266
0.68815 0.0570428
0.6885 0.0570428
0.68885 0.0569588
0.6892 0.0569588
0.68955 0.056647
0.6899 0.05696
0.69025 0.0569087
0.6906 0.05696
0.69095 0.0569087
0.6913 0.0568201
0.69165 0.0567845
0.692 0.0566871
0.69235 0.056685
0.6927 0.0566871
0.69305 0.0566644
0.6934 0.0565694
0.69375 0.0565694
0.6941 0.0565694
0.69445 0.0565952999999999
0.6948 0.0564802
0.69515 0.0564802
0.6955 0.0564391
0.69585 0.0562332
0.6962 0.0562332
0.69655 0.0563006999999999
0.6969 0.0563006999999999
0.69725 0.0561602
0.6976 0.0558711999999999
0.69795 0.0559155999999999
0.6983 0.0557914
0.69865 0.0557914
0.699 0.0555837
0.69935 0.0554516999999999
0.6997 0.0553488
0.70005 0.0548697
0.7004 0.0546225
0.70075 0.0546225
0.7011 0.0543903
0.70145 0.0543903
0.7018 0.0542595
0.70215 0.0541851999999999
0.7025 0.0541851999999999
0.70285 0.0541851999999999
0.7032 0.054461
0.70355 0.054461
0.7039 0.05436
0.70425 0.05436
0.7046 0.0545043
0.70495 0.0545185
0.7053 0.0546756
0.70565 0.0552357
0.706 0.0552357
0.70635 0.0552741
0.7067 0.0552890999999999
0.70705 0.0552890999999999
0.7074 0.0554774
0.70775 0.0554977
0.7081 0.0556050999999999
0.70845 0.0556666
0.7088 0.0557745
0.70915 0.055692
0.7095 0.0558173
0.70985 0.0558745
0.7102 0.0560191
0.71055 0.0560191
0.7109 0.056094
0.71125 0.0560626999999999
0.7116 0.0561045999999999
0.71195 0.0561739
0.7123 0.0561739
0.71265 0.0561227
0.713 0.0561227
0.71335 0.0561237
0.7137 0.0561432
0.71405 0.0561432
0.7144 0.0561093
0.71475 0.0558971
0.7151 0.0558208
0.71545 0.0554972
0.7158 0.0550903
0.71615 0.0550760999999999
0.7165 0.0543973
0.71685 0.0534441
0.7172 0.0529584
0.71755 0.0520093
0.7179 0.0513328
0.71825 0.0508665
0.7186 0.0507296999999999
0.71895 0.0496722
0.7193 0.0491524
0.71965 0.0491524
0.72 0.0479541
0.72035 0.0479022
0.7207 0.0474658
0.72105 0.0474658
0.7214 0.047139
0.72175 0.0467601999999999
0.7221 0.0468573
0.72245 0.0466442
0.7228 0.0460762
0.72315 0.0455293
0.7235 0.0431499
0.72385 0.0420888
0.7242 0.0420888
0.72455 0.0400830999999999
0.7249 0.0388815999999999
0.72525 0.0376419
0.7256 0.0361817
0.72595 0.0361817
0.7263 0.0361337
0.72665 0.0338315999999999
0.727 0.0332698
0.72735 0.0336343
0.7277 0.0336343
0.72805 0.035348
0.7284 0.0379419
0.72875 0.0393484
0.7291 0.0400051
0.72945 0.0403784
0.7298 0.0407062
0.73015 0.0410208
0.7305 0.0421278
0.73085 0.0439288
0.7312 0.0452616999999999
0.73155 0.0452616999999999
0.7319 0.0460848
0.73225 0.0463821999999999
0.7326 0.0471746
0.73295 0.0465423
0.7333 0.0471746
0.73365 0.0492638
0.734 0.0492638
0.73435 0.0499915
0.7347 0.0511023
0.73505 0.0514187
0.7354 0.0519168999999999
0.73575 0.0519168999999999
0.7361 0.0519168999999999
0.73645 0.052925
0.7368 0.052925
0.73715 0.0529748
0.7375 0.0538951
0.73785 0.0539729
0.7382 0.0544071
0.73855 0.0545299
0.7389 0.0546756999999999
0.73925 0.0547943999999999
0.7396 0.0553508
0.73995 0.0553981
0.7403 0.0555848
0.74065 0.0559133
0.741 0.0559482
0.74135 0.0560308999999999
0.7417 0.0560981999999999
0.74205 0.0562467
0.7424 0.0562467
0.74275 0.0562942
0.7431 0.056435
0.74345 0.0564713
0.7438 0.0564713
0.74415 0.0564681
0.7445 0.0564681
0.74485 0.0565030999999999
0.7452 0.0565030999999999
0.74555 0.0565030999999999
0.7459 0.056455
0.74625 0.0565113
0.7466 0.0565113
0.74695 0.0565113
0.7473 0.0565122
0.74765 0.0564853
0.748 0.056508
0.74835 0.0565035
0.7487 0.0565035
0.74905 0.0565035
0.7494 0.0564948
0.74975 0.0564948
0.7501 0.0564948
0.75045 0.0564695
0.7508 0.0565148
0.75115 0.0565236
0.7515 0.0565236
0.75185 0.0565187
0.7522 0.0565105
0.75255 0.0564942
0.7529 0.0564942
0.75325 0.0565400999999999
0.7536 0.0565400999999999
0.75395 0.0565400999999999
0.7543 0.0565363
0.75465 0.056533
0.755 0.0565115999999999
0.75535 0.0565133
0.7557 0.0565064
0.75605 0.0565064
0.7564 0.0564827
0.75675 0.0564428
0.7571 0.0564289999999999
0.75745 0.0563093
0.7578 0.0563093
0.75815 0.0563271999999999
0.7585 0.0563271999999999
0.75885 0.0562709
0.7592 0.0562275
0.75955 0.0560329
0.7599 0.0560001999999999
0.76025 0.0559299
0.7606 0.055835
0.76095 0.055835
0.7613 0.0559101
0.76165 0.0559101
0.762 0.0557111999999999
0.76235 0.0556264999999999
0.7627 0.055586
0.76305 0.0555458
0.7634 0.0555456999999999
0.76375 0.0555289999999999
0.7641 0.0555053999999999
0.76445 0.0554103
0.7648 0.0553976
0.76515 0.0553976
0.7655 0.0554358
0.76585 0.0554358
0.7662 0.0553915999999999
0.76655 0.0553875999999999
0.7669 0.0552471999999999
0.76725 0.0552471999999999
0.7676 0.0553398
0.76795 0.0554524
0.7683 0.0554524
0.76865 0.055398
0.769 0.0553835
0.76935 0.0553835
0.7697 0.0554018
0.77005 0.0554018
0.7704 0.055366
0.77075 0.0553099
0.7711 0.0552868
0.77145 0.0552744
0.7718 0.0552519
0.77215 0.0552436
0.7725 0.0550985
0.77285 0.0548107
0.7732 0.0545364
0.77355 0.0545364
0.7739 0.0545668
0.77425 0.0546869
0.7746 0.0546869
0.77495 0.0546745
0.7753 0.0545813999999999
0.77565 0.054411
0.776 0.0542711
0.77635 0.054184
0.7767 0.0541446
0.77705 0.0540559
0.7774 0.0539342
0.77775 0.053923
0.7781 0.0537606
0.77845 0.0535963
0.7788 0.0534485
0.77915 0.0532682
0.7795 0.052888
0.77985 0.0525081
0.7802 0.0520092
0.78055 0.0520058
0.7809 0.0514451999999999
0.78125 0.051192
0.7816 0.0510997
0.78195 0.0510139
0.7823 0.0509783
0.78265 0.0509138
0.783 0.0505962
0.78335 0.0505943
0.7837 0.0500368
0.78405 0.0500368
0.7844 0.0506722
0.78475 0.0514847
0.7851 0.0516181
0.78545 0.0516181
0.7858 0.0513975
0.78615 0.0513911999999999
0.7865 0.0513975
0.78685 0.0514541999999999
0.7872 0.0516145
0.78755 0.0518717
0.7879 0.0519605
0.78825 0.0521611
0.7886 0.0522108
0.78895 0.0522788999999999
0.7893 0.0523002
0.78965 0.0523404
0.79 0.0523404
0.79035 0.0523263
0.7907 0.0522566
0.79105 0.0520573
0.7914 0.0517788999999999
0.79175 0.051769
0.7921 0.0514352
0.79245 0.0510146999999999
0.7928 0.0506608
0.79315 0.0506608
0.7935 0.0506671999999999
0.79385 0.0506671999999999
0.7942 0.050254
0.79455 0.0502505
0.7949 0.0497255
0.79525 0.0496227
0.7956 0.0496227
0.79595 0.0490417
0.7963 0.0490417
0.79665 0.0490417
0.797 0.0491164
0.79735 0.0491164
0.7977 0.0491164
0.79805 0.049227
0.7984 0.0493401
0.79875 0.049367
0.7991 0.0494516
0.79945 0.0498005
0.7998 0.0500629
0.80015 0.0500748
0.8005 0.0502248
0.80085 0.0505336
0.8012 0.0505336
0.80155 0.0505484
0.8019 0.0505484
0.80225 0.0508353
0.8026 0.0509386999999999
0.80295 0.0512150999999999
0.8033 0.0512150999999999
0.80365 0.0514501
0.804 0.0515616
0.80435 0.0516695
0.8047 0.0519405
0.80505 0.0521562
0.8054 0.0522489
0.80575 0.0522489
0.8061 0.0522489
0.80645 0.0523722
0.8068 0.0527875
0.80715 0.0530601999999999
0.8075 0.0530601999999999
0.80785 0.0532223
0.8082 0.0533361
0.80855 0.0533361
0.8089 0.0533289999999999
0.80925 0.0531341
0.8096 0.0531341
0.80995 0.0534431
0.8103 0.0535406999999999
0.81065 0.0535406999999999
0.811 0.0535661999999999
0.81135 0.0536827999999999
0.8117 0.0538365
0.81205 0.0539644
0.8124 0.054111
0.81275 0.0542044
0.8131 0.054111
0.81345 0.0543854
0.8138 0.0545516
0.81415 0.0545908
0.8145 0.0545908
0.81485 0.0527726
0.8152 0.0527726
0.81555 0.0546494
0.8159 0.0547276999999999
0.81625 0.0547276999999999
0.8166 0.0549358
0.81695 0.0549339
0.8173 0.0549815
0.81765 0.0549339
0.818 0.0549695
0.81835 0.0549695
0.8187 0.0549739
0.81905 0.0552114
0.8194 0.0552547
0.81975 0.0552547
0.8201 0.0553041999999999
0.82045 0.0553913
0.8208 0.055392
0.82115 0.0554529999999999
0.8215 0.0554081
0.82185 0.0554081
0.8222 0.0553609
0.82255 0.055273
0.8229 0.0551025999999999
0.82325 0.0530569
0.8236 0.0538114
0.82395 0.0538114
0.8243 0.0554218
0.82465 0.055567
0.825 0.055567
0.82535 0.055567
0.8257 0.0555139
0.82605 0.0555139
0.8264 0.0556015999999999
0.82675 0.0556133
0.8271 0.0556015999999999
0.82745 0.0554686
0.8278 0.0548761999999999
0.82815 0.0554068
0.8285 0.0554068
0.82885 0.0554068
0.8292 0.0554891999999999
0.82955 0.0555713
0.8299 0.0555713
0.83025 0.0555419
0.8306 0.0555419
0.83095 0.0555663
0.8313 0.0556311
0.83165 0.0555663
0.832 0.0552847
0.83235 0.0552847
0.8327 0.0549549
0.83305 0.0554456
0.8334 0.0552339
0.83375 0.0552339
0.8341 0.0541696
0.83445 0.0541696
0.8348 0.0541696
0.83515 0.0542500999999999
0.8355 0.0538885
0.83585 0.0538885
0.8362 0.0535876999999999
0.83655 0.0535586
0.8369 0.0532521999999999
0.83725 0.0529650999999999
0.8376 0.0518429999999999
0.83795 0.0515828
0.8383 0.051224
0.83865 0.0511427
0.839 0.0511427
0.83935 0.0511786
0.8397 0.0514489
0.84005 0.0514665
0.8404 0.0514665
0.84075 0.0506091
0.8411 0.0499353
0.84145 0.0499353
0.8418 0.0499988
0.84215 0.0500061999999999
0.8425 0.0512321
0.84285 0.0524013
0.8432 0.0524013
0.84355 0.0523304999999999
0.8439 0.0518234
0.84425 0.0518234
0.8446 0.0521181
0.84495 0.0522046
0.8453 0.0527332
0.84565 0.0527332
0.846 0.0532911999999999
0.84635 0.0536661999999999
0.8467 0.0536661999999999
0.84705 0.0536427
0.8474 0.0535955
0.84775 0.0535749
0.8481 0.0535749
0.84845 0.0534661999999999
0.8488 0.0537727
0.84915 0.0540337
0.8495 0.0540337
0.84985 0.0539341
0.8502 0.0536423
0.85055 0.0525243
0.8509 0.0525243
0.85125 0.0525243
0.8516 0.0531187
0.85195 0.0528954
0.8523 0.0528954
0.85265 0.0524563
0.853 0.0519173
0.85335 0.0518428
0.8537 0.0514795999999999
0.85405 0.0510520999999999
0.8544 0.0504390999999999
0.85475 0.0499731999999999
0.8551 0.0499586
0.85545 0.049131
0.8558 0.049107
0.85615 0.0479777
0.8565 0.0479777
0.85685 0.0474569
0.8572 0.0461868
0.85755 0.045199
0.8579 0.0420795
0.85825 0.0420795
0.8586 0.0422314
0.85895 0.0422314
0.8593 0.0416729
0.85965 0.041616
0.86 0.040288
0.86035 0.0382012
0.8607 0.0375018
0.86105 0.0353437
0.8614 0.0347709
0.86175 0.0341756
0.8621 0.032594
0.86245 0.032594
0.8628 0.0323628
0.86315 0.0324432
0.8635 0.0322258
0.86385 0.0322258
0.8642 0.0291642999999999
0.86455 0.0275498
0.8649 0.0291642999999999
0.86525 0.0331945
0.8656 0.0333086
0.86595 0.0349000999999999
0.8663 0.0355927
0.86665 0.0355927
0.867 0.0304112
0.86735 0.0304112
0.8677 0.031306
0.86805 0.0359436999999999
0.8684 0.0382311999999999
0.86875 0.0393856
0.8691 0.0416864
0.86945 0.0420675
0.8698 0.0422776
0.87015 0.0422776
0.8705 0.0422776
0.87085 0.0404762
0.8712 0.0378162
0.87155 0.0404762
0.8719 0.0402279
0.87225 0.0451178
0.8726 0.0409579
0.87295 0.0409579
0.8733 0.0409579
0.87365 0.0439358
0.874 0.0449324
0.87435 0.0460478
0.8747 0.0460478
0.87505 0.0460478
0.8754 0.0470913
0.87575 0.0428883
0.8761 0.0448053
0.87645 0.0447166
0.8768 0.0447166
0.87715 0.0440686
0.8775 0.0380793
0.87785 0.0380793
0.8782 0.0370479
0.87855 0.0370479
0.8789 0.0431638
0.87925 0.0431638
0.8796 0.0279507
0.87995 0.0229539
0.8803 0.0249082
0.88065 0.0229539
0.881 0.019169
0.88135 0.0189782
0.8817 0.0147815
0.88205 0.0095971
0.8824 0.0044568
0.88275 0.0044568
0.8831 0.0044568
0.88345 0.0044878999999999
0.8838 0.0042758999999999
0.88415 0.0044878999999999
0.8845 0.0064028
0.88485 0.0088709
0.8852 0.0099764
0.88555 0.0099764
0.8859 0.008681
0.88625 0.0057181
0.8866 0.0017445999999999
0.88695 0.001184
0.8873 0.001184
0.88765 0.0016351
0.888 0.0022866999999999
0.88835 0.0022866999999999
0.8887 0.0035778
0.88905 0.0015879
0.8894 0.0039076
0.88975 0.0039969
0.8901 0.0057516
0.89045 0.0048883999999999
0.8908 0.0052538
0.89115 0.0048883999999999
0.8915 0.0052538
0.89185 0.0063123
0.8922 0.0063123
0.89255 0.0063123
0.8929 0.0064728
0.89325 0.0064728
0.8936 0.0054421999999999
0.89395 0.0050327
0.8943 0.0050327
0.89465 0.0050137
0.895 0.0050137
0.89535 0.0041988999999999
0.8957 0.0041988999999999
0.89605 0.0053016
0.8964 0.0069401
0.89675 0.0101083
0.8971 0.0101083
0.89745 0.0112962
0.8978 0.0102915
0.89815 0.0112962
0.8985 0.0103672
0.89885 0.0108087999999999
0.8992 0.0103672
0.89955 0.0094697999999999
0.8999 0.0094697999999999
0.90025 0.0168964
0.9006 0.0174653
0.90095 0.0194278
0.9013 0.0196718
0.90165 0.024082
0.902 0.024082
0.90235 0.0256309
0.9027 0.0256309
0.90305 0.0265329999999999
0.9034 0.0312574
0.90375 0.0265329999999999
0.9041 0.0325487
0.90445 0.0363596999999999
0.9048 0.0366376999999999
0.90515 0.0366376999999999
0.9055 0.0396643
0.90585 0.0428873
0.9062 0.0428873
0.90655 0.0390696999999999
0.9069 0.0390696999999999
0.90725 0.0403232
0.9076 0.0403232
0.90795 0.0435884
0.9083 0.0334167
0.90865 0.0435884
0.909 0.0438897
0.90935 0.0438897
0.9097 0.0368884
0.91005 0.0368884
0.9104 0.044648
0.91075 0.0455005999999999
0.9111 0.0474954999999999
0.91145 0.0477351
0.9118 0.0477351
0.91215 0.0460839
0.9125 0.0457913
0.91285 0.0457913
0.9132 0.0457913
0.91355 0.0399693
0.9139 0.0469833
0.91425 0.0476881999999999
0.9146 0.048786
0.91495 0.0487533
0.9153 0.0487533
0.91565 0.0451188
0.916 0.0451188
0.91635 0.0461149
0.9167 0.0465952
0.91705 0.0465952
0.9174 0.0496516
0.91775 0.0496516
0.9181 0.0485736
0.91845 0.0485736
0.9188 0.0485736
0.91915 0.0482375
0.9195 0.0458176
0.91985 0.0470459
0.9202 0.0470459
0.92055 0.047474
0.9209 0.0495642
0.92125 0.047474
0.9216 0.0448341
0.92195 0.0447297
0.9223 0.0335419
0.92265 0.0447297
0.923 0.0503982
0.92335 0.0503982
0.9237 0.0486841
0.92405 0.0486841
0.9244 0.0486841
0.92475 0.0481226
0.9251 0.0477830999999999
0.92545 0.0481226
0.9258 0.0459768
0.92615 0.0459768
0.9265 0.0459768
0.92685 0.031604
0.9272 0.0469575999999999
0.92755 0.0469575999999999
0.9279 0.0469575999999999
0.92825 0.0476098
0.9286 0.0476098
0.92895 0.0489077
0.9293 0.0499079
0.92965 0.0499079
0.93 0.0465846
0.93035 0.0395016
0.9307 0.0366463
0.93105 0.0352447
0.9314 0.0352447
0.93175 0.0352447
0.9321 0.0404944
0.93245 0.0404944
0.9328 0.0445376
0.93315 0.0470879
0.9335 0.0470879
0.93385 0.0417734
0.9342 0.0416115
0.93455 0.0394318
0.9349 0.0416115
0.93525 0.0394318
0.9356 0.0501102
0.93595 0.0472989
0.9363 0.049804
0.93665 0.0472989
0.937 0.0469183
0.93735 0.0469183
0.9377 0.044743
0.93805 0.0417779999999999
0.9384 0.039432
0.93875 0.039432
0.9391 0.0471068
0.93945 0.047962
0.9398 0.047962
0.94015 0.047962
0.9405 0.0354765
0.94085 0.0500586
0.9412 0.0494306999999999
0.94155 0.0522216999999999
0.9419 0.0522964
0.94225 0.0522964
0.9426 0.0521716
0.94295 0.0450638
0.9433 0.0450638
0.94365 0.0466592
0.944 0.0466592
0.94435 0.0439889
0.9447 0.0439889
0.94505 0.0495461
0.9454 0.0495461
0.94575 0.0495461
0.9461 0.0503452
0.94645 0.0503452
0.9468 0.0462798
0.94715 0.0460246
0.9475 0.0435221
0.94785 0.0460246
0.9482 0.0506366999999999
0.94855 0.0511473
0.9489 0.0506366999999999
0.94925 0.0450393
0.9496 0.0450393
0.94995 0.0483226999999999
0.9503 0.0490155
0.95065 0.0513547
0.951 0.0513547
0.95135 0.0496088
0.9517 0.0496088
0.95205 0.0500634
0.9524 0.0500634
0.95275 0.049109
0.9531 0.0488633
0.95345 0.0488633
0.9538 0.0518606
0.95415 0.0518606
0.9545 0.0515208
0.95485 0.0515208
0.9552 0.0494140999999999
0.95555 0.0510922
0.9559 0.0510922
0.95625 0.0510922
0.9566 0.0507234
0.95695 0.0485093
0.9573 0.0485093
0.95765 0.0510168
0.958 0.0510168
0.95835 0.0508451
0.9587 0.0505449
0.95905 0.0505449
0.9594 0.0480223
0.95975 0.0480223
0.9601 0.0493556
0.96045 0.0493556
0.9608 0.0478445
0.96115 0.0478445
0.9615 0.0478445
0.96185 0.0471141
0.9622 0.0462352
0.96255 0.0428792
0.9629 0.0428792
0.96325 0.041391
0.9636 0.041391
0.96395 0.041391
0.9643 0.0414783
0.96465 0.0414783
0.965 0.0400716
0.96535 0.0392663
0.9657 0.0388371999999999
0.96605 0.0376434
0.9664 0.0374023
0.96675 0.0373579
0.9671 0.0359755999999999
0.96745 0.0353979
0.9678 0.0353979
0.96815 0.0385189
0.9685 0.0385189
0.96885 0.0379963
0.9692 0.0363929
0.96955 0.0363736999999999
0.9699 0.0351938
0.97025 0.032088
0.9706 0.0286543
0.97095 0.0279623
0.9713 0.0286543
0.97165 0.0310864
0.972 0.0331222
0.97235 0.0354691999999999
0.9727 0.0356731999999999
0.97305 0.0356731999999999
0.9734 0.0347392
0.97375 0.0345486999999999
0.9741 0.0338043
0.97445 0.0345486999999999
0.9748 0.0354123
0.97515 0.035622
0.9755 0.0358087
0.97585 0.0377269
0.9762 0.0377269
0.97655 0.0344476
0.9769 0.0316587999999999
0.97725 0.0344476
0.9776 0.0326034
0.97795 0.0326034
0.9783 0.0302979
0.97865 0.0302979
0.979 0.0304380999999999
0.97935 0.0339394
0.9797 0.0339394
0.98005 0.0261262999999999
0.9804 0.0238767
0.98075 0.0238767
0.9811 0.0238767
0.98145 0.0246467
0.9818 0.0246467
0.98215 0.0233557
0.9825 0.0233557
0.98285 0.0048013
0.9832 0.0183791
0.98355 0.0183791
0.9839 0.0183791
0.98425 0.0188545
0.9846 0.0181451
0.98495 0.0205915
0.9853 0.006332
0.98565 0.0119444999999999
0.986 0.0067461
0.98635 0.0119444999999999
0.9867 0.0094819999999999
0.98705 0.0094819999999999
0.9874 0.0094819999999999
0.98775 0.0104916
0.9881 0.0104916
0.98845 0.0002655
0.9888 0.0002655
0.98915 0.0020428
0.9895 0.010933
0.98985 0.0058778
0.9902 0.011461
0.99055 0.0058778
0.9909 0.011461
0.99125 0.0115608999999999
0.9916 0.0121685
0.99195 0.0115608999999999
0.9923 0.0133994
0.99265 0.0161199
0.993 0.0161919999999999
0.99335 0.0161919999999999
0.9937 0.0148298
0.99405 0.0148298
0.9944 0.0155329
0.99475 0.0155329
0.9951 0.0095992
0.99545 0.0095992
0.9958 0.0007708
0.99615 0.012628
0.9965 0.0007708
0.99685 0.012628
0.9972 0.014824
0.99755 0.014824
0.9979 0.016614
0.99825 0.0107575
0.9986 0.0130648
0.99895 0.0106696
0.9993 0.0106696
