0.3 0.5352056
0.30035 0.5364225
0.3007 0.5366935
0.30105 0.5366935
0.3014 0.5363760999999999
0.30175 0.5358044
0.3021 0.5348838
0.30245 0.5332508
0.3028 0.5300639
0.30315 0.5222566
0.3035 0.5222566
0.30385 0.5226199
0.3042 0.5289458
0.30455 0.5312366999999999
0.3049 0.5320775
0.30525 0.5322819999999999
0.3056 0.5322819999999999
0.30595 0.5320577
0.3063 0.5317162
0.30665 0.5312849000000001
0.307 0.5307758
0.30735 0.5301821999999999
0.3077 0.5294833000000001
0.30805 0.5286358
0.3084 0.5275531999999999
0.30875 0.5260956999999999
0.3091 0.5238229
0.30945 0.5198116
0.3098 0.5114936999999999
0.31015 0.5072601
0.3105 0.5072601
0.31085 0.5166282999999999
0.3112 0.520104
0.31155 0.5214999
0.3119 0.5219636
0.31225 0.5219636
0.3126 0.5217064
0.31295 0.5212944
0.3133 0.5207803
0.31365 0.5201998999999999
0.314 0.5195599
0.31435 0.5188827
0.3147 0.5181593
0.31505 0.5174101999999999
0.3154 0.51663
0.31575 0.5158189000000001
0.3161 0.5149777
0.31645 0.514105
0.3168 0.5131998
0.31715 0.5122605
0.3175 0.5112837
0.31785 0.5102654999999999
0.3182 0.5092173
0.31855 0.5080960999999999
0.3189 0.5069262
0.31925 0.5056440999999999
0.3196 0.5042584
0.31995 0.5026786
0.3203 0.5007630999999999
0.32065 0.498179
0.321 0.4939888
0.32135 0.4843723
0.3217 0.4794108
0.32205 0.4794108
0.3224 0.4891907
0.32275 0.4910555
0.3231 0.4910555
0.32345 0.4901708999999999
0.3238 0.4888745
0.32415 0.4873585999999999
0.3245 0.4856614000000001
0.32485 0.4837577999999999
0.3252 0.4817225
0.32555 0.4795010999999999
0.3259 0.4770629
0.32625 0.4743655
0.3266 0.4713519
0.32695 0.4680400999999999
0.3273 0.4641715
0.32765 0.4597151
0.328 0.4546885999999999
0.32835 0.4486652
0.3287 0.4417481
0.32905 0.4332867
0.3294 0.4214752
0.32975 0.4039687
0.3301 0.378797
0.33045 0.378797
0.3308 0.4035395
0.33115 0.4190577999999999
0.3315 0.428911
0.33185 0.4360041
0.3322 0.4416561
0.33255 0.4461739
0.3329 0.450085
0.33325 0.4532265
0.3336 0.4559539999999999
0.33395 0.4581507000000001
0.3343 0.4600815
0.33465 0.4616525999999999
0.335 0.4630004
0.33535 0.4641659000000001
0.3357 0.4651817
0.33605 0.4661190999999999
0.3364 0.4668597
0.33675 0.4675573
0.3371 0.4681765
0.33745 0.4687245
0.3378 0.4692092
0.33815 0.4696028
0.3385 0.4699723
0.33885 0.4702555999999999
0.3392 0.4705078
0.33955 0.4706699
0.3399 0.4707819
0.34025 0.4707819
0.3406 0.4706892
0.34095 0.4704615
0.3413 0.4700639
0.34165 0.4694377999999999
0.342 0.4684958999999999
0.34235 0.4671083
0.3427 0.4650782
0.34305 0.4621035
0.3434 0.457848
0.34375 0.4511023
0.3441 0.4389089
0.34445 0.4113488
0.3448 0.4113488
0.34515 0.4321059
0.3455 0.445784
0.34585 0.4529728
0.3462 0.4574313
0.34655 0.4606094
0.3469 0.4629648
0.34725 0.4647514
0.3476 0.4661302
0.34795 0.4672092
0.3483 0.468063
0.34865 0.4687458
0.349 0.4692944
0.34935 0.4697048
0.3497 0.4700657
0.35005 0.4703569999999999
0.3504 0.4705647
0.35075 0.4707515
0.3511 0.4708742
0.35145 0.4709640999999999
0.3518 0.471046
0.35215 0.4710811
0.3525 0.4710867
0.35285 0.4710867
0.3532 0.4710614999999999
0.35355 0.4710201
0.3539 0.4709637
0.35425 0.4708935999999999
0.3546 0.4708099
0.35495 0.4707152
0.3553 0.4706092
0.35565 0.4704747
0.356 0.4703023
0.35635 0.4702014
0.3567 0.4700609999999999
0.35705 0.4697295
0.3574 0.4696188
0.35775 0.4695232
0.3581 0.4692894
0.35845 0.4691397
0.3588 0.4689265
0.35915 0.468761
0.3595 0.468236
0.35985 0.4680679
0.3602 0.4678098
0.36055 0.467564
0.3609 0.4673635
0.36125 0.4673635
0.3616 0.4671149999999999
0.36195 0.4668991
0.3623 0.4665487
0.36265 0.466354
0.363 0.4660863
0.36335 0.4657965
0.3637 0.4655132
0.36405 0.465129
0.3644 0.4649301999999999
0.36475 0.4646255
0.3651 0.4643148
0.36545 0.4639867
0.3658 0.4636227
0.36615 0.463335
0.3665 0.4630224
0.36685 0.4626689999999999
0.3672 0.4623208
0.36755 0.4619866
0.3679 0.4616125
0.36825 0.4612582
0.3686 0.4608113
0.36895 0.4605369000000001
0.3693 0.4601224
0.36965 0.4597654
0.37 0.4592731
0.37035 0.4589372
0.3707 0.4584122
0.37105 0.4580795999999999
0.3714 0.4577482
0.37175 0.4572644
0.3721 0.456788
0.37245 0.4564446
0.3728 0.4558889
0.37315 0.4555684
0.3735 0.4549182
0.37385 0.454602
0.3742 0.4541064999999999
0.37455 0.4535497
0.3749 0.4527273
0.37525 0.4525953
0.3756 0.4517930999999999
0.37595 0.4517081
0.3763 0.4506391999999999
0.37665 0.4500413
0.377 0.4500413
0.37735 0.4495569
0.3777 0.4488781
0.37805 0.4482562
0.3784 0.4478585999999999
0.37875 0.4464699
0.3791 0.4464451
0.37945 0.4450744
0.3798 0.4446228
0.38015 0.4446228
0.3805 0.4438049
0.38085 0.4434927999999999
0.3812 0.4428725
0.38155 0.4421789
0.3819 0.4411558
0.38225 0.4403532
0.3826 0.4399603
0.38295 0.4393547
0.3833 0.4383832
0.38365 0.4378647
0.384 0.4369425
0.38435 0.4363109
0.3847 0.4354605
0.38505 0.4346552999999999
0.3854 0.4337787
0.38575 0.4328899999999999
0.3861 0.4319988
0.38645 0.4310424
0.3868 0.4300895999999999
0.38715 0.4290720999999999
0.3875 0.4280367999999999
0.38785 0.4270345999999999
0.3882 0.4260458
0.38855 0.4248949000000001
0.3889 0.4236215999999999
0.38925 0.4222755
0.3896 0.4213928
0.38995 0.4200601
0.3903 0.4188237
0.39065 0.4176667999999999
0.391 0.4162775999999999
0.39135 0.4149659
0.3917 0.4133595
0.39205 0.4119371
0.3924 0.4105144
0.39275 0.408784
0.3931 0.4072984
0.39345 0.4056832
0.3938 0.4039299
0.39415 0.4018922
0.3945 0.4002989
0.39485 0.3981557
0.3952 0.3963664
0.39555 0.3943561
0.3959 0.3919241
0.39625 0.3896146
0.3966 0.3874985
0.39695 0.3853700999999999
0.3973 0.3828422
0.39765 0.3802871
0.398 0.3774075999999999
0.39835 0.3751494999999999
0.3987 0.3718335
0.39905 0.3690853
0.3994 0.366548
0.39975 0.3633907
0.4001 0.3601574
0.40045 0.3567305
0.4008 0.3529615
0.40115 0.3474127
0.4015 0.3454100999999999
0.40185 0.3410299
0.4022 0.3354298
0.40255 0.3302594
0.4029 0.3229440999999999
0.40325 0.3138646
0.4036 0.3017222
0.40395 0.2879039
0.4043 0.2531806
0.40465 0.2531806
0.405 0.2795864999999999
0.40535 0.2954193
0.4057 0.3064075
0.40605 0.3149059
0.4064 0.3214850999999999
0.40675 0.326283
0.4071 0.3300945
0.40745 0.3333217
0.4078 0.3361153
0.40815 0.3386182
0.4085 0.3386182
0.40885 0.3409018
0.4092 0.3451057
0.40955 0.3470674
0.4099 0.3488226
0.41025 0.3506212
0.4106 0.3521879
0.41095 0.3537611
0.4113 0.3550657
0.41165 0.3566009
0.412 0.3576194
0.41235 0.3590799
0.4127 0.3601459
0.41305 0.3601459
0.4134 0.3613535
0.41375 0.3627885
0.4141 0.3642825999999999
0.41445 0.36513
0.4148 0.3656511
0.41515 0.3663135
0.4155 0.3663135
0.41585 0.3636966
0.4162 0.3636966
0.41655 0.3686572
0.4169 0.3695562
0.41725 0.3696847
0.4176 0.3702404
0.41795 0.3703252999999999
0.4183 0.3707190999999999
0.41865 0.3710119
0.419 0.3713667999999999
0.41935 0.3720607999999999
0.4197 0.3713667999999999
0.42005 0.3701622
0.4204 0.3701622
0.42075 0.3723892
0.4211 0.3732993
0.42145 0.3723892
0.4218 0.3723679
0.42215 0.3723679
0.4225 0.3727455999999999
0.42285 0.3735874
0.4232 0.3735874
0.42355 0.3726380999999999
0.4239 0.3726380999999999
0.42425 0.3730909
0.4246 0.3735587999999999
0.42495 0.373986
0.4253 0.3743546
0.42565 0.3743546
0.426 0.3723425999999999
0.42635 0.3723425999999999
0.4267 0.3730648
0.42705 0.3742422
0.4274 0.3743428
0.42775 0.3743428
0.4281 0.3740867
0.42845 0.3731383
0.4288 0.3728857
0.42915 0.3701504
0.4295 0.3714447999999999
0.42985 0.3714447999999999
0.4302 0.3714447999999999
0.43055 0.3725022
0.4309 0.3700738
0.43125 0.3708639999999999
0.4316 0.3708136
0.43195 0.3708639999999999
0.4323 0.3721397999999999
0.43265 0.3721397999999999
0.433 0.3716842
0.43335 0.3716185
0.4337 0.3707741
0.43405 0.3707672999999999
0.4344 0.3703427999999999
0.43475 0.3703068
0.4351 0.3703068
0.43545 0.3700731
0.4358 0.369481
0.43615 0.3692784
0.4365 0.368273
0.43685 0.3677091
0.4372 0.3677864999999999
0.43755 0.3677091
0.4379 0.3675303
0.43825 0.3672636
0.4386 0.3672523
0.43895 0.3667426
0.4393 0.3665983
0.43965 0.3651117
0.44 0.3644675
0.44035 0.3625720999999999
0.4407 0.3620762
0.44105 0.3620762
0.4414 0.3619522999999999
0.44175 0.3610262
0.4421 0.3610262
0.44245 0.3610262
0.4428 0.3622646
0.44315 0.3619113
0.4435 0.3619113
0.44385 0.3582285
0.4442 0.3582285
0.44455 0.3600171
0.4449 0.3600171
0.44525 0.357121
0.4456 0.357121
0.44595 0.3575186999999999
0.4463 0.3579353
0.44665 0.3579353
0.447 0.357672
0.44735 0.357001
0.4477 0.3568017
0.44805 0.356763
0.4484 0.3544216
0.44875 0.3562951
0.4491 0.3553012
0.44945 0.3553012
0.4498 0.3547544
0.45015 0.3545218
0.4505 0.3542299
0.45085 0.3527267
0.4512 0.3516885
0.45155 0.3514863
0.4519 0.3509309
0.45225 0.3512684
0.4526 0.3508737999999999
0.45295 0.3508737999999999
0.4533 0.3503789
0.45365 0.3495422
0.454 0.3495422
0.45435 0.34807
0.4547 0.3476968
0.45505 0.3476968
0.4554 0.3475676
0.45575 0.3456025
0.4561 0.343914
0.45645 0.3456025
0.4568 0.3436522
0.45715 0.344313
0.4575 0.3437575999999999
0.45785 0.3437575999999999
0.4582 0.343016
0.45855 0.3429991
0.4589 0.3423261
0.45925 0.340651
0.4596 0.3395755
0.45995 0.3399775
0.4603 0.3399775
0.46065 0.3399775
0.461 0.3397245
0.46135 0.3392903
0.4617 0.3388884
0.46205 0.3380532
0.4624 0.3373973
0.46275 0.3373434
0.4631 0.3368804999999999
0.46345 0.3358329
0.4638 0.3350953
0.46415 0.3349034999999999
0.4645 0.3340555
0.46485 0.3338171
0.4652 0.3315929999999999
0.46555 0.3315929999999999
0.4659 0.330903
0.46625 0.3290732999999999
0.4666 0.3283475999999999
0.46695 0.3283475999999999
0.4673 0.3276083
0.46765 0.3235725
0.468 0.3227952
0.46835 0.3221802
0.4687 0.316637
0.46905 0.3090467
0.4694 0.316637
0.46975 0.3215462999999999
0.4701 0.3215462999999999
0.47045 0.3215462999999999
0.4708 0.3206264
0.47115 0.3192634
0.4715 0.3181908
0.47185 0.315141
0.4722 0.3090802
0.47255 0.3089442
0.4729 0.3089442
0.47325 0.314454
0.4736 0.315371
0.47395 0.314454
0.4743 0.3140587999999999
0.47465 0.3113554
0.475 0.3137349
0.47535 0.2797299
0.4757 0.3132199
0.47605 0.308369
0.4764 0.308369
0.47675 0.308369
0.4771 0.3051832
0.47745 0.3088624
0.4778 0.3060904
0.47815 0.307048
0.4785 0.3063361
0.47885 0.3063361
0.4792 0.30484
0.47955 0.3042448
0.4799 0.3033017
0.48025 0.3028477
0.4806 0.3019602
0.48095 0.3008792
0.4813 0.3000704
0.48165 0.2980991
0.482 0.2964348
0.48235 0.2949394
0.4827 0.2949394
0.48305 0.2929489
0.4834 0.2887825
0.48375 0.2859112
0.4841 0.2859112
0.48445 0.2818231
0.4848 0.2735617
0.48515 0.2774444
0.4855 0.2774444
0.48585 0.2774444
0.4862 0.2790179
0.48655 0.2790179
0.4869 0.2820255
0.48725 0.2820255
0.4876 0.2730525
0.48795 0.2720137
0.4883 0.2730525
0.48865 0.2720137
0.489 0.281323
0.48935 0.2657365
0.4897 0.2801472
0.49005 0.2777404
0.4904 0.2777404
0.49075 0.2725487
0.4911 0.2725487
0.49145 0.2725487
0.4918 0.274449
0.49215 0.271414
0.4925 0.270711
0.49285 0.2634629
0.4932 0.2634629
0.49355 0.2634629
0.4939 0.2633159
0.49425 0.2633159
0.4946 0.2628658
0.49495 0.2649895
0.4953 0.2630444
0.49565 0.2636425
0.496 0.2630444
0.49635 0.2622570999999999
0.4967 0.2619874
0.49705 0.2610631
0.4974 0.2591274
0.49775 0.2574912
0.4981 0.2556719999999999
0.49845 0.2538808
0.4988 0.2534275
0.49915 0.2534275
0.4995 0.2534275
0.49985 0.2526967
0.50055 0.2401334
0.5009 0.2401334
0.50125 0.2460775999999999
0.5016 0.2460775999999999
0.50195 0.2444715999999999
0.5023 0.2431175
0.50265 0.2358703
0.503 0.1933292999999999
0.50335 0.2083512
0.5037 0.2083512
0.50405 0.2104514
0.5044 0.2330203999999999
0.50475 0.2330203999999999
0.5051 0.2358927
0.50545 0.2358927
0.5058 0.2343657999999999
0.50615 0.2343657999999999
0.5065 0.226832
0.50685 0.2184623999999999
0.5072 0.2184623999999999
0.50755 0.2212877999999999
0.5079 0.2212877999999999
0.50825 0.2212877999999999
0.5086 0.2229471
0.50895 0.2229471
0.5093 0.2221090999999999
0.50965 0.2196304999999999
0.51 0.2196304999999999
0.51035 0.2205079999999999
0.5107 0.2205079999999999
0.51105 0.2192724
0.5114 0.2186796
0.51175 0.2181267
0.5121 0.2181267
0.51245 0.2213159
0.5128 0.2213159
0.51315 0.2158143
0.5135 0.2158143
0.51385 0.2150737
0.5142 0.2150737
0.51455 0.2150737
0.5149 0.2117567999999999
0.51525 0.2155337
0.5156 0.2154006
0.51595 0.2154006
0.5163 0.2134123
0.51665 0.2134123
0.517 0.2134123
0.51735 0.2119086
0.5177 0.2108897999999999
0.51805 0.2097012999999999
0.5184 0.2097012999999999
0.51875 0.2095797
0.5191 0.2095797
0.51945 0.2073716
0.5198 0.2069044
0.52015 0.2058645
0.5205 0.2058645
0.52085 0.2052511
0.5212 0.2043371
0.52155 0.2040489
0.5219 0.2022634
0.52225 0.2017326
0.5226 0.2005976
0.52295 0.2005775
0.5233 0.1874594
0.52365 0.1874594
0.524 0.1857081
0.52435 0.1959328
0.5247 0.1953888999999999
0.52505 0.1953888999999999
0.5254 0.1953888999999999
0.52575 0.1938862999999999
0.5261 0.1916869
0.52645 0.1912684
0.5268 0.189573
0.52715 0.1878849
0.5275 0.1873872999999999
0.52785 0.1872687
0.5282 0.1868253
0.52855 0.1868253
0.5289 0.1846954999999999
0.52925 0.1832417
0.5296 0.1804252
0.52995 0.1821678
0.5303 0.1797637
0.53065 0.178301
0.531 0.178301
0.53135 0.1785723
0.5317 0.1785723
0.53205 0.1741997
0.5324 0.1729941
0.53275 0.1733491
0.5331 0.1731502999999999
0.53345 0.173175
0.5338 0.1731502999999999
0.53415 0.1726242
0.5345 0.1718394
0.53485 0.1697104
0.5352 0.1689516
0.53555 0.1681145
0.5359 0.1663321
0.53625 0.1663321
0.5366 0.1654132999999999
0.53695 0.1633757
0.5373 0.1633757
0.53765 0.1621247999999999
0.538 0.1613391
0.53835 0.159949
0.5387 0.157399
0.53905 0.1565308
0.5394 0.1556195
0.53975 0.1532297
0.5401 0.1532297
0.54045 0.1480982
0.5408 0.1458148
0.54115 0.1458148
0.5415 0.1435686
0.54185 0.1418277
0.5422 0.1413482999999999
0.54255 0.1405651
0.5429 0.1397993
0.54325 0.1389571
0.5436 0.1385187
0.54395 0.1385187
0.5443 0.139619
0.54465 0.1411575
0.545 0.1411575
0.54535 0.1411056
0.5457 0.1411056
0.54605 0.1411056
0.5464 0.1367489
0.54675 0.1367489
0.5471 0.1367489
0.54745 0.1397932
0.5478 0.1386533999999999
0.54815 0.1397932
0.5485 0.1402381
0.54885 0.1402381
0.5492 0.1395111
0.54955 0.1370501
0.5499 0.1329858
0.55025 0.1356664
0.5506 0.1352934999999999
0.55095 0.1352934999999999
0.5513 0.1345693
0.55165 0.1336713
0.552 0.1326168999999999
0.55235 0.1322489
0.5527 0.1315463
0.55305 0.1313687999999999
0.5534 0.1301739
0.55375 0.1301739
0.5541 0.1288561
0.55445 0.1270532
0.5548 0.1270532
0.55515 0.1270532
0.5555 0.1251499
0.55585 0.1263805
0.5562 0.1248632
0.55655 0.1248632
0.5569 0.1209487
0.55725 0.1209487
0.5576 0.1215398999999999
0.55795 0.1219294
0.5583 0.1215398999999999
0.55865 0.1209418
0.559 0.1205112
0.55935 0.1202326
0.5597 0.1195413
0.56005 0.1188386999999999
0.5604 0.1176908
0.56075 0.1175848999999999
0.5611 0.1166239
0.56145 0.1160732
0.5618 0.1149521
0.56215 0.1149168
0.5625 0.1136642
0.56285 0.1130864
0.5632 0.1130398
0.56355 0.1120694999999999
0.5639 0.1113779
0.56425 0.1101295
0.5646 0.1092874
0.56495 0.1092874
0.5653 0.1080418999999999
0.56565 0.1076280999999999
0.566 0.107528
0.56635 0.1042505
0.5667 0.1036486
0.56705 0.1036486
0.5674 0.10288
0.56775 0.10288
0.5681 0.0924377
0.56845 0.0924377
0.5688 0.0949758999999999
0.56915 0.0978248
0.5695 0.0949758999999999
0.56985 0.0813931
0.5702 0.0813931
0.57055 0.0994863999999999
0.5709 0.0994863999999999
0.57125 0.0957047
0.5716 0.0957047
0.57195 0.0970684
0.5723 0.0970684
0.57265 0.0954163
0.573 0.0954163
0.57335 0.0887408
0.5737 0.1189071
0.57405 0.0888392
0.5744 0.0888392
0.57475 0.0738606
0.5751 0.0738606
0.57545 0.0836003
0.5758 0.0922878
0.57615 0.0922878
0.5765 0.0901533
0.57685 0.0837177
0.5772 0.0875968999999999
0.57755 0.0875968999999999
0.5779 0.0875968999999999
0.57825 0.0878608999999999
0.5786 0.0852779
0.57895 0.0852729
0.5793 0.0852729
0.57965 0.0852729
0.58 0.0840414999999999
0.58035 0.0836317999999999
0.5807 0.0804711999999999
0.58105 0.0804711999999999
0.5814 0.081403
0.58175 0.081403
0.5821 0.0808706
0.58245 0.0797698999999999
0.5828 0.0778372
0.58315 0.0766927
0.5835 0.0761215
0.58385 0.0753818
0.5842 0.0752487
0.58455 0.0752487
0.5849 0.0728757
0.58525 0.0728757
0.5856 0.0728828
0.58595 0.0728828
0.5863 0.0773204
0.58665 0.0733041999999999
0.587 0.0733041999999999
0.58735 0.0715871999999999
0.5877 0.0654001999999999
0.58805 0.0563022
0.5884 0.0563022
0.58875 0.0553050999999999
0.5891 0.0553050999999999
0.58945 0.0553050999999999
0.5898 0.0404461
0.59015 0.0404461
0.5905 0.0634111
0.59085 0.0634111
0.5912 0.0630568
0.59155 0.0630568
0.5919 0.0672698
0.59225 0.0672698
0.5926 0.0672698
0.59295 0.068025
0.5933 0.068025
0.59365 0.0516661999999999
0.594 0.0516661999999999
0.59435 0.0516661999999999
0.5947 0.0531379
0.59505 0.058271
0.5954 0.0631703
0.59575 0.0631703
0.5961 0.0631703
0.59645 0.0693672
0.5968 0.0700298
0.59715 0.0700298
0.5975 0.0700298
0.59785 0.0676181
0.5982 0.0676181
0.59855 0.0643579
0.5989 0.0643579
0.59925 0.0631420999999999
0.5996 0.0631420999999999
0.59995 0.0709476
0.6003 0.0709476
0.60065 0.047569
0.601 0.047569
0.60135 0.070426
0.6017 0.0744182999999999
0.60205 0.0744182999999999
0.6024 0.0766376999999999
0.60275 0.0766376999999999
0.6031 0.0693962
0.60345 0.0693962
0.6038 0.0748669999999999
0.60415 0.0748669999999999
0.6045 0.0748669999999999
0.60485 0.0667816
0.6052 0.0777681
0.60555 0.0799878999999999
0.6059 0.0799878999999999
0.60625 0.0799878999999999
0.6066 0.0786203
0.60695 0.0771039999999999
0.6073 0.0771039999999999
0.60765 0.0771039999999999
0.608 0.076871
0.60835 0.076871
0.6087 0.076871
0.60905 0.0790222
0.6094 0.0764648999999999
0.60975 0.0769934999999999
0.6101 0.0769934999999999
0.61045 0.0782798
0.6108 0.0782883
0.61115 0.0782883
0.6115 0.079123
0.61185 0.079123
0.6122 0.079123
0.61255 0.0770733999999999
0.6129 0.0749309
0.61325 0.0749309
0.6136 0.0749309
0.61395 0.0730092
0.6143 0.0730092
0.61465 0.0730092
0.615 0.0690351
0.61535 0.0690351
0.6157 0.0738708
0.61605 0.0738708
0.6164 0.0685358
0.61675 0.0684631999999999
0.6171 0.0684631999999999
0.61745 0.0684263
0.6178 0.0666297
0.61815 0.0640505
0.6185 0.0639610999999999
0.61885 0.0639610999999999
0.6192 0.0639610999999999
0.61955 0.063636
0.6199 0.0629006
0.62025 0.050838
0.6206 0.050838
0.62095 0.0650945
0.6213 0.06575
0.62165 0.06754
0.622 0.0689808
0.62235 0.0709422
0.6227 0.0722582
0.62305 0.0731849
0.6234 0.0738624
0.62375 0.0743064
0.6241 0.0766944
0.62445 0.0766944
0.6248 0.0775534
0.62515 0.0788446
0.6255 0.0788446
0.62585 0.0791823
0.6262 0.0801332
0.62655 0.0801332
0.6269 0.0801332
0.62725 0.0806103
0.6276 0.0806103
0.62795 0.0811728
0.6283 0.0802654
0.62865 0.0813062
0.629 0.0814579
0.62935 0.0814579
0.6297 0.0815653
0.63005 0.0817465
0.6304 0.0817465
0.63075 0.0809256
0.6311 0.0801202999999999
0.63145 0.0756672
0.6318 0.0720179
0.63215 0.0720179
0.6325 0.0792723999999999
0.63285 0.0795408
0.6332 0.0795408
0.63355 0.0790736
0.6339 0.0790736
0.63425 0.0802341999999999
0.6346 0.0802341999999999
0.63495 0.0802483
0.6353 0.0802483
0.63565 0.0802483
0.636 0.0800516
0.63635 0.0800516
0.6367 0.077986
0.63705 0.077986
0.6374 0.077986
0.63775 0.0699029
0.6381 0.0706927
0.63845 0.0706927
0.6388 0.0706927
0.63915 0.0760211
0.6395 0.0760211
0.63985 0.0770613
0.6402 0.0796176
0.64055 0.0796176
0.6409 0.078058
0.64125 0.0776451
0.6416 0.0755633999999999
0.64195 0.0776451
0.6423 0.0784921
0.64265 0.0784921
0.643 0.0779689
0.64335 0.0779689
0.6437 0.0708661999999999
0.64405 0.0626294999999999
0.6444 0.0626294999999999
0.64475 0.0720866
0.6451 0.0720866
0.64545 0.0720866
0.6458 0.0464131
0.64615 0.025214
0.6465 0.025214
0.64685 0.0554327
0.6472 0.064141
0.64755 0.064141
0.6479 0.0636241
0.64825 0.0541550999999999
0.6486 0.0541550999999999
0.64895 0.0661785
0.6493 0.0697432
0.64965 0.0754133
0.65 0.0754133
0.65035 0.0759846
0.6507 0.0686102
0.65105 0.0519494
0.6514 0.0519494
0.65175 0.0519494
0.6521 0.0603057
0.65245 0.0690705
0.6528 0.0690705
0.65315 0.0706808999999999
0.6535 0.049829
0.65385 0.0745571
0.6542 0.0549237
0.65455 0.0704872
0.6549 0.0704872
0.65525 0.0704872
0.6556 0.0558079
0.65595 0.0509941999999999
0.6563 0.0558079
0.65665 0.0658641
0.657 0.0658641
0.65735 0.0598625999999999
0.6577 0.0598625999999999
0.65805 0.0683841
0.6584 0.0683841
0.65875 0.0683841
0.6591 0.0705539999999999
0.65945 0.0705539999999999
0.6598 0.0600906999999999
0.66015 0.0600906999999999
0.6605 0.0733489
0.66085 0.0733489
0.6612 0.0624697
0.66155 0.0624697
0.6619 0.0682187
0.66225 0.0682187
0.6626 0.0699479
0.66295 0.0699479
0.6633 0.0699479
0.66365 0.0702212
0.664 0.0694785
0.66435 0.0701672
0.6647 0.0701672
0.66505 0.0701672
0.6654 0.0701004
0.66575 0.0701004
0.6661 0.0650015999999999
0.66645 0.0682803999999999
0.6668 0.0682803999999999
0.66715 0.0682803999999999
0.6675 0.0685981
0.66785 0.0685981
0.6682 0.0685981
0.66855 0.0618608
0.6689 0.0618608
0.66925 0.0692011999999999
0.6696 0.0713294999999999
0.66995 0.0692011999999999
0.6703 0.0710419
0.67065 0.0710419
0.671 0.0710419
0.67135 0.0732557
0.6717 0.0710978
0.67205 0.0722374
0.6724 0.0710978
0.67275 0.0722374
0.6731 0.0732383
0.67345 0.0732383
0.6738 0.0730353
0.67415 0.0727968
0.6745 0.0701667
0.67485 0.0701667
0.6752 0.0701667
0.67555 0.0681161
0.6759 0.0709272
0.67625 0.0681161
0.6766 0.0709272
0.67695 0.0690693999999999
0.6773 0.0740787
0.67765 0.070241
0.678 0.070241
0.67835 0.0700002
0.6787 0.0700002
0.67905 0.0709466
0.6794 0.0709466
0.67975 0.0703005
0.6801 0.0703005
0.68045 0.0703005
0.6808 0.0644778
0.68115 0.0644778
0.6815 0.0673666999999999
0.68185 0.069793
0.6822 0.0691677
0.68255 0.0691677
0.6829 0.0609813
0.68325 0.0609813
0.6836 0.0627463
0.68395 0.0627463
0.6843 0.0641623
0.68465 0.0641623
0.685 0.0653076
0.68535 0.0664038
0.6857 0.067275
0.68605 0.067275
0.6864 0.0665861
0.68675 0.0653637
0.6871 0.0653637
0.68745 0.0653637
0.6878 0.0679926
0.68815 0.0635953
0.6885 0.0635953
0.68885 0.0629788
0.6892 0.0629788
0.68955 0.0501685
0.6899 0.0615900999999999
0.69025 0.0611566
0.6906 0.0615900999999999
0.69095 0.0649778
0.6913 0.0652138
0.69165 0.0652138
0.692 0.0305118
0.69235 0.0305118
0.6927 0.0403654
0.69305 0.0403654
0.6934 0.0367481999999999
0.69375 0.016485
0.6941 0.0367481999999999
0.69445 0.0371685
0.6948 0.0544302
0.69515 0.0544302
0.6955 0.0483746
0.69585 0.0483746
0.6962 0.0463805
0.69655 0.0493083
0.6969 0.0489712
0.69725 0.0493083
0.6976 0.0489712
0.69795 0.0465926
0.6983 0.0465926
0.69865 0.0465926
0.699 0.0496842
0.69935 0.0496842
0.6997 0.0496842
0.70005 0.03342
0.7004 0.0316457
0.70075 0.0316457
0.7011 0.0437601
0.70145 0.0437601
0.7018 0.0395654999999999
0.70215 0.0395654999999999
0.7025 0.0395654999999999
0.70285 0.0289987
0.7032 0.0289987
0.70355 0.0380783
0.7039 0.0501664
0.70425 0.0380783
0.7046 0.0407174
0.70495 0.0356173
0.7053 0.0407174
0.70565 0.0490978
0.706 0.0490978
0.70635 0.0406635999999999
0.7067 0.0406635999999999
0.70705 0.0406635999999999
0.7074 0.0415718
0.70775 0.0290885
0.7081 0.0415718
0.70845 0.0290885
0.7088 0.0519295999999999
0.70915 0.0282718
0.7095 0.0364314
0.70985 0.0364314
0.7102 0.0484518
0.71055 0.0484518
0.7109 0.0196046
0.71125 0.0196046
0.7116 0.0297829
0.71195 0.041799
0.7123 0.041799
0.71265 0.0337147
0.713 0.0337147
0.71335 0.031257
0.7137 0.0340457
0.71405 0.031257
0.7144 0.0254225
0.71475 0.0254225
0.7151 0.0468139
0.71545 0.0468139
0.7158 0.0378082
0.71615 0.0237109
0.7165 0.0086988
0.71685 0.0086988
0.7172 0.0099702
0.71755 0.0099702
0.7179 0.0099702
0.71825 0.0214759
0.7186 0.0214759
0.71895 0.0070185
0.7193 0.0063246
0.71965 0.0070185
0.72 0.0074699
0.72035 0.0129041
0.7207 0.0184041
0.72105 0.0184041
0.7214 0.0188474
0.72175 0.0090526
0.7221 0.0238877
0.72245 0.0198185
0.7228 0.0198185
0.72315 0.0101633
0.7235 0.0064908999999999
0.72385 0.0064908999999999
0.7242 0.0064908999999999
0.72455 0.0100913
0.7249 0.0100913
0.72525 0.0100913
0.7256 0.0092687
0.72595 0.0077466
0.7263 0.0054028
0.72665 0.0077466
0.727 0.0041233999999999
0.72735 0.0131826
0.7277 0.0115575
0.72805 0.0131826
0.7284 0.0154478999999999
0.72875 0.0177717999999999
0.7291 0.0177717999999999
0.72945 0.0128414
0.7298 0.0105093
0.73015 0.0117083
0.7305 0.0117083
0.73085 0.0117083
0.7312 0.0155017
0.73155 0.0113312999999999
0.7319 0.0155017
0.73225 0.010334
0.7326 0.010334
0.73295 0.0081355
0.7333 0.0048296999999999
0.73365 0.0048296999999999
0.734 0.0080933
0.73435 0.0168064
0.7347 0.0168064
0.73505 0.0261420999999999
0.7354 0.0314295
0.73575 0.0314295
0.7361 0.0250569
0.73645 0.0180074
0.7368 0.0180074
0.73715 0.0180074
0.7375 0.0132589
0.73785 0.0329527
0.7382 0.0243982
0.73855 0.0243982
0.7389 0.0169736999999999
0.73925 0.0169736999999999
0.7396 0.01663
0.73995 0.01663
0.7403 0.0110937
0.74065 0.0110937
0.741 0.0267843
0.74135 0.0306962
0.7417 0.0333097
0.74205 0.0469763
0.7424 0.0469763
0.74275 0.0509133
0.7431 0.0509133
0.74345 0.0509133
0.7438 0.0340428
0.74415 0.0326912
0.7445 0.0326912
0.74485 0.037656
0.7452 0.037656
0.74555 0.0395688
0.7459 0.0262294
0.74625 0.0384619
0.7466 0.0384619
0.74695 0.0384619
0.7473 0.0394794
0.74765 0.0394794
0.748 0.0394794
0.74835 0.0398291999999999
0.7487 0.0383142
0.74905 0.035459
0.7494 0.035459
0.74975 0.0412453
0.7501 0.0432923
0.75045 0.0432923
0.7508 0.0419293
0.75115 0.0405659
0.7515 0.0405659
0.75185 0.0376879
0.7522 0.0357457
0.75255 0.0376879
0.7529 0.033886
0.75325 0.0407736
0.7536 0.035356
0.75395 0.0407736
0.7543 0.0385506
0.75465 0.0410035
0.755 0.0407782
0.75535 0.0407782
0.7557 0.040518
0.75605 0.0398921999999999
0.7564 0.0394715
0.75675 0.039497
0.7571 0.0340792
0.75745 0.0336514
0.7578 0.0336514
0.75815 0.0343131999999999
0.7585 0.0365015
0.75885 0.0365015
0.7592 0.0362201
0.75955 0.0362020999999999
0.7599 0.0358604
0.76025 0.0351793
0.7606 0.0330303
0.76095 0.0330303
0.7613 0.0334529
0.76165 0.0334529
0.762 0.0326898
0.76235 0.0321058
0.7627 0.0315065
0.76305 0.0311522999999999
0.7634 0.0303471
0.76375 0.0298028
0.7641 0.0296689
0.76445 0.0285559
0.7648 0.0285559
0.76515 0.0284800999999999
0.7655 0.0278343
0.76585 0.0266377
0.7662 0.0266377
0.76655 0.0259192
0.7669 0.0259192
0.76725 0.0281017999999999
0.7676 0.0281017999999999
0.76795 0.0273498
0.7683 0.0267566
0.76865 0.0267566
0.769 0.0285657
0.76935 0.0285657
0.7697 0.0265605
0.77005 0.0265605
0.7704 0.0280239
0.77075 0.0280239
0.7711 0.0283712999999999
0.77145 0.0283712999999999
0.7718 0.0288682
0.77215 0.0290531999999999
0.7725 0.0295163999999999
0.77285 0.0295163999999999
0.7732 0.0291218
0.77355 0.0291218
0.7739 0.0302219
0.77425 0.0306717
0.7746 0.0312948
0.77495 0.0318567
0.7753 0.0318567
0.77565 0.0318567
0.776 0.032493
0.77635 0.032493
0.7767 0.0309483
0.77705 0.0309483
0.7774 0.0314643
0.77775 0.0314643
0.7781 0.0314643
0.77845 0.0297429
0.7788 0.0340729
0.77915 0.0344506999999999
0.7795 0.0344506999999999
0.77985 0.0328214999999999
0.7802 0.0328214999999999
0.78055 0.0283596999999999
0.7809 0.0283596999999999
0.78125 0.0262223
0.7816 0.0262223
0.78195 0.0271225
0.7823 0.0271225
0.78265 0.0267444
0.783 0.0267444
0.78335 0.0268855
0.7837 0.028599
0.78405 0.0268855
0.7844 0.0202917
0.78475 0.0202917
0.7851 0.032636
0.78545 0.032636
0.7858 0.032636
0.78615 0.037469
0.7865 0.037469
0.78685 0.0218477
0.7872 0.0218477
0.78755 0.0244375
0.7879 0.0296841999999999
0.78825 0.0296841999999999
0.7886 0.0296841999999999
0.78895 0.0256747
0.7893 0.0256747
0.78965 0.0306885999999999
0.79 0.0306885999999999
0.79035 0.0312521
0.7907 0.0300109
0.79105 0.0324803
0.7914 0.0324803
0.79175 0.0324803
0.7921 0.0294188
0.79245 0.0294188
0.7928 0.0273139999999999
0.79315 0.0306418
0.7935 0.0262437
0.79385 0.0285445999999999
0.7942 0.02821
0.79455 0.02821
0.7949 0.0245950999999999
0.79525 0.0179862
0.7956 0.0245950999999999
0.79595 0.012412
0.7963 0.012412
0.79665 0.012412
0.797 0.0189201
0.79735 0.0189201
0.7977 0.0268113
0.79805 0.0246774
0.7984 0.0268113
0.79875 0.0273593
0.7991 0.0276645999999999
0.79945 0.0276645999999999
0.7998 0.021314
0.80015 0.021314
0.8005 0.0258875999999999
0.80085 0.0304034
0.8012 0.0258875999999999
0.80155 0.0255062
0.8019 0.0184171
0.80225 0.0177123
0.8026 0.0177123
0.80295 0.0256649999999999
0.8033 0.0256649999999999
0.80365 0.0238726
0.804 0.0238726
0.80435 0.0264515999999999
0.8047 0.0278685
0.80505 0.028217
0.8054 0.028217
0.80575 0.0281734
0.8061 0.0116083
0.80645 0.0116083
0.8068 0.012202
0.80715 0.018793
0.8075 0.018793
0.80785 0.0146616
0.8082 0.0146616
0.80855 0.0311694
0.8089 0.0311694
0.80925 0.0100542
0.8096 0.0100542
0.80995 0.0113372
0.8103 0.0184017
0.81065 0.0184017
0.811 0.0165009
0.81135 0.0153875
0.8117 0.0153875
0.81205 0.0137402999999999
0.8124 0.0116998
0.81275 0.0137402999999999
0.8131 0.0084199
0.81345 0.0124747
0.8138 0.0124747
0.81415 0.0124747
0.8145 0.0085355
0.81485 0.0035296999999999
0.8152 0.0035296999999999
0.81555 0.0141699999999999
0.8159 0.0141699999999999
0.81625 0.0006743
0.8166 0.0006743
0.81695 0.0161855
0.8173 0.0190739
0.81765 0.0190739
0.818 0.0182655999999999
0.81835 0.0182655999999999
0.8187 0.0182655999999999
0.81905 0.0265755999999999
0.8194 0.0265221
0.81975 0.0265221
0.8201 0.0220382
0.82045 0.016881
0.8208 0.0179141
0.82115 0.0179141
0.8215 0.0255893
0.82185 0.025786
0.8222 0.025786
0.82255 0.025336
0.8229 0.0091375
0.82325 0.0035954
0.8236 0.0035954
0.82395 0.0035954
0.8243 0.0206428
0.82465 0.0206428
0.825 0.0263537
0.82535 0.0233625
0.8257 0.0286441
0.82605 0.0233625
0.8264 0.0224462
0.82675 0.0224462
0.8271 0.0224462
0.82745 0.0132813
0.8278 0.0100133
0.82815 0.0132813
0.8285 0.0193922
0.82885 0.0193922
0.8292 0.0193922
0.82955 0.0215632999999999
0.8299 0.0215632999999999
0.83025 0.0087729
0.8306 0.0087729
0.83095 0.0119376
0.8313 0.0223059
0.83165 0.0119376
0.832 0.0104657999999999
0.83235 0.0104657999999999
0.8327 0.0114716
0.83305 0.017799
0.8334 0.0154176
0.83375 0.0154176
0.8341 0.0040433
0.83445 0.0040433
0.8348 0.0040433
0.83515 0.0210562
0.8355 0.0162977
0.83585 0.0162977
0.8362 0.0138191
0.83655 0.0123511
0.8369 0.0123511
0.83725 0.0080194999999999
0.8376 0.0054915
0.83795 0.0054915
0.8383 0.0111111
0.83865 0.0202247
0.839 0.0209475
0.83935 0.0209475
0.8397 0.0180679
0.84005 0.0156535
0.8404 0.0140764999999999
0.84075 0.0140764999999999
0.8411 0.0131335
0.84145 0.0144425
0.8418 0.0131335
0.84215 0.0144425
0.8425 0.0227542
0.84285 0.026592
0.8432 0.026592
0.84355 0.0342991999999999
0.8439 0.0228218
0.84425 0.0208307
0.8446 0.0208307
0.84495 0.0285299
0.8453 0.0285299
0.84565 0.0311572
0.846 0.0305062
0.84635 0.0305062
0.8467 0.0305062
0.84705 0.031345
0.8474 0.031345
0.84775 0.0190934
0.8481 0.0190934
0.84845 0.0245902
0.8488 0.0284037
0.84915 0.0284037
0.8495 0.0284037
0.84985 0.0282985
0.8502 0.0282985
0.85055 0.0282985
0.8509 0.0280775
0.85125 0.0280775
0.8516 0.028994
0.85195 0.0325226
0.8523 0.0325226
0.85265 0.0306844
0.853 0.0305285
0.85335 0.0155687999999999
0.8537 0.0278156
0.85405 0.0214473
0.8544 0.0278156
0.85475 0.0308637
0.8551 0.0308637
0.85545 0.0257932
0.8558 0.0257932
0.85615 0.0251465
0.8565 0.0243027
0.85685 0.0236482
0.8572 0.0224439
0.85755 0.0224439
0.8579 0.0302744
0.85825 0.0302744
0.8586 0.0192464
0.85895 0.0181833
0.8593 0.0192464
0.85965 0.0175956
0.86 0.0138596
0.86035 0.0128206999999999
0.8607 0.0128206999999999
0.86105 0.0110709
0.8614 0.0108687
0.86175 0.0102142
0.8621 0.009237
0.86245 0.009237
0.8628 0.0085026
0.86315 0.0093127
0.8635 0.0093032999999999
0.86385 0.0093032999999999
0.8642 0.0087167
0.86455 0.0086738999999999
0.8649 0.0087167
0.86525 0.0092032
0.8656 0.0099864999999999
0.86595 0.0111142999999999
0.8663 0.0115109
0.86665 0.0115109
0.867 0.0100142999999999
0.86735 0.0100142999999999
0.8677 0.0102459
0.86805 0.0141276
0.8684 0.0152645
0.86875 0.0154915
0.8691 0.0171509
0.86945 0.0174837
0.8698 0.0174837
0.87015 0.0174837
0.8705 0.0165516
0.87085 0.0170964
0.8712 0.0162164
0.87155 0.0170964
0.8719 0.0200742
0.87225 0.0228660999999999
0.8726 0.0200742
0.87295 0.0161839
0.8733 0.0161839
0.87365 0.0205119
0.874 0.0205283
0.87435 0.0209653
0.8747 0.0209713
0.87505 0.0209653
0.8754 0.0209713
0.87575 0.0161109
0.8761 0.0205919
0.87645 0.0185135999999999
0.8768 0.0185135999999999
0.87715 0.0165372999999999
0.8775 0.012157
0.87785 0.0125724
0.8782 0.012157
0.87855 0.0125724
0.8789 0.0066885
0.87925 0.0066985
0.8796 0.0066885
0.87995 0.0065463
0.8803 0.0057423
0.88065 0.0056953
0.881 0.0041575
0.88135 0.0039067
0.8817 0.0027975
0.88205 0.0019762
0.8824 0.0012702
0.88275 0.0012702
0.8831 0.0012702
0.88345 0.0012599
0.8838 0.001246
0.88415 0.0012599
0.8845 0.001522
0.88485 0.0017594
0.8852 0.0020182999999999
0.88555 0.0020182999999999
0.8859 0.0018425
0.88625 0.0014573
0.8866 0.0008627
0.88695 0.0007497999999999
0.8873 0.0007497999999999
0.88765 0.0007497999999999
0.888 0.0008249
0.88835 0.0009282
0.8887 0.0011325999999999
0.88905 0.0009282
0.8894 0.001213
0.88975 0.0012527999999999
0.8901 0.0014119999999999
0.89045 0.0013243
0.8908 0.0013243
0.89115 0.0012961
0.8915 0.0012961
0.89185 0.0011677
0.8922 0.0013169
0.89255 0.0013169
0.8929 0.0013628
0.89325 0.0013628
0.8936 0.0013197
0.89395 0.001242
0.8943 0.0011955
0.89465 0.0011955
0.895 0.0011955
0.89535 0.0011557
0.8957 0.0011557
0.89605 0.0012557
0.8964 0.0013494
0.89675 0.0016317999999999
0.8971 0.0016317999999999
0.89745 0.0016795999999999
0.8978 0.0016795999999999
0.89815 0.0019351
0.8985 0.0019351
0.89885 0.001635
0.8992 0.0006752999999999
0.89955 0.0006752999999999
0.8999 0.0005019
0.90025 0.0005019
0.9006 0.0005019
0.90095 0.0013437999999999
0.9013 0.0023647
0.90165 0.0033359
0.902 0.0033359
0.90235 0.0032896
0.9027 0.0032896
0.90305 0.0030109
0.9034 0.0036338
0.90375 0.0036338
0.9041 0.0053013
0.90445 0.0057561999999999
0.9048 0.008319
0.90515 0.008319
0.9055 0.0062677
0.90585 0.0062677
0.9062 0.0058336
0.90655 0.0077678
0.9069 0.0058336
0.90725 0.0076663
0.9076 0.0076663
0.90795 0.0076663
0.9083 0.008055
0.90865 0.0038274
0.909 0.0081953999999999
0.90935 0.0038274
0.9097 0.0039942
0.91005 0.0030183
0.9104 0.003129
0.91075 0.003129
0.9111 0.0035266
0.91145 0.0037251
0.9118 0.0035266
0.91215 0.0037251
0.9125 0.007406
0.91285 0.007406
0.9132 0.007406
0.91355 0.0044446999999999
0.9139 0.0080826
0.91425 0.0019334
0.9146 0.0070574
0.91495 0.0030718
0.9153 0.0037101
0.91565 0.0037101
0.916 0.0037101
0.91635 0.0048455
0.9167 0.002252
0.91705 0.0019999
0.9174 0.0017194
0.91775 0.0017194
0.9181 0.0014527
0.91845 0.0014527
0.9188 0.0041234999999999
0.91915 0.0041234999999999
0.9195 0.0010907
0.91985 0.0010907
0.9202 0.0099967999999999
0.92055 0.0099967999999999
0.9209 0.0093767
0.92125 0.005423
0.9216 0.0034013
0.92195 0.005423
0.9223 0.0059985
0.92265 0.0072039
0.923 0.0072039
0.92335 0.0039159
0.9237 0.0027544
0.92405 0.0039159
0.9244 0.0025346
0.92475 0.0074836
0.9251 0.0074836
0.92545 0.0074836
0.9258 0.0068847
0.92615 0.0038778
0.9265 0.0038038
0.92685 0.0038038
0.9272 0.0028104
0.92755 0.0028104
0.9279 0.0015635
0.92825 0.0033431999999999
0.9286 0.002649
0.92895 0.004202
0.9293 0.0031685
0.92965 0.0031685
0.93 0.0009045
0.93035 0.0009045
0.9307 0.0005924
0.93105 0.0016335
0.9314 0.0011602
0.93175 0.0017239
0.9321 0.0020164
0.93245 0.0020164
0.9328 0.0024129
0.93315 0.0025073
0.9335 0.0025073
0.93385 0.0009412
0.9342 0.0007147999999999
0.93455 0.0005778
0.9349 0.0007147999999999
0.93525 0.0005778
0.9356 0.0011424
0.93595 0.0017554
0.9363 0.0018018
0.93665 0.0017554
0.937 0.0014880999999999
0.93735 0.0014880999999999
0.9377 0.0007659
0.93805 0.0007659
0.9384 0.0007659
0.93875 0.0022011
0.9391 0.0022011
0.93945 0.0023057
0.9398 0.0015122
0.94015 0.0024002
0.9405 0.0009847
0.94085 0.0024002
0.9412 0.0030079
0.94155 0.0030079
0.9419 0.0029406
0.94225 0.00261
0.9426 0.00261
0.94295 0.0006217
0.9433 0.0006217
0.94365 0.0009195
0.944 0.0009195
0.94435 0.00031
0.9447 0.00031
0.94505 0.0022526
0.9454 0.0022526
0.94575 0.0022526
0.9461 0.0013050999999999
0.94645 0.0013050999999999
0.9468 0.0013050999999999
0.94715 0.0015289
0.9475 0.0015289
0.94785 0.0019532
0.9482 0.0024592
0.94855 0.0026390999999999
0.9489 0.0026390999999999
0.94925 0.0004769999999999
0.9496 0.0004769999999999
0.94995 0.0006242
0.9503 0.0010845
0.95065 0.0031623
0.951 0.0031623
0.95135 0.00146
0.9517 0.00146
0.95205 0.0016625999999999
0.9524 0.0016625999999999
0.95275 0.0011042
0.9531 0.0007402999999999
0.95345 0.0007402999999999
0.9538 0.0014535
0.95415 0.0021258
0.9545 0.0021258
0.95485 0.0022263
0.9552 0.0017567999999999
0.95555 0.0022792
0.9559 0.0022792
0.95625 0.0022792
0.9566 0.0022249
0.95695 0.0008282999999999
0.9573 0.0008282999999999
0.95765 0.0032764
0.958 0.0032764
0.95835 0.0027169
0.9587 0.0026752
0.95905 0.0026752
0.9594 0.0008701
0.95975 0.0008701
0.9601 0.0025589
0.96045 0.0025589
0.9608 0.0017087
0.96115 0.0017087
0.9615 0.002143
0.96185 0.0031608
0.9622 0.002143
0.96255 0.0006777
0.9629 0.0006777
0.96325 0.0012333
0.9636 0.0012333
0.96395 0.0011338
0.9643 0.0011338
0.96465 0.0029383
0.965 0.0029383
0.96535 0.0018742
0.9657 0.00126
0.96605 0.0018742
0.9664 0.00126
0.96675 0.0011078
0.9671 0.000905
0.96745 0.000905
0.9678 0.0026081
0.96815 0.0026081
0.9685 0.0019841999999999
0.96885 0.0011346
0.9692 0.0011346
0.96955 0.0024428
0.9699 0.0031564
0.97025 0.0031564
0.9706 0.0030057
0.97095 0.0030057
0.9713 0.0030153
0.97165 0.0032708
0.972 0.0032708
0.97235 0.0025193
0.9727 0.0022118
0.97305 0.0017697
0.9734 0.0013515
0.97375 0.0012087
0.9741 0.0012087
0.97445 0.0012087
0.9748 0.002008
0.97515 0.0021005
0.9755 0.0025816
0.97585 0.0025816
0.9762 0.0019969
0.97655 0.0019969
0.9769 0.0025616999999999
0.97725 0.0032174
0.9776 0.0032174
0.97795 0.0020513
0.9783 0.0011143
0.97865 0.0011143
0.979 0.0011143
0.97935 0.0015437
0.9797 0.0016839
0.98005 0.0017468
0.9804 0.0016839
0.98075 0.0014163
0.9811 0.0014163
0.98145 0.0018303
0.9818 0.0018303
0.98215 0.0016033
0.9825 0.00114
0.98285 0.0008792
0.9832 0.00114
0.98355 0.0015967
0.9839 0.0016043
0.98425 0.0016949
0.9846 0.0016949
0.98495 0.0017303
0.9853 0.0013638
0.98565 0.0012474
0.986 0.0012026
0.98635 0.0012026
0.9867 0.0008797
0.98705 0.0010141
0.9874 0.0010141
0.98775 0.0010141
0.9881 0.0005537
0.98845 0.0003783
0.9888 0.0003783
0.98915 0.0005937
0.9895 0.0012827
0.98985 0.0008372999999999
0.9902 0.0013899
0.99055 0.000864
0.9909 0.0014058
0.99125 0.001135
0.9916 0.0013437
0.99195 0.001135
0.9923 0.0013437
0.99265 0.0013454
0.993 0.0014085
0.99335 0.0014085
0.9937 0.0014242
0.99405 0.0014242
0.9944 0.00157
0.99475 0.0013399
0.9951 0.0013399
0.99545 0.0013399
0.9958 0.0006337
0.99615 0.0014565
0.9965 0.0006337
0.99685 0.0014565
0.9972 0.0019280999999999
0.99755 0.0019280999999999
0.9979 0.0016047
0.99825 0.0012391
0.9986 0.0013833
0.99895 0.001166
0.9993 0.001166
