0.3 0.3226482
0.30035 0.3226656
0.3007 0.3226828
0.30105 0.3226997
0.3014 0.3227163
0.30175 0.3227327
0.3021 0.3227488
0.30245 0.3227645999999999
0.3028 0.3227802999999999
0.30315 0.3227955999999999
0.3035 0.3228107
0.30385 0.3228256
0.3042 0.3228374
0.30455 0.3228489
0.3049 0.3228602
0.30525 0.3228712999999999
0.3056 0.3228822
0.30595 0.3228928
0.3063 0.3229033
0.30665 0.3229135
0.307 0.3229236
0.30735 0.3229334
0.3077 0.322943
0.30805 0.3229525
0.3084 0.3229617
0.30875 0.3229708
0.3091 0.3229796
0.30945 0.3229882
0.3098 0.3229967
0.31015 0.323005
0.3105 0.3230131
0.31085 0.3230209
0.3112 0.3230285999999999
0.31155 0.3230362
0.3119 0.3230435
0.31225 0.3230507999999999
0.3126 0.323058
0.31295 0.323065
0.3133 0.3230717999999999
0.31365 0.3230784
0.314 0.3230849
0.31435 0.3230912
0.3147 0.3230973
0.31505 0.3231033
0.3154 0.3231091
0.31575 0.3231147
0.3161 0.3231200999999999
0.31645 0.3231254
0.3168 0.3231305
0.31715 0.3231355
0.3175 0.3231403
0.31785 0.3231449
0.3182 0.3231494
0.31855 0.3231537
0.3189 0.3231578
0.31925 0.3231618
0.3196 0.3231656
0.31995 0.3231693
0.3203 0.3231728
0.32065 0.3231762
0.321 0.3231794
0.32135 0.3231824
0.3217 0.3231853
0.32205 0.3231881
0.3224 0.3231907
0.32275 0.3231932
0.3231 0.3231954999999999
0.32345 0.3231976
0.3238 0.3231997
0.32415 0.3232015
0.3245 0.3232032999999999
0.32485 0.3232047999999999
0.3252 0.3232063
0.32555 0.3232076
0.3259 0.3232087
0.32625 0.3232097
0.3266 0.3232105999999999
0.32695 0.3232113
0.3273 0.3232119
0.32765 0.3232123
0.328 0.3232125999999999
0.32835 0.3232125999999999
0.3287 0.3232125
0.32905 0.323212
0.3294 0.3232109
0.32975 0.3232078
0.3301 0.3231953
0.33045 0.3231953
0.3308 0.323206
0.33115 0.3232076
0.3315 0.3232076
0.33185 0.3232069
0.3322 0.3232059
0.33255 0.3232046
0.3329 0.3232032
0.33325 0.3232016
0.3336 0.3231999
0.33395 0.3231981
0.3343 0.3231961
0.33465 0.323194
0.335 0.3231916999999999
0.33535 0.3231893
0.3357 0.3231868
0.33605 0.3231842
0.3364 0.3231815
0.33675 0.3231786
0.3371 0.3231757
0.33745 0.3231733
0.3378 0.3231707
0.33815 0.3231679
0.3385 0.3231651
0.33885 0.3231620999999999
0.3392 0.323159
0.33955 0.3231558
0.3399 0.3231524
0.34025 0.3231489
0.3406 0.3231453
0.34095 0.3231416
0.3413 0.3231378
0.34165 0.3231337999999999
0.342 0.3231297
0.34235 0.3231255
0.3427 0.3231212
0.34305 0.3231168
0.3434 0.3231122
0.34375 0.3231075
0.3441 0.3231027
0.34445 0.3230978
0.3448 0.3230928
0.34515 0.3230876
0.3455 0.3230824
0.34585 0.323077
0.3462 0.3230715
0.34655 0.3230659
0.3469 0.3230602
0.34725 0.3230544
0.3476 0.3230484
0.34795 0.3230423
0.3483 0.3230362
0.34865 0.3230299
0.349 0.3230235
0.34935 0.323017
0.3497 0.3230104
0.35005 0.3230035999999999
0.3504 0.3229968
0.35075 0.3229899
0.3511 0.3229828
0.35145 0.3229756
0.3518 0.3229684
0.35215 0.322961
0.3525 0.3229535
0.35285 0.3229459
0.3532 0.3229382
0.35355 0.3229304
0.3539 0.3229225
0.35425 0.3229144
0.3546 0.3229043
0.35495 0.3228960999999999
0.3553 0.3228876
0.35565 0.3228787
0.356 0.3228504
0.35635 0.3228504
0.3567 0.3228504
0.35705 0.3228269
0.3574 0.3228004
0.35775 0.3228004
0.3581 0.3227714
0.35845 0.3227609
0.3588 0.3227700999999999
0.35915 0.3227397
0.3595 0.3226906
0.35985 0.3226629
0.3602 0.3226228
0.36055 0.3226629
0.3609 0.3226739
0.36125 0.3226913
0.3616 0.3226974999999999
0.36195 0.3226974999999999
0.3623 0.3226737
0.36265 0.322667
0.363 0.3226656
0.36335 0.3226551
0.3637 0.3226395
0.36405 0.3226191
0.3644 0.3226176
0.36475 0.3226083
0.3651 0.3225950999999999
0.36545 0.3225795
0.3658 0.3225479
0.36615 0.3225442999999999
0.3665 0.3225401
0.36685 0.3225203
0.3672 0.3225032
0.36755 0.3224962
0.3679 0.3224727
0.36825 0.3224616
0.3686 0.3224384
0.36895 0.3224137
0.3693 0.3224121
0.36965 0.322401
0.37 0.3223702
0.37035 0.3223410999999999
0.3707 0.3222812
0.37105 0.3222812
0.3714 0.3222812
0.37175 0.3222775
0.3721 0.3222595
0.37245 0.3222514999999999
0.3728 0.3222281
0.37315 0.3222007999999999
0.3735 0.3222007999999999
0.37385 0.3221841
0.3742 0.3221560999999999
0.37455 0.3221325999999999
0.3749 0.3221112
0.37525 0.3219832
0.3756 0.3220797
0.37595 0.3219166
0.3763 0.3220481
0.37665 0.3219788
0.377 0.3219929
0.37735 0.3219788
0.3777 0.3218796
0.37805 0.3218796
0.3784 0.3218463
0.37875 0.3218489
0.3791 0.3217889
0.37945 0.321753
0.3798 0.3217042999999999
0.38015 0.321753
0.3805 0.3217925
0.38085 0.3218074
0.3812 0.3218092
0.38155 0.3218092
0.3819 0.3216486
0.38225 0.3216241
0.3826 0.3216241
0.38295 0.321729
0.3833 0.3217365
0.38365 0.321729
0.384 0.3217273
0.38435 0.3217079
0.3847 0.3217079
0.38505 0.3216953
0.3854 0.3216745
0.38575 0.3216615
0.3861 0.3216398
0.38645 0.3216131
0.3868 0.3215998
0.38715 0.3215640999999999
0.3875 0.3215531
0.38785 0.3215325999999999
0.3882 0.3215279
0.38855 0.3214634
0.3889 0.3214165
0.38925 0.3214165
0.3896 0.3214074
0.38995 0.3213966
0.3903 0.3213765999999999
0.39065 0.3213472
0.391 0.3213472
0.39135 0.3213248
0.3917 0.321263
0.39205 0.3212426
0.3924 0.3212426
0.39275 0.3211945
0.3931 0.3211945
0.39345 0.3211945
0.3938 0.3211591
0.39415 0.3211129
0.3945 0.3209849999999999
0.39485 0.3209849999999999
0.3952 0.3209849999999999
0.39555 0.3209131
0.3959 0.3208609
0.39625 0.3208355
0.3966 0.3208355
0.39695 0.3208355
0.3973 0.3208473
0.39765 0.3207731
0.398 0.3208473
0.39835 0.3207955
0.3987 0.3208178
0.39905 0.3207955
0.3994 0.3208178
0.39975 0.3208081
0.4001 0.3208081
0.40045 0.3208008
0.4008 0.3206916999999999
0.40115 0.3206916999999999
0.4015 0.3207499
0.40185 0.3207499
0.4022 0.3206625
0.40255 0.3206479
0.4029 0.3206625
0.40325 0.3206479
0.4036 0.3206039
0.40395 0.3206039
0.4043 0.3206039
0.40465 0.3205727
0.405 0.3205727
0.40535 0.3205675
0.4057 0.3205329
0.40605 0.3204522
0.4064 0.3204264
0.40675 0.3204264
0.4071 0.3204474
0.40745 0.3204606
0.4078 0.3204606
0.40815 0.3204474
0.4085 0.3204342
0.40885 0.3204018
0.4092 0.3203839
0.40955 0.3203839
0.4099 0.3203463
0.41025 0.320312
0.4106 0.3203007
0.41095 0.3202868
0.4113 0.3202494999999999
0.41165 0.3202259
0.412 0.320178
0.41235 0.320121
0.4127 0.320121
0.41305 0.3200686
0.4134 0.3198933
0.41375 0.3198933
0.4141 0.3199705
0.41445 0.3199705
0.4148 0.3197484
0.41515 0.3195075999999999
0.4155 0.3195008
0.41585 0.3190177
0.4162 0.3190177
0.41655 0.3195139999999999
0.4169 0.3195139999999999
0.41725 0.3192174
0.4176 0.3187632999999999
0.41795 0.3192174
0.4183 0.3196145999999999
0.41865 0.3196145999999999
0.419 0.3194639999999999
0.41935 0.319379
0.4197 0.3187998
0.42005 0.3190835
0.4204 0.3190835
0.42075 0.3195458
0.4211 0.3195458
0.42145 0.3195295999999999
0.4218 0.3193227
0.42215 0.3192287
0.4225 0.3192287
0.42285 0.3192287
0.4232 0.3190295
0.42355 0.3182904
0.4239 0.3182904
0.42425 0.3184437
0.4246 0.3184437
0.42495 0.3188345999999999
0.4253 0.3190060999999999
0.42565 0.3190060999999999
0.426 0.3179167999999999
0.42635 0.3179167999999999
0.4267 0.3184116
0.42705 0.3188882999999999
0.4274 0.3188839
0.42775 0.3189913
0.4281 0.3188950999999999
0.42845 0.3188950999999999
0.4288 0.3188005
0.42915 0.3185131
0.4295 0.3186142
0.42985 0.3186142
0.4302 0.3186142
0.43055 0.3186714
0.4309 0.3187458
0.43125 0.3187458
0.4316 0.3187458
0.43195 0.3189179
0.4323 0.3189896
0.43265 0.3189896
0.433 0.3189416
0.43335 0.3189396
0.4337 0.3188564
0.43405 0.3187890999999999
0.4344 0.3187487
0.43475 0.3187487
0.4351 0.3187487
0.43545 0.3187024
0.4358 0.3186961
0.43615 0.3186137
0.4365 0.3182797
0.43685 0.3182797
0.4372 0.3183256
0.43755 0.3183655999999999
0.4379 0.318409
0.43825 0.318409
0.4386 0.318409
0.43895 0.3184282
0.4393 0.3182114
0.43965 0.3181214
0.44 0.3178893
0.44035 0.3170893
0.4407 0.316669
0.44105 0.3167577
0.4414 0.316669
0.44175 0.3165667
0.4421 0.3165667
0.44245 0.3165667
0.4428 0.3173621
0.44315 0.3178935999999999
0.4435 0.3178935999999999
0.44385 0.3167877999999999
0.4442 0.3167877999999999
0.44455 0.3177975999999999
0.4449 0.3177975999999999
0.44525 0.3173111
0.4456 0.3173111
0.44595 0.3173231999999999
0.4463 0.3175100999999999
0.44665 0.3178945
0.447 0.3177944
0.44735 0.3179242
0.4477 0.3177944
0.44805 0.3179242
0.4484 0.3178645
0.44875 0.3180195
0.4491 0.3179951
0.44945 0.3179951
0.4498 0.3178824999999999
0.45015 0.3178824999999999
0.4505 0.3178824999999999
0.45085 0.3176546
0.4512 0.3172824999999999
0.45155 0.3172183
0.4519 0.3171754
0.45225 0.3172183
0.4526 0.3174507
0.45295 0.3174507
0.4533 0.3175119
0.45365 0.3174878
0.454 0.3174878
0.45435 0.3172518
0.4547 0.3170845999999999
0.45505 0.3172518
0.4554 0.3171242
0.45575 0.3171242
0.4561 0.3168869
0.45645 0.3168869
0.4568 0.3167014
0.45715 0.3171811
0.4575 0.3171172
0.45785 0.3171172
0.4582 0.3170965
0.45855 0.3170224
0.4589 0.3169784
0.45925 0.3167688
0.4596 0.3166368
0.45995 0.3167688
0.4603 0.3169074
0.46065 0.3171129
0.461 0.3171633
0.46135 0.3171689
0.4617 0.3171965
0.46205 0.3171967
0.4624 0.3171967
0.46275 0.3172147999999999
0.4631 0.3172147999999999
0.46345 0.3171735
0.4638 0.3171724
0.46415 0.3171079
0.4645 0.3170279
0.46485 0.3170144
0.4652 0.3166452
0.46555 0.3166452
0.4659 0.3164398
0.46625 0.3163574999999999
0.4666 0.3162237
0.46695 0.3163062
0.4673 0.3162237
0.46765 0.3160975
0.468 0.3157185999999999
0.46835 0.3152594999999999
0.4687 0.314031
0.46905 0.3140045
0.4694 0.3140045
0.46975 0.3144918
0.4701 0.3145864
0.47045 0.3154715999999999
0.4708 0.3154715999999999
0.47115 0.3156123
0.4715 0.3149520999999999
0.47185 0.3149520999999999
0.4722 0.3140754
0.47255 0.3140754
0.4729 0.3147447
0.47325 0.3148646
0.4736 0.3152504
0.47395 0.3152504
0.4743 0.3158325999999999
0.47465 0.3147547
0.475 0.3158325999999999
0.47535 0.3138581
0.4757 0.3158425
0.47605 0.3152723
0.4764 0.3152723
0.47675 0.3152723
0.4771 0.3153984
0.47745 0.3158957
0.4778 0.3154475999999999
0.47815 0.31585
0.4785 0.3157225
0.47885 0.3157225
0.4792 0.3156069
0.47955 0.3155538
0.4799 0.3154020999999999
0.48025 0.3153775
0.4806 0.3152682
0.48095 0.3151607999999999
0.4813 0.3150139
0.48165 0.3148614999999999
0.482 0.3144055999999999
0.48235 0.3144055999999999
0.4827 0.3144157999999999
0.48305 0.3144157999999999
0.4834 0.3136222
0.48375 0.3129859
0.4841 0.3123623
0.48445 0.3109578
0.4848 0.3100450999999999
0.48515 0.3100450999999999
0.4855 0.3100450999999999
0.48585 0.3104309
0.4862 0.3112305999999999
0.48655 0.3119305
0.4869 0.3128562
0.48725 0.3128562
0.4876 0.3118938
0.48795 0.3118938
0.4883 0.3135964
0.48865 0.3135964
0.489 0.3143454
0.48935 0.3126449
0.4897 0.3143454
0.49005 0.314028
0.4904 0.314028
0.49075 0.314028
0.4911 0.3140633
0.49145 0.3143876
0.4918 0.3144949
0.49215 0.3143876
0.4925 0.3140725
0.49285 0.3140558
0.4932 0.3140558
0.49355 0.3140558
0.4939 0.3147312
0.49425 0.3147312
0.4946 0.3147312
0.49495 0.3149084
0.4953 0.3148145
0.49565 0.315116
0.496 0.3149011
0.49635 0.3150345999999999
0.4967 0.3149597
0.49705 0.3149597
0.4974 0.3148707
0.49775 0.3148486
0.4981 0.314826
0.49845 0.3146042
0.4988 0.3146042
0.49915 0.3143086
0.4995 0.3146625999999999
0.49985 0.3142791
0.50055 0.3130675
0.5009 0.3130675
0.50125 0.3135085999999999
0.5016 0.3135085999999999
0.50195 0.3132495
0.5023 0.3130413
0.50265 0.3112869
0.503 0.3088695999999999
0.50335 0.3096158
0.5037 0.3096158
0.50405 0.3096158
0.5044 0.3113741
0.50475 0.3124677999999999
0.5051 0.3125467999999999
0.50545 0.3125467999999999
0.5058 0.3117322999999999
0.50615 0.3117322999999999
0.5065 0.3097031
0.50685 0.3105188
0.5072 0.3105188
0.50755 0.3113951
0.5079 0.3113951
0.50825 0.3113132999999999
0.5086 0.3113132999999999
0.50895 0.3113132999999999
0.5093 0.3111695
0.50965 0.3108814
0.51 0.3108814
0.51035 0.31159
0.5107 0.3119088
0.51105 0.3120275
0.5114 0.3120275
0.51175 0.3120275
0.5121 0.3124632
0.51245 0.3134602
0.5128 0.3134602
0.51315 0.3133044
0.5135 0.3133044
0.51385 0.3132938
0.5142 0.3132938
0.51455 0.3132938
0.5149 0.3135815
0.51525 0.3141562
0.5156 0.3142274
0.51595 0.3142274
0.5163 0.3142274
0.51665 0.3140585
0.517 0.314283
0.51735 0.3142534999999999
0.5177 0.3142534999999999
0.51805 0.3142534999999999
0.5184 0.3142757
0.51875 0.3142757
0.5191 0.3142637
0.51945 0.3140595999999999
0.5198 0.3140595999999999
0.52015 0.3140595999999999
0.5205 0.3139912
0.52085 0.3139539
0.5212 0.3138416
0.52155 0.3138276
0.5219 0.3135982
0.52225 0.3135876999999999
0.5226 0.3134054
0.52295 0.313231
0.5233 0.3112046
0.52365 0.3112046
0.524 0.3108319
0.52435 0.3127165
0.5247 0.3127165
0.52505 0.3130585999999999
0.5254 0.3131906
0.52575 0.3134679999999999
0.5261 0.3134857
0.52645 0.3134679999999999
0.5268 0.3125828
0.52715 0.3123762
0.5275 0.3123762
0.52785 0.3123762
0.5282 0.3130335999999999
0.52855 0.3130335999999999
0.5289 0.312389
0.52925 0.3123274
0.5296 0.3122509
0.52995 0.3122509
0.5303 0.3122509
0.53065 0.3114643
0.531 0.3114643
0.53135 0.3126299
0.5317 0.3126299
0.53205 0.312578
0.5324 0.3119008
0.53275 0.3119008
0.5331 0.3119008
0.53345 0.3123107
0.5338 0.3123107
0.53415 0.3123107
0.5345 0.312294
0.53485 0.3120375999999999
0.5352 0.3115607
0.53555 0.3114129
0.5359 0.3109009
0.53625 0.3109009
0.5366 0.3107809
0.53695 0.3101164
0.5373 0.3101164
0.53765 0.3095259
0.538 0.3093587
0.53835 0.3089808
0.5387 0.3084335
0.53905 0.3081282999999999
0.5394 0.3074204
0.53975 0.3067034
0.5401 0.3067034
0.54045 0.3054349
0.5408 0.3045383
0.54115 0.3033505999999999
0.5415 0.3030144
0.54185 0.30167
0.5422 0.3013732999999999
0.54255 0.3013732999999999
0.5429 0.3014950999999999
0.54325 0.3015673
0.5436 0.3016390999999999
0.54395 0.302195
0.5443 0.3035516
0.54465 0.3055027999999999
0.545 0.3055027999999999
0.54535 0.3061322
0.5457 0.307102
0.54605 0.307102
0.5464 0.3076292
0.54675 0.3080823
0.5471 0.3093008
0.54745 0.3095714
0.5478 0.3100005
0.54815 0.3104373
0.5485 0.3105992
0.54885 0.3108475999999999
0.5492 0.3105992
0.54955 0.3108568
0.5499 0.3102446
0.55025 0.3113532
0.5506 0.3113532
0.55095 0.3113532
0.5513 0.3116052
0.55165 0.3107342999999999
0.552 0.3115169
0.55235 0.3113354
0.5527 0.3113354
0.55305 0.3113354
0.5534 0.3114509
0.55375 0.3114509
0.5541 0.3114057
0.55445 0.3113336
0.5548 0.3113336
0.55515 0.3113637
0.5555 0.3113637
0.55585 0.3117586
0.5562 0.3118055999999999
0.55655 0.3118055999999999
0.5569 0.3114592
0.55725 0.3114592
0.5576 0.3118007
0.55795 0.3118287
0.5583 0.3118007
0.55865 0.3118287
0.559 0.3116696
0.55935 0.3118644
0.5597 0.3116696
0.56005 0.3116443
0.5604 0.3116443
0.56075 0.3115458
0.5611 0.3117078
0.56145 0.3117231
0.5618 0.3117231
0.56215 0.3115223
0.5625 0.3115223
0.56285 0.3117109
0.5632 0.3117109
0.56355 0.3112599
0.5639 0.3110334
0.56425 0.3112599
0.5646 0.3110732
0.56495 0.3110732
0.5653 0.311025
0.56565 0.3110085
0.566 0.3101131
0.56635 0.3093029
0.5667 0.3092893
0.56705 0.3093029
0.5674 0.3092893
0.56775 0.308846
0.5681 0.3071514
0.56845 0.3071514
0.5688 0.3067652999999999
0.56915 0.3069939
0.5695 0.3054413
0.56985 0.3060747
0.5702 0.3060747
0.57055 0.3085247
0.5709 0.3085247
0.57125 0.3075877999999999
0.5716 0.3072374
0.57195 0.3075812
0.5723 0.3075812
0.57265 0.3075812
0.573 0.3081805999999999
0.57335 0.3057114
0.5737 0.3067895
0.57405 0.3057114
0.5744 0.3048484
0.57475 0.3048484
0.5751 0.3036229
0.57545 0.3066796
0.5758 0.3067112
0.57615 0.3067112
0.5765 0.3061114
0.57685 0.3052867999999999
0.5772 0.3061114
0.57755 0.3067732999999999
0.5779 0.3071438
0.57825 0.3075847
0.5786 0.3077410999999999
0.57895 0.3080824
0.5793 0.3080824
0.57965 0.3081981
0.58 0.3082238
0.58035 0.3083248
0.5807 0.3087718
0.58105 0.3092945
0.5814 0.3092945
0.58175 0.3094999
0.5821 0.3093074
0.58245 0.3093074
0.5828 0.3093074
0.58315 0.3093347
0.5835 0.3096632
0.58385 0.3096632
0.5842 0.3096632
0.58455 0.3099574
0.5849 0.3099574
0.58525 0.3094381
0.5856 0.3094381
0.58595 0.3094381
0.5863 0.3091067
0.58665 0.3090774
0.587 0.3087241
0.58735 0.3086924
0.5877 0.3079583
0.58805 0.306365
0.5884 0.306365
0.58875 0.306365
0.5891 0.3069086
0.58945 0.3069086
0.5898 0.3050616
0.59015 0.3050616
0.5905 0.3067143
0.59085 0.3067143
0.5912 0.3066992
0.59155 0.3061642
0.5919 0.3063285
0.59225 0.3061642
0.5926 0.3063285
0.59295 0.3070632
0.5933 0.3070632
0.59365 0.3059042
0.594 0.3049197999999999
0.59435 0.2986267
0.5947 0.2986267
0.59505 0.3048006
0.5954 0.3050639
0.59575 0.3050639
0.5961 0.3050639
0.59645 0.3047329
0.5968 0.3057192999999999
0.59715 0.3057192999999999
0.5975 0.3057192999999999
0.59785 0.3046026
0.5982 0.3046026
0.59855 0.3056964
0.5989 0.3056964
0.59925 0.3056964
0.5996 0.3057698
0.59995 0.3063482999999999
0.6003 0.3063482999999999
0.60065 0.3046887
0.601 0.3046887
0.60135 0.3063207
0.6017 0.3070653
0.60205 0.3070653
0.6024 0.3077739
0.60275 0.3077739
0.6031 0.3080218
0.60345 0.3085807
0.6038 0.3085807
0.60415 0.3083252999999999
0.6045 0.3083252999999999
0.60485 0.3080859
0.6052 0.308586
0.60555 0.3084330999999999
0.6059 0.3084330999999999
0.60625 0.3084330999999999
0.6066 0.3081927
0.60695 0.3083613
0.6073 0.3081927
0.60765 0.3081248
0.608 0.3073967999999999
0.60835 0.3073967999999999
0.6087 0.3073703
0.60905 0.3072257
0.6094 0.3071386
0.60975 0.3072257
0.6101 0.3072031
0.61045 0.3072031
0.6108 0.3065674
0.61115 0.3062817
0.6115 0.3055305
0.61185 0.304481
0.6122 0.3032992
0.61255 0.3032674
0.6129 0.3017049
0.61325 0.299791
0.6136 0.2975144
0.61395 0.2957974
0.6143 0.2942583
0.61465 0.2929837
0.615 0.2924107
0.61535 0.2923868
0.6157 0.2917666
0.61605 0.2903821
0.6164 0.2895223
0.61675 0.288826
0.6171 0.2868182
0.61745 0.283165
0.6178 0.2794640999999999
0.61815 0.2794522
0.6185 0.276577
0.61885 0.2750468
0.6192 0.2742129
0.61955 0.2742129
0.6199 0.2754289
0.62025 0.277499
0.6206 0.2797808
0.62095 0.2797878
0.6213 0.2810372
0.62165 0.2826235
0.622 0.2854377999999999
0.62235 0.2885147999999999
0.6227 0.2909349
0.62305 0.2933671
0.6234 0.2956623
0.62375 0.2958032
0.6241 0.2983259
0.62445 0.3003137
0.6248 0.3013549
0.62515 0.3028962
0.6255 0.3040559
0.62585 0.3050124
0.6262 0.3055565999999999
0.62655 0.3055565999999999
0.6269 0.3055680999999999
0.62725 0.3062514
0.6276 0.3062514
0.62795 0.3066316
0.6283 0.3070545
0.62865 0.3072414
0.629 0.3077122
0.62935 0.3078702
0.6297 0.3079998
0.63005 0.3083647
0.6304 0.3085208
0.63075 0.3085208
0.6311 0.3077542
0.63145 0.3075322
0.6318 0.304956
0.63215 0.304956
0.6325 0.3074567
0.63285 0.3075582
0.6332 0.3078184
0.63355 0.3080152
0.6339 0.3082130999999999
0.63425 0.3082789
0.6346 0.3082130999999999
0.63495 0.3077935
0.6353 0.3077935
0.63565 0.3074060999999999
0.636 0.3074060999999999
0.63635 0.3074060999999999
0.6367 0.30675
0.63705 0.30675
0.6374 0.30675
0.63775 0.3063362
0.6381 0.3066632999999999
0.63845 0.3066632999999999
0.6388 0.3066632999999999
0.63915 0.3065245
0.6395 0.3065245
0.63985 0.3068838
0.6402 0.3070908
0.64055 0.3068838
0.6409 0.3068689
0.64125 0.3067563
0.6416 0.3063432
0.64195 0.3063432
0.6423 0.3061483
0.64265 0.306459
0.643 0.3061483
0.64335 0.3061773
0.6437 0.3060465
0.64405 0.3057677
0.6444 0.3057677
0.64475 0.3057064
0.6451 0.3056983
0.64545 0.3056983
0.6458 0.3044732999999999
0.64615 0.30174
0.6465 0.30174
0.64685 0.3024308
0.6472 0.3042966
0.64755 0.3042966
0.6479 0.3038917
0.64825 0.3031149
0.6486 0.3038917
0.64895 0.3035279000000001
0.6493 0.3038956
0.64965 0.3045877999999999
0.65 0.3046215
0.65035 0.3048261
0.6507 0.3046215
0.65105 0.3009563
0.6514 0.3009563
0.65175 0.3009563
0.6521 0.302465
0.65245 0.3044907
0.6528 0.3044907
0.65315 0.3040744999999999
0.6535 0.3035696
0.65385 0.3040744999999999
0.6542 0.3011388
0.65455 0.3032392
0.6549 0.3032392
0.65525 0.3032392
0.6556 0.3016807
0.65595 0.301639
0.6563 0.301639
0.65665 0.3020127
0.657 0.3020417999999999
0.65735 0.3020417999999999
0.6577 0.3020417999999999
0.65805 0.3022464
0.6584 0.3022464
0.65875 0.3020423
0.6591 0.3020041
0.65945 0.3020041
0.6598 0.3013525
0.66015 0.3013525
0.6605 0.3020719
0.66085 0.3020719
0.6612 0.3014802
0.66155 0.3012204
0.6619 0.3011847
0.66225 0.3010488
0.6626 0.3005401
0.66295 0.3005054
0.6633 0.3002748
0.66365 0.3002669
0.664 0.3002429
0.66435 0.3002429
0.6647 0.3000605999999999
0.66505 0.2999786
0.6654 0.2992662
0.66575 0.2989398
0.6661 0.2984167
0.66645 0.2980285
0.6668 0.2980285
0.66715 0.2982533
0.6675 0.2983044
0.66785 0.2985266
0.6682 0.2985266
0.66855 0.2989726
0.6689 0.2991301
0.66925 0.299577
0.6696 0.3003464
0.66995 0.3010943
0.6703 0.3015725999999999
0.67065 0.3022843
0.671 0.3022843
0.67135 0.3028808
0.6717 0.3035559
0.67205 0.3041475
0.6724 0.3042509
0.67275 0.3049888
0.6731 0.3054173
0.67345 0.305848
0.6738 0.3061227
0.67415 0.3063656
0.6745 0.306552
0.67485 0.3068141
0.6752 0.3073665
0.67555 0.3073665
0.6759 0.3075013
0.67625 0.3076027999999999
0.6766 0.3076027999999999
0.67695 0.3076826
0.6773 0.3076826
0.67765 0.3078790999999999
0.678 0.3078790999999999
0.67835 0.3074719999999999
0.6787 0.3072014
0.67905 0.306996
0.6794 0.306996
0.67975 0.3068964
0.6801 0.3067155
0.68045 0.3065415999999999
0.6808 0.3059903
0.68115 0.3054624
0.6815 0.3054624
0.68185 0.3044511
0.6822 0.3043161
0.68255 0.3039644999999999
0.6829 0.3039644999999999
0.68325 0.3041229
0.6836 0.3041229
0.68395 0.3038491
0.6843 0.3038491
0.68465 0.3040220999999999
0.685 0.3044632
0.68535 0.3050635
0.6857 0.3051606
0.68605 0.305261
0.6864 0.305261
0.68675 0.3037258
0.6871 0.3037258
0.68745 0.3054997
0.6878 0.305527
0.68815 0.3056534
0.6885 0.3056534
0.68885 0.3052568
0.6892 0.3052568
0.68955 0.3027647
0.6899 0.305568
0.69025 0.3053034
0.6906 0.3054595
0.69095 0.3053034
0.6913 0.3049421
0.69165 0.3047037
0.692 0.3038214
0.69235 0.3038182
0.6927 0.3038214
0.69305 0.3034158
0.6934 0.302834
0.69375 0.3026434
0.6941 0.3026434
0.69445 0.3026434
0.6948 0.3016665999999999
0.69515 0.3016980999999999
0.6955 0.3016665999999999
0.69585 0.2999625999999999
0.6962 0.2999625999999999
0.69655 0.3007884
0.6969 0.3007884
0.69725 0.3001344999999999
0.6976 0.2967605
0.69795 0.2981474
0.6983 0.2974943
0.69865 0.2974943
0.699 0.2959969999999999
0.69935 0.2944521
0.6997 0.2944521
0.70005 0.2891672999999999
0.7004 0.287145
0.70075 0.287145
0.7011 0.2882299
0.70145 0.2882299
0.7018 0.2867889999999999
0.70215 0.2859686999999999
0.7025 0.2859686999999999
0.70285 0.2859686999999999
0.7032 0.2886811999999999
0.70355 0.2886811999999999
0.7039 0.2877095
0.70425 0.2877095
0.7046 0.2886041
0.70495 0.2886041
0.7053 0.2886041
0.70565 0.2937267
0.706 0.2937267
0.70635 0.2937267
0.7067 0.2943949
0.70705 0.2943949
0.7074 0.295674
0.70775 0.2957375
0.7081 0.2963325999999999
0.70845 0.2970925
0.7088 0.2978466
0.70915 0.2970925
0.7095 0.2984403
0.70985 0.2985890999999999
0.7102 0.2995848
0.71055 0.2995848
0.7109 0.3001205
0.71125 0.2997497
0.7116 0.3004100999999999
0.71195 0.3009255999999999
0.7123 0.3009255999999999
0.71265 0.3006647
0.713 0.3005514999999999
0.71335 0.3005514999999999
0.7137 0.3007195
0.71405 0.3007195
0.7144 0.30056
0.71475 0.2985965
0.7151 0.2984889
0.71545 0.2963189
0.7158 0.2934275
0.71615 0.2930949
0.7165 0.2888088
0.71685 0.2830205
0.7172 0.2769282
0.71755 0.2684005
0.7179 0.2677559
0.71825 0.2614338
0.7186 0.2614338
0.71895 0.2570456
0.7193 0.2519288999999999
0.71965 0.2519288999999999
0.72 0.2419599999999999
0.72035 0.2419599999999999
0.7207 0.2425469999999999
0.72105 0.2425469999999999
0.7214 0.2399784999999999
0.72175 0.238442
0.7221 0.2383251
0.72245 0.2380956
0.7228 0.2380956
0.72315 0.2291492
0.7235 0.2135464
0.72385 0.2076413999999999
0.7242 0.2076413999999999
0.72455 0.1983724
0.7249 0.193143
0.72525 0.1796083
0.7256 0.1753434
0.72595 0.1753434
0.7263 0.1721015
0.72665 0.1610384
0.727 0.1593695
0.72735 0.1600198
0.7277 0.1600198
0.72805 0.1649082
0.7284 0.1697942
0.72875 0.1928224
0.7291 0.1972317
0.72945 0.2003696
0.7298 0.2003696
0.73015 0.2003696
0.7305 0.2078162
0.73085 0.2208182
0.7312 0.2274467999999999
0.73155 0.2274467999999999
0.7319 0.2321322
0.73225 0.2311708999999999
0.7326 0.2407933999999999
0.73295 0.2394288
0.7333 0.2411555
0.73365 0.2539944
0.734 0.2539944
0.73435 0.2594192
0.7347 0.2672845999999999
0.73505 0.2683184
0.7354 0.2719544
0.73575 0.2719544
0.7361 0.2719544
0.73645 0.2784375999999999
0.7368 0.2784375999999999
0.73715 0.2787873
0.7375 0.2848058
0.73785 0.2855087
0.7382 0.2880402
0.73855 0.2898887
0.7389 0.2880402
0.73925 0.291885
0.7396 0.2953389999999999
0.73995 0.2961102
0.7403 0.2978157999999999
0.74065 0.2997459
0.741 0.2997459
0.74135 0.3005946
0.7417 0.3010208
0.74205 0.3021664
0.7424 0.3021664
0.74275 0.3025429
0.7431 0.3034663
0.74345 0.3037597
0.7438 0.3038284
0.74415 0.3038704
0.7445 0.3039252999999999
0.74485 0.3039252999999999
0.7452 0.3039031
0.74555 0.3039031
0.7459 0.3039031
0.74625 0.3041998
0.7466 0.3041607
0.74695 0.3041607
0.7473 0.3041607
0.74765 0.30395
0.748 0.3041569
0.74835 0.3041569
0.7487 0.3041569
0.74905 0.3041777
0.7494 0.3041061
0.74975 0.3041061
0.7501 0.3040716
0.75045 0.3040044
0.7508 0.3040716
0.75115 0.3043218
0.7515 0.3043218
0.75185 0.3042332
0.7522 0.3041342999999999
0.75255 0.3040797
0.7529 0.3040797
0.75325 0.3043962999999999
0.7536 0.3043962999999999
0.75395 0.3043962999999999
0.7543 0.3043250999999999
0.75465 0.3041594999999999
0.755 0.3041501
0.75535 0.3040904
0.7557 0.3040535
0.75605 0.3039554
0.7564 0.3038132
0.75675 0.3035485
0.7571 0.3034409
0.75745 0.3027304999999999
0.7578 0.3027304999999999
0.75815 0.3027245999999999
0.7585 0.3027245999999999
0.75885 0.3023504
0.7592 0.3020683
0.75955 0.3007024
0.7599 0.3004297999999999
0.76025 0.2999463
0.7606 0.2993865
0.76095 0.2993865
0.7613 0.2998353
0.76165 0.2998353
0.762 0.2984821
0.76235 0.2978514
0.7627 0.2975609
0.76305 0.2972922999999999
0.7634 0.2972922999999999
0.76375 0.2972282
0.7641 0.297025
0.76445 0.2963815
0.7648 0.2962935
0.76515 0.2962935
0.7655 0.2965514
0.76585 0.2965514
0.7662 0.2962402
0.76655 0.2962062
0.7669 0.2952268
0.76725 0.2952268
0.7676 0.2958396
0.76795 0.2966197
0.7683 0.2966197
0.76865 0.2962355
0.769 0.2961103
0.76935 0.2961103
0.7697 0.2962304
0.77005 0.2962304
0.7704 0.2960092
0.77075 0.2955572999999999
0.7711 0.2953984
0.77145 0.2953245
0.7718 0.2951342999999999
0.77215 0.2951083
0.7725 0.2940684
0.77285 0.2920822
0.7732 0.2902017
0.77355 0.2902017
0.7739 0.2903859
0.77425 0.2911864999999999
0.7746 0.2911864999999999
0.77495 0.2910985
0.7753 0.2904458
0.77565 0.2892636
0.776 0.2883005
0.77635 0.2877022999999999
0.7767 0.2874136
0.77705 0.2868027999999999
0.7774 0.2859638
0.77775 0.2859041
0.7781 0.2847777
0.77845 0.2836619999999999
0.7788 0.2826681
0.77915 0.281445
0.7795 0.2790559999999999
0.77985 0.2763966
0.7802 0.2728062
0.78055 0.2727772
0.7809 0.2690974
0.78125 0.2690974
0.7816 0.2684856
0.78195 0.2657531
0.7823 0.2657531
0.78265 0.2644122
0.783 0.2647572
0.78335 0.2644122
0.7837 0.25993
0.78405 0.25993
0.7844 0.2620027
0.78475 0.269728
0.7851 0.2706107
0.78545 0.2706107
0.7858 0.2692289
0.78615 0.269206
0.7865 0.2692289
0.78685 0.2693450999999999
0.7872 0.270103
0.78755 0.2722736
0.7879 0.2727728
0.78825 0.2740574
0.7886 0.2741714
0.78895 0.2748927
0.7893 0.2749479
0.78965 0.275852
0.79 0.275852
0.79035 0.2755725999999999
0.7907 0.2749205999999999
0.79105 0.2733793
0.7914 0.2714364999999999
0.79175 0.2713434
0.7921 0.2694562
0.79245 0.2665284
0.7928 0.2641363
0.79315 0.2638928
0.7935 0.2638928
0.79385 0.2638928
0.7942 0.2614599999999999
0.79455 0.2614324999999999
0.7949 0.2580735
0.79525 0.2566219999999999
0.7956 0.2580735
0.79595 0.2556691
0.7963 0.2556691
0.79665 0.2555556
0.797 0.2555556
0.79735 0.2555556
0.7977 0.254484
0.79805 0.254484
0.7984 0.2552294
0.79875 0.2552294
0.7991 0.2561512999999999
0.79945 0.2556224
0.7998 0.2581989999999999
0.80015 0.2581989999999999
0.8005 0.2617555
0.80085 0.2629791999999999
0.8012 0.2629791999999999
0.80155 0.2635315
0.8019 0.2633112999999999
0.80225 0.2635315
0.8026 0.2633672999999999
0.80295 0.265362
0.8033 0.2633672999999999
0.80365 0.2695506
0.804 0.2699086
0.80435 0.2709839
0.8047 0.2726114999999999
0.80505 0.2738609
0.8054 0.2747859
0.80575 0.2747859
0.8061 0.2747859
0.80645 0.2759195
0.8068 0.2780904
0.80715 0.2800824999999999
0.8075 0.2800824999999999
0.80785 0.2812841
0.8082 0.2819454
0.80855 0.2820014999999999
0.8089 0.2820014999999999
0.80925 0.2804842999999999
0.8096 0.2804842999999999
0.80995 0.2825874
0.8103 0.2833788
0.81065 0.2833788
0.811 0.2835500999999999
0.81135 0.284173
0.8117 0.2844848
0.81205 0.2847762
0.8124 0.2854448
0.81275 0.2873177
0.8131 0.2854448
0.81345 0.289007
0.8138 0.289133
0.81415 0.2896198
0.8145 0.2896198
0.81485 0.2703239999999999
0.8152 0.2703239999999999
0.81555 0.288145
0.8159 0.2893918
0.81625 0.2893918
0.8166 0.2912916
0.81695 0.2899973
0.8173 0.291464
0.81765 0.2899973
0.818 0.2894949
0.81835 0.2894949
0.8187 0.290246
0.81905 0.2933015999999999
0.8194 0.2933015999999999
0.81975 0.2933015999999999
0.8201 0.2943189
0.82045 0.2953295999999999
0.8208 0.2953295999999999
0.82115 0.2947535
0.8215 0.2947535
0.82185 0.2947535
0.8222 0.2934407
0.82255 0.2934162
0.8229 0.2887957
0.82325 0.270248
0.8236 0.2786118
0.82395 0.2786118
0.8243 0.2935204
0.82465 0.2963305
0.825 0.2969802
0.82535 0.2969802
0.8257 0.2954359
0.82605 0.2954359
0.8264 0.2965792
0.82675 0.2968354
0.8271 0.2965792
0.82745 0.294215
0.8278 0.2877421
0.82815 0.2931908
0.8285 0.2931908
0.82885 0.2931908
0.8292 0.2952526
0.82955 0.2957888
0.8299 0.2957888
0.83025 0.2951788
0.8306 0.2951788
0.83095 0.2959007999999999
0.8313 0.2967428
0.83165 0.2959007999999999
0.832 0.2915983
0.83235 0.2915983
0.8327 0.2926332
0.83305 0.2961267
0.8334 0.29357
0.83375 0.29357
0.8341 0.2847414
0.83445 0.2847414
0.8348 0.2847414
0.83515 0.2882935
0.8355 0.2859814
0.83585 0.2859814
0.8362 0.2840357
0.83655 0.2838805
0.8369 0.2815066
0.83725 0.2800692999999999
0.8376 0.2731252999999999
0.83795 0.2708789
0.8383 0.2686330999999999
0.83865 0.2682395
0.839 0.2682395
0.83935 0.2685291999999999
0.8397 0.2703673
0.84005 0.2703673
0.8404 0.2703645
0.84075 0.2641474
0.8411 0.2602055
0.84145 0.2602055
0.8418 0.2609147999999999
0.84215 0.2610866
0.8425 0.2690261
0.84285 0.2765624
0.8432 0.2765624
0.84355 0.2762025999999999
0.8439 0.2726989
0.84425 0.2726989
0.8446 0.2747204
0.84495 0.2755386
0.8453 0.2786643
0.84565 0.2799804
0.846 0.282737
0.84635 0.2852575
0.8467 0.2852575
0.84705 0.2851351
0.8474 0.2847637
0.84775 0.284761
0.8481 0.284761
0.84845 0.2830067
0.8488 0.2860159
0.84915 0.2874151
0.8495 0.2874151
0.84985 0.2870639
0.8502 0.2844406
0.85055 0.2786422
0.8509 0.2786422
0.85125 0.2786422
0.8516 0.2807766
0.85195 0.2800692
0.8523 0.2800692
0.85265 0.2768507
0.853 0.2728058
0.85335 0.2721223
0.8537 0.270441
0.85405 0.2681509
0.8544 0.2626843
0.85475 0.2610788
0.8551 0.2606427
0.85545 0.2516561
0.8558 0.2516561
0.85615 0.2482842999999999
0.8565 0.2457152
0.85685 0.2433438999999999
0.8572 0.2350822
0.85755 0.2286005
0.8579 0.2045085
0.85825 0.2045085
0.8586 0.2053651
0.85895 0.207259
0.8593 0.207247
0.85965 0.207247
0.86 0.1963452
0.86035 0.1888417999999999
0.8607 0.1825318
0.86105 0.1728881
0.8614 0.167954
0.86175 0.1631497999999999
0.8621 0.1566505
0.86245 0.1566505
0.8628 0.1535812
0.86315 0.1540882999999999
0.8635 0.1524433
0.86385 0.1524433
0.8642 0.1393987
0.86455 0.1273003
0.8649 0.1393987
0.86525 0.155103
0.8656 0.1575482
0.86595 0.1647677
0.8663 0.172294
0.86665 0.172294
0.867 0.1459115
0.86735 0.1459115
0.8677 0.1472555
0.86805 0.1808861
0.8684 0.1808861
0.86875 0.1808861
0.8691 0.1936992
0.86945 0.2079541999999999
0.8698 0.2093982
0.87015 0.2079541999999999
0.8705 0.207398
0.87085 0.1926898
0.8712 0.1896999
0.87155 0.1926898
0.8719 0.1915604
0.87225 0.2255097999999999
0.8726 0.1952094
0.87295 0.1952094
0.8733 0.1952094
0.87365 0.2126382
0.874 0.2285622
0.87435 0.2288163
0.8747 0.2288163
0.87505 0.2288163
0.8754 0.2363558999999999
0.87575 0.2192574
0.8761 0.2245472
0.87645 0.2225871
0.8768 0.2225871
0.87715 0.2163915
0.8775 0.1715867
0.87785 0.1715867
0.8782 0.1636117
0.87855 0.1636117
0.8789 0.2114059999999999
0.87925 0.2114059999999999
0.8796 0.1265375
0.87995 0.0833182
0.8803 0.1135067
0.88065 0.0876628
0.881 0.0876628
0.88135 0.0811069
0.8817 0.0666522
0.88205 0.0407716
0.8824 0.0190379
0.88275 0.0190379
0.8831 0.0190379
0.88345 0.0175072
0.8838 0.0167481
0.88415 0.0175072
0.8845 0.0227632999999999
0.88485 0.0340193
0.8852 0.0401857
0.88555 0.0401857
0.8859 0.0354498
0.88625 0.0228938
0.8866 0.0076805
0.88695 0.0047218
0.8873 0.0047218
0.88765 0.0065231
0.888 0.0087267999999999
0.88835 0.0087267999999999
0.8887 0.0079180999999999
0.88905 0.0027416
0.8894 0.0027416
0.88975 0.0176641999999999
0.8901 0.0176641999999999
0.89045 0.0176641999999999
0.8908 0.0157444
0.89115 0.0169133
0.8915 0.0169133
0.89185 0.0181106
0.8922 0.0211572
0.89255 0.0211572
0.8929 0.0211572
0.89325 0.0214609
0.8936 0.0196382
0.89395 0.0196382
0.8943 0.0196382
0.89465 0.0194112
0.895 0.0194112
0.89535 0.0177882999999999
0.8957 0.0177882999999999
0.89605 0.0240882999999999
0.8964 0.0267461
0.89675 0.0412599
0.8971 0.0412599
0.89745 0.0492793
0.8978 0.0400629
0.89815 0.0492793
0.8985 0.0448619
0.89885 0.0448619
0.8992 0.0447028
0.89955 0.0410872
0.8999 0.0410872
0.90025 0.0750252
0.9006 0.0794933999999999
0.90095 0.0869482
0.9013 0.0936549
0.90165 0.1096208999999999
0.902 0.1096208999999999
0.90235 0.1066269
0.9027 0.1066269
0.90305 0.1277418
0.9034 0.1443392999999999
0.90375 0.1277418
0.9041 0.1544582
0.90445 0.1711701
0.9048 0.1768173999999999
0.90515 0.1768173999999999
0.9055 0.1916022
0.90585 0.2139602
0.9062 0.2139602
0.90655 0.192125
0.9069 0.192125
0.90725 0.1999652
0.9076 0.1999652
0.90795 0.2179307
0.9083 0.1796409
0.90865 0.2179307
0.909 0.2025469
0.90935 0.2025469
0.9097 0.1781202
0.91005 0.1781202
0.9104 0.2253146
0.91075 0.2255344999999999
0.9111 0.2325067999999999
0.91145 0.2396112999999999
0.9118 0.2396112999999999
0.91215 0.2346016
0.9125 0.2296459
0.91285 0.2296459
0.9132 0.2296459
0.91355 0.192373
0.9139 0.2390671
0.91425 0.2407346
0.9146 0.2492633
0.91495 0.2461922999999999
0.9153 0.2461922999999999
0.91565 0.2338751
0.916 0.2338751
0.91635 0.2369989
0.9167 0.2369989
0.91705 0.23881
0.9174 0.2515547999999999
0.91775 0.2515547999999999
0.9181 0.2515547999999999
0.91845 0.2529121
0.9188 0.2529121
0.91915 0.2457556
0.9195 0.2321373999999999
0.91985 0.2378416
0.9202 0.2378416
0.92055 0.2425534999999999
0.9209 0.2542455
0.92125 0.2425534999999999
0.9216 0.2274422
0.92195 0.2272248999999999
0.9223 0.1667452
0.92265 0.2272248999999999
0.923 0.2553997
0.92335 0.2553997
0.9237 0.2432067
0.92405 0.2432067
0.9244 0.2432067
0.92475 0.2362512
0.9251 0.2296387
0.92545 0.2362512
0.9258 0.2372955
0.92615 0.2372955
0.9265 0.2372955
0.92685 0.1236739
0.9272 0.2373179
0.92755 0.2373179
0.9279 0.2373179
0.92825 0.2401893999999999
0.9286 0.236058
0.92895 0.2401893999999999
0.9293 0.2526814
0.92965 0.2526814
0.93 0.2373207
0.93035 0.1893605
0.9307 0.1698068999999999
0.93105 0.1551313
0.9314 0.1551313
0.93175 0.1551313
0.9321 0.209759
0.93245 0.209759
0.9328 0.2187108999999999
0.93315 0.2375547
0.9335 0.2375547
0.93385 0.1840581
0.9342 0.1840581
0.93455 0.1773527
0.9349 0.1988983
0.93525 0.1773527
0.9356 0.2489056
0.93595 0.2203308
0.9363 0.2482511
0.93665 0.2338847
0.937 0.2338847
0.93735 0.2338847
0.9377 0.2206465
0.93805 0.1930096
0.9384 0.1930096
0.93875 0.1971318
0.9391 0.2331202
0.93945 0.2421737
0.9398 0.2421737
0.94015 0.2459916
0.9405 0.1824415
0.94085 0.2544016
0.9412 0.2487802999999999
0.94155 0.2637140999999999
0.9419 0.2665265999999999
0.94225 0.2683364
0.9426 0.2683364
0.94295 0.2246701
0.9433 0.2246701
0.94365 0.2341366
0.944 0.2341366
0.94435 0.2291192
0.9447 0.2291192
0.94505 0.2465081
0.9454 0.2465081
0.94575 0.2465081
0.9461 0.2529931
0.94645 0.2529931
0.9468 0.2375154
0.94715 0.2218288
0.9475 0.2175904
0.94785 0.2218288
0.9482 0.2559801
0.94855 0.2584389
0.9489 0.2559801
0.94925 0.2331468
0.9496 0.2331468
0.94995 0.2431262
0.9503 0.2452409
0.95065 0.264889
0.951 0.264889
0.95135 0.2500284
0.9517 0.2500284
0.95205 0.2524297
0.9524 0.2524297
0.95275 0.2469092
0.9531 0.2469092
0.95345 0.2485282
0.9538 0.2654521999999999
0.95415 0.2660254
0.9545 0.2660254
0.95485 0.2660254
0.9552 0.2524885
0.95555 0.2595833
0.9559 0.2595833
0.95625 0.2595833
0.9566 0.2575812
0.95695 0.2432369999999999
0.9573 0.2432369999999999
0.95765 0.2618385
0.958 0.2618385
0.95835 0.2618385
0.9587 0.2595299
0.95905 0.2595299
0.9594 0.240925
0.95975 0.240925
0.9601 0.2493755
0.96045 0.2493755
0.9608 0.2452921
0.96115 0.2452921
0.9615 0.2452921
0.96185 0.2379906
0.9622 0.2320266
0.96255 0.2114776
0.9629 0.2114776
0.96325 0.2009648
0.9636 0.2009648
0.96395 0.2009648
0.9643 0.2026547999999999
0.96465 0.2026547999999999
0.965 0.1963753999999999
0.96535 0.1946545
0.9657 0.1911569
0.96605 0.1900609
0.9664 0.1802056
0.96675 0.1802056
0.9671 0.1334171
0.96745 0.1807991
0.9678 0.1807991
0.96815 0.1874398
0.9685 0.1874398
0.96885 0.1853332999999999
0.9692 0.1762744
0.96955 0.1761526
0.9699 0.1693435
0.97025 0.1520047999999999
0.9706 0.1331146
0.97095 0.1300587
0.9713 0.1331146
0.97165 0.1464641
0.972 0.1557841
0.97235 0.170985
0.9727 0.1712507
0.97305 0.1725159
0.9734 0.1725159
0.97375 0.1649086
0.9741 0.1581722
0.97445 0.1649086
0.9748 0.1706721
0.97515 0.1706721
0.9755 0.1728394
0.97585 0.1835513
0.9762 0.1835513
0.97655 0.1628108999999999
0.9769 0.1571801
0.97725 0.1628108999999999
0.9776 0.1538852999999999
0.97795 0.1538852999999999
0.9783 0.1323297999999999
0.97865 0.1323297999999999
0.979 0.148268
0.97935 0.1569658
0.9797 0.1569658
0.98005 0.1052988
0.9804 0.10334
0.98075 0.10334
0.9811 0.10334
0.98145 0.1065779999999999
0.9818 0.1079164
0.98215 0.1065779999999999
0.9825 0.1053976
0.98285 0.0218
0.9832 0.0798856
0.98355 0.0779897
0.9839 0.0784748999999999
0.98425 0.0784748999999999
0.9846 0.0784748999999999
0.98495 0.0902198999999999
0.9853 0.0193991
0.98565 0.0480101
0.986 0.0295378
0.98635 0.0480101
0.9867 0.0414056
0.98705 0.0414056
0.9874 0.0414056
0.98775 0.0377909
0.9881 0.0377909
0.98845 0.0013792
0.9888 0.0013792
0.98915 0.0058761
0.9895 0.0187536
0.98985 0.0118937
0.9902 0.0406329
0.99055 0.0118937
0.9909 0.0406329
0.99125 0.0416863
0.9916 0.0419579999999999
0.99195 0.0419579999999999
0.9923 0.0419579999999999
0.99265 0.0601033
0.993 0.0676609
0.99335 0.0676609
0.9937 0.0590876
0.99405 0.0576026
0.9944 0.0576026
0.99475 0.0576026
0.9951 0.0330525
0.99545 0.0159232
0.9958 0.0041073
0.99615 0.0159232
0.9965 0.0041073
0.99685 0.0003038
0.9972 0.0003038
0.99755 0.0365836
0.9979 0.0600499
0.99825 0.0434246
0.9986 0.0476346999999999
0.99895 0.0434246
0.9993 0.0358305
