0.3 0.0454006
0.30035 0.0454006
0.3007 0.0453905
0.30105 0.0453803
0.3014 0.04537
0.30175 0.0453596
0.3021 0.0453490999999999
0.30245 0.0453384
0.3028 0.0453276
0.30315 0.0453166
0.3035 0.0453055
0.30385 0.0452944
0.3042 0.0452828
0.30455 0.0452711
0.3049 0.0452593
0.30525 0.0452474
0.3056 0.0452353
0.30595 0.0452231
0.3063 0.0452109
0.30665 0.0451985
0.307 0.045186
0.30735 0.0451733
0.3077 0.0451606
0.30805 0.0451478
0.3084 0.0451348
0.30875 0.0451218
0.3091 0.0451086
0.30945 0.0450953
0.3098 0.0450819
0.31015 0.0450683
0.3105 0.0450549
0.31085 0.0450411999999999
0.3112 0.0450274
0.31155 0.0450135
0.3119 0.0449996
0.31225 0.0449853
0.3126 0.044971
0.31295 0.0449564999999999
0.3133 0.0449419
0.31365 0.0449273
0.314 0.0449125
0.31435 0.0448977
0.3147 0.0448827
0.31505 0.0448676999999999
0.3154 0.0448526
0.31575 0.0448374
0.3161 0.0448221
0.31645 0.0448067
0.3168 0.0447911999999999
0.31715 0.0447756
0.3175 0.0447599
0.31785 0.0447442
0.3182 0.0447284
0.31855 0.0447125
0.3189 0.0446965
0.31925 0.0446804
0.3196 0.0446643
0.31995 0.044648
0.3203 0.0446316999999999
0.32065 0.0446153
0.321 0.0445988
0.32135 0.0445823
0.3217 0.0445649
0.32205 0.0445489
0.3224 0.0445321999999999
0.32275 0.0445154
0.3231 0.0444985
0.32345 0.0444815
0.3238 0.0444644
0.32415 0.0444473
0.3245 0.0444301
0.32485 0.0444128
0.3252 0.0443954
0.32555 0.0443779
0.3259 0.0443604
0.32625 0.0443428
0.3266 0.044325
0.32695 0.0443072
0.3273 0.0442892
0.32765 0.0442709
0.328 0.0442525
0.32835 0.0442336
0.3287 0.0442139999999999
0.32905 0.044193
0.3294 0.0441689
0.32975 0.0441348
0.3301 0.0440343
0.33045 0.0440343
0.3308 0.044078
0.33115 0.044078
0.3315 0.0440654
0.33185 0.04405
0.3322 0.0440334
0.33255 0.044016
0.3329 0.0439981999999999
0.33325 0.0439802
0.3336 0.043962
0.33395 0.0439436
0.3343 0.0439252
0.33465 0.0439066
0.335 0.0438879999999999
0.33535 0.0438693
0.3357 0.0438505999999999
0.33605 0.0438318
0.3364 0.0438129
0.33675 0.043794
0.3371 0.0437751999999999
0.33745 0.043757
0.3378 0.0437388
0.33815 0.0437204999999999
0.3385 0.0437022
0.33885 0.0436839
0.3392 0.0436654999999999
0.33955 0.0436471
0.3399 0.0436287
0.34025 0.0436103
0.3406 0.0435918
0.34095 0.0435733
0.3413 0.0435546999999999
0.34165 0.0435362
0.342 0.0435176
0.34235 0.043499
0.3427 0.0434803
0.34305 0.0434617
0.3434 0.0434429
0.34375 0.0434241999999999
0.3441 0.0434053
0.34445 0.0433853
0.3448 0.0433644
0.34515 0.0433489
0.3455 0.0433304
0.34585 0.0433116999999999
0.3462 0.0432929
0.34655 0.0432740999999999
0.3469 0.0432551999999999
0.34725 0.0432364
0.3476 0.0432175
0.34795 0.0431986
0.3483 0.0431796999999999
0.34865 0.0431608
0.349 0.0431419
0.34935 0.0431229
0.3497 0.043104
0.35005 0.043085
0.3504 0.0430661
0.35075 0.0430471
0.3511 0.0430281
0.35145 0.0430091
0.3518 0.0429901
0.35215 0.0429711
0.3525 0.0429520999999999
0.35285 0.0429330999999999
0.3532 0.0429141
0.35355 0.0428949999999999
0.3539 0.042876
0.35425 0.042857
0.3546 0.0428379
0.35495 0.0428188
0.3553 0.0427998
0.35565 0.0427805999999999
0.356 0.0427585
0.35635 0.0427418
0.3567 0.0427236
0.35705 0.0426978
0.3574 0.0426851
0.35775 0.0426645
0.3581 0.0426432
0.35845 0.042626
0.3588 0.0426061
0.35915 0.0425893
0.3595 0.0425616
0.35985 0.0425404999999999
0.3602 0.0425226
0.36055 0.042497
0.3609 0.0424911
0.36125 0.0424739
0.3616 0.0424555
0.36195 0.0424379
0.3623 0.0424159
0.36265 0.0423978
0.363 0.0423781
0.36335 0.0423580999999999
0.3637 0.0423379
0.36405 0.0423161
0.3644 0.0422983
0.36475 0.0422784
0.3651 0.0422584
0.36545 0.0422382
0.3658 0.0422166
0.36615 0.0421979
0.3665 0.0421785
0.36685 0.0421581
0.3672 0.042138
0.36755 0.0421185
0.3679 0.0420979
0.36825 0.0420781999999999
0.3686 0.0420559
0.36895 0.0420389
0.3693 0.042018
0.36965 0.0419987
0.37 0.0419768
0.37035 0.0419571
0.3707 0.0419325999999999
0.37105 0.0419156
0.3714 0.0418991
0.37175 0.0418771999999999
0.3721 0.0418566
0.37245 0.0418384
0.3728 0.0418138
0.37315 0.0417994
0.3735 0.0417773
0.37385 0.0417579
0.3742 0.0417397
0.37455 0.041718
0.3749 0.0416899
0.37525 0.0416806
0.3756 0.0416432
0.37595 0.041641
0.3763 0.0416029
0.37665 0.0416015999999999
0.377 0.041579
0.37735 0.0415616
0.3777 0.0415363
0.37805 0.0415144999999999
0.3784 0.0415028
0.37875 0.0414653
0.3791 0.0414594
0.37945 0.0414135
0.3798 0.0413963
0.38015 0.0413963
0.3805 0.0413806999999999
0.38085 0.0413663
0.3812 0.0413475
0.38155 0.0413289
0.3819 0.0412974
0.38225 0.0412712
0.3826 0.0412646
0.38295 0.0412531
0.3833 0.0412322
0.38365 0.0412154999999999
0.384 0.0411938
0.38435 0.0411785
0.3847 0.0411591
0.38505 0.0411406
0.3854 0.0411212
0.38575 0.0411024
0.3861 0.0410834999999999
0.38645 0.0410636999999999
0.3868 0.0410452
0.38715 0.0410253
0.3875 0.0410074
0.38785 0.0409901
0.3882 0.0409739
0.38855 0.0409536999999999
0.3889 0.0409319
0.38925 0.0409145
0.3896 0.0409019
0.38995 0.0408827
0.3903 0.0408614
0.39065 0.0408496999999999
0.391 0.0408313
0.39135 0.0408142
0.3917 0.0407911
0.39205 0.0407779
0.3924 0.0407609
0.39275 0.0407348
0.3931 0.0407248
0.39345 0.0407094
0.3938 0.0406908
0.39415 0.040663
0.3945 0.0406561
0.39485 0.0406319
0.3952 0.0406145
0.39555 0.0406038
0.3959 0.0405764
0.39625 0.0405520999999999
0.3966 0.0405428
0.39695 0.0405345
0.3973 0.0405054
0.39765 0.0404966
0.398 0.040475
0.39835 0.0404694
0.3987 0.0404398
0.39905 0.0404277
0.3994 0.0404174
0.39975 0.0404035
0.4001 0.0403865
0.40045 0.0403704
0.4008 0.0403467
0.40115 0.0403198
0.4015 0.0403050999999999
0.40185 0.0403050999999999
0.4022 0.0402685
0.40255 0.0402574
0.4029 0.0402526
0.40325 0.0402349
0.4036 0.0402068
0.40395 0.0401943
0.4043 0.0401435999999999
0.40465 0.0401425
0.405 0.040138
0.40535 0.040138
0.4057 0.0401221
0.40605 0.0401029
0.4064 0.0400871
0.40675 0.0400726999999999
0.4071 0.0400591999999999
0.40745 0.0400463
0.4078 0.0400311999999999
0.40815 0.0400157
0.4085 0.0399997
0.40885 0.0399676999999999
0.4092 0.0399517
0.40955 0.0399517
0.4099 0.0399341
0.41025 0.0399176
0.4106 0.0399022
0.41095 0.039886
0.4113 0.0398663999999999
0.41165 0.0398537
0.412 0.0398273
0.41235 0.0398202
0.4127 0.0398019
0.41305 0.0397861
0.4134 0.0397416
0.41375 0.0397401999999999
0.4141 0.0397401999999999
0.41445 0.0397214
0.4148 0.0396933
0.41515 0.0396694
0.4155 0.0396504
0.41585 0.0395488
0.4162 0.0395488
0.41655 0.0396083
0.4169 0.0396083
0.41725 0.0395511999999999
0.4176 0.0395478
0.41795 0.0395381999999999
0.4183 0.0395267
0.41865 0.0395267
0.419 0.0395051
0.41935 0.039468
0.4197 0.0394416999999999
0.42005 0.0393966
0.4204 0.0393966
0.42075 0.0394158
0.4211 0.0394158
0.42145 0.0394065
0.4218 0.0393691999999999
0.42215 0.0393330999999999
0.4225 0.0393330999999999
0.42285 0.0393330999999999
0.4232 0.039307
0.42355 0.0392506999999999
0.4239 0.0392306999999999
0.42425 0.0392306999999999
0.4246 0.0392306999999999
0.42495 0.039235
0.4253 0.0392194
0.42565 0.0392194
0.426 0.0391178
0.42635 0.0391178
0.4267 0.0391178
0.42705 0.0391531
0.4274 0.03913
0.42775 0.03913
0.4281 0.0391180999999999
0.42845 0.0390931
0.4288 0.039061
0.42915 0.0390161
0.4295 0.0390173
0.42985 0.0390111
0.4302 0.0390111
0.43055 0.0390035
0.4309 0.0389625
0.43125 0.0389625
0.4316 0.0389525
0.43195 0.0389497
0.4323 0.0389485
0.43265 0.0389372
0.433 0.0389199
0.43335 0.0389069
0.4337 0.0388825
0.43405 0.0388735
0.4344 0.038853
0.43475 0.0388426
0.4351 0.0388324
0.43545 0.0388158
0.4358 0.0388006
0.43615 0.0387828
0.4365 0.0387389
0.43685 0.0387276
0.4372 0.0387276
0.43755 0.0387208
0.4379 0.0387054
0.43825 0.0386945
0.4386 0.0386878
0.43895 0.0386588
0.4393 0.0386580999999999
0.43965 0.0386253
0.44 0.0385968999999999
0.44035 0.0385264
0.4407 0.0384934
0.44105 0.0384934
0.4414 0.0384881
0.44175 0.038454
0.4421 0.038454
0.44245 0.038454
0.4428 0.0384899999999999
0.44315 0.038478
0.4435 0.038478
0.44385 0.0383809
0.4442 0.0383809
0.44455 0.0384238
0.4449 0.0384238
0.44525 0.0383713
0.4456 0.038359
0.44595 0.038359
0.4463 0.038359
0.44665 0.0383579
0.447 0.0383517
0.44735 0.0383381
0.4477 0.0383281
0.44805 0.0383135999999999
0.4484 0.0382843999999999
0.44875 0.038292
0.4491 0.0382843999999999
0.44945 0.038276
0.4498 0.0382559
0.45015 0.0382471999999999
0.4505 0.0382385
0.45085 0.0382087
0.4512 0.0381784
0.45155 0.0381591
0.4519 0.0381579
0.45225 0.0381445999999999
0.4526 0.0381389
0.45295 0.0381389
0.4533 0.0381199
0.45365 0.0381028
0.454 0.0381028
0.45435 0.0380676
0.4547 0.0380481
0.45505 0.0380481
0.4554 0.038048
0.45575 0.0380208
0.4561 0.0380000999999999
0.45645 0.0380000999999999
0.4568 0.0379706999999999
0.45715 0.0379716
0.4575 0.0379571999999999
0.45785 0.0379571999999999
0.4582 0.0379415
0.45855 0.0379353
0.4589 0.0379174
0.45925 0.037882
0.4596 0.0378644999999999
0.45995 0.0378683
0.4603 0.0378683
0.46065 0.0378683
0.461 0.0378626999999999
0.46135 0.0378522
0.4617 0.037845
0.46205 0.0378311
0.4624 0.0378199
0.46275 0.0378136999999999
0.4631 0.0378021
0.46345 0.0377878
0.4638 0.0377775
0.46415 0.0377642
0.4645 0.0377467
0.46485 0.0377392
0.4652 0.0377018
0.46555 0.0377018
0.4659 0.0376807
0.46625 0.0376444
0.4666 0.0376436999999999
0.46695 0.0376335
0.4673 0.0376315
0.46765 0.0375888
0.468 0.0375688
0.46835 0.0375291
0.4687 0.0373905
0.46905 0.0373225
0.4694 0.0373905
0.46975 0.0374696999999999
0.4701 0.0374705
0.47045 0.0374848
0.4708 0.0374848
0.47115 0.0374571999999999
0.4715 0.0374403
0.47185 0.0373606
0.4722 0.0373573
0.47255 0.0373573
0.4729 0.0373598
0.47325 0.0373913
0.4736 0.0373994
0.47395 0.0373994
0.4743 0.0374020999999999
0.47465 0.0373245
0.475 0.0373854
0.47535 0.0370841
0.4757 0.0373828
0.47605 0.0373071999999999
0.4764 0.0373071999999999
0.47675 0.0373071999999999
0.4771 0.0372865
0.47745 0.0373251
0.4778 0.0372865
0.47815 0.0373024999999999
0.4785 0.0372867
0.47885 0.0372867
0.4792 0.0372678
0.47955 0.0372597
0.4799 0.0372346
0.48025 0.0372333
0.4806 0.0372099
0.48095 0.0372063
0.4813 0.0371769999999999
0.48165 0.037166
0.482 0.037118
0.48235 0.0371098
0.4827 0.0371098
0.48305 0.0370927
0.4834 0.0370194
0.48375 0.0369221
0.4841 0.0369221
0.48445 0.0368080999999999
0.4848 0.0366675
0.48515 0.0366784
0.4855 0.0366784
0.48585 0.0366784
0.4862 0.0368158
0.48655 0.0368349
0.4869 0.0368994
0.48725 0.0368994
0.4876 0.0367389
0.48795 0.0367389
0.4883 0.0368591
0.48865 0.0368591
0.489 0.0369575999999999
0.48935 0.0368374
0.4897 0.0369575999999999
0.49005 0.0369115
0.4904 0.0369115
0.49075 0.0368746
0.4911 0.0368746
0.49145 0.0368746
0.4918 0.0369008
0.49215 0.0368657
0.4925 0.0368364
0.49285 0.0367834
0.4932 0.0367834
0.49355 0.0367834
0.4939 0.0368207
0.49425 0.0368207
0.4946 0.0368207
0.49495 0.0368267
0.4953 0.0367964999999999
0.49565 0.0368189
0.496 0.0367964999999999
0.49635 0.0367975
0.4967 0.0367935999999999
0.49705 0.0367851
0.4974 0.0367616999999999
0.49775 0.0367614
0.4981 0.0367440999999999
0.49845 0.0367229
0.4988 0.0367163
0.49915 0.0366882
0.4995 0.0366998
0.49985 0.0366882
0.50055 0.0364945999999999
0.5009 0.0364945999999999
0.50125 0.0365876
0.5016 0.0365876
0.50195 0.0365594
0.5023 0.0365428
0.50265 0.0363446
0.503 0.0358669
0.50335 0.0360238
0.5037 0.0360238
0.50405 0.0360238
0.5044 0.0363794
0.50475 0.0364203
0.5051 0.0364352
0.50545 0.0364352
0.5058 0.0363933
0.50615 0.0363933
0.5065 0.0361371
0.50685 0.0361555999999999
0.5072 0.0361555999999999
0.50755 0.0362541
0.5079 0.0362541
0.50825 0.0362541
0.5086 0.0362564
0.50895 0.0362564
0.5093 0.036238
0.50965 0.0361936999999999
0.51 0.0361936999999999
0.51035 0.0362651
0.5107 0.0362889
0.51105 0.0362889
0.5114 0.0362629
0.51175 0.0362629
0.5121 0.0362899
0.51245 0.0363857
0.5128 0.0363857
0.51315 0.0363316
0.5135 0.0363316
0.51385 0.0363137
0.5142 0.0363137
0.51455 0.0363137
0.5149 0.03631
0.51525 0.0363776
0.5156 0.0363749
0.51595 0.0363749
0.5163 0.0363673
0.51665 0.0363509
0.517 0.0363603
0.51735 0.0363523
0.5177 0.0363523
0.51805 0.0363459
0.5184 0.0363423
0.51875 0.0363423
0.5191 0.0363383
0.51945 0.0363124
0.5198 0.0363124
0.52015 0.0363124
0.5205 0.0362998
0.52085 0.0362963
0.5212 0.036282
0.52155 0.0362811
0.5219 0.0362566999999999
0.52225 0.0362523
0.5226 0.0362367
0.52295 0.0362223
0.5233 0.0359621
0.52365 0.0359621
0.524 0.035924
0.52435 0.0361753
0.5247 0.0361753
0.52505 0.0361820999999999
0.5254 0.0361849
0.52575 0.0361820999999999
0.5261 0.0361705
0.52645 0.0361696999999999
0.5268 0.0361198
0.52715 0.0360645
0.5275 0.0360645
0.52785 0.0360645
0.5282 0.0361175
0.52855 0.0361175
0.5289 0.0360526
0.52925 0.0360189
0.5296 0.0360174
0.52995 0.0360174
0.5303 0.0359947
0.53065 0.0359171999999999
0.531 0.0359171999999999
0.53135 0.036017
0.5317 0.036017
0.53205 0.035982
0.5324 0.0359014
0.53275 0.0359133
0.5331 0.0359133
0.53345 0.0359513
0.5338 0.0359513
0.53415 0.035951
0.5345 0.0359488
0.53485 0.0359003
0.5352 0.0358769
0.53555 0.035855
0.5359 0.0358045
0.53625 0.0358045
0.5366 0.0357938
0.53695 0.0357201
0.5373 0.0357201
0.53765 0.0356770999999999
0.538 0.0356620999999999
0.53835 0.0356236999999999
0.5387 0.0355505999999999
0.53905 0.0355309
0.5394 0.0354749
0.53975 0.0353837
0.5401 0.0353837
0.54045 0.0352272
0.5408 0.0351327
0.54115 0.0351036
0.5415 0.0349608
0.54185 0.034916
0.5422 0.034884
0.54255 0.0348683
0.5429 0.034884
0.54325 0.0348708
0.5436 0.0348708
0.54395 0.0348708
0.5443 0.0349968
0.54465 0.0351965
0.545 0.0351965
0.54535 0.0352525
0.5457 0.0353119
0.54605 0.0353119
0.5464 0.0352605999999999
0.54675 0.0352605999999999
0.5471 0.0353311999999999
0.54745 0.0354605
0.5478 0.0354605
0.54815 0.0354874
0.5485 0.0355249
0.54885 0.0355431
0.5492 0.0355249
0.54955 0.0355431
0.5499 0.0354083
0.55025 0.0355307
0.5506 0.0355307
0.55095 0.0355307
0.5513 0.0355537
0.55165 0.0354698
0.552 0.0355181999999999
0.55235 0.0354975
0.5527 0.0354975
0.55305 0.0354975
0.5534 0.0354835
0.55375 0.0354835
0.5541 0.0354769
0.55445 0.0354505
0.5548 0.0354343
0.55515 0.0354343
0.5555 0.0354343
0.55585 0.0354902
0.5562 0.0354576
0.55655 0.0354576
0.5569 0.0353995
0.55725 0.0353995
0.5576 0.0354221
0.55795 0.035434
0.5583 0.0354221
0.55865 0.035434
0.559 0.0354176
0.55935 0.0354199
0.5597 0.0354176
0.56005 0.0353989
0.5604 0.0353925999999999
0.56075 0.0353756
0.5611 0.0353756
0.56145 0.0353719
0.5618 0.0353676999999999
0.56215 0.0353424
0.5625 0.0353424
0.56285 0.0353514
0.5632 0.0353514
0.56355 0.0353045
0.5639 0.0352926
0.56425 0.0352995
0.5646 0.0352721
0.56495 0.0352721
0.5653 0.0352561
0.56565 0.0352561
0.566 0.0351808
0.56635 0.0350634
0.5667 0.0350384
0.56705 0.0350634
0.5674 0.0350395
0.56775 0.0350395
0.5681 0.0346316999999999
0.56845 0.0346316999999999
0.5688 0.0345693
0.56915 0.0347617
0.5695 0.0345399
0.56985 0.0345857
0.5702 0.0345857
0.57055 0.0350043
0.5709 0.0350043
0.57125 0.0349217
0.5716 0.0348191999999999
0.57195 0.0349115
0.5723 0.0349115
0.57265 0.0349115
0.573 0.0349509
0.57335 0.0345233
0.5737 0.0347983
0.57405 0.0345233
0.5744 0.0345139999999999
0.57475 0.0345139999999999
0.5751 0.0343358
0.57545 0.0347805999999999
0.5758 0.034812
0.57615 0.034812
0.5765 0.0346853
0.57685 0.0344705
0.5772 0.0346853
0.57755 0.0347446999999999
0.5779 0.0347453
0.57825 0.0348427
0.5786 0.0348061999999999
0.57895 0.034834
0.5793 0.034834
0.57965 0.034834
0.58 0.0348375
0.58035 0.0348093
0.5807 0.0348411
0.58105 0.0348411
0.5814 0.0348411
0.58175 0.0348899
0.5821 0.0348432
0.58245 0.0348432
0.5828 0.0347939
0.58315 0.0347939
0.5835 0.0348001
0.58385 0.0348001
0.5842 0.0348001
0.58455 0.0348284
0.5849 0.0348284
0.58525 0.0347903
0.5856 0.0347896
0.58595 0.0347896
0.5863 0.034727
0.58665 0.0347217
0.587 0.0346681
0.58735 0.0346465
0.5877 0.0345221
0.58805 0.0343346999999999
0.5884 0.0343346999999999
0.58875 0.0343346999999999
0.5891 0.0343555
0.58945 0.0343555
0.5898 0.0340888
0.59015 0.0340888
0.5905 0.0343396
0.59085 0.0343396
0.5912 0.0343591
0.59155 0.0343556999999999
0.5919 0.0343591
0.59225 0.0343556999999999
0.5926 0.0343897
0.59295 0.0345049
0.5933 0.0345049
0.59365 0.034269
0.594 0.0342248
0.59435 0.0338779
0.5947 0.0338779
0.59505 0.0342115
0.5954 0.0342115
0.59575 0.0342088
0.5961 0.0342088
0.59645 0.0341549
0.5968 0.0342593
0.59715 0.0342593
0.5975 0.0342593
0.59785 0.034123
0.5982 0.034123
0.59855 0.0342131999999999
0.5989 0.0342131999999999
0.59925 0.0341678
0.5996 0.0341678
0.59995 0.034259
0.6003 0.034259
0.60065 0.0340006999999999
0.601 0.0340006999999999
0.60135 0.0341695
0.6017 0.0343149
0.60205 0.0343149
0.6024 0.0344417
0.60275 0.0344417
0.6031 0.0345078
0.60345 0.0345505
0.6038 0.0345505
0.60415 0.034472
0.6045 0.034472
0.60485 0.0343946
0.6052 0.0345447
0.60555 0.0345385999999999
0.6059 0.0345385999999999
0.60625 0.0345385999999999
0.6066 0.0345056999999999
0.60695 0.0345369
0.6073 0.0345056999999999
0.60765 0.0345369
0.608 0.0344506
0.60835 0.0344707
0.6087 0.0344506
0.60905 0.0344431
0.6094 0.0344157
0.60975 0.0344431
0.6101 0.0344699
0.61045 0.0344699
0.6108 0.0344044
0.61115 0.0344039
0.6115 0.0343498
0.61185 0.0342767
0.6122 0.0341933
0.61255 0.0341866
0.6129 0.0340594
0.61325 0.0339327
0.6136 0.0337795
0.61395 0.0336532
0.6143 0.033549
0.61465 0.0334569
0.615 0.0334173
0.61535 0.0334113
0.6157 0.0333686999999999
0.61605 0.0332689
0.6164 0.0332082
0.61675 0.0331513
0.6171 0.0330147
0.61745 0.0327608
0.6178 0.0325026999999999
0.61815 0.0324953
0.6185 0.0322982
0.61885 0.0321911
0.6192 0.0321231
0.61955 0.0321231
0.6199 0.0322042
0.62025 0.0323421
0.6206 0.0324889
0.62095 0.0324935
0.6213 0.0325685999999999
0.62165 0.0326756
0.622 0.0328644
0.62235 0.0330713
0.6227 0.0332309
0.62305 0.0334000999999999
0.6234 0.0335335
0.62375 0.0335424
0.6241 0.0337318
0.62445 0.0338508
0.6248 0.0338652
0.62515 0.0340191999999999
0.6255 0.0340945
0.62585 0.0341336999999999
0.6262 0.0341765999999999
0.62655 0.0341765999999999
0.6269 0.0341799
0.62725 0.0342125999999999
0.6276 0.0342125999999999
0.62795 0.0342519
0.6283 0.0342663999999999
0.62865 0.0342688
0.629 0.0343221
0.62935 0.034336
0.6297 0.0343373
0.63005 0.0343676999999999
0.6304 0.0343676999999999
0.63075 0.0343466
0.6311 0.034285
0.63145 0.034235
0.6318 0.0339383
0.63215 0.0339383
0.6325 0.0341966
0.63285 0.0342214
0.6332 0.0342213
0.63355 0.0342846
0.6339 0.0342967
0.63425 0.0343012
0.6346 0.0343012
0.63495 0.034243
0.6353 0.034243
0.63565 0.034212
0.636 0.0342079
0.63635 0.0342079
0.6367 0.0340991
0.63705 0.0340991
0.6374 0.0340991
0.63775 0.0339894
0.6381 0.0340329
0.63845 0.0340329
0.6388 0.0340329
0.63915 0.0340716999999999
0.6395 0.0340716999999999
0.63985 0.0341559
0.6402 0.0341845
0.64055 0.0341559
0.6409 0.034151
0.64125 0.0341369
0.6416 0.0340959
0.64195 0.0340799
0.6423 0.0340799
0.64265 0.0340942
0.643 0.0340942
0.64335 0.034072
0.6437 0.033992
0.64405 0.0338873
0.6444 0.0338873
0.64475 0.0338778
0.6451 0.0338778
0.64545 0.0338778
0.6458 0.033677
0.64615 0.033425
0.6465 0.033425
0.64685 0.0336261
0.6472 0.0336954
0.64755 0.0336954
0.6479 0.0336476
0.64825 0.0336332
0.6486 0.0336476
0.64895 0.033679
0.6493 0.0337306
0.64965 0.033809
0.65 0.033809
0.65035 0.0338599
0.6507 0.0337931999999999
0.65105 0.0334926
0.6514 0.0334926
0.65175 0.0334926
0.6521 0.0335421
0.65245 0.033739
0.6528 0.033739
0.65315 0.0337480999999999
0.6535 0.0335862
0.65385 0.0337480999999999
0.6542 0.0334454
0.65455 0.0336179
0.6549 0.0336179
0.65525 0.0336179
0.6556 0.0334481
0.65595 0.0334046
0.6563 0.0334046
0.65665 0.033482
0.657 0.033482
0.65735 0.0334096
0.6577 0.0334096
0.65805 0.0335107
0.6584 0.0335107
0.65875 0.0335107
0.6591 0.0335374
0.65945 0.0335374
0.6598 0.0333729
0.66015 0.0333729
0.6605 0.0335477
0.66085 0.0335477
0.6612 0.0334760999999999
0.66155 0.0334584
0.6619 0.0334760999999999
0.66225 0.0334584
0.6626 0.0334584
0.66295 0.0334401999999999
0.6633 0.0334401999999999
0.66365 0.0334251
0.664 0.0334167
0.66435 0.0334167
0.6647 0.0334503
0.66505 0.0334503
0.6654 0.0334051999999999
0.66575 0.0333453
0.6661 0.0332805
0.66645 0.0333138
0.6668 0.0333138
0.66715 0.0333339999999999
0.6675 0.0333369
0.66785 0.0333454
0.6682 0.0333454
0.66855 0.0333389
0.6689 0.0333389
0.66925 0.0333905
0.6696 0.0334629
0.66995 0.0335106
0.6703 0.0335285
0.67065 0.0336029999999999
0.671 0.0336029999999999
0.67135 0.0336548
0.6717 0.0337013
0.67205 0.0337115
0.6724 0.0337157
0.67275 0.0337651999999999
0.6731 0.0337889
0.67345 0.033816
0.6738 0.0338644
0.67415 0.0338707
0.6745 0.0338778
0.67485 0.0338814
0.6752 0.0339394
0.67555 0.0339394
0.6759 0.0339487
0.67625 0.033956
0.6766 0.033956
0.67695 0.0339583
0.6773 0.0339583
0.67765 0.0339654999999999
0.678 0.0339654999999999
0.67835 0.0339396999999999
0.6787 0.0338808
0.67905 0.0338702
0.6794 0.0338702
0.67975 0.0338746
0.6801 0.0338746
0.68045 0.0338648
0.6808 0.0337889
0.68115 0.0337750999999999
0.6815 0.0337750999999999
0.68185 0.0337064
0.6822 0.0336686999999999
0.68255 0.0336686999999999
0.6829 0.0336686999999999
0.68325 0.0336383
0.6836 0.0336383
0.68395 0.0336142
0.6843 0.0335691
0.68465 0.0335691
0.685 0.0336302
0.68535 0.0337296
0.6857 0.0337363
0.68605 0.0337363
0.6864 0.0337231
0.68675 0.0335195
0.6871 0.0335195
0.68745 0.033662
0.6878 0.0337120999999999
0.68815 0.0337239
0.6885 0.0337239
0.68885 0.0336595
0.6892 0.0336595
0.68955 0.0334166
0.6899 0.0336149
0.69025 0.0335721
0.6906 0.0336149
0.69095 0.0335721
0.6913 0.0334700999999999
0.69165 0.0334353
0.692 0.0333592
0.69235 0.0333542
0.6927 0.0333542
0.69305 0.0333542
0.6934 0.0333098999999999
0.69375 0.0333098999999999
0.6941 0.0333098999999999
0.69445 0.0333336
0.6948 0.0332981
0.69515 0.0332981
0.6955 0.0332796999999999
0.69585 0.0332029999999999
0.6962 0.0332029999999999
0.69655 0.033253
0.6969 0.033253
0.69725 0.0332481
0.6976 0.0330404
0.69795 0.0331012
0.6983 0.0330315999999999
0.69865 0.0330315999999999
0.699 0.0329434
0.69935 0.0328517
0.6997 0.0328517
0.70005 0.0325887
0.7004 0.0324855999999999
0.70075 0.0324855999999999
0.7011 0.0324035
0.70145 0.0324035
0.7018 0.0323371
0.70215 0.0323112
0.7025 0.0323112
0.70285 0.0323112
0.7032 0.0324000999999999
0.70355 0.0324000999999999
0.7039 0.0323869
0.70425 0.0323869
0.7046 0.0324319
0.70495 0.0324373
0.7053 0.0324937999999999
0.70565 0.0327779
0.706 0.0327779
0.70635 0.0327591
0.7067 0.0327591
0.70705 0.0327591
0.7074 0.0328588
0.70775 0.0328588
0.7081 0.0328732
0.70845 0.032909
0.7088 0.0329707
0.70915 0.032909
0.7095 0.0329821999999999
0.70985 0.0330004
0.7102 0.033097
0.71055 0.033097
0.7109 0.033073
0.71125 0.0330715
0.7116 0.033073
0.71195 0.0331595
0.7123 0.0331595
0.71265 0.0331074
0.713 0.0330926
0.71335 0.0330926
0.7137 0.0331279
0.71405 0.0331279
0.7144 0.0330798
0.71475 0.0329843
0.7151 0.0329842
0.71545 0.0328546999999999
0.7158 0.0326469
0.71615 0.0326402
0.7165 0.0323281
0.71685 0.0319015
0.7172 0.0317341
0.71755 0.0313387
0.7179 0.0310382
0.71825 0.0308036
0.7186 0.0307758
0.71895 0.0302086999999999
0.7193 0.0300492
0.71965 0.0300492
0.72 0.0295389
0.72035 0.0295344
0.7207 0.0293165
0.72105 0.0293165
0.7214 0.02921
0.72175 0.0289679
0.7221 0.0290904
0.72245 0.0289679
0.7228 0.0288853
0.72315 0.0284151999999999
0.7235 0.0273363
0.72385 0.0268234
0.7242 0.0268234
0.72455 0.025968
0.7249 0.0248410999999999
0.72525 0.0248410999999999
0.7256 0.0241039
0.72595 0.0241039
0.7263 0.0238435
0.72665 0.0229599
0.727 0.0224005999999999
0.72735 0.0228384
0.7277 0.0228384
0.72805 0.0236917
0.7284 0.0248648
0.72875 0.0256204999999999
0.7291 0.0259293
0.72945 0.0260921
0.7298 0.0262008
0.73015 0.026371
0.7305 0.0269046
0.73085 0.0277382
0.7312 0.0283274
0.73155 0.0283274
0.7319 0.0287052
0.73225 0.0287505999999999
0.7326 0.0291887999999999
0.73295 0.0287505999999999
0.7333 0.0291887999999999
0.73365 0.0301181
0.734 0.0301181
0.73435 0.030438
0.7347 0.0309080999999999
0.73505 0.0310500999999999
0.7354 0.0312745
0.73575 0.0312745
0.7361 0.0312745
0.73645 0.0316933
0.7368 0.0316933
0.73715 0.0317116
0.7375 0.0321225
0.73785 0.0321399999999999
0.7382 0.0323296
0.73855 0.0323972
0.7389 0.0324560999999999
0.73925 0.0324847
0.7396 0.0327069
0.73995 0.0327661
0.7403 0.0328045999999999
0.74065 0.0329866999999999
0.741 0.0329866999999999
0.74135 0.0330082
0.7417 0.0330352
0.74205 0.0331362
0.7424 0.0331362
0.74275 0.0331375999999999
0.7431 0.0332255999999999
0.74345 0.0332255999999999
0.7438 0.033219
0.74415 0.0331916
0.7445 0.0331916
0.74485 0.0332648
0.7452 0.0332648
0.74555 0.0332648
0.7459 0.0331785
0.74625 0.0332299
0.7466 0.0332299
0.74695 0.0332299
0.7473 0.0332485999999999
0.74765 0.0332354
0.748 0.0332431
0.74835 0.0332354
0.7487 0.0332345
0.74905 0.0332345
0.7494 0.0332384
0.74975 0.0332384
0.7501 0.0332384
0.75045 0.0332149999999999
0.7508 0.0332808
0.75115 0.0332513
0.7515 0.0332550999999999
0.75185 0.0332550999999999
0.7522 0.0332550999999999
0.75255 0.0332599
0.7529 0.0332599
0.75325 0.0332748
0.7536 0.0332748
0.75395 0.0332748
0.7543 0.0332736
0.75465 0.0333018
0.755 0.0332633
0.75535 0.0332897
0.7557 0.0332897
0.75605 0.0332897
0.7564 0.0332819
0.75675 0.0332786
0.7571 0.0332324
0.75745 0.0331868
0.7578 0.0331868
0.75815 0.0331954999999999
0.7585 0.0331954999999999
0.75885 0.0331723
0.7592 0.0331587
0.75955 0.0330677
0.7599 0.0330609
0.76025 0.0330356
0.7606 0.0329829
0.76095 0.0329829
0.7613 0.0330201
0.76165 0.0330201
0.762 0.0329282
0.76235 0.0328978
0.7627 0.032881
0.76305 0.0328602
0.7634 0.032859
0.76375 0.0328414
0.7641 0.0328397
0.76445 0.0327939
0.7648 0.0327884
0.76515 0.0327884
0.7655 0.0328032
0.76585 0.0328032
0.7662 0.0327789
0.76655 0.0327589
0.7669 0.0327212999999999
0.76725 0.0327212999999999
0.7676 0.0327672
0.76795 0.0328147
0.7683 0.0328147
0.76865 0.0327915
0.769 0.0327881
0.76935 0.0327881
0.7697 0.0327889
0.77005 0.0327889
0.7704 0.0327696999999999
0.77075 0.0327586
0.7711 0.0327473
0.77145 0.0327406
0.7718 0.0327345
0.77215 0.0327259
0.7725 0.0326688
0.77285 0.0325431
0.7732 0.0324203
0.77355 0.0324203
0.7739 0.0324370999999999
0.77425 0.032491
0.7746 0.032491
0.77495 0.0324821
0.7753 0.0324457
0.77565 0.032373
0.776 0.0323108
0.77635 0.0322702999999999
0.7767 0.0322567
0.77705 0.0322161
0.7774 0.0321628
0.77775 0.0321487
0.7781 0.0320857
0.77845 0.0320113
0.7788 0.031943
0.77915 0.0318615
0.7795 0.0316863
0.77985 0.0315224
0.7802 0.0313102
0.78055 0.0313078
0.7809 0.0310498
0.78125 0.0309392
0.7816 0.0309049
0.78195 0.0308551
0.7823 0.0308439
0.78265 0.0308179
0.783 0.0306822
0.78335 0.0306738
0.7837 0.0304295
0.78405 0.0304295
0.7844 0.0307070999999999
0.78475 0.0310370999999999
0.7851 0.0311214999999999
0.78545 0.0311214999999999
0.7858 0.0310234
0.78615 0.0310104
0.7865 0.0310145999999999
0.78685 0.0310145999999999
0.7872 0.0310849
0.78755 0.0312192
0.7879 0.0312342
0.78825 0.03133
0.7886 0.0313428
0.78895 0.0313883
0.7893 0.0313883
0.78965 0.0314117
0.79 0.0314117
0.79035 0.031396
0.7907 0.0313887
0.79105 0.0312847
0.7914 0.0311702
0.79175 0.0311620999999999
0.7921 0.0310227
0.79245 0.0308355999999999
0.7928 0.0306897999999999
0.79315 0.0306897999999999
0.7935 0.030685
0.79385 0.030685
0.7942 0.0305075999999999
0.79455 0.030507
0.7949 0.0302580999999999
0.79525 0.0302178
0.7956 0.0302178
0.79595 0.0299304
0.7963 0.0299304
0.79665 0.0299304
0.797 0.0299937999999999
0.79735 0.0299937999999999
0.7977 0.0299937999999999
0.79805 0.0300399
0.7984 0.0300897
0.79875 0.0301023
0.7991 0.0301450999999999
0.79945 0.0302908
0.7998 0.0303926
0.80015 0.0304008
0.8005 0.0304814
0.80085 0.0306082999999999
0.8012 0.0306082999999999
0.80155 0.0306055
0.8019 0.0306055
0.80225 0.0307233
0.8026 0.0307688
0.80295 0.0308918
0.8033 0.0308918
0.80365 0.0310029999999999
0.804 0.0310486
0.80435 0.0310864
0.8047 0.031208
0.80505 0.0313124
0.8054 0.0313445
0.80575 0.0313445
0.8061 0.0313445
0.80645 0.0313702
0.8068 0.031552
0.80715 0.0316712
0.8075 0.0316712
0.80785 0.0317562
0.8082 0.0317813
0.80855 0.0317888
0.8089 0.0317888
0.80925 0.0316977
0.8096 0.0316977
0.80995 0.0318244
0.8103 0.0318699
0.81065 0.0318699
0.811 0.0318841
0.81135 0.0319319
0.8117 0.0320029
0.81205 0.0320594
0.8124 0.0321303
0.81275 0.032156
0.8131 0.0321303
0.81345 0.0322375
0.8138 0.0323115
0.81415 0.0323255999999999
0.8145 0.0323255999999999
0.81485 0.0314959
0.8152 0.0314959
0.81555 0.0323695
0.8159 0.0324005
0.81625 0.0324005
0.8166 0.0324862
0.81695 0.0324948
0.8173 0.0325072
0.81765 0.0324948
0.818 0.0325168
0.81835 0.0325168
0.8187 0.0325207999999999
0.81905 0.0326152
0.8194 0.0326338
0.81975 0.0326338
0.8201 0.0326531
0.82045 0.0326901
0.8208 0.0326934
0.82115 0.0327244
0.8215 0.0327035
0.82185 0.0327035
0.8222 0.0326855
0.82255 0.0326532
0.8229 0.0325906
0.82325 0.0315651
0.8236 0.0319951
0.82395 0.0319951
0.8243 0.0327084
0.82465 0.032746
0.825 0.032746
0.82535 0.032746
0.8257 0.0327422
0.82605 0.0327422
0.8264 0.0327749
0.82675 0.0327768
0.8271 0.0327749
0.82745 0.0327163
0.8278 0.0324715
0.82815 0.0326924
0.8285 0.0326924
0.82885 0.0326924
0.8292 0.0327194
0.82955 0.0327508
0.8299 0.0327508
0.83025 0.0327354
0.8306 0.0327354
0.83095 0.0327437999999999
0.8313 0.0327666
0.83165 0.0327437999999999
0.832 0.0326398
0.83235 0.0326398
0.8327 0.0324738
0.83305 0.0326731
0.8334 0.0326033
0.83375 0.0326033
0.8341 0.0321552
0.83445 0.0321552
0.8348 0.0321552
0.83515 0.032157
0.8355 0.0320026
0.83585 0.0320026
0.8362 0.0318723
0.83655 0.0318537
0.8369 0.0317248
0.83725 0.0315967
0.8376 0.0311307
0.83795 0.0309199
0.8383 0.0308552
0.83865 0.030819
0.839 0.030819
0.83935 0.0308403
0.8397 0.0309283
0.84005 0.0309541
0.8404 0.0309541
0.84075 0.0305778
0.8411 0.0302879
0.84145 0.0302879
0.8418 0.0303114
0.84215 0.0303129
0.8425 0.0308520999999999
0.84285 0.0313516999999999
0.8432 0.0313516999999999
0.84355 0.0313177
0.8439 0.0311052
0.84425 0.0311052
0.8446 0.0312292
0.84495 0.0312672
0.8453 0.0314939
0.84565 0.0314939
0.846 0.0317152
0.84635 0.0318874
0.8467 0.0318887999999999
0.84705 0.0318874
0.8474 0.0318725
0.84775 0.0318353
0.8481 0.0318353
0.84845 0.0318353
0.8488 0.0319504
0.84915 0.0320656999999999
0.8495 0.0320656999999999
0.84985 0.0319842
0.8502 0.0319046
0.85055 0.0314434
0.8509 0.0314434
0.85125 0.0314434
0.8516 0.0316739
0.85195 0.0315629
0.8523 0.0315629
0.85265 0.0313892999999999
0.853 0.0311665
0.85335 0.0311339
0.8537 0.0309609
0.85405 0.0307675
0.8544 0.0305258
0.85475 0.0303052
0.8551 0.0302992
0.85545 0.0300462999999999
0.8558 0.0299464999999999
0.85615 0.0294827
0.8565 0.0294827
0.85685 0.0292234
0.8572 0.0286629
0.85755 0.0282397999999999
0.8579 0.0269887
0.85825 0.0269887
0.8586 0.0271591999999999
0.85895 0.0271591999999999
0.8593 0.0267195
0.85965 0.026636
0.86 0.0261089
0.86035 0.0249215
0.8607 0.0246920999999999
0.86105 0.0236063
0.8614 0.0233472
0.86175 0.0230617
0.8621 0.0221921
0.86245 0.0221921
0.8628 0.0221432
0.86315 0.0222224
0.8635 0.0221785
0.86385 0.0221785
0.8642 0.0201854
0.86455 0.0200654
0.8649 0.0201854
0.86525 0.0225293
0.8656 0.0226664
0.86595 0.0236036
0.8663 0.0237082
0.86665 0.0237082
0.867 0.0209592
0.86735 0.0209592
0.8677 0.022087
0.86805 0.0235064
0.8684 0.025101
0.86875 0.025501
0.8691 0.0266803
0.86945 0.0267955
0.8698 0.0270499
0.87015 0.0270499
0.8705 0.0270499
0.87085 0.0264527
0.8712 0.0245958
0.87155 0.0264527
0.8719 0.0267355999999999
0.87225 0.0282744
0.8726 0.026815
0.87295 0.026815
0.8733 0.026815
0.87365 0.028172
0.874 0.028172
0.87435 0.0288846
0.8747 0.0288846
0.87505 0.0288846
0.8754 0.0293172
0.87575 0.0266867
0.8761 0.0282464999999999
0.87645 0.0280134
0.8768 0.0280134
0.87715 0.0279949
0.8775 0.0259743
0.87785 0.0259743
0.8782 0.02567
0.87855 0.02567
0.8789 0.0275597
0.87925 0.0275597
0.8796 0.0196474
0.87995 0.0187959
0.8803 0.0187959
0.88065 0.0183597
0.881 0.0149135
0.88135 0.0148396
0.8817 0.0121197
0.88205 0.0087877999999999
0.8824 0.0047469999999999
0.88275 0.0047469999999999
0.8831 0.0047469999999999
0.88345 0.0047751
0.8838 0.004524
0.88415 0.0047751
0.8845 0.0064524
0.88485 0.0082687999999999
0.8852 0.0090851
0.88555 0.0090851
0.8859 0.0081106
0.88625 0.0059021
0.8866 0.0021188
0.88695 0.0014913
0.8873 0.0014913
0.88765 0.0020318
0.888 0.0026009
0.88835 0.0026009
0.8887 0.0040111999999999
0.88905 0.0018704999999999
0.8894 0.0042152
0.88975 0.0044152
0.8901 0.0059214
0.89045 0.0054458999999999
0.8908 0.0055248
0.89115 0.0054458999999999
0.8915 0.0055248
0.89185 0.0060717
0.8922 0.0060849
0.89255 0.0060849
0.8929 0.0064293
0.89325 0.0064293
0.8936 0.0056118
0.89395 0.0049424
0.8943 0.0049424
0.89465 0.0050548
0.895 0.0050548
0.89535 0.0043449
0.8957 0.0043449
0.89605 0.0054467
0.8964 0.0067059
0.89675 0.0092042999999999
0.8971 0.0092042999999999
0.89745 0.0089238999999999
0.8978 0.0089238999999999
0.89815 0.0094488
0.8985 0.0094488
0.89885 0.0092993
0.8992 0.0092163
0.89955 0.0092993
0.8999 0.0096497
0.90025 0.0123247999999999
0.9006 0.0131986999999999
0.90095 0.0152553
0.9013 0.0159121
0.90165 0.0178578
0.902 0.0178578
0.90235 0.0189934
0.9027 0.0194269
0.90305 0.0194269
0.9034 0.0218575999999999
0.90375 0.0193792
0.9041 0.0223613
0.90445 0.0244859
0.9048 0.024491
0.90515 0.0248090999999999
0.9055 0.0259689
0.90585 0.0273342
0.9062 0.0273342
0.90655 0.0253966
0.9069 0.0253966
0.90725 0.0259577
0.9076 0.0259577
0.90795 0.0264689
0.9083 0.0207005
0.90865 0.0264689
0.909 0.0286175
0.90935 0.0286175
0.9097 0.0247205
0.91005 0.0247205
0.9104 0.0271466
0.91075 0.0282397999999999
0.9111 0.0295695
0.91145 0.029507
0.9118 0.029507
0.91215 0.0286957999999999
0.9125 0.0285805999999999
0.91285 0.0285805999999999
0.9132 0.0285805999999999
0.91355 0.0262245
0.9139 0.0290584999999999
0.91425 0.0294411
0.9146 0.0299298
0.91495 0.0299105
0.9153 0.0299105
0.91565 0.0274846999999999
0.916 0.0274846999999999
0.91635 0.0283741
0.9167 0.0283741
0.91705 0.0283741
0.9174 0.0301558
0.91775 0.0301558
0.9181 0.0294731
0.91845 0.0294731
0.9188 0.0294731
0.91915 0.0292185
0.9195 0.0280994
0.91985 0.0292185
0.9202 0.0292924
0.92055 0.0292924
0.9209 0.0301988
0.92125 0.0290524
0.9216 0.0279437
0.92195 0.0279156
0.9223 0.022358
0.92265 0.0279156
0.923 0.0306285
0.92335 0.0306285
0.9237 0.0298278
0.92405 0.0298278
0.9244 0.029878
0.92475 0.0299933
0.9251 0.029878
0.92545 0.0299933
0.9258 0.0280737
0.92615 0.0280737
0.9265 0.0280737
0.92685 0.0239401
0.9272 0.0283989
0.92755 0.0283989
0.9279 0.0283989
0.92825 0.0292579
0.9286 0.0292579
0.92895 0.0304867
0.9293 0.0304867
0.92965 0.0303815999999999
0.93 0.028435
0.93035 0.0269586
0.9307 0.0226723
0.93105 0.0244862
0.9314 0.0244862
0.93175 0.0244862
0.9321 0.0254477
0.93245 0.0254477
0.9328 0.0263348999999999
0.93315 0.0290567999999999
0.9335 0.0290567999999999
0.93385 0.0270397
0.9342 0.02561
0.93455 0.02561
0.9349 0.0261052
0.93525 0.0261052
0.9356 0.030242
0.93595 0.0301082999999999
0.9363 0.030242
0.93665 0.0301082999999999
0.937 0.0286682
0.93735 0.0286682
0.9377 0.0265281
0.93805 0.0256964
0.9384 0.0251713
0.93875 0.0251713
0.9391 0.0291952999999999
0.93945 0.029501
0.9398 0.029501
0.94015 0.0296281999999999
0.9405 0.0203458
0.94085 0.0301755
0.9412 0.0303114
0.94155 0.0313721
0.9419 0.031488
0.94225 0.031488
0.9426 0.0313002999999999
0.94295 0.0264863
0.9433 0.0264863
0.94365 0.0276697
0.944 0.0276697
0.94435 0.0235990999999999
0.9447 0.0235990999999999
0.94505 0.0303699999999999
0.9454 0.0303699999999999
0.94575 0.0303699999999999
0.9461 0.0302495
0.94645 0.0302495
0.9468 0.0277461
0.94715 0.0277461
0.9475 0.0277461
0.94785 0.0290466999999999
0.9482 0.0305814
0.94855 0.0308253
0.9489 0.0305814
0.94925 0.0269307
0.9496 0.0269307
0.94995 0.0287312
0.9503 0.029757
0.95065 0.0310417
0.951 0.0310417
0.95135 0.0300542
0.9517 0.0300542
0.95205 0.0302012
0.9524 0.0302012
0.95275 0.0294783
0.9531 0.0292283999999999
0.95345 0.0292283999999999
0.9538 0.0311704
0.95415 0.0311704
0.9545 0.0309864
0.95485 0.0309864
0.9552 0.0296395
0.95555 0.0308346
0.9559 0.0308346
0.95625 0.0308346
0.9566 0.0306719
0.95695 0.0291537
0.9573 0.0291537
0.95765 0.0308611
0.958 0.0308611
0.95835 0.0307612
0.9587 0.0306505999999999
0.95905 0.0306505999999999
0.9594 0.0291569
0.95975 0.0291569
0.9601 0.0300842
0.96045 0.0300842
0.9608 0.0293517999999999
0.96115 0.0293517999999999
0.9615 0.0293517999999999
0.96185 0.0291505
0.9622 0.0287174
0.96255 0.0263774
0.9629 0.0263774
0.96325 0.0266591999999999
0.9636 0.0266591999999999
0.96395 0.026573
0.9643 0.0265699
0.96465 0.0265699
0.965 0.02591
0.96535 0.0253442999999999
0.9657 0.025331
0.96605 0.0245452
0.9664 0.0245041
0.96675 0.0243994
0.9671 0.0234390999999999
0.96745 0.0233166
0.9678 0.0233166
0.96815 0.0253125999999999
0.9685 0.0253125999999999
0.96885 0.0247969
0.9692 0.0241527
0.96955 0.0241509
0.9699 0.0236218
0.97025 0.0220976
0.9706 0.0202718
0.97095 0.0199015
0.9713 0.0202718
0.97165 0.0214925999999999
0.972 0.0226482
0.97235 0.0236813
0.9727 0.0237007
0.97305 0.0236813
0.9734 0.0232011
0.97375 0.0231394
0.9741 0.0228179
0.97445 0.0231394
0.9748 0.0236676
0.97515 0.0238571
0.9755 0.0239018
0.97585 0.0247327
0.9762 0.0247327
0.97655 0.023569
0.9769 0.0208373
0.97725 0.023569
0.9776 0.0218571
0.97795 0.0221292
0.9783 0.0218571
0.97865 0.0207615
0.979 0.0207615
0.97935 0.0233864
0.9797 0.0233864
0.98005 0.0202108
0.9804 0.0184364
0.98075 0.0184364
0.9811 0.0184364
0.98145 0.0188840999999999
0.9818 0.0188840999999999
0.98215 0.017088
0.9825 0.017088
0.98285 0.003253
0.9832 0.0146012
0.98355 0.0146012
0.9839 0.0150379
0.98425 0.0153163999999999
0.9846 0.0150379
0.98495 0.0161768
0.9853 0.0082367999999999
0.98565 0.0105098999999999
0.986 0.0079551
0.98635 0.0105098999999999
0.9867 0.0075441999999999
0.98705 0.0093818
0.9874 0.009033
0.98775 0.0093818
0.9881 0.009033
0.98845 0.000509
0.9888 0.000509
0.98915 0.0027887
0.9895 0.0100068
0.98985 0.006924
0.9902 0.0109123
0.99055 0.006924
0.9909 0.0109123
0.99125 0.0108524
0.9916 0.0117137
0.99195 0.0108524
0.9923 0.0121352
0.99265 0.0138364
0.993 0.0138364
0.99335 0.0135188999999999
0.9937 0.0129747
0.99405 0.0129747
0.9944 0.013612
0.99475 0.013612
0.9951 0.0093127
0.99545 0.0093127
0.9958 0.0010317
0.99615 0.0105749
0.9965 0.0009976
0.99685 0.0105749
0.9972 0.0138439
0.99755 0.0138439
0.9979 0.0145269
0.99825 0.0108656
0.9986 0.0123656
0.99895 0.0108983999999999
0.9993 0.0108983999999999
