0.4 0.26864629333333334
0.402867 0.26799041999999995
0.405755 0.2608138733333333
0.408664 0.25853782666666664
0.411593 0.25727870666666663
0.414544 0.25537514666666666
0.417515 0.25368297333333334
0.420508 0.2538180666666666
0.423523 0.25205362
0.426559 0.24938112666666667
0.429617 0.24491390666666668
0.432696 0.24375524666666665
0.435798 0.24382080666666664
0.438922 0.24173915999999998
0.442068 0.23882754666666664
0.445237 0.23887293333333331
0.448429 0.23658098666666666
0.451643 0.23469157333333335
0.454881 0.23295702666666665
0.458142 0.23152311333333334
0.461426 0.23006275999999998
0.464734 0.23012912666666666
0.468065 0.22743179333333333
0.47142 0.22562529999999997
0.4748 0.22493118666666667
0.478203 0.22174421333333333
0.481631 0.22063224666666664
0.485084 0.21789334
0.488561 0.21635788
0.492063 0.21614207333333335
0.49559 0.2139081
0.499143 0.2119559
0.502721 0.20932942666666665
0.506325 0.20737345333333335
0.509954 0.2075849733333333
0.51361 0.20747615999999997
0.517292 0.20560571333333333
0.521 0.20477842000000002
0.524735 0.20330448666666667
0.528496 0.20186192666666664
0.532285 0.19965977333333332
0.5361 0.19865544666666668
0.539943 0.19738893999999998
0.543814 0.19579173333333333
0.547712 0.19459364666666668
0.551638 0.19398769999999999
0.555593 0.19162142666666665
0.559575 0.18988739333333332
0.563587 0.18736884
0.567627 0.18305478666666666
0.571696 0.18092970666666666
0.575794 0.18246521999999998
0.579921 0.18360248666666668
0.584078 0.18369308666666664
0.588265 0.17682164666666667
0.592482 0.17331312666666665
0.596729 0.17585484666666665
0.601007 0.17852481999999997
0.605315 0.17847908666666668
0.609654 0.17929272666666665
0.614025 0.18065108
0.618426 0.18225739333333335
0.622859 0.18336079333333333
0.627324 0.17966272666666666
0.631821 0.18042602666666666
0.63635 0.18315777333333333
0.640912 0.1844047533333333
0.645506 0.18134997999999997
0.650134 0.17931510666666664
0.654794 0.18178038666666665
0.659488 0.18572432666666666
0.664215 0.18595432666666667
0.668977 0.18693801333333332
0.673772 0.18806238
0.678602 0.1884751
0.683467 0.18569609999999998
0.688366 0.15739194
0.6933 0.17186853333333332
0.69827 0.18101856666666666
0.703276 0.18356487999999999
0.708317 0.19153126666666667
0.713395 0.19225456666666665
0.718509 0.16088338666666666
0.723659 0.16708432666666664
0.728847 0.17734582
0.734071 0.19972969333333335
0.739333 0.21422784666666667
0.744633 0.22624256
0.749971 0.22992809333333333
0.755347 0.22464913999999997
0.760762 0.11521858666666665
0.766215 0.1571653533333333
0.771708 0.22921176666666665
0.77724 0.23449198666666665
0.782811 0.23380703333333333
0.788423 0.22592602666666664
0.794075 0.22293118
0.799767 0.22267908666666664
0.8055 0.22373016666666667
0.811274 0.20694367333333333
0.81709 0.1759943533333333
0.822947 0.19233458666666664
0.828846 0.19962912666666666
0.834788 0.21096848666666668
0.840772 0.22324620666666664
0.846799 0.2322043133333333
0.852869 0.23218782
0.858983 0.23397288666666666
0.86514 0.23470446666666667
0.871342 0.23474594666666665
0.877588 0.23413299999999998
0.883879 0.23207126666666666
0.890215 0.22448537333333332
0.896596 0.18022563333333333
0.903024 0.17307343999999997
0.909497 0.16599360666666665
0.916017 0.16107382666666664
0.922583 0.17890392666666666
0.929196 0.12772918666666666
0.935857 0.08165591333333333
0.942566 0.09157391333333333
0.949323 0.09411518666666666
0.956128 0.10692017999999999
0.962982 0.13030436
0.969885 0.16747522666666664
0.976837 0.16806225999999996
0.98384 0.19615855999999998
0.990892 0.21544494666666664
0.997995 0.22034145333333333
1.00515 0.2200091733333333
1.01235 0.22091413333333332
1.01961 0.22226353333333332
1.02692 0.2230091733333333
1.03428 0.22534391999999998
1.0417 0.22604236
1.04916 0.22635048666666668
1.05668 0.22663588
1.06426 0.22557723333333335
1.07189 0.22319764666666667
1.07957 0.21794248666666666
1.08731 0.20834726666666664
1.0951 0.1943314
1.10295 0.1667918333333333
1.11086 0.1327573933333333
1.11882 0.07891221999999999
1.12684 0.06634858399999999
1.13492 0.07460316
1.14306 0.08287333999999999
1.15125 0.08634392666666665
1.1595 0.1199031
1.16782 0.15254858666666665
1.17619 0.16540510666666666
1.18462 0.1633624733333333
1.19311 0.17177796666666667
1.20166 0.16984640666666664
1.21028 0.17387575333333333
1.21895 0.18171782666666664
1.22769 0.19098788
1.23649 0.20023215333333333
1.24536 0.20266109999999998
1.25428 0.19896081333333332
1.26327 0.18121249333333334
1.27233 0.17948604666666668
1.28145 0.19423658666666666
1.29064 0.18934124
1.29989 0.17480940666666667
1.30921 0.15264653333333333
1.31859 0.13383674666666667
1.32804 0.10677863333333333
1.33756 0.08495788
1.34715 0.053227065999999996
1.35681 0.03128925133333333
1.36653 0.026056827999999997
1.37633 0.02822885333333333
1.3862 0.027772582666666663
1.39613 0.028254331999999997
1.40614 0.028019952
1.41622 0.027477285999999997
1.42637 0.025886676
1.4366 0.021132458
1.4469 0.021730693333333332
1.45727 0.029170807333333333
1.46771 0.02348052333333333
1.47824 0.026802890666666666
1.48883 0.043388513999999996
1.49951 0.07002423333333332
1.51025 0.08798109333333333
1.52108 0.10235941999999999
1.53198 0.11196790666666667
1.54297 0.11928789333333334
1.55403 0.12565756
1.56517 0.12388970666666667
1.57639 0.11737389333333333
1.58769 0.13006486
1.59907 0.12589444666666666
1.61053 0.12601596666666665
1.62208 0.13782522
1.6337 0.13642535333333333
1.64541 0.13420740666666664
1.65721 0.13758531333333332
1.66909 0.13768173333333333
1.68105 0.14141474666666665
1.6931 0.13750874
1.70524 0.13206136
1.71746 0.13039074
1.72978 0.12252205333333333
1.74218 0.11679338
1.75466 0.11244679999999999
1.76724 0.09723422
1.77991 0.07340064666666667
1.79267 0.0493933
