0.4 0.00016102684224409864
0.402867 0.00016503173532046988
0.405755 0.00016710342157420948
0.408664 0.00017121157938099457
0.411593 0.0001754852668089545
0.414544 0.00018010224624890104
0.417515 0.0001844311817539171
0.420508 0.00019091294475200404
0.423523 0.0001963560327043921
0.426559 0.00019954023850337832
0.429617 0.00020302565409386082
0.432696 0.00020956501654806453
0.435798 0.00021595633543013975
0.438922 0.00022184068952204187
0.442068 0.00022736849243669866
0.445237 0.0002340798414736247
0.448429 0.0002400768004960983
0.451643 0.00024508984734472627
0.454881 0.0002505153466085059
0.458142 0.00025582289435361184
0.461426 0.0002618607505761761
0.464734 0.00026853627840590433
0.468065 0.0002737895858078373
0.47142 0.0002787714022369572
0.4748 0.000283385834349588
0.478203 0.00028568378485270015
0.481631 0.0002898642102421233
0.485084 0.0002945607166810142
0.488561 0.0002998420353525507
0.492063 0.00030347808849682384
0.49559 0.00030349725410234204
0.499143 0.00030333855467748624
0.502721 0.00030283201910730044
0.506325 0.00030211966322235285
0.509954 0.00030406002682172863
0.51361 0.00030781764253109
0.517292 0.00030996032736924447
0.521 0.0003094031998257774
0.524735 0.00030340399206380523
0.528496 0.0002964316119585384
0.532285 0.00029143663900372196
0.5361 0.0002897378702719594
0.539943 0.00028843375998761575
0.543814 0.000287414829061331
0.547712 0.0002886265730705896
0.551638 0.00028647493992878763
0.555593 0.00027737429117841676
0.559575 0.0002688157379410896
0.563587 0.0002587752280507832
0.567627 0.00024654671329018906
0.571696 0.0002433243628975522
0.575794 0.00025158735151930255
0.579921 0.0002603555134043227
0.584078 0.00026761299822069417
0.588265 0.00026241229825980884
0.592482 0.0002580352994470886
0.596729 0.00026079648095601946
0.601007 0.00027211212878152925
0.605315 0.00028838740422899135
0.609654 0.00030405444696189414
0.614025 0.00032712046781305666
0.618426 0.0003549062103058994
0.622859 0.00038064991071673157
0.627324 0.00038695023496150707
0.631821 0.00041762605559162954
0.63635 0.0004651232128017053
0.640912 0.000501677210488261
0.645506 0.0005143014380845036
0.650134 0.0005339068634574905
0.654794 0.0005736710814066082
0.659488 0.0006302627569859324
0.664215 0.0006731873123703968
0.668977 0.0007131365427957634
0.673772 0.0007497997396456003
0.678602 0.0007832607501113325
0.683467 0.000788361712410395
0.688366 0.0005676096834008295
0.6933 0.0007181222968517231
0.69827 0.0008172630909588267
0.703276 0.000840448201694716
0.708317 0.0008955733072245175
0.713395 0.0009067272604161299
0.718509 0.0007542404589646906
0.723659 0.0007785382572014736
0.728847 0.0008191098472775019
0.734071 0.0009377392069506255
0.739333 0.0010408981253067513
0.744633 0.001154452845063075
0.749971 0.001199577115558784
0.755347 0.0011531004288684256
0.760762 0.0004113317217649372
0.766215 0.0006150104527311569
0.771708 0.0012160874356036187
0.77724 0.0013040400228979526
0.782811 0.0013133336620178137
0.788423 0.0012426111780252161
0.794075 0.001227767724470047
0.799767 0.0012242781659736004
0.8055 0.001261429768514596
0.811274 0.0011662362400351389
0.81709 0.0009878132236777108
0.822947 0.0010760804478844466
0.828846 0.0011136319714831397
0.834788 0.0012242204078927058
0.840772 0.0013622529836704693
0.846799 0.0014939856364308362
0.852869 0.001507181351778381
0.858983 0.0015606976194946205
0.86514 0.0016008640259026728
0.871342 0.0016169533371252188
0.877588 0.001613602062111625
0.883879 0.0015836951331034681
0.890215 0.001496218233525453
0.896596 0.001116563917230916
0.903024 0.0010480641396114895
0.909497 0.0010248838342732836
0.916017 0.0010039064538653576
0.922583 0.0010975189598526015
0.929196 0.0009044832330066351
0.935857 0.0007695466396587368
0.942566 0.0007915665767539856
0.949323 0.0008072315853573836
0.956128 0.0008528645841775612
0.962982 0.0009249656014679462
0.969885 0.0010858848587891505
0.976837 0.0010998378674881351
0.98384 0.0013512606597966689
0.990892 0.0016187542882065576
0.997995 0.0017407898350590366
1.00515 0.0017509975261343817
1.01235 0.0017782869596897788
1.01961 0.0018146788428533192
1.02692 0.0018363501600102178
1.03428 0.0018922797637591889
1.0417 0.001914306960270744
1.04916 0.0019218360386994908
1.05668 0.0019337624758977447
1.06426 0.0019067514754819114
1.07189 0.001870664151891942
1.07957 0.001789807504073991
1.08731 0.0016536396092148057
1.0951 0.00148325233748848
1.10295 0.0012053847419125283
1.11086 0.001022955610134852
1.11882 0.0008285733828653649
1.12684 0.0007741714850214935
1.13492 0.0007966749850867401
1.14306 0.0008320286037628304
1.15125 0.000841094224429893
1.1595 0.0009666426942755164
1.16782 0.0011619115687373875
1.17619 0.0013176218496166478
1.18462 0.0012859774194383126
1.19311 0.0014007071755641142
1.20166 0.0013816801334548333
1.21028 0.001466411238127374
1.21895 0.0016013111611589692
1.22769 0.0018172579884333042
1.23649 0.002074642553056225
1.24536 0.002168624561467287
1.25428 0.002064847846255581
1.26327 0.0016024391699472344
1.27233 0.0015850949501141022
1.28145 0.0019461319427698082
1.29064 0.0018662148201804985
1.29989 0.0016368424582480477
1.30921 0.001354799485282958
1.31859 0.0011646293710349971
1.32804 0.0010127942934798698
1.33756 0.0009072285800303836
1.34715 0.000782986655825988
1.35681 0.0005371650537190637
1.36653 0.00039508482149098085
1.37633 0.0004633021443661807
1.3862 0.00047274796063326513
1.39613 0.0005112142546643773
1.40614 0.0005805647089750817
1.41622 0.0007068372636083481
1.42637 0.0007179727416787698
1.4366 0.0006188507865967593
1.4469 0.0007570543412233618
1.45727 0.0008768381720300523
1.46771 0.0008456242028445952
1.47824 0.0008770932033494407
1.48883 0.0009993747305780984
1.49951 0.0012401011741866577
1.51025 0.001515990812090871
1.52108 0.001788842225646114
1.53198 0.0019296303004334115
1.54297 0.0021313688264250332
1.55403 0.0023858050229702307
1.56517 0.002197306254029194
1.57639 0.0017838506771203264
1.58769 0.0022923645782126634
1.59907 0.0019961281400470285
1.61053 0.0018986330593489143
1.62208 0.0023334701366145853
1.6337 0.0022193107765283784
1.64541 0.0020731529730830373
1.65721 0.002167421905724715
1.66909 0.002158185464833591
1.68105 0.002310833447721117
1.6931 0.002140059691388869
1.70524 0.001897558609750364
1.71746 0.0019459038963244018
1.72978 0.0017187693567733693
1.74218 0.0016414166369905687
1.75466 0.001569470129564729
1.76724 0.00133140326362942
1.77991 0.0011088182693259874
1.79267 0.0009527491232138984
