0.4 0.24547388666666664
0.402867 0.2448275533333333
0.405755 0.23824149333333333
0.408664 0.23609795333333333
0.411593 0.23481616
0.414544 0.2330916133333333
0.417515 0.23135781333333333
0.420508 0.23172914666666666
0.423523 0.2300695133333333
0.426559 0.22746082
0.429617 0.2232517533333333
0.432696 0.22186627333333334
0.435798 0.22177678
0.438922 0.21977004666666666
0.442068 0.21709701333333334
0.445237 0.21713182
0.448429 0.21509690666666664
0.451643 0.2134004
0.454881 0.21183004666666666
0.458142 0.21046896666666665
0.461426 0.20878478666666667
0.464734 0.20855485333333335
0.468065 0.20570698666666667
0.47142 0.20403216666666668
0.4748 0.20357879999999998
0.478203 0.20094300666666667
0.481631 0.19991440666666666
0.485084 0.19738002
0.488561 0.19600241333333335
0.492063 0.19567933333333332
0.49559 0.19353202666666663
0.499143 0.19160170666666665
0.502721 0.18907799333333333
0.506325 0.18718577333333333
0.509954 0.18718892
0.51361 0.18698877333333333
0.517292 0.18521812666666665
0.521 0.18434044666666666
0.524735 0.18281602
0.528496 0.18132736666666666
0.532285 0.17907663333333335
0.5361 0.17793493333333332
0.539943 0.17679550666666666
0.543814 0.17542261333333334
0.547712 0.17440454666666666
0.551638 0.17379343333333333
0.555593 0.17152315333333334
0.559575 0.16983942666666665
0.563587 0.16751191999999998
0.567627 0.16366599999999998
0.571696 0.16177590666666666
0.575794 0.16312712
0.579921 0.16415238666666665
0.584078 0.16426269999999998
0.588265 0.15829453333333332
0.592482 0.15517497333333333
0.596729 0.15725318
0.601007 0.1593874733333333
0.605315 0.15930806666666666
0.609654 0.16008956
0.614025 0.16143379333333333
0.618426 0.16312395999999998
0.622859 0.16416290666666666
0.627324 0.16071466666666667
0.631821 0.16145524
0.63635 0.16427181333333332
0.640912 0.16566045999999998
0.645506 0.16335386666666665
0.650134 0.16182802666666665
0.654794 0.16402892666666666
0.659488 0.16733995999999998
0.664215 0.16725183999999998
0.668977 0.16806874
0.673772 0.16911434666666664
0.678602 0.16956288
0.683467 0.1672060333333333
0.688366 0.14164665333333332
0.6933 0.15578741999999998
0.69827 0.16449956
0.703276 0.16696974666666667
0.708317 0.17407503333333332
0.713395 0.17482902666666666
0.718509 0.14742409333333334
0.723659 0.15273325999999998
0.728847 0.16155693333333332
0.734071 0.18120193333333334
0.739333 0.19405709333333332
0.744633 0.20494348666666665
0.749971 0.20855170666666667
0.755347 0.20397712666666667
0.760762 0.10370123999999999
0.766215 0.14197517999999998
0.771708 0.20883128666666664
0.77724 0.2135993333333333
0.782811 0.21286435333333334
0.788423 0.20572476666666664
0.794075 0.20305354666666667
0.799767 0.20289609999999997
0.8055 0.20408682666666667
0.811274 0.18925932666666667
0.81709 0.16165204666666666
0.822947 0.17637052666666667
0.828846 0.18303428666666666
0.834788 0.1933163933333333
0.840772 0.20431588666666667
0.846799 0.21233218
0.852869 0.21226582666666666
0.858983 0.21381322666666663
0.86514 0.21447684
0.871342 0.2146944533333333
0.877588 0.21435921333333333
0.883879 0.21279267333333332
0.890215 0.20615456
0.896596 0.16632448
0.903024 0.15999912
0.909497 0.15372752
0.916017 0.1492027
0.922583 0.16534305333333332
0.929196 0.11923611333333334
0.935857 0.07803351333333333
0.942566 0.08673367333333333
0.949323 0.08913017333333334
0.956128 0.10071189333333333
0.962982 0.12187302
0.969885 0.15587251333333332
0.976837 0.1566144
0.98384 0.18294616
0.990892 0.20128101999999998
0.997995 0.20607534
1.00515 0.20590816666666667
1.01235 0.20677605333333332
1.01961 0.20812973333333332
1.02692 0.20891507999999998
1.03428 0.21115072000000001
1.0417 0.21169662
1.04916 0.21180646666666664
1.05668 0.21189627333333333
1.06426 0.21079062666666665
1.07189 0.20855617333333332
1.07957 0.20362391999999999
1.08731 0.19465100666666668
1.0951 0.18158835333333334
1.10295 0.15604800666666666
1.11086 0.12498416666666667
1.11882 0.07618741999999999
1.12684 0.06479142666666667
1.13492 0.07216328666666666
1.14306 0.07963280666666667
1.15125 0.08296516666666666
1.1595 0.11401066
1.16782 0.1447436933333333
1.17619 0.15715752
1.18462 0.15528296666666666
1.19311 0.1636028
1.20166 0.1621214
1.21028 0.16639806
1.21895 0.17420249999999998
1.22769 0.18350778
1.23649 0.19273969333333332
1.24536 0.1951514533333333
1.25428 0.19138049999999998
1.26327 0.17354212666666669
1.27233 0.17181417333333332
1.28145 0.18664134666666665
1.29064 0.18200777333333332
1.29989 0.16803861999999997
1.30921 0.14667852666666664
1.31859 0.12868775333333332
1.32804 0.10313733333333333
1.33756 0.08267600666666666
1.34715 0.05342514333333333
1.35681 0.03293330866666666
1.36653 0.027757021333333333
1.37633 0.029924156666666663
1.3862 0.029486103333333333
1.39613 0.029991224666666667
1.40614 0.02985534733333333
1.41622 0.029354212666666664
1.42637 0.027490294
1.4366 0.022366825333333333
1.4469 0.022601360666666667
1.45727 0.029210754666666665
1.46771 0.023501953333333332
1.47824 0.026342668666666666
1.48883 0.042097503999999994
1.49951 0.06822547999999999
1.51025 0.08617250666666666
1.52108 0.10057418666666665
1.53198 0.1102284
1.54297 0.11770131333333334
1.55403 0.12424088
1.56517 0.12240372
1.57639 0.11572728
1.58769 0.12886302
1.59907 0.124523
1.61053 0.12458363333333333
1.62208 0.13670916666666666
1.6337 0.13529402666666665
1.64541 0.13305364666666666
1.65721 0.13655198666666665
1.66909 0.13668056
1.68105 0.14052496666666664
1.6931 0.13659887333333331
1.70524 0.1312027533333333
1.71746 0.12969714666666665
1.72978 0.12192159999999999
1.74218 0.11629475333333333
1.75466 0.11200886
1.76724 0.09686286
1.77991 0.07341518
1.79267 0.050191455999999995
