0.4 0.3947845251679212
0.402867 0.3936345107568645
0.405755 0.3833221323185566
0.408664 0.38006269530545217
0.411593 0.37827388419013086
0.414544 0.3756542664468494
0.417515 0.3730781077397953
0.420508 0.3734406444144117
0.423523 0.3709203270828908
0.426559 0.366875392392109
0.429617 0.3605391950548636
0.432696 0.3587858390762634
0.435798 0.3586306415126663
0.438922 0.35526689351656565
0.442068 0.35061671156788166
0.445237 0.35025106071633777
0.448429 0.3464666571377075
0.451643 0.3438026693452467
0.454881 0.34221144578393886
0.458142 0.3408167035466315
0.461426 0.33840764134785273
0.464734 0.3379845223119328
0.468065 0.3333400946185268
0.47142 0.3307478444480054
0.4748 0.3301609382977988
0.478203 0.32600015622531314
0.481631 0.32408083785660224
0.485084 0.31957635290787373
0.488561 0.3171185979964192
0.492063 0.31680466107397326
0.49559 0.31379087219612195
0.499143 0.3113944247379123
0.502721 0.30827313633173303
0.506325 0.3058297531143978
0.509954 0.3060229622286117
0.51361 0.30565029285891765
0.517292 0.3027564230329024
0.521 0.3014856808136136
0.524735 0.29941535740009473
0.528496 0.29732978846370667
0.532285 0.2939584362982725
0.5361 0.2922760928496704
0.539943 0.29004714162990886
0.543814 0.2873346935260356
0.547712 0.2849068811933379
0.551638 0.28367694863587556
0.555593 0.28027371101712373
0.559575 0.2778786579664935
0.563587 0.27445533158254654
0.567627 0.26878398777920115
0.571696 0.26613773685115144
0.575794 0.2683227177519064
0.579921 0.26997650373328064
0.584078 0.270154476620676
0.588265 0.26077680676710124
0.592482 0.25591767749065625
0.596729 0.2593034943107149
0.601007 0.26256928982238187
0.605315 0.2621120078007645
0.609654 0.2631207222437663
0.614025 0.2649432408383091
0.618426 0.2671985556573735
0.622859 0.2686169191590774
0.627324 0.26312833570915034
0.631821 0.26406224483353785
0.63635 0.2682656028174506
0.640912 0.27026303589876444
0.645506 0.2662715813866813
0.650134 0.26343432450839327
0.654794 0.2666897921079214
0.659488 0.2720984388193417
0.664215 0.2726304517911691
0.668977 0.2741085424175278
0.673772 0.27564629509618754
0.678602 0.27592131875111525
0.683467 0.27167240082355537
0.688366 0.23119456152086315
0.6933 0.2521957154834355
0.69827 0.26471105338422324
0.703276 0.2680238125431673
0.708317 0.27863993943254045
0.713395 0.27944309960622465
0.718509 0.2359166577164466
0.723659 0.2445129852269309
0.728847 0.25936600095447815
0.734071 0.2902982372507726
0.739333 0.30998278228074155
0.744633 0.3261804252371894
0.749971 0.3311923165119926
0.755347 0.323634032483932
0.760762 0.16720597856638922
0.766215 0.22802423644813855
0.771708 0.3298552004919202
0.77724 0.33761492993496417
0.782811 0.33707304455747394
0.788423 0.3266995445869318
0.794075 0.3225765974401029
0.799767 0.3222417629960656
0.8055 0.32344510884901245
0.811274 0.3002066000369995
0.81709 0.2569951176352258
0.822947 0.28005589525715713
0.828846 0.29050737979559477
0.834788 0.3064944300233377
0.840772 0.32333306355197533
0.846799 0.3353026861024545
0.852869 0.3352098464458122
0.858983 0.33733086122287076
0.86514 0.3381050363110027
0.871342 0.3382213763833847
0.877588 0.33754210467511275
0.883879 0.3349431241640076
0.890215 0.3247178590152157
0.896596 0.26338693324279167
0.903024 0.2537109066474591
0.909497 0.24403592120978582
0.916017 0.23751723310458753
0.922583 0.26316890367366286
0.929196 0.1888901040653444
0.935857 0.11972597286648798
0.942566 0.1351216362476689
0.949323 0.1389910336162942
0.956128 0.1585532240291883
0.962982 0.19344775312705353
0.969885 0.24738230418349663
0.976837 0.2482654475759403
0.98384 0.28795315047174075
0.990892 0.31453486300818323
0.997995 0.3212535091602801
1.00515 0.3209799728734372
1.01235 0.32238191954990525
1.01961 0.3247117050297649
1.02692 0.32621823227469454
1.03428 0.3297905929407372
1.0417 0.3306564828633974
1.04916 0.33084182751886293
1.05668 0.3310097048953828
1.06426 0.3295480125021589
1.07189 0.32637300221996723
1.07957 0.31910313745564806
1.08731 0.30563301150098254
1.0951 0.2860406554041188
1.10295 0.2474971197035917
1.11086 0.19822607183624194
1.11882 0.11673285840501525
1.12684 0.09720360389914866
1.13492 0.11031763534221499
1.14306 0.12365983834553827
1.15125 0.12925534496866056
1.1595 0.18099629768550737
1.16782 0.22962467239552148
1.17619 0.24826056714941205
1.18462 0.24562351931138696
1.19311 0.2579033138838476
1.20166 0.2549830711624789
1.21028 0.2608318765704405
1.21895 0.27228914729596304
1.22769 0.2855832060535919
1.23649 0.29876240281087296
1.24536 0.3023914600890976
1.25428 0.2974267927509864
1.26327 0.2719338708368105
1.27233 0.26957048013428525
1.28145 0.29130709113453235
1.29064 0.2846438215554422
1.29989 0.26380935507492187
1.30921 0.2316638819279168
1.31859 0.2038876826746825
1.32804 0.1628188004792978
1.33756 0.1291917413909348
1.34715 0.07655952146308621
1.35681 0.040566751377985676
1.36653 0.033332360342488675
1.37633 0.0362334550589758
1.3862 0.03564951341928316
1.39613 0.03639625679190632
1.40614 0.03631972054868337
1.41622 0.03673573368357823
1.42637 0.03653031420699328
1.4366 0.030989800229990865
1.4469 0.03398956415640763
1.45727 0.048544747439446936
1.46771 0.03947674018428451
1.47824 0.046079750904629624
1.48883 0.07439327861138438
1.49951 0.11719948295741524
1.51025 0.14507590293141262
1.52108 0.1671092252724738
1.53198 0.18164180613825465
1.54297 0.19241393005157037
1.55403 0.20159388220642424
1.56517 0.198687137350425
1.57639 0.18846656670715062
1.58769 0.20735213478617384
1.59907 0.2007297306452132
1.61053 0.20069007369365255
1.62208 0.21838449233802418
1.6337 0.21631494049669925
1.64541 0.212848963832921
1.65721 0.2176673299277923
1.66909 0.2176311961793825
1.68105 0.22306847472643498
1.6931 0.21733340649670696
1.70524 0.20928124189609273
1.71746 0.20640406777682924
1.72978 0.19455311860741498
1.74218 0.1856077522876837
1.75466 0.17894514272818116
1.76724 0.15579621065907456
1.77991 0.11823510946670118
1.79267 0.07893602331527887
