0.4 0.36215668
0.402867 0.3626131933333333
0.405755 0.35428227333333334
0.408664 0.3525305266666666
0.411593 0.35218752666666664
0.414544 0.35057356
0.417515 0.34955119333333334
0.420508 0.35082061333333336
0.423523 0.3496395666666666
0.426559 0.3469357933333333
0.429617 0.3415225533333333
0.432696 0.3413060333333333
0.435798 0.3419641666666667
0.438922 0.33981306
0.442068 0.33666341999999994
0.445237 0.33785395333333335
0.448429 0.33598090666666663
0.451643 0.33429904
0.454881 0.3325602133333333
0.458142 0.33112986
0.461426 0.32942777999999995
0.464734 0.33005559333333334
0.468065 0.3264097266666667
0.47142 0.32416998666666663
0.4748 0.32351995333333333
0.478203 0.31927959333333333
0.481631 0.31842037999999995
0.485084 0.31537814666666664
0.488561 0.31390656666666666
0.492063 0.3141155133333333
0.49559 0.31106481999999996
0.499143 0.30803090666666666
0.502721 0.30363396666666664
0.506325 0.3003384333333333
0.509954 0.3004983
0.51361 0.3003608666666666
0.517292 0.29754806666666667
0.521 0.2960341733333333
0.524735 0.2931301866666667
0.528496 0.29018414
0.532285 0.28641970666666666
0.5361 0.2844737666666667
0.539943 0.2824376333333333
0.543814 0.2801816266666667
0.547712 0.27866866
0.551638 0.2776219133333333
0.555593 0.2736369133333333
0.559575 0.27068512666666666
0.563587 0.26698049999999995
0.567627 0.2606429
0.571696 0.2576217733333333
0.575794 0.26026106
0.579921 0.2623218666666667
0.584078 0.2628202866666667
0.588265 0.25240636
0.592482 0.24694934666666668
0.596729 0.25070099999999995
0.601007 0.25527464666666666
0.605315 0.2564858133333333
0.609654 0.25863462666666664
0.614025 0.2616392533333333
0.618426 0.2650133733333333
0.622859 0.26762827333333333
0.627324 0.26230746666666666
0.631821 0.2645946066666667
0.63635 0.27036753999999996
0.640912 0.27334692666666666
0.645506 0.2693005
0.650134 0.26695698
0.654794 0.27172554
0.659488 0.2790185733333333
0.664215 0.28057523333333334
0.668977 0.28299872666666664
0.673772 0.2854582333333333
0.678602 0.28697996666666664
0.683467 0.28299061999999997
0.688366 0.23546727999999997
0.6933 0.26025391999999997
0.69827 0.2743899066666666
0.703276 0.27620607999999996
0.708317 0.28624299999999997
0.713395 0.28505092
0.718509 0.23740203333333332
0.723659 0.24388653999999999
0.728847 0.2549787
0.734071 0.28345634
0.739333 0.3015926666666666
0.744633 0.31716738
0.749971 0.32134482666666664
0.755347 0.31242697999999997
0.760762 0.15523096666666666
0.766215 0.21215146666666665
0.771708 0.3174899133333333
0.77724 0.32573611999999996
0.782811 0.32483949999999995
0.788423 0.3132598933333333
0.794075 0.30900496666666666
0.799767 0.3084751733333333
0.8055 0.3103706866666667
0.811274 0.28800672666666666
0.81709 0.2473948133333333
0.822947 0.2685885
0.828846 0.2779226266666667
0.834788 0.2933434466666667
0.840772 0.3105702933333333
0.846799 0.32399612
0.852869 0.3240736733333333
0.858983 0.32721870666666664
0.86514 0.32876182
0.871342 0.32881408
0.877588 0.32763035333333335
0.883879 0.32410266666666665
0.890215 0.3130158533333333
0.896596 0.25303142666666667
0.903024 0.24311650666666665
0.909497 0.2344643133333333
0.916017 0.22793412666666668
0.922583 0.25068766666666664
0.929196 0.18814504666666665
0.935857 0.13410197333333332
0.942566 0.14465818666666666
0.949323 0.14794492666666664
0.956128 0.16322691333333333
0.962982 0.1911459533333333
0.969885 0.23717215333333333
0.976837 0.23801465333333333
0.98384 0.27551278
0.990892 0.3028913266666666
0.997995 0.31045564666666664
1.00515 0.30981924666666666
1.01235 0.31111543999999997
1.01961 0.3128077266666667
1.02692 0.3136322266666667
1.03428 0.31696442666666663
1.0417 0.3179337733333333
1.04916 0.31830411999999997
1.05668 0.3188922066666666
1.06426 0.3174899666666666
1.07189 0.31437055999999997
1.07957 0.3067719333333333
1.08731 0.29297330666666666
1.0951 0.2732648266666666
1.10295 0.23586878
1.11086 0.19396746666666667
1.11882 0.13110781999999999
1.12684 0.11641496666666667
1.13492 0.12532556
1.14306 0.13472593333333333
1.15125 0.13922094666666665
1.1595 0.17951626666666667
1.16782 0.22051002
1.17619 0.23779773333333332
1.18462 0.2342658933333333
1.19311 0.24560836666666666
1.20166 0.24310370666666664
1.21028 0.24902561999999998
1.21895 0.2597702066666666
1.22769 0.2737195533333333
1.23649 0.28807937333333333
1.24536 0.2919222066666667
1.25428 0.2854810466666666
1.26327 0.25628449999999997
1.27233 0.25387616
1.28145 0.2781651866666667
1.29064 0.2717035666666666
1.29989 0.2517277733333333
1.30921 0.22213503333333331
1.31859 0.19791450666666666
1.32804 0.16485544666666666
1.33756 0.13864359999999998
1.34715 0.10252755999999999
1.35681 0.07100065333333333
1.36653 0.059975594
1.37633 0.06492582266666666
1.3862 0.06445010466666666
1.39613 0.06616613133333332
1.40614 0.06762346
1.41622 0.06890623333333333
1.42637 0.06444400333333333
1.4366 0.05282702533333333
1.4469 0.05114662266666667
1.45727 0.05693483
1.46771 0.046588118666666664
1.47824 0.047570126666666664
1.48883 0.06690827333333332
1.49951 0.10305152000000001
1.51025 0.12904242666666665
1.52108 0.15048506
1.53198 0.16478822666666665
1.54297 0.17665954666666664
1.55403 0.18762994666666666
1.56517 0.18385531333333333
1.57639 0.1717188733333333
1.58769 0.19400810666666668
1.59907 0.18580309333333334
1.61053 0.18525258666666666
1.62208 0.20521366
1.6337 0.20257989999999998
1.64541 0.19835552666666667
1.65721 0.20367974666666666
1.66909 0.20425792666666667
1.68105 0.21109566666666668
1.6931 0.20548537333333333
1.70524 0.19777431999999998
1.71746 0.19652745333333332
1.72978 0.18532010666666665
1.74218 0.17752304666666666
1.75466 0.1716825
1.76724 0.15111488666666667
1.77991 0.12027840666666667
1.79267 0.09107449333333334
