0.4 0.2701788666666667
0.402867 0.2693889
0.405755 0.26228735999999997
0.408664 0.26000190666666667
0.411593 0.2586531466666666
0.414544 0.2567045533333333
0.417515 0.2548077266666666
0.420508 0.25496932
0.423523 0.25294732666666664
0.426559 0.25021662666666666
0.429617 0.2460406533333333
0.432696 0.24461299333333333
0.435798 0.24466638666666665
0.438922 0.24243421999999998
0.442068 0.23935968666666665
0.445237 0.23914083999999997
0.448429 0.23655223333333333
0.451643 0.23456520666666664
0.454881 0.23296077333333332
0.458142 0.23162280666666668
0.461426 0.23005596666666664
0.464734 0.2298997133333333
0.468065 0.22705361999999998
0.47142 0.22520673333333333
0.4748 0.22452662666666667
0.478203 0.2214076133333333
0.481631 0.22007680666666665
0.485084 0.21701264666666667
0.488561 0.2153443333333333
0.492063 0.21502382666666667
0.49559 0.21287163999999997
0.499143 0.2110770733333333
0.502721 0.2087526133333333
0.506325 0.20695645333333335
0.509954 0.20697808666666664
0.51361 0.20664172666666664
0.517292 0.20466047333333331
0.521 0.20390403999999998
0.524735 0.20268297999999998
0.528496 0.20137257999999997
0.532285 0.19915836666666667
0.5361 0.19806024666666666
0.539943 0.19664448666666667
0.543814 0.19489155333333333
0.547712 0.19332929999999998
0.551638 0.19252801999999997
0.555593 0.19021470666666665
0.559575 0.18855753999999997
0.563587 0.18610126666666665
0.567627 0.1820287
0.571696 0.18003306
0.575794 0.18142983333333332
0.579921 0.18247032666666665
0.584078 0.18257062666666668
0.588265 0.1763199
0.592482 0.17308510666666665
0.596729 0.17529552666666665
0.601007 0.17722579333333333
0.605315 0.17668109333333332
0.609654 0.17733599333333333
0.614025 0.17859587333333332
0.618426 0.18020273999999997
0.622859 0.18119251333333333
0.627324 0.17755136
0.631821 0.17817524666666665
0.63635 0.18092268666666667
0.640912 0.18222368666666666
0.645506 0.17970338666666666
0.650134 0.17795936666666667
0.654794 0.18018409999999999
0.659488 0.18369686666666665
0.664215 0.18377516666666666
0.668977 0.18465234
0.673772 0.18568246666666666
0.678602 0.18593091333333334
0.683467 0.18319787999999998
0.688366 0.15603319999999998
0.6933 0.17056406666666668
0.69827 0.17928416666666663
0.703276 0.18172182666666664
0.708317 0.18910558666666666
0.713395 0.18991200666666666
0.718509 0.16070780666666667
0.723659 0.16678059999999997
0.728847 0.1770761933333333
0.734071 0.19838234666666665
0.739333 0.21198129333333332
0.744633 0.22306716
0.749971 0.22647747333333335
0.755347 0.22130898666666665
0.760762 0.11411208
0.766215 0.15578588
0.771708 0.2258849533333333
0.77724 0.23131609999999997
0.782811 0.23099289999999997
0.788423 0.22393109333333333
0.794075 0.22118111333333335
0.799767 0.22100888666666665
0.8055 0.22184700000000002
0.811274 0.20579034666666665
0.81709 0.17600551999999997
0.822947 0.19183322666666663
0.828846 0.19902348666666664
0.834788 0.21006355999999998
0.840772 0.22180897333333333
0.846799 0.23024554666666666
0.852869 0.23025626666666665
0.858983 0.23181266
0.86514 0.23240781333333332
0.871342 0.23247901333333332
0.877588 0.23195762
0.883879 0.23014407333333334
0.890215 0.22311855333333333
0.896596 0.18074548000000001
0.903024 0.17405709333333333
0.909497 0.16729465333333332
0.916017 0.16273864
0.922583 0.18045404666666667
0.929196 0.12927233999999999
0.935857 0.08174597333333333
0.942566 0.09236875333333333
0.949323 0.09505418666666667
0.956128 0.1085503
0.962982 0.13270152666666665
0.969885 0.17014914666666664
0.976837 0.17079464666666666
0.98384 0.19844624
0.990892 0.21705970666666666
0.997995 0.22189890666666667
1.00515 0.22187037999999998
1.01235 0.22292260666666666
1.01961 0.2245385533333333
1.02692 0.22547721333333332
1.03428 0.22781401999999998
1.0417 0.22835361333333332
1.04916 0.22843885999999997
1.05668 0.22846255333333332
1.06426 0.22729418
1.07189 0.22494779999999998
1.07957 0.21984974000000002
1.08731 0.21051466666666666
1.0951 0.19693033999999998
1.10295 0.17009940666666667
1.11086 0.13587133333333332
1.11882 0.07958647999999999
1.12684 0.06617427666666667
1.13492 0.07523028
1.14306 0.08439359333333332
1.15125 0.08820962
1.1595 0.12394059333333332
1.16782 0.15782072
1.17619 0.17104191333333332
1.18462 0.16934656666666664
1.19311 0.17809309333333334
1.20166 0.17613966666666664
1.21028 0.18035181333333333
1.21895 0.1885250533333333
1.22769 0.19801594
1.23649 0.20741050666666666
1.24536 0.20996488666666668
1.25428 0.20636518666666664
1.26327 0.18829901999999998
1.27233 0.18656030666666668
1.28145 0.2017695333333333
1.29064 0.19701646666666664
1.29989 0.1823421533333333
1.30921 0.15973372
1.31859 0.14026371999999998
1.32804 0.11159190666666666
1.33756 0.08818170666666666
1.34715 0.052111219333333327
1.35681 0.027889829999999997
1.36653 0.023048382666666666
1.37633 0.02497426933333333
1.3862 0.024553723333333333
1.39613 0.025013950666666666
1.40614 0.024877463333333336
1.41622 0.024980816666666662
1.42637 0.02470623933333333
1.4366 0.020880963333333336
1.4469 0.022864832666666668
1.45727 0.03272765133333333
1.46771 0.026576046
1.47824 0.03106854333333333
1.48883 0.05051221533333333
1.49951 0.08025096666666666
1.51025 0.09982330666666667
1.52108 0.11540784666666666
1.53198 0.125743
1.54297 0.13346896
1.55403 0.14008135333333332
1.56517 0.13801629999999998
1.57639 0.13074792666666665
1.58769 0.14410606666666664
1.59907 0.13936364666666667
1.61053 0.13928001333333334
1.62208 0.15179262
1.6337 0.15025800666666667
1.64541 0.14774784
1.65721 0.15113779333333333
1.66909 0.15105186666666665
1.68105 0.15484811333333331
1.6931 0.15064154
1.70524 0.1448185733333333
1.71746 0.14280553333333332
1.72978 0.13437670666666665
1.74218 0.12804752666666666
1.75466 0.12328692666666666
1.76724 0.10693771333333332
1.77991 0.0807225
1.79267 0.05354988
