0.4 0.1785076352670878
0.402867 0.1780912681132082
0.405755 0.173430815368289
0.408664 0.17194865163539988
0.411593 0.1710776012732937
0.414544 0.16991535080822304
0.417515 0.16866403366248442
0.420508 0.16895931654541732
0.423523 0.1678506579395112
0.426559 0.16594288230184318
0.429617 0.16290954869182664
0.432696 0.1620197843944032
0.435798 0.16198587105716838
0.438922 0.16060026626432788
0.442068 0.15871183011072088
0.445237 0.15877444706244714
0.448429 0.157340278676298
0.451643 0.1561270340506626
0.454881 0.15498777608330888
0.458142 0.15401238801089848
0.461426 0.15284059673369108
0.464734 0.15272943051419982
0.468065 0.15073195787193894
0.47142 0.1495599135101253
0.4748 0.1492705900533919
0.478203 0.14736819604499224
0.481631 0.14661956700458265
0.485084 0.14477121372238497
0.488561 0.1437849286863629
0.492063 0.14356809725618006
0.49559 0.1420364148937323
0.499143 0.14065809225229747
0.502721 0.13883754485051636
0.506325 0.13746712513404966
0.509954 0.1374838955705983
0.51361 0.1373479079589716
0.517292 0.1360618179433732
0.521 0.13541894961728027
0.524735 0.13432648842617284
0.528496 0.13323550754125277
0.532285 0.13158392515280828
0.5361 0.13074010764936872
0.539943 0.12990367257614108
0.543814 0.12889695453955188
0.547712 0.12817013852709055
0.551638 0.12773435548624998
0.555593 0.12607763022759966
0.559575 0.12484813566017182
0.563587 0.12314674813129377
0.567627 0.12033080464766628
0.571696 0.11895860378859346
0.575794 0.11996976751892606
0.579921 0.12073709616910917
0.584078 0.12083698341048878
0.588265 0.11646158511026579
0.592482 0.11417243007173418
0.596729 0.11571628914636842
0.601007 0.11732592156753499
0.605315 0.11731829082789809
0.609654 0.11790696562198906
0.614025 0.11890886550069739
0.618426 0.12016644290905429
0.622859 0.12094227138186171
0.627324 0.11841264776596161
0.631821 0.11899961782034647
0.63635 0.12113674063825261
0.640912 0.12220244648881838
0.645506 0.12052218436178865
0.650134 0.11941397462291999
0.654794 0.1210625868486272
0.659488 0.12354358001868117
0.664215 0.1235341633612569
0.668977 0.12415884302197004
0.673772 0.12493766553342099
0.678602 0.12526941647555725
0.683467 0.12351852941784562
0.688366 0.10459690236730335
0.6933 0.11506957679936954
0.69827 0.1214480347039155
0.703276 0.12316957349766695
0.708317 0.12829150453373095
0.713395 0.12873130350200246
0.718509 0.1085153778992937
0.723659 0.11231011415956259
0.728847 0.11865618678487361
0.734071 0.13288791254773025
0.739333 0.14214396630101758
0.744633 0.14996076132494365
0.749971 0.15249943390931175
0.755347 0.14909272410220598
0.760762 0.07576421472664424
0.766215 0.10377101089427486
0.771708 0.1525781145707618
0.77724 0.15606968889903589
0.782811 0.155562106232926
0.788423 0.150392714670422
0.794075 0.14844626006463205
0.799767 0.14832444996613545
0.8055 0.14917872034133042
0.811274 0.13842516497298019
0.81709 0.11839548576455046
0.822947 0.12906346988490747
0.828846 0.13389656453272555
0.834788 0.14134541274064316
0.840772 0.14930860049613892
0.846799 0.15512623246364168
0.852869 0.15508634059948234
0.858983 0.15623366384796666
0.86514 0.15673413626919588
0.871342 0.15688052422558432
0.877588 0.1566163420981302
0.883879 0.15546407176187127
0.890215 0.1506664519355566
0.896596 0.12183959001602206
0.903024 0.11725452783267187
0.909497 0.11271484419673686
0.916017 0.1094422931068392
0.922583 0.12116005307311324
0.929196 0.08772598645477402
0.935857 0.057791411415220734
0.942566 0.06410082974925965
0.949323 0.06584639247987797
0.956128 0.07427640672951806
0.962982 0.08966354489789591
0.969885 0.11434268915918948
0.976837 0.11487958188780954
0.98384 0.13394116472559703
0.990892 0.14716471124640207
0.997995 0.1506221764550101
1.00515 0.150506497689238
1.01235 0.15114479139169382
1.01961 0.15213755634867163
1.02692 0.15271032023883885
1.03428 0.1543281229951235
1.0417 0.1547117897078057
1.04916 0.1547782936570692
1.05668 0.15483705703752704
1.06426 0.15404367977362723
1.07189 0.15244275728306
1.07957 0.14888253494914133
1.08731 0.14239388973726033
1.0951 0.13294350520783835
1.10295 0.11444176461975664
1.11086 0.09193177031701041
1.11882 0.05646543431064426
1.12684 0.048159522246500615
1.13492 0.05352251875758932
1.14306 0.05896991659726511
1.15125 0.061407503369759996
1.1595 0.08401359819515487
1.16782 0.10634829081904619
1.17619 0.1153648358063962
1.18462 0.11399843679254167
1.19311 0.12004114215306416
1.20166 0.11895674146790611
1.21028 0.12205627819076745
1.21895 0.1277097776283582
1.22769 0.1344687840522303
1.23649 0.14116306766944509
1.24536 0.14290200722367016
1.25428 0.14013880084176353
1.26327 0.1271127510422616
1.27233 0.12586956125500984
1.28145 0.13673741536175105
1.29064 0.13342381203865042
1.29989 0.12332101359581749
1.30921 0.10782862088233548
1.31859 0.09475035925105019
1.32804 0.07614810109766391
1.33756 0.061242473105773035
1.34715 0.03986460455966609
1.35681 0.024774984059045994
1.36653 0.020922781357546653
1.37633 0.022534346772083054
1.3862 0.022209215186194994
1.39613 0.02258848729957315
1.40614 0.02250045778827261
1.41622 0.022138278436177477
1.42637 0.020720730068367617
1.4366 0.016855589013272422
1.4469 0.016992988168476567
1.45727 0.02180084120820914
1.46771 0.017549156393728865
1.47824 0.019595862587227758
1.48883 0.031157443087961017
1.49951 0.050371615410025807
1.51025 0.06356637236307688
1.52108 0.07414032838944758
1.53198 0.0812324323565684
1.54297 0.08670593611213587
1.55403 0.0914788443754837
1.56517 0.09012962646376532
1.57639 0.08523385756204595
1.58769 0.09486529308854735
1.59907 0.09167714332723678
1.61053 0.09171997192786466
1.62208 0.10060157506828157
1.6337 0.09958188763941839
1.64541 0.09794359935557286
1.65721 0.10049509330159623
1.66909 0.10060325115690018
1.68105 0.10342216480326492
1.6931 0.10058420773407668
1.70524 0.09669052971831563
1.71746 0.09558846086253396
1.72978 0.08993010506561235
1.74218 0.08580385184708841
1.75466 0.08267533454922313
1.76724 0.07160983091537879
1.77991 0.05442873355441771
1.79267 0.037403981835304904
