0.4 0.021974651144596433
0.402867 0.02219039784186108
0.405755 0.021942372588223225
0.408664 0.02207339522260704
0.411593 0.02227574910654035
0.414544 0.02245440691341071
0.417515 0.022581248202471604
0.420508 0.022912750262992252
0.423523 0.02307819752030177
0.426559 0.023104963491067616
0.429617 0.02302675267763211
0.432696 0.023264680161005073
0.435798 0.023576127846073082
0.438922 0.02371843653902937
0.442068 0.023787535950840263
0.445237 0.024109556721496197
0.448429 0.0242420035149494
0.451643 0.024357120955008704
0.454881 0.024466148640854106
0.458142 0.024586619632446523
0.461426 0.024725815546106856
0.464734 0.025018189863663373
0.468065 0.025022124616826225
0.47142 0.025106898712898958
0.4748 0.025281443076635397
0.478203 0.02519654925828205
0.481631 0.025345448037371224
0.485084 0.025353923302698846
0.488561 0.025496610818393793
0.492063 0.025683063081802016
0.49559 0.025595824851028296
0.499143 0.025484004240935144
0.502721 0.025200369649863427
0.506325 0.025033090820350493
0.509954 0.025217727593652695
0.51361 0.02541076100869525
0.517292 0.025339645974010738
0.521 0.02530348984526542
0.524735 0.02502868789946345
0.528496 0.02475774387013678
0.532285 0.024501611452511698
0.5361 0.02445897245161613
0.539943 0.02436029448889482
0.543814 0.024290853779239195
0.547712 0.02440867658546042
0.551638 0.024472824498173104
0.555593 0.024135679408366213
0.559575 0.023843698208746045
0.563587 0.023436980178704936
0.567627 0.022683975279937246
0.571696 0.02242872201696981
0.575794 0.022959579543709297
0.579921 0.023464321531177616
0.584078 0.02371599563402462
0.588265 0.02227144089133797
0.592482 0.021529766723635522
0.596729 0.022309794906727392
0.601007 0.023648311446784562
0.605315 0.02451560823794523
0.609654 0.025173744844174718
0.614025 0.026025835118797743
0.618426 0.027009875428754413
0.622859 0.027827069338928125
0.627324 0.027269109904277184
0.631821 0.028116134318220513
0.63635 0.029881555494350016
0.640912 0.0309902106163281
0.645506 0.030388872404301385
0.650134 0.030276076146966216
0.654794 0.03169299291182821
0.659488 0.03392658002524871
0.664215 0.03508151048903354
0.668977 0.03609303331654002
0.673772 0.036976808896832324
0.678602 0.037686438592023655
0.683467 0.03713941140980248
0.688366 0.027164567336705518
0.6933 0.03170596044302841
0.69827 0.03500973966215522
0.703276 0.03532644440617196
0.708317 0.03766652180784874
0.713395 0.03729580802007755
0.718509 0.026769060315449036
0.723659 0.027915935435338247
0.728847 0.02970188094154429
0.734071 0.0358416576259447
0.739333 0.04020406234895076
0.744633 0.04437448078014472
0.749971 0.0455285142202748
0.755347 0.0437492195547918
0.760762 0.016786498801191742
0.766215 0.023928016645392555
0.771708 0.04483348349571949
0.77724 0.047333157845053105
0.782811 0.04730649194067105
0.788423 0.04419938426439769
0.794075 0.043210345995950326
0.799767 0.042949528327283916
0.8055 0.04365788753678098
0.811274 0.03852282201819005
0.81709 0.029782162771744447
0.822947 0.03433356251644699
0.828846 0.036251967324404215
0.834788 0.04035801448042166
0.840772 0.04529073504957782
0.846799 0.04981613004279126
0.852869 0.050045296356882894
0.858983 0.051672318576623015
0.86514 0.052745080244113236
0.871342 0.05303180438478467
0.877588 0.05277915642159536
0.883879 0.051689301271473045
0.890215 0.04833966127127237
0.896596 0.03279541890141497
0.903024 0.03010454628304164
0.909497 0.028562567981230563
0.916017 0.026938860460453698
0.922583 0.03154261100597921
0.929196 0.020501761533197986
0.935857 0.013501834048269776
0.942566 0.014367684701494616
0.949323 0.014796649096863422
0.956128 0.016597700695843372
0.962982 0.02064605904553223
0.969885 0.029714258795839978
0.976837 0.03009515969886159
0.98384 0.040154568800765136
0.990892 0.04944716026913766
0.997995 0.05302934918458224
1.00515 0.0530982413160267
1.01235 0.05372505178342875
1.01961 0.05452596346343901
1.02692 0.05489262098886702
1.03428 0.05626180430175839
1.0417 0.056642031543589086
1.04916 0.05668228682027064
1.05668 0.05676611385949673
1.06426 0.05600505897753255
1.07189 0.054686809453993596
1.07957 0.051841468290133
1.08731 0.0472536390210294
1.0951 0.04123685106991372
1.10295 0.030779393975365145
1.11086 0.02221546268410239
1.11882 0.013711318376808472
1.12684 0.01213254709519519
1.13492 0.012911418260724415
1.14306 0.013792690573212063
1.15125 0.014304498319516239
1.1595 0.019883167230665508
1.16782 0.028578573241938864
1.17619 0.03395833680690641
1.18462 0.03272516515239099
1.19311 0.03633196325065066
1.20166 0.036012295826913655
1.21028 0.038440965929344824
1.21895 0.04240258691624885
1.22769 0.04821564864445345
1.23649 0.05504274200735828
1.24536 0.05729859031737406
1.25428 0.05478064134469962
1.26327 0.04401852321018409
1.27233 0.04315410332755757
1.28145 0.05090601378330895
1.29064 0.0477694347701078
1.29989 0.04054457217091281
1.30921 0.031381118157729364
1.31859 0.025040879916189224
1.32804 0.018799786018194875
1.33756 0.01478298485346604
1.34715 0.011440906476770929
1.35681 0.008251374834924285
1.36653 0.006806682500959916
1.37633 0.007479209367939222
1.3862 0.0075066804493308945
1.39613 0.007839225523212654
1.40614 0.008385718958490256
1.41622 0.009231495580365639
1.42637 0.009009039968137353
1.4366 0.007670956036500135
1.4469 0.00825192448527528
1.45727 0.009142446684115116
1.46771 0.008038306521635936
1.47824 0.008084231988479332
1.48883 0.01075647474784935
1.49951 0.01846431167961745
1.51025 0.02691955479597982
1.52108 0.03471239597650338
1.53198 0.03983930965861431
1.54297 0.04490872090803647
1.55403 0.050234234197788635
1.56517 0.04699710097717
1.57639 0.03956918224245541
1.58769 0.04908336357014641
1.59907 0.04379466398823308
1.61053 0.042332356396921116
1.62208 0.050942688112970355
1.6337 0.04897599234033278
1.64541 0.04589755368301711
1.65721 0.0472563729775867
1.66909 0.04700744355269525
1.68105 0.04962076293672659
1.6931 0.04609226857068738
1.70524 0.04168013085493446
1.71746 0.04115537380380714
1.72978 0.03601452409085284
1.74218 0.032569690582366626
1.75466 0.029874988637913373
1.76724 0.02312592025087414
1.77991 0.016184633989820292
1.79267 0.012121881984272168
