0.4 0.8504183999999999
0.402867 0.8587127333333333
0.405755 0.8489744666666665
0.408664 0.8539213999999999
0.411593 0.8616294
0.414544 0.8684958666666667
0.417515 0.8734495999999999
0.420508 0.8865566
0.423523 0.8927986666666667
0.426559 0.8939778666666666
0.429617 0.8912387333333333
0.432696 0.9003424
0.435798 0.9123454666666666
0.438922 0.9178368
0.442068 0.9210191333333333
0.445237 0.9338410666666667
0.448429 0.9392174
0.451643 0.9438985333333334
0.454881 0.9480746
0.458142 0.9529023333333333
0.461426 0.9583519333333334
0.464734 0.9703082666666667
0.468065 0.9714978
0.47142 0.9750471999999999
0.4748 0.9818684666666666
0.478203 0.9786224
0.481631 0.9848002
0.485084 0.9854759999999999
0.488561 0.9916277333333332
0.492063 0.9991859333333333
0.49559 0.9958780666666667
0.499143 0.9915336666666665
0.502721 0.9803916666666666
0.506325 0.97415
0.509954 0.9815535333333334
0.51361 0.9892822
0.517292 0.9866944
0.521 0.985498
0.524735 0.9746566666666667
0.528496 0.9641717333333333
0.532285 0.9539654
0.5361 0.9515292
0.539943 0.9474799333333334
0.543814 0.9449352666666666
0.547712 0.9502066666666666
0.551638 0.9531459999999999
0.555593 0.9398818
0.559575 0.9284304
0.563587 0.9123871333333333
0.567627 0.8822433999999999
0.571696 0.8723257333333333
0.575794 0.8941574666666666
0.579921 0.9150441999999999
0.584078 0.9255247999999999
0.588265 0.8680816
0.592482 0.8386998666666666
0.596729 0.8701885333333333
0.601007 0.9249225999999999
0.605315 0.9613766666666665
0.609654 0.9887543333333333
0.614025 1.0248779333333333
0.618426 1.0666291333333333
0.622859 1.1011407333333332
0.627324 1.0791379333333333
0.631821 1.1149532666666666
0.63635 1.1890507333333333
0.640912 1.2358685333333332
0.645506 1.2110070666666666
0.650134 1.2070238666666666
0.654794 1.2663644
0.659488 1.3608185333333334
0.664215 1.4115884666666665
0.668977 1.4550902666666667
0.673772 1.492273
0.678602 1.5226470666666665
0.683467 1.5011052666666667
0.688366 1.0866151999999998
0.6933 1.2733618666666666
0.69827 1.4120460000000001
0.703276 1.4253725999999998
0.708317 1.5237362666666665
0.713395 1.5088938666666665
0.718509 1.0712651333333332
0.723659 1.1177766666666666
0.728847 1.1914861333333333
0.734071 1.4492185333333334
0.739333 1.634588
0.744633 1.8140125333333332
0.749971 1.8648254666666664
0.755347 1.7903912666666666
0.760762 0.6752013333333333
0.766215 0.9628871333333333
0.771708 1.8359032
0.77724 1.9415348
0.782811 1.93947
0.788423 1.8086499333333332
0.794075 1.7659902666666665
0.799767 1.7549697333333332
0.8055 1.7843206
0.811274 1.5674046
0.81709 1.1990518
0.822947 1.3895643999999998
0.828846 1.4689904666666664
0.834788 1.6443528
0.840772 1.8511031333333332
0.846799 2.0391712666666666
0.852869 2.048699
0.858983 2.1161635333333333
0.86514 2.1606028666666663
0.871342 2.1729293333333333
0.877588 2.1629072
0.883879 2.1181016
0.890215 1.9789772
0.896596 1.3288438666666667
0.903024 1.2149748666666667
0.909497 1.1513887333333332
0.916017 1.0839353333333333
0.922583 1.2761614
0.929196 0.8199475333333333
0.935857 0.5340871733333333
0.942566 0.5697965266666667
0.949323 0.5873032199999999
0.956128 0.6603509466666666
0.962982 0.8250130666666666
0.969885 1.2002548
0.976837 1.2163785999999999
0.98384 1.6400949999999999
0.990892 2.0271336
0.997995 2.1749935999999996
1.00515 2.1779324666666664
1.01235 2.203952
1.01961 2.2378368666666666
1.02692 2.252876533333333
1.03428 2.309839733333333
1.0417 2.3257746
1.04916 2.3276186666666665
1.05668 2.3313642
1.06426 2.299583333333333
1.07189 2.2443853999999996
1.07957 2.1263260666666666
1.08731 1.9362432666666667
1.0951 1.6847508666666666
1.10295 1.2468322
1.11086 0.8911352666666665
1.11882 0.5441977533333333
1.12684 0.4796999466666666
1.13492 0.5115914133333332
1.14306 0.5477498866666666
1.15125 0.5687882133333333
1.1595 0.7956842666666667
1.16782 1.1553942666666666
1.17619 1.3821974
1.18462 1.329326
1.19311 1.4810646
1.20166 1.4685122666666666
1.21028 1.5700642
1.21895 1.7364007999999997
1.22769 1.9780714666666666
1.23649 2.2604781333333333
1.24536 2.353748
1.25428 2.2493034666666665
1.26327 1.8040001333333333
1.27233 1.7681350666666664
1.28145 2.0903974666666665
1.29064 1.9605658
1.29989 1.660428533333333
1.30921 1.2745182
1.31859 1.0073201999999999
1.32804 0.7507100666666666
1.33756 0.5877062466666666
1.34715 0.4514075333333333
1.35681 0.32337207999999995
1.36653 0.2657892733333333
1.37633 0.2926726733333333
1.3862 0.2938166933333333
1.39613 0.30704583333333335
1.40614 0.32881355999999995
1.41622 0.36326111333333333
1.42637 0.35576273999999997
1.4366 0.3033471
1.4469 0.3295599
1.45727 0.36783878666666664
1.46771 0.32390312
1.47824 0.32693152
1.48883 0.43680617999999993
1.49951 0.7550519333333333
1.51025 1.1112071333333333
1.52108 1.4380912666666665
1.53198 1.6517389333333332
1.54297 1.8625298
1.55403 2.084008
1.56517 1.9476032666666667
1.57639 1.6367377333333333
1.58769 2.033007533333333
1.59907 1.8114095999999997
1.61053 1.7497494
1.62208 2.107967733333333
1.6337 2.0252369999999997
1.64541 1.8974233333333332
1.65721 1.9541457333333332
1.66909 1.9435234000000001
1.68105 2.052471533333333
1.6931 1.9048222666666668
1.70524 1.7204794666666665
1.71746 1.6990261999999998
1.72978 1.4832858666666664
1.74218 1.3389298
1.75466 1.2239777333333333
1.76724 0.9388262666666667
1.77991 0.6518283066666666
1.79267 0.4852289133333333
