0.4 0.051251075372374756
0.402867 0.05153584860734361
0.405755 0.050611742545307294
0.408664 0.05062612803350254
0.411593 0.050839225567050436
0.414544 0.05087350691468585
0.417515 0.05095749774110383
0.420508 0.05136160460866331
0.423523 0.05139619738667639
0.426559 0.05118564060595966
0.429617 0.05059273685769664
0.432696 0.050766045267617355
0.435798 0.051056444362596175
0.438922 0.05093875352524776
0.442068 0.05067480395271921
0.445237 0.051041922623610694
0.448429 0.05096057181845675
0.451643 0.05087542026506866
0.454881 0.05076022930531435
0.458142 0.05068066922483202
0.461426 0.05056885598704886
0.464734 0.050817948384122645
0.468065 0.05040697253029566
0.47142 0.05021381108261171
0.4748 0.050278436778858154
0.478203 0.049797431911732144
0.481631 0.04984169784703834
0.485084 0.04956800309894185
0.488561 0.04951735284089339
0.492063 0.04966359146286164
0.49559 0.04926643208797737
0.499143 0.048859610585625865
0.502721 0.04821291956707263
0.506325 0.047733900068604285
0.509954 0.04782130365291091
0.51361 0.04785588799635126
0.517292 0.04745152744279664
0.521 0.047253487568009137
0.524735 0.046798130938924196
0.528496 0.04634432432478145
0.532285 0.04578134708937273
0.5361 0.04551881776912903
0.539943 0.04527979106138688
0.543814 0.04503957248363686
0.547712 0.044986253007726455
0.551638 0.044913013017470985
0.555593 0.04429415738654867
0.559575 0.04381834043046404
0.563587 0.04316774550236405
0.567627 0.04205974045112635
0.571696 0.041572817109198024
0.575794 0.04208653773749836
0.579921 0.04249921348213679
0.584078 0.042643458300874654
0.588265 0.040833029818559664
0.592482 0.03988359343699283
0.596729 0.04066499301659432
0.601007 0.04174827893041768
0.605315 0.042149325345703245
0.609654 0.042585749603078954
0.614025 0.04319304532767009
0.618426 0.04387900901447419
0.622859 0.04442435280237386
0.627324 0.043502426752981244
0.631821 0.04402616505842999
0.63635 0.04528081229350033
0.640912 0.04593984309195548
0.645506 0.04526904022522437
0.650134 0.044902847410893176
0.654794 0.04587131802785529
0.659488 0.04731759096955969
0.664215 0.047688483787340565
0.668977 0.04816607654539121
0.673772 0.048636917103565984
0.678602 0.048909940329910626
0.683467 0.04811590770680157
0.688366 0.03904140978461613
0.6933 0.043711558090906835
0.69827 0.046363952224334155
0.703276 0.04663120101242615
0.708317 0.04840765892867012
0.713395 0.04801270746540087
0.718509 0.03893532362171569
0.723659 0.04003539628170879
0.728847 0.04187645394166772
0.734071 0.0467974957507164
0.739333 0.04970997188066956
0.744633 0.052099340351688755
0.749971 0.05260873534180591
0.755347 0.05096618470220099
0.760762 0.02374300366364891
0.766215 0.03319704957286133
0.771708 0.05168526381916409
0.77724 0.05312037717233529
0.782811 0.05301370513103685
0.788423 0.05113717490224791
0.794075 0.050419165678394766
0.799767 0.05038072154471115
0.8055 0.05071236505151948
0.811274 0.046919519363194155
0.81709 0.039942035293802636
0.822947 0.04369743666971933
0.828846 0.04541196600655014
0.834788 0.047962112356481804
0.840772 0.05082961210057971
0.846799 0.05324899597187351
0.852869 0.05330050590752699
0.858983 0.05424895803933773
0.86514 0.05498864995442292
0.871342 0.05512734612193195
0.877588 0.05482373394436716
0.883879 0.05392718103618199
0.890215 0.05166241975214864
0.896596 0.04096233311611548
0.903024 0.03930472935944318
0.909497 0.03777486266505233
0.916017 0.03655970480187066
0.922583 0.04064368209537561
0.929196 0.029461104809789633
0.935857 0.019903212441142848
0.942566 0.0216731562719872
0.949323 0.022291550596662584
0.956128 0.025034174545073895
0.962982 0.030168304155471167
0.969885 0.03868334270788901
0.976837 0.03888835343263004
0.98384 0.045702352125263225
0.990892 0.05122100741822391
0.997995 0.053434406047219885
1.00515 0.05337982527827991
1.01235 0.0537883894931198
1.01961 0.05433188416315205
1.02692 0.054574557201566086
1.03428 0.05555220268721704
1.0417 0.05583713682788103
1.04916 0.055885797175578816
1.05668 0.05595474137306229
1.06426 0.055371520514291686
1.07189 0.05436332111333807
1.07957 0.052348321152877214
1.08731 0.049181691882213115
1.0951 0.045368548070209805
1.10295 0.038507310579790247
1.11086 0.030968048930757334
1.11882 0.019722100105008335
1.12684 0.017201211341432276
1.13492 0.018710286814047163
1.14306 0.020309198920794226
1.15125 0.021154716175838573
1.1595 0.028628201133854243
1.16782 0.03644958172269965
1.17619 0.03972049280651356
1.18462 0.039133373228702494
1.19311 0.04127044805789076
1.20166 0.04089397739228314
1.21028 0.04221468160571064
1.21895 0.04453926152834841
1.22769 0.047921409703746795
1.23649 0.05238019994491155
1.24536 0.05386003015862328
1.25428 0.05202209199294735
1.26327 0.04440634823366476
1.27233 0.04386508418371258
1.28145 0.04944262447295797
1.29064 0.04762673103632814
1.29989 0.04308686638446963
1.30921 0.03745379741007223
1.31859 0.032940641157165426
1.32804 0.026561881988846226
1.33756 0.021546202976156222
1.34715 0.015340895605494124
1.35681 0.010557835620525686
1.36653 0.009022267803783594
1.37633 0.009704041454381447
1.3862 0.00965738983261963
1.39613 0.0099344467311684
1.40614 0.010276196802545434
1.41622 0.01077545668030925
1.42637 0.01045198108396863
1.4366 0.008864039761088308
1.4469 0.009099517460151578
1.45727 0.010584769157687924
1.46771 0.008854482741373532
1.47824 0.009188195313753509
1.48883 0.013276145291013624
1.49951 0.021207295355788726
1.51025 0.02684236656798924
1.52108 0.031571174083540834
1.53198 0.03456126644936902
1.54297 0.037875978269362495
1.55403 0.0414983398320046
1.56517 0.039663316135613046
1.57639 0.03501260368014216
1.58769 0.04155542437141839
1.59907 0.03833898246065912
1.61053 0.03750219498838886
1.62208 0.04352723023612287
1.6337 0.04230038854327225
1.64541 0.040359510959136924
1.65721 0.04151209986419136
1.66909 0.04158657389731835
1.68105 0.04333455799365717
1.6931 0.041220221474918606
1.70524 0.03862006135277285
1.71746 0.03841581557889697
1.72978 0.03545444098676975
1.74218 0.03373600060344601
1.75466 0.03253960447407916
1.76724 0.028146657751700183
1.77991 0.021517504018040562
1.79267 0.015644689450779226
