0.4 0.1212197676381289
0.402867 0.12120600261672952
0.405755 0.11821383010325481
0.408664 0.11743987592069684
0.411593 0.11714573970162236
0.414544 0.11639803142299045
0.417515 0.11587272915538
0.420508 0.11602678898004973
0.423523 0.11541948339340496
0.426559 0.11439645363532876
0.429617 0.11242032179622986
0.432696 0.11225904658469775
0.435798 0.11238033192236134
0.438922 0.11159845186626964
0.442068 0.11042088073144646
0.445237 0.11065475715506204
0.448429 0.10979231843616775
0.451643 0.10903487912157049
0.454881 0.1082986096783473
0.458142 0.10768695696584672
0.461426 0.10704082196689664
0.464734 0.10718471393786974
0.468065 0.10593559942667377
0.47142 0.1051641319474655
0.4748 0.10491778253561958
0.478203 0.10346366104255388
0.481631 0.103068640979012
0.485084 0.10189048829769115
0.488561 0.10127757249777483
0.492063 0.10132031221820469
0.49559 0.1002994060258462
0.499143 0.0993163819302312
0.502721 0.09790521067216464
0.506325 0.09684404356842967
0.509954 0.09694176969435774
0.51361 0.09693571740049069
0.517292 0.09605206144444423
0.521 0.09556807792392091
0.524735 0.0946596654545261
0.528496 0.09377374909829189
0.532285 0.09261910563149636
0.5361 0.09205586337563586
0.539943 0.09141345185313006
0.543814 0.09068027434264331
0.547712 0.09018054696376933
0.551638 0.089860283255214
0.555593 0.08859127511722024
0.559575 0.08764181756967836
0.563587 0.08640957843264299
0.567627 0.08431895561360428
0.571696 0.08331134867916061
0.575794 0.08414862827559276
0.579921 0.08480059979097637
0.584078 0.08491751695132722
0.588265 0.08147880882777356
0.592482 0.07970040542931124
0.596729 0.08096371125390937
0.601007 0.08245338865772794
0.605315 0.08273775173792319
0.609654 0.08334356793399025
0.614025 0.08420243053663871
0.618426 0.08513554689073959
0.622859 0.08585640403605871
0.627324 0.08410649641598174
0.631821 0.0847324404363049
0.63635 0.08648668991937346
0.640912 0.08737347991107022
0.645506 0.0859678872890898
0.650134 0.0850853339031
0.654794 0.08651834867916237
0.659488 0.08870737916504723
0.664215 0.08896555160139084
0.668977 0.08958916154142703
0.673772 0.09028709891301484
0.678602 0.09067016701188534
0.683467 0.08937292097585361
0.688366 0.07467398326702122
0.6933 0.08223824539934696
0.69827 0.08672572921280085
0.703276 0.08748302379863174
0.708317 0.09093825468444244
0.713395 0.09075478597444307
0.718509 0.075345177394013
0.723659 0.07772224212461869
0.728847 0.08158960790845446
0.734071 0.09129383221199597
0.739333 0.09758344967873524
0.744633 0.10295699720862182
0.749971 0.10450495293951587
0.755347 0.10182368413055949
0.760762 0.0510178558866575
0.766215 0.06963216459541985
0.771708 0.10363766975409584
0.77724 0.10621445228801787
0.782811 0.10587739741112966
0.788423 0.10207836728791714
0.794075 0.1006430579030495
0.799767 0.10047635930992609
0.8055 0.10109659049112518
0.811274 0.09362599944783657
0.81709 0.07995232032008273
0.822947 0.08711258657391854
0.828846 0.09026239765974092
0.834788 0.09537125995879651
0.840772 0.10101372932522101
0.846799 0.10527692565369041
0.852869 0.10528076491314783
0.858983 0.10618082784843823
0.86514 0.10656406172753205
0.871342 0.10651014631490509
0.877588 0.10610703196617406
0.883879 0.10498597873034067
0.890215 0.10142538793403305
0.896596 0.08163789731921718
0.903024 0.07838557353244753
0.909497 0.07542481505557494
0.916017 0.07318501371844188
0.922583 0.08081671419303928
0.929196 0.0595629817088309
0.935857 0.04132143641077238
0.942566 0.044911738707102994
0.949323 0.04594082339047836
0.956128 0.05096158534228662
0.962982 0.06032806007086124
0.969885 0.07586812979274378
0.976837 0.076106213876313
0.98384 0.08829771255034709
0.990892 0.09683982275131543
0.997995 0.09905322293002757
1.00515 0.09881889653152015
1.01235 0.09922251348378534
1.01961 0.09978617940021656
1.02692 0.10009293070485567
1.03428 0.1011784780271464
1.0417 0.10155497544002297
1.04916 0.10176440059641566
1.05668 0.10204992150674198
1.06426 0.10173331812026018
1.07189 0.1008288501676074
1.07957 0.09848848865215722
1.08731 0.09412742146899335
1.0951 0.08776414232302782
1.10295 0.0755048974291645
1.11086 0.061324401844415864
1.11882 0.040209882644878146
1.12684 0.03535397728371202
1.13492 0.03835975693265913
1.14306 0.04144939506028243
1.15125 0.04285451139304983
1.1595 0.056074897393050556
1.16782 0.06952620471840047
1.17619 0.07502833454720863
1.18462 0.07389532934670387
1.19311 0.07742592444831996
1.20166 0.07655797024771031
1.21028 0.07827776902151477
1.21895 0.08155141793415337
1.22769 0.08567125120950501
1.23649 0.08983946599574347
1.24536 0.09093456278518354
1.25428 0.08910628322239249
1.26327 0.08060862317272946
1.27233 0.07986732506273239
1.28145 0.08701575250347783
1.29064 0.08501892445078574
1.29989 0.0788301987228102
1.30921 0.06942194211509599
1.31859 0.06157980601417332
1.32804 0.05077361425193657
1.33756 0.04222763058289332
1.34715 0.03053329364142002
1.35681 0.020882489514981232
1.36653 0.017664752745659314
1.37633 0.019090273203055022
1.3862 0.018897273709074305
1.39613 0.019323619393099196
1.40614 0.019526385447378853
1.41622 0.01947204505846514
1.42637 0.01791695604139074
1.4366 0.014443346970537901
1.4469 0.01377575448468343
1.45727 0.015591040035685146
1.46771 0.012584000983327261
1.47824 0.013059920480130747
1.48883 0.01904391605289516
1.49951 0.02995693106502858
1.51025 0.03772273721455926
1.52108 0.04401496506195772
1.53198 0.04824603686715367
1.54297 0.0516394422553964
1.55403 0.05469604801566617
1.56517 0.05385383711544842
1.57639 0.050800410125174916
1.58769 0.05697943902580258
1.59907 0.05499180782835628
1.61053 0.0550375973786087
1.62208 0.06064083735504624
1.6337 0.0599989889590133
1.64541 0.05897017794457801
1.65721 0.06060353417336827
1.66909 0.06079286045125811
1.68105 0.06271712413191638
1.6931 0.061138596422697374
1.70524 0.0589086761131603
1.71746 0.05847329514382154
1.72978 0.05518752059199192
1.74218 0.052919847125885024
1.75466 0.05118275721164561
1.76724 0.04482846177492447
1.77991 0.0352629402582231
1.79267 0.02611903784717966
