0.4 0.39026579716537385
0.402867 0.38901391522515616
0.405755 0.37843869051529616
0.408664 0.3750474869093449
0.411593 0.37316374284688136
0.414544 0.3705511801455929
0.417515 0.36785808037658785
0.420508 0.3682115449632011
0.423523 0.36532407162698294
0.426559 0.36126070446963787
0.429617 0.3550507692841822
0.432696 0.35287509362405867
0.435798 0.35271900077534374
0.438922 0.3492591963924916
0.442068 0.3445656400733457
0.445237 0.34404970095182547
0.448429 0.3401284602430755
0.451643 0.33746580271497767
0.454881 0.335984565416668
0.458142 0.3346584153110753
0.461426 0.33217608036218305
0.464734 0.3315573293625262
0.468065 0.3268143831156348
0.47142 0.3241852035937462
0.4748 0.32356205402393046
0.478203 0.3194698423968897
0.481631 0.31748910422323035
0.485084 0.31288547422733265
0.488561 0.3103679883117861
0.492063 0.30995508663610294
0.49559 0.3069688334443938
0.499143 0.30460964906129584
0.502721 0.30162219284185093
0.506325 0.2992734221675907
0.509954 0.29940791690898705
0.51361 0.29903076771382603
0.517292 0.2962021581487725
0.521 0.29488983346348696
0.524735 0.29272129138189035
0.528496 0.2905931447159836
0.532285 0.2871797696848084
0.5361 0.28543988142331006
0.539943 0.2832456434211699
0.543814 0.2805998752746437
0.547712 0.27812439194465277
0.551638 0.2767889559687247
0.555593 0.2732943201734606
0.559575 0.2708202278442891
0.563587 0.2674222666059784
0.567627 0.26194815205671584
0.571696 0.2593730805869739
0.575794 0.2613705389664295
0.579921 0.26287364693302917
0.584078 0.2630269577801052
0.588265 0.2542666977813784
0.592482 0.24971499534985625
0.596729 0.25281568655492964
0.601007 0.2556708849126743
0.605315 0.25502225559136127
0.609654 0.2559481828057672
0.614025 0.257718729477219
0.618426 0.25997182185186957
0.622859 0.2613583301146423
0.627324 0.2560336447682771
0.631821 0.25686351773690586
0.63635 0.26077810419849234
0.640912 0.2626031630642208
0.645506 0.25885922796668287
0.650134 0.256211251136423
0.654794 0.2592384260684564
0.659488 0.26424803093190247
0.664215 0.26462806551389845
0.668977 0.2660359651135977
0.673772 0.267545125813493
0.678602 0.2678607326210465
0.683467 0.26385338144264775
0.688366 0.22489504817374853
0.6933 0.24575454345584383
0.69827 0.25819916048322594
0.703276 0.2618384697623695
0.708317 0.2724181118396967
0.713395 0.2737154550702104
0.718509 0.2325130991279497
0.723659 0.2411997394684405
0.728847 0.2560927904990673
0.734071 0.2864959518022244
0.739333 0.30600434355186423
0.744633 0.3221251971706853
0.749971 0.32740559605852776
0.755347 0.32022783445830666
0.760762 0.1654606283216026
0.766215 0.22576344622588415
0.771708 0.32671965408009784
0.77724 0.33447782956955263
0.782811 0.33401148714616996
0.788423 0.3239675401614612
0.794075 0.3199745689239665
0.799767 0.3196954852865784
0.8055 0.3209827719571134
0.811274 0.29832882922597215
0.81709 0.25588667801277637
0.822947 0.27859421187008415
0.828846 0.288871771803231
0.834788 0.30450072805793854
0.840772 0.32091430276137106
0.846799 0.3324945913538799
0.852869 0.33238400678873176
0.858983 0.3344066441627506
0.86514 0.33515381837319996
0.871342 0.33539828676722244
0.877588 0.3349161640034621
0.883879 0.332596463366598
0.890215 0.3226992199750727
0.896596 0.26239731374024716
0.903024 0.25298958985332637
0.909497 0.24343228638504125
0.916017 0.23702937803184618
0.922583 0.26242330101907047
0.929196 0.18858423120105403
0.935857 0.11956481004673791
0.942566 0.13504014529878136
0.949323 0.1388909994863351
0.956128 0.15846394119292187
0.962982 0.19330703613202554
0.969885 0.2470352322711406
0.976837 0.24799260738245155
0.98384 0.2874917392131921
0.990892 0.31393578323123117
0.997995 0.32066177972071147
1.00515 0.32050728464320805
1.01235 0.321937242884281
1.01961 0.32435739633708116
1.02692 0.32594860728801694
1.03428 0.3295364965301109
1.0417 0.3303545271944658
1.04916 0.3304591530128602
1.05668 0.3304997270029796
1.06426 0.328912830034315
1.07189 0.3256693920694702
1.07957 0.31845670507029533
1.08731 0.3051301841247128
1.0951 0.2857490877473632
1.10295 0.24754072948786063
1.11086 0.19831650001565887
1.11882 0.11665905632812872
1.12684 0.09706571954195913
1.13492 0.11028768045972645
1.14306 0.1237307259199024
1.15125 0.12930505831874636
1.1595 0.18118698282963588
1.16782 0.22994765188009386
1.17619 0.24870314563888535
1.18462 0.2462564315893566
1.19311 0.25871068223727894
1.20166 0.25589759924894007
1.21028 0.2619130010900616
1.21895 0.2735232337948058
1.22769 0.28691129712799585
1.23649 0.3001686439787721
1.24536 0.3038374274374418
1.25428 0.2988453510640519
1.26327 0.2730784330868167
1.27233 0.27067433253536555
1.28145 0.2926459423712841
1.29064 0.28598302964869776
1.29989 0.2650281662225808
1.30921 0.232663740757237
1.31859 0.20469285717077954
1.32804 0.16335360983030514
1.33756 0.12947022086875046
1.34715 0.07615968682366363
1.35681 0.03989152846258689
1.36653 0.03282526967602788
1.37633 0.03561729403979841
1.3862 0.03502363086775923
1.39613 0.03573184859647456
1.40614 0.035626007532093905
1.41622 0.036119757370947296
1.42637 0.036183880628994185
1.4366 0.030889197666520353
1.4469 0.03421144804603872
1.45727 0.04918561322174921
1.46771 0.040101050780616335
1.47824 0.04687333094263381
1.48883 0.0754708500597445
1.49951 0.11843278914334951
1.51025 0.14639603162395406
1.52108 0.16853246565832605
1.53198 0.18311070876700516
1.54297 0.19397443456574728
1.55403 0.20327011709612117
1.56517 0.20029097868563056
1.57639 0.18990595454052522
1.58769 0.20907270521051735
1.59907 0.20234642676141146
1.61053 0.20229983763261328
1.62208 0.22028509288358383
1.6337 0.21816126959860246
1.64541 0.21463316519578335
1.65721 0.21954201648635943
1.66909 0.21944342460395216
1.68105 0.22493292475011661
1.6931 0.2190632208461808
1.70524 0.2107984578961205
1.71746 0.20789141656188787
1.72978 0.19588729565887794
1.74218 0.18693061318632562
1.75466 0.18018908072147644
1.76724 0.15684840652495363
1.77991 0.11905487666524228
1.79267 0.07942198130840102
