0.4 0.1164713149377517
0.402867 0.11647464150416419
0.405755 0.1136452779643975
0.408664 0.1129253882016944
0.411593 0.1126592826896857
0.414544 0.11194668959200049
0.417515 0.11145944166727571
0.420508 0.11163367058312992
0.423523 0.11104918494405908
0.426559 0.11008103036183331
0.429617 0.10821635870606984
0.432696 0.10805732210021554
0.435798 0.10819015209507621
0.438922 0.10744923120528463
0.442068 0.10633344538776168
0.445237 0.10657151764739846
0.448429 0.10576783504293315
0.451643 0.10505265544085728
0.454881 0.10435212609666497
0.458142 0.10377390747110338
0.461426 0.10317163064202287
0.464734 0.10331613579593689
0.468065 0.10213457108780506
0.47142 0.10139316012349736
0.4748 0.10114737290291732
0.478203 0.09974824728623524
0.481631 0.09937790688484466
0.485084 0.09826407394001475
0.488561 0.09769021153237428
0.492063 0.09772896702112932
0.49559 0.09673998674709204
0.499143 0.09579046489697433
0.502721 0.09443775280214273
0.506325 0.09341332627989615
0.509954 0.09349220600087806
0.51361 0.09347805324288205
0.517292 0.09262162079959009
0.521 0.09215358478594697
0.524735 0.09127010666468677
0.528496 0.09040630330266237
0.532285 0.08928551030965395
0.5361 0.08873103802201009
0.539943 0.08810651725516987
0.543814 0.08739598593562574
0.547712 0.08690530253904044
0.551638 0.08658773177746705
0.555593 0.08535648143379627
0.559575 0.08443605218904496
0.563587 0.08324423799317938
0.567627 0.08122998965479714
0.571696 0.08025469929060174
0.575794 0.08105183024231866
0.579921 0.08167336105958574
0.584078 0.08178992701583296
0.588265 0.07851788510594691
0.592482 0.07682357127238501
0.596729 0.0780149028191059
0.601007 0.07942469869457092
0.605315 0.07971158782128625
0.609654 0.08030879064653818
0.614025 0.08115141437404495
0.618426 0.0820719797506063
0.622859 0.0827864267160318
0.627324 0.08111881946847495
0.631821 0.08173497184168375
0.63635 0.08342892925741574
0.640912 0.08428950505798041
0.645506 0.08295854682639238
0.650134 0.08213217971212758
0.654794 0.08351907326689707
0.659488 0.0856352571046335
0.664215 0.08590943399541538
0.668977 0.0865306801734433
0.673772 0.08721555188435776
0.678602 0.08759883718332075
0.683467 0.08636417364390381
0.688366 0.07217483331786302
0.6933 0.07953459914237405
0.69827 0.08387113982913331
0.703276 0.08458416607348682
0.708317 0.08787428628774549
0.713395 0.08768963710061407
0.718509 0.07296012575235454
0.723659 0.0752169882025811
0.728847 0.07889082438734725
0.734071 0.08813922354131172
0.739333 0.09412871379237281
0.744633 0.09925102956276825
0.749971 0.1007160751521169
0.755347 0.0981152496950369
0.760762 0.049246546098361155
0.766215 0.0671217715119181
0.771708 0.09983216883443606
0.77724 0.10230393143510765
0.782811 0.10198475184305203
0.788423 0.09836061614456774
0.794075 0.09699219938910573
0.799767 0.09683006640335409
0.8055 0.09741604454208767
0.811274 0.09028741073002547
0.81709 0.07724971581539465
0.822947 0.08407108280634122
0.828846 0.0870793557211035
0.834788 0.09195266908507828
0.840772 0.09734173637479913
0.846799 0.10142946028942412
0.852869 0.10143673467832763
0.858983 0.10231134938119264
0.86514 0.10269257537713837
0.871342 0.10264918398147069
0.877588 0.10226060439265924
0.883879 0.10118180930060852
0.890215 0.09777347717276312
0.896596 0.0788829906204607
0.903024 0.07576935663497898
0.909497 0.072951608851294
0.916017 0.07081623537859026
0.922583 0.07808753037732147
0.929196 0.05785819984894427
0.935857 0.04050570078493104
0.942566 0.0439108573289169
0.949323 0.04489727832492553
0.956128 0.04968592512843001
0.962982 0.05859875194528683
0.969885 0.07340610593764818
0.976837 0.07363871807414064
0.98384 0.08531069411827195
0.990892 0.0935263849856921
0.997995 0.09567906204901319
1.00515 0.0954632065007741
1.01235 0.09585607300403974
1.01961 0.09639636283220178
1.02692 0.0966853954161442
1.03428 0.0977204525951926
1.0417 0.09806825451908902
1.04916 0.09825473777297018
1.05668 0.09851603906964657
1.06426 0.09819875789755998
1.07189 0.09732475455027824
1.07957 0.09506769409014616
1.08731 0.09087341114487343
1.0951 0.08476987213848887
1.10295 0.07303488191705429
1.11086 0.05951740900138387
1.11882 0.03942158665179368
1.12684 0.034789285994552464
1.13492 0.03764300475269633
1.14306 0.04058431566766433
1.15125 0.04193502786245034
1.1595 0.05455296405352407
1.16782 0.06741526426898202
1.17619 0.07270445783748979
1.18462 0.07161311139255384
1.19311 0.07501875306080819
1.20166 0.0741958585452612
1.21028 0.07586983428640387
1.21895 0.07902692402077258
1.22769 0.08302383564248515
1.23649 0.08708613261011942
1.24536 0.08815859881056543
1.25428 0.08636533200185102
1.26327 0.07805874716243245
1.27233 0.07734069641672675
1.28145 0.08431728089747519
1.29064 0.08238958021366552
1.29989 0.07641502733485099
1.30921 0.06736213821133492
1.31859 0.059837289053480215
1.32804 0.04950692664897694
1.33756 0.041341852063651624
1.34715 0.030199225800403174
1.35681 0.02085077644889731
1.36653 0.017666293529176237
1.37633 0.019082531161892097
1.3862 0.018895874896855992
1.39613 0.019326923402687848
1.40614 0.019549211797732034
1.41622 0.0195194041290944
1.42637 0.017951172112813534
1.4366 0.014482021490004526
1.4469 0.01377278367016811
1.45727 0.015420740414702611
1.46771 0.01245592027867872
1.47824 0.01284246506819871
1.48883 0.018541003029283503
1.49951 0.0290695594885043
1.51025 0.03661259090593204
1.52108 0.04274991782756727
1.53198 0.04687666701944356
1.54297 0.05022117807962075
1.55403 0.053256608052923114
1.56517 0.05240243787280154
1.57639 0.0493547114843673
1.58769 0.055459797443138614
1.59907 0.053463280891794376
1.61053 0.05348239874817092
1.62208 0.05900602366917799
1.6337 0.05835832831802218
1.64541 0.05732388496968085
1.65721 0.05892152541712738
1.66909 0.059116726057098425
1.68105 0.06103041754009357
1.6931 0.05948641302580082
1.70524 0.057297997649659836
1.71746 0.056899539841687496
1.72978 0.053694462406719566
1.74218 0.05149799297767215
1.75466 0.049813752898052836
1.76724 0.04367138414919867
1.77991 0.034471051899795636
1.79267 0.02572347424957834
