0.4 0.2771185
0.402867 0.27650065999999995
0.405755 0.26936816666666663
0.408664 0.2671383533333333
0.411593 0.26588300666666664
0.414544 0.2639276333333333
0.417515 0.26213901333333334
0.420508 0.2623643666666666
0.423523 0.2605633133333333
0.426559 0.25781968666666666
0.429617 0.25348978666666666
0.432696 0.2523329466666666
0.435798 0.2524560933333333
0.438922 0.2503382133333333
0.442068 0.2473317333333333
0.445237 0.24728309333333334
0.448429 0.24485463333333335
0.451643 0.2429026
0.454881 0.24115605333333334
0.458142 0.2397293133333333
0.461426 0.23826508666666668
0.464734 0.23831416
0.468065 0.23558902666666665
0.47142 0.23376465999999999
0.4748 0.23308204
0.478203 0.22982456666666665
0.481631 0.22859673333333333
0.485084 0.2256728
0.488561 0.22406738666666665
0.492063 0.22386510666666665
0.49559 0.22165717333333335
0.499143 0.219769
0.502721 0.21723997333333334
0.506325 0.21532340666666666
0.509954 0.21545692
0.51361 0.21521011999999998
0.517292 0.2132109
0.521 0.21244993999999998
0.524735 0.21116662
0.528496 0.2098086
0.532285 0.20754806666666664
0.5361 0.20646125333333332
0.539943 0.2050772933333333
0.543814 0.2033419
0.547712 0.20195360666666665
0.551638 0.20126692666666668
0.555593 0.19887637333333333
0.559575 0.19715498
0.563587 0.19460497999999998
0.567627 0.19027042666666666
0.571696 0.1881681533333333
0.575794 0.1897321
0.579921 0.19089286666666666
0.584078 0.1909999
0.588265 0.1841026
0.592482 0.18056487333333332
0.596729 0.18307953333333332
0.601007 0.18552288666666666
0.605315 0.18525220666666667
0.609654 0.18601847999999999
0.614025 0.18736885333333334
0.618426 0.18901022666666667
0.622859 0.1900833133333333
0.627324 0.1862520933333333
0.631821 0.18697439999999999
0.63635 0.18988218
0.640912 0.19125741333333335
0.645506 0.18836897999999996
0.650134 0.18640266666666666
0.654794 0.18888418666666665
0.659488 0.19283762666666665
0.664215 0.19309178666666665
0.668977 0.19406981999999998
0.673772 0.19517644666666667
0.678602 0.19551504
0.683467 0.19261032666666666
0.688366 0.16369278666666665
0.6933 0.17863619999999997
0.69827 0.18775690666666667
0.703276 0.19014206666666666
0.708317 0.19792832666666665
0.713395 0.19852879333333331
0.718509 0.16686893333333333
0.723659 0.17306968
0.728847 0.18352323333333334
0.734071 0.20593557333333334
0.739333 0.22027282666666664
0.744633 0.23201388666666667
0.749971 0.23545972666666665
0.755347 0.22991716666666664
0.760762 0.11856701333333333
0.766215 0.16154191333333334
0.771708 0.23441291999999997
0.77724 0.2399448733333333
0.782811 0.239444
0.788423 0.23169703999999997
0.794075 0.22871451999999998
0.799767 0.22845704
0.8055 0.22938930000000002
0.811274 0.21243765333333334
0.81709 0.18120040666666665
0.822947 0.19767989999999996
0.828846 0.20509563999999997
0.834788 0.21666265333333334
0.840772 0.22910708666666668
0.846799 0.23818442666666664
0.852869 0.23819928
0.858983 0.23995469333333333
0.86514 0.24065143333333333
0.871342 0.24063967999999997
0.877588 0.23995514666666665
0.883879 0.2378292933333333
0.890215 0.23024297333333332
0.896596 0.18570580666666664
0.903024 0.17851336666666665
0.909497 0.17145415999999997
0.916017 0.16661298666666666
0.922583 0.18480451999999997
0.929196 0.13255816666666664
0.935857 0.08478154666666667
0.942566 0.09523798666666666
0.949323 0.09790672
0.956128 0.11135123333333333
0.962982 0.13558892
0.969885 0.17361203333333333
0.976837 0.17419901999999998
0.98384 0.20264458
0.990892 0.2219642533333333
0.997995 0.22691897333333333
1.00515 0.2266971733333333
1.01235 0.22768917333333333
1.01961 0.22917915333333333
1.02692 0.22999890666666667
1.03428 0.23236450666666666
1.0417 0.23298986
1.04916 0.23320130666666666
1.05668 0.2333831733333333
1.06426 0.23227925333333332
1.07189 0.22987995333333333
1.07957 0.22456180666666664
1.08731 0.21484456
1.0951 0.20069464666666664
1.10295 0.17289946
1.11086 0.13815832666666666
1.11882 0.08207883333333332
1.12684 0.06881557333333332
1.13492 0.07762170666666666
1.14306 0.08653797999999999
1.15125 0.09025739333333332
1.1595 0.12552838
1.16782 0.15932099333333333
1.17619 0.17255975999999998
1.18462 0.1705901933333333
1.19311 0.17926704666666665
1.20166 0.1772258
1.21028 0.18131285999999996
1.21895 0.18936818666666666
1.22769 0.19883954666666664
1.23649 0.20827903333333334
1.24536 0.21079451333333332
1.25428 0.20707364666666667
1.26327 0.18892087999999999
1.27233 0.18716658
1.28145 0.20234349333333335
1.29064 0.19744694666666665
1.29989 0.18265838
1.30921 0.15996510666666666
1.31859 0.14055581333333333
1.32804 0.11230669333333333
1.33756 0.08936588000000001
1.34715 0.05466396799999999
1.35681 0.030617604666666666
1.36653 0.025308158
1.37633 0.027474560666666665
1.3862 0.027024531999999997
1.39613 0.027530997333333335
1.40614 0.027345149333333332
1.41622 0.027126083333333332
1.42637 0.026131383999999997
1.4366 0.021673472666666665
1.4469 0.022946166666666663
1.45727 0.03176595066666667
1.46771 0.02570806133333333
1.47824 0.029705856666666662
1.48883 0.04808009733333333
1.49951 0.07671729999999999
1.51025 0.09573468666666665
1.52108 0.11089026666666665
1.53198 0.12099221333333333
1.54297 0.12857574
1.55403 0.13509981999999998
1.56517 0.13319183333333331
1.57639 0.12626306666666665
1.58769 0.13937511333333333
1.59907 0.13488497333333332
1.61053 0.13491202
1.62208 0.14714602666666665
1.6337 0.14570938
1.64541 0.14334556666666665
1.65721 0.14673135333333331
1.66909 0.14678334666666665
1.68105 0.15059213999999999
1.6931 0.14658500666666666
1.70524 0.14101818
1.71746 0.13913753333333334
1.72978 0.13096699333333334
1.74218 0.12482555333333334
1.75466 0.12021600666666667
1.76724 0.10430204666666666
1.77991 0.07895462666666667
1.79267 0.05295392133333333
