0.4 0.3325429266666666
0.402867 0.33262769999999997
0.405755 0.3248250466666667
0.408664 0.3229215266666666
0.411593 0.32224437333333333
0.414544 0.3205198266666667
0.417515 0.31912272666666663
0.420508 0.31995488
0.423523 0.3185946866666667
0.426559 0.3158588866666666
0.429617 0.3107662
0.432696 0.3104515666666666
0.435798 0.3109315733333333
0.438922 0.30890722
0.442068 0.30587714666666665
0.445237 0.30665038666666666
0.448429 0.30458140666666667
0.451643 0.3027328733333333
0.454881 0.30089913999999995
0.458142 0.29939408666666667
0.461426 0.29775706
0.464734 0.29820122666666665
0.468065 0.2948795133333333
0.47142 0.29277911999999995
0.4748 0.2921084666666667
0.478203 0.2881600466666666
0.481631 0.2871252933333333
0.485084 0.2840729733333333
0.488561 0.28253066
0.492063 0.28265282666666663
0.49559 0.2799406666666666
0.499143 0.2772329333333333
0.502721 0.27332872666666663
0.506325 0.27040546
0.509954 0.27059291333333335
0.51361 0.27054088
0.517292 0.2680919333333333
0.521 0.26675096
0.524735 0.26423246666666667
0.528496 0.26171500666666664
0.532285 0.25841468666666667
0.5361 0.2567277533333333
0.539943 0.2549046333333333
0.543814 0.25282594666666663
0.547712 0.25136396
0.551638 0.2503877866666666
0.555593 0.24681034666666668
0.559575 0.2441720533333333
0.563587 0.24079609333333332
0.567627 0.23509865333333335
0.571696 0.23236498
0.575794 0.23463115999999998
0.579921 0.23638874666666665
0.584078 0.2367518133333333
0.588265 0.22761136666666665
0.592482 0.22284684
0.596729 0.22612246666666663
0.601007 0.23000195999999998
0.605315 0.23091053333333333
0.609654 0.23269821333333332
0.614025 0.23520591333333332
0.618426 0.23805110666666665
0.622859 0.2402256133333333
0.627324 0.23552454
0.631821 0.23743039333333332
0.63635 0.24241867333333333
0.640912 0.24496678
0.645506 0.24137776
0.650134 0.23921452666666665
0.654794 0.24322061333333334
0.659488 0.24930523999999998
0.664215 0.2502826266666667
0.668977 0.2521623533333333
0.673772 0.2541828666666667
0.678602 0.2554073733333333
0.683467 0.25192267999999995
0.688366 0.21085791999999998
0.6933 0.23273977999999998
0.69827 0.24527270666666667
0.703276 0.24726625333333332
0.708317 0.2564440733333333
0.713395 0.2558908333333333
0.718509 0.21441059333333334
0.723659 0.22067371333333333
0.728847 0.23109972666666667
0.734071 0.25702422666666663
0.739333 0.27368514
0.744633 0.2878626933333333
0.749971 0.29186614
0.755347 0.28426626666666666
0.760762 0.14294697333333334
0.766215 0.19491056666666665
0.771708 0.2892192933333333
0.77724 0.29632801999999997
0.782811 0.2954823466666666
0.788423 0.2854024133333333
0.794075 0.2816399333333333
0.799767 0.28124592666666665
0.8055 0.28295866
0.811274 0.26303419333333333
0.81709 0.2263830933333333
0.822947 0.24555844
0.828846 0.2540417933333333
0.834788 0.26774761999999996
0.840772 0.2828794733333333
0.846799 0.2944185933333333
0.852869 0.29446199333333334
0.858983 0.29705827333333334
0.86514 0.29826154666666665
0.871342 0.29824902
0.877588 0.29723599999999994
0.883879 0.2942665733333333
0.890215 0.28467753333333334
0.896596 0.23141012
0.903024 0.22260301333333332
0.909497 0.21469477333333334
0.916017 0.20877732
0.922583 0.22942281999999997
0.929196 0.17201954
0.935857 0.12196656666666666
0.942566 0.13196681999999998
0.949323 0.13489926
0.956128 0.1489447133333333
0.962982 0.17463361333333333
0.969885 0.21675792666666666
0.976837 0.2174697
0.98384 0.25076469999999995
0.990892 0.27429864666666665
0.997995 0.28057494
1.00515 0.28003791333333333
1.01235 0.28117934666666666
1.01961 0.28273974
1.02692 0.28355418
1.03428 0.28648248666666665
1.0417 0.2873823466666666
1.04916 0.28779357333333333
1.05668 0.28840350666666664
1.06426 0.2873428533333333
1.07189 0.28476265999999995
1.07957 0.27827272
1.08731 0.2662796066666666
1.0951 0.24895982
1.10295 0.21573848666666665
1.11086 0.17732138
1.11882 0.11901018
1.12684 0.10532282
1.13492 0.11379142666666665
1.14306 0.12261543333333333
1.15125 0.1266597133333333
1.1595 0.16363213333333332
1.16782 0.20075864
1.17619 0.21603301999999996
1.18462 0.21300654666666666
1.19311 0.22297947333333334
1.20166 0.22065013333333333
1.21028 0.22565538
1.21895 0.23491434
1.22769 0.24669022
1.23649 0.2586697933333333
1.24536 0.2618382533333333
1.25428 0.25645044666666666
1.26327 0.23156491333333332
1.27233 0.22946346666666664
1.28145 0.25040626
1.29064 0.24497435999999997
1.29989 0.22768210666666666
1.30921 0.20149524
1.31859 0.17966395333333332
1.32804 0.14950803333333332
1.33756 0.12551898666666667
1.34715 0.09169943333333333
1.35681 0.06293228266666666
1.36653 0.053291128
1.37633 0.05757226333333333
1.3862 0.05705605466666667
1.39613 0.058430786
1.40614 0.05932904733333333
1.41622 0.05978303133333333
1.42637 0.05553087133333333
1.4366 0.045193863333333334
1.4469 0.04349274933333333
1.45727 0.048887973333333334
1.46771 0.039735668
1.47824 0.040935242
1.48883 0.058294740666666664
1.49951 0.08981753333333332
1.51025 0.11221273333333333
1.52108 0.13048502
1.53198 0.1427494933333333
1.54297 0.15280417999999998
1.55403 0.1620042133333333
1.56517 0.15930981333333333
1.57639 0.14985036
1.58769 0.16848995333333333
1.59907 0.16222547333333331
1.61053 0.16215765333333332
1.62208 0.1789586
1.6337 0.17697348666666668
1.64541 0.1737665
1.65721 0.17856078
1.66909 0.17914463333333333
1.68105 0.18495562666666665
1.6931 0.18038726666666666
1.70524 0.17389765999999998
1.71746 0.17277234
1.72978 0.1632767
1.74218 0.15677457333333333
1.75466 0.15183262666666666
1.76724 0.13381463333333332
1.77991 0.10649103333333333
1.79267 0.08011723999999999
