0.4 0.7939967333333333
0.402867 0.8014298666666666
0.405755 0.7903879333333333
0.408664 0.7938915999999999
0.411593 0.8005103333333332
0.414544 0.8050264666666667
0.417515 0.8096416666666666
0.420508 0.8200125999999999
0.423523 0.8246842666666666
0.426559 0.8252376666666665
0.429617 0.8202166666666666
0.432696 0.8279955333333333
0.435798 0.8375713333333332
0.438922 0.8408378666666666
0.442068 0.8416327333333333
0.445237 0.8521378
0.448429 0.8549959333333332
0.451643 0.8574249999999999
0.454881 0.8594509333333332
0.458142 0.8621095999999999
0.461426 0.8648975999999999
0.464734 0.8739566666666666
0.468065 0.8721129333333333
0.47142 0.8736492666666666
0.4748 0.8783978666666666
0.478203 0.8735582
0.481631 0.8775535999999999
0.485084 0.8760008
0.488561 0.8790449333333333
0.492063 0.8847779333333332
0.49559 0.880527
0.499143 0.8755407333333333
0.502721 0.8646213333333332
0.506325 0.8577538666666666
0.509954 0.8629254666666666
0.51361 0.8676295333333333
0.517292 0.8633812666666666
0.521 0.8616346666666665
0.524735 0.8526723333333333
0.528496 0.8442756
0.532285 0.8358368666666666
0.5361 0.8337434666666665
0.539943 0.8300270666666667
0.543814 0.8271396
0.547712 0.8299026
0.551638 0.8312927999999999
0.555593 0.8198905333333333
0.559575 0.8103704666666666
0.563587 0.797012
0.567627 0.7724055333333333
0.571696 0.7635237333333333
0.575794 0.7799017333333333
0.579921 0.7950428
0.584078 0.8020292
0.588265 0.7542303333333332
0.592482 0.7296425333333333
0.596729 0.7546638666666667
0.601007 0.7959213333333334
0.605315 0.8203795333333332
0.609654 0.8390582
0.614025 0.8630756666666667
0.618426 0.8900774666666667
0.622859 0.9125398666666666
0.627324 0.8925369333333333
0.631821 0.9152809333333334
0.63635 0.9650803333333333
0.640912 0.9950292666666667
0.645506 0.9742185999999999
0.650134 0.9675515333333333
0.654794 1.0077650666666667
0.659488 1.0706959333333332
0.664215 1.09987
0.668977 1.1261761333333333
0.673772 1.1491784666666667
0.678602 1.1668085333333331
0.683467 1.1481892
0.688366 0.8530691333333333
0.6933 0.9859320666666667
0.69827 1.0802001333333333
0.703276 1.0881049999999999
0.708317 1.1557792
0.713395 1.1427990666666665
0.718509 0.8254873999999999
0.723659 0.8598794666666666
0.728847 0.9139026666666666
0.734071 1.0940360666666666
0.739333 1.2182226666666667
0.744633 1.3405112
0.749971 1.3804358666666667
0.755347 1.3255583333333334
0.760762 0.5167504066666666
0.766215 0.7353079333333332
0.771708 1.3626736
0.77724 1.4453471999999998
0.782811 1.4450742666666667
0.788423 1.3410617333333334
0.794075 1.3079971333333331
0.799767 1.2974016666666666
0.8055 1.3190285333333334
0.811274 1.161779
0.81709 0.8976522666666666
0.822947 1.0332873999999999
0.828846 1.0921385333333333
0.834788 1.2162586666666666
0.840772 1.3728637333333333
0.846799 1.5167694666666665
0.852869 1.524012733333333
0.858983 1.5719726666666667
0.86514 1.6038412
0.871342 1.6136428
0.877588 1.6057486666666665
0.883879 1.5710796666666664
0.890215 1.467487933333333
0.896596 0.9850387333333332
0.903024 0.9031208666666666
0.909497 0.8549146
0.916017 0.8062968666666667
0.922583 0.9454986666666666
0.929196 0.6039382866666666
0.935857 0.37611426000000003
0.942566 0.4065674133333333
0.949323 0.42031487333333334
0.956128 0.47984111999999995
0.962982 0.6111682333333333
0.969885 0.8885535333333332
0.976837 0.9003711999999999
0.98384 1.2047789333333332
0.990892 1.4924012
0.997995 1.5998201333333333
1.00515 1.6010844666666666
1.01235 1.6198178666666667
1.01961 1.6430719333333332
1.02692 1.6534874666666666
1.03428 1.6955915333333333
1.0417 1.7090164666666665
1.04916 1.7108422
1.05668 1.7139365999999998
1.06426 1.6883518666666666
1.07189 1.6469433999999998
1.07957 1.5618304
1.08731 1.4205676666666665
1.0951 1.2362473333333333
1.10295 0.9169238
1.11086 0.6560462
1.11882 0.38049124
1.12684 0.32861838666666665
1.13492 0.35569184666666664
1.14306 0.3854240733333333
1.15125 0.40316892
1.1595 0.5850272799999999
1.16782 0.8491683333333333
1.17619 1.0068355333333332
1.18462 0.9688148666666666
1.19311 1.0780314666666666
1.20166 1.0677385333333334
1.21028 1.1426500666666666
1.21895 1.2635234666666666
1.22769 1.4397744666666665
1.23649 1.6420967333333334
1.24536 1.7066354666666665
1.25428 1.6325224
1.26327 1.3172605333333332
1.27233 1.2923307333333334
1.28145 1.5201845999999999
1.29064 1.4232684
1.29989 1.2017976666666665
1.30921 0.9261992666666666
1.31859 0.7391696666666667
1.32804 0.5459363933333333
1.33756 0.4165938533333333
1.34715 0.30302199333333335
1.35681 0.21195353333333333
1.36653 0.17642452
1.37633 0.19272035999999998
1.3862 0.19310214666666664
1.39613 0.20087566666666667
1.40614 0.21328242666666666
1.41622 0.23273703999999998
1.42637 0.22811872666666666
1.4366 0.19485822
1.4469 0.20950384
1.45727 0.24024097333333333
1.46771 0.20817743333333333
1.47824 0.21378617333333333
1.48883 0.3054378933333333
1.49951 0.5456276333333333
1.51025 0.7942003333333334
1.52108 1.0296021333333334
1.53198 1.1862484
1.54297 1.338436
1.55403 1.4921465999999999
1.56517 1.3958013999999999
1.57639 1.1787838666666666
1.58769 1.4573917333333333
1.59907 1.3016657999999999
1.61053 1.2600781333333333
1.62208 1.5111956666666666
1.6337 1.4540917333333332
1.64541 1.3647462666666668
1.65721 1.403096
1.66909 1.3952238000000001
1.68105 1.4714893333333334
1.6931 1.3676058666666666
1.70524 1.2364310666666665
1.71746 1.2181271999999999
1.72978 1.0640377333333333
1.74218 0.9556944666666666
1.75466 0.8747746666666667
1.76724 0.6798477999999999
1.77991 0.46619632
1.79267 0.33059994
