0.4 0.06382687771335271
0.402867 0.06406047782683907
0.405755 0.0627723200943285
0.408664 0.06265360810405565
0.411593 0.06278211922136219
0.414544 0.06269560516453276
0.417515 0.06268099627125173
0.420508 0.0630666811560636
0.423523 0.06298677842320077
0.426559 0.06262286002235928
0.429617 0.06178102745782844
0.432696 0.061850351885267066
0.435798 0.06208200639124769
0.438922 0.061796736367660775
0.442068 0.0613503307562938
0.445237 0.06169914918503671
0.448429 0.06150661542074467
0.451643 0.06132311376514269
0.454881 0.06110756757976603
0.458142 0.060936039828818324
0.461426 0.06070952621651631
0.464734 0.06091574096897126
0.468065 0.060328250751791955
0.47142 0.060000817168624085
0.4748 0.059966127360952165
0.478203 0.05928106773352505
0.481631 0.059248167323525475
0.485084 0.058849112934829265
0.488561 0.05872774070044761
0.492063 0.05882930515379975
0.49559 0.05829119408096066
0.499143 0.05776637955172444
0.502721 0.056983825345107424
0.506325 0.056389083063028145
0.509954 0.05644033111303973
0.51361 0.056437755989259306
0.517292 0.05593097855114473
0.521 0.05567171419095897
0.524735 0.055130672546814356
0.528496 0.05457765699801549
0.532285 0.053877386087291146
0.5361 0.05353244951967748
0.539943 0.05321513216015119
0.543814 0.05288622066358953
0.547712 0.05272891081364526
0.551638 0.05258396398985641
0.555593 0.051833375740403295
0.559575 0.051258486137988286
0.563587 0.05050098536956048
0.567627 0.049242130543940325
0.571696 0.04866082604908575
0.575794 0.04918495587414206
0.579921 0.04959652014494484
0.584078 0.04971961629982315
0.588265 0.04775277173985496
0.592482 0.0467200769497882
0.596729 0.047491912542747435
0.601007 0.048499342496886394
0.605315 0.048812333685877105
0.609654 0.0492513974350746
0.614025 0.049888109651372484
0.618426 0.050612288149711734
0.622859 0.05120165662644464
0.627324 0.05020802832554947
0.631821 0.05076892452013479
0.63635 0.0520566613279446
0.640912 0.052721421160136415
0.645506 0.05199293426363784
0.650134 0.05159994867373837
0.654794 0.05262274892717261
0.659488 0.05416989227417823
0.664215 0.0545863504961685
0.668977 0.05514314781955664
0.673772 0.05567349049319618
0.678602 0.0559804577820249
0.683467 0.055130082316845075
0.688366 0.04522364099840073
0.6933 0.050427559264759995
0.69827 0.0533695020849077
0.703276 0.05372082922486713
0.708317 0.05569293814975949
0.713395 0.05538006388429677
0.718509 0.045751313138660994
0.723659 0.04697814681921204
0.728847 0.0490742947703124
0.734071 0.05456248780718834
0.739333 0.057959040528814926
0.744633 0.06088488064068803
0.749971 0.061622152703385565
0.755347 0.059752604420303806
0.760762 0.028558610997553715
0.766215 0.03954119869523011
0.771708 0.06069743445294583
0.77724 0.062453512661361524
0.782811 0.06235059657202584
0.788423 0.06010967110240515
0.794075 0.05927611765904412
0.799767 0.05917991017405032
0.8055 0.059555705199170784
0.811274 0.055198075686841076
0.81709 0.04729095280133441
0.822947 0.05145664158550602
0.828846 0.05331713624596856
0.834788 0.056325691803093776
0.840772 0.05966825298104807
0.846799 0.06226003228418689
0.852869 0.062277511883927085
0.858983 0.0628978099076718
0.86514 0.06322249344946138
0.871342 0.06323767012339432
0.877588 0.06300037616181174
0.883879 0.06230462785315001
0.890215 0.06016543520676176
0.896596 0.04843419177170284
0.903024 0.04652221147261987
0.909497 0.044851631489422436
0.916017 0.043562437346759776
0.922583 0.04807774712277041
0.929196 0.03578735479832844
0.935857 0.02519510273571319
0.942566 0.027235589475161574
0.949323 0.02790980421152068
0.956128 0.030956137292844948
0.962982 0.03652380091322427
0.969885 0.04572046122887177
0.976837 0.04593248193603253
0.98384 0.053504272820208636
0.990892 0.05904032406017269
0.997995 0.06053862517567863
1.00515 0.06041248152596682
1.01235 0.060633548372641004
1.01961 0.06090498868133741
1.02692 0.06100834720930301
1.03428 0.06157181852766875
1.0417 0.06170986499252982
1.04916 0.06174098348796285
1.05668 0.06181286433141742
1.06426 0.061505512598028673
1.07189 0.06089226833688047
1.07957 0.059440018254414057
1.08731 0.056788201058123586
1.0951 0.052950367717208825
1.10295 0.04555900293215447
1.11086 0.03726245267355207
1.11882 0.024835596561123892
1.12684 0.02195703845319299
1.13492 0.023695637997256706
1.14306 0.025547081841264686
1.15125 0.026464042917163533
1.1595 0.03459193800205387
1.16782 0.04297582265295805
1.17619 0.046560037637006564
1.18462 0.04586528458141507
1.19311 0.04823873211304641
1.20166 0.04777574393924597
1.21028 0.04908851454209229
1.21895 0.05136024047514987
1.22769 0.054308590704631364
1.23649 0.05724338902952485
1.24536 0.05800451910426142
1.25428 0.056633158589234074
1.26327 0.05053482490933687
1.27233 0.050039434887460175
1.28145 0.05516216239137229
1.29064 0.053933238118140804
1.29989 0.049902352807857965
1.30921 0.04381864953517093
1.31859 0.03885005062585357
1.32804 0.03206617278742926
1.33756 0.026711280990954493
1.34715 0.019498809203722905
1.35681 0.013478089361704616
1.36653 0.01147817695724477
1.37633 0.012365305696518461
1.3862 0.012297642518565492
1.39613 0.01264327314424131
1.40614 0.013035397241586566
1.41622 0.013570371957710894
1.42637 0.01303089802422956
1.4366 0.01094852179394982
1.4469 0.011013208566574307
1.45727 0.012512523642914965
1.46771 0.010395338810658863
1.47824 0.010679277776803152
1.48883 0.014949211836976629
1.49951 0.023013080533328553
1.51025 0.028860480420562138
1.52108 0.0335741879096405
1.53198 0.036621024229829234
1.54297 0.039074954435022236
1.55403 0.041320841203782536
1.56517 0.04034724891864352
1.57639 0.037471767302581054
1.58769 0.04228569789829847
1.59907 0.04031636520565468
1.61053 0.04004152569615259
1.62208 0.0443146026607584
1.6337 0.0436677611253838
1.64541 0.0426443837374154
1.65721 0.043686908522327234
1.66909 0.04367894836854176
1.68105 0.04507228021756054
1.6931 0.043799897807446204
1.70524 0.042145977088516605
1.71746 0.04185497874744647
1.72978 0.03945118535105504
1.74218 0.03772380953029002
1.75466 0.036401208932598635
1.76724 0.031840854601277405
1.77991 0.025081540057612962
1.79267 0.018868424888759772
