0.4 0.24187408778579292
0.402867 0.2411635120846974
0.405755 0.2344955184996279
0.408664 0.23226559603449412
0.411593 0.23094677507979217
0.414544 0.22919510111340433
0.417515 0.22751539055932446
0.420508 0.22791186127843485
0.423523 0.22625656065178354
0.426559 0.22369258141644346
0.429617 0.21955893013259153
0.432696 0.21811754911611286
0.435798 0.2180105343919204
0.438922 0.21598263024359673
0.442068 0.21330397991455574
0.445237 0.21328205749958354
0.448429 0.21123889230081355
0.451643 0.2095982776892615
0.454881 0.2081537049035532
0.458142 0.2069217530526832
0.461426 0.20539760571265772
0.464734 0.2052298698402456
0.468065 0.2025272618587681
0.47142 0.20082942153857794
0.4748 0.20026728895094761
0.478203 0.19754477440874818
0.481631 0.19651277333186756
0.485084 0.19401538189750123
0.488561 0.19266499214835361
0.492063 0.19237777168411077
0.49559 0.19034895006366037
0.499143 0.18848957649952064
0.502721 0.18601567105938482
0.506325 0.18419436612743384
0.509954 0.18428203640410887
0.51361 0.1841907091610695
0.517292 0.18251114075055852
0.521 0.1816303545867372
0.524735 0.18004337332817208
0.528496 0.1786275846151727
0.532285 0.17653819691221428
0.5361 0.17556289819719523
0.539943 0.1744621448604503
0.543814 0.17307687824834356
0.547712 0.17200325495005084
0.551638 0.1713972581492621
0.555593 0.1692058307470238
0.559575 0.16758926424290668
0.563587 0.16530455835409186
0.567627 0.16152098083623637
0.571696 0.15967093059800436
0.575794 0.16101125399804303
0.579921 0.16202246980850288
0.584078 0.1621523308808657
0.588265 0.15633202339127011
0.592482 0.15331456094353496
0.596729 0.15543058764352566
0.601007 0.15765183288988327
0.605315 0.15760332316644926
0.609654 0.15833512994788626
0.614025 0.15961012545585765
0.618426 0.16123436125162582
0.622859 0.16227027773772343
0.627324 0.15899883057659048
0.631821 0.15972759419343804
0.63635 0.16229901658293314
0.640912 0.1634912070009298
0.645506 0.16098396889387925
0.650134 0.1593193966298907
0.654794 0.1614361921973679
0.659488 0.16473741197512098
0.664215 0.16470796887313793
0.668977 0.16553326735650487
0.673772 0.16654306173127542
0.678602 0.1669072077105962
0.683467 0.1644966789189905
0.688366 0.13927157104473778
0.6933 0.15288908647529095
0.69827 0.1614267590332478
0.703276 0.16391723066023559
0.708317 0.17103210424281612
0.713395 0.17175516919476375
0.718509 0.1441002979196002
0.723659 0.1494529078399074
0.728847 0.158620257025023
0.734071 0.17849037730472456
0.739333 0.19140731877257808
0.744633 0.20229726064209208
0.749971 0.20590885736368142
0.755347 0.20139639992969466
0.760762 0.10220539991481321
0.766215 0.14023916170167786
0.771708 0.20595418824002837
0.77724 0.210575779629599
0.782811 0.20982914468949376
0.788423 0.20275241727195778
0.794075 0.2001151177993336
0.799767 0.19997037687973207
0.8055 0.201104734248387
0.811274 0.18622709669602988
0.81709 0.15844602777593916
0.822947 0.1731786142772716
0.828846 0.17983271009794224
0.834788 0.19007732662557225
0.840772 0.20105446065248397
0.846799 0.20904054509119677
0.852869 0.20899206767311937
0.858983 0.2106232555816226
0.86514 0.21134744475997908
0.871342 0.21173874016096605
0.877588 0.21161528201027652
0.883879 0.2102165376034064
0.890215 0.20350330359698837
0.896596 0.16335156386659588
0.903024 0.15686952637504717
0.909497 0.15046073804899812
0.916017 0.1459649049515052
0.922583 0.16224996412950865
0.929196 0.11543434005540308
0.935857 0.07301108148274994
0.942566 0.08224036003642107
0.949323 0.08473610389760203
0.956128 0.09676707742243948
0.962982 0.11848386233900392
0.969885 0.15289736956871694
0.976837 0.15361764979892775
0.98384 0.18006274361997487
0.990892 0.19843375967206842
0.997995 0.20324327132083964
1.00515 0.20310512715505077
1.01235 0.20398427220675805
1.01961 0.20534039292616224
1.02692 0.20610529977594666
1.03428 0.20831918586207634
1.0417 0.20886987589240757
1.04916 0.20900052521547086
1.05668 0.20905997999371267
1.06426 0.20785695435912052
1.07189 0.20549381752561136
1.07957 0.20052077616185415
1.08731 0.19156289490877512
1.0951 0.17857709134284494
1.10295 0.1531299035253485
1.11086 0.12171865584256615
1.11882 0.07144305700742341
1.12684 0.05964431247665144
1.13492 0.06747761971526091
1.14306 0.07539990107473679
1.15125 0.07884769671634494
1.1595 0.11087821870146868
1.16782 0.14206017588541967
1.17619 0.15451031141182628
1.18462 0.1527446879924691
1.19311 0.16112950452525257
1.20166 0.15965535295506356
1.21028 0.1640095529082575
1.21895 0.17189861790010227
1.22769 0.18114085090176024
1.23649 0.19030108644735788
1.24536 0.19273813793671218
1.25428 0.18911304403714554
1.26327 0.17166704664309668
1.27233 0.16994156585982043
1.28145 0.18439009782185442
1.29064 0.17969231747933576
1.29989 0.16566328349457923
1.30921 0.14425484028438681
1.31859 0.12615894957103418
1.32804 0.10010130681354157
1.33756 0.07907464830736023
1.34715 0.048022519244308344
1.35681 0.027116424974974483
1.36653 0.022543534556548773
1.37633 0.024418793310623896
1.3862 0.024052783312228695
1.39613 0.024520749015976666
1.40614 0.02447043277700295
1.41622 0.024450791766312086
1.42637 0.023659921101447805
1.4366 0.01969535023894866
1.4469 0.0209016910492326
1.45727 0.02884245947206247
1.46771 0.023319527958602832
1.47824 0.026881042332000074
1.48883 0.04377881071778159
1.49951 0.07066874929887547
1.51025 0.08878242734155865
1.52108 0.10325603472136669
1.53198 0.11287963891847158
1.54297 0.1202202300274462
1.55403 0.12660444043821248
1.56517 0.1246663516422405
1.57639 0.11786035603495114
1.58769 0.1307695894447257
1.59907 0.12633387015474876
1.61053 0.12629032899515608
1.62208 0.13824265189887447
1.6337 0.13679917749528972
1.64541 0.13447696508749055
1.65721 0.13780105059662787
1.66909 0.13783031924968542
1.68105 0.1415446146998288
1.6931 0.1375751263159517
1.70524 0.13212642734304586
1.71746 0.1304167568012777
1.72978 0.12253861101995547
1.74218 0.11668569450343243
1.75466 0.11226972670846583
1.76724 0.0969846863043331
1.77991 0.07292011605970421
1.79267 0.04857877225704193
