0.4 1.0238421333333334
0.402867 1.0347355999999999
0.405755 1.0235492666666666
0.408664 1.0300343333333333
0.411593 1.0400128
0.414544 1.0481414666666666
0.417515 1.0553956
0.420508 1.0713101999999999
0.423523 1.0801536666666665
0.426559 1.0819466
0.429617 1.0781034666666667
0.432696 1.0913073333333334
0.435798 1.1062973333333332
0.438922 1.1136892666666665
0.442068 1.117635
0.445237 1.1337879333333332
0.448429 1.1408489333333334
0.451643 1.1473570666666666
0.454881 1.1536261333333333
0.458142 1.1605182666666667
0.461426 1.1680525333333334
0.464734 1.1833475999999998
0.468065 1.1847459999999999
0.47142 1.1898511333333333
0.4748 1.1990356
0.478203 1.1957268666666665
0.481631 1.2041633999999999
0.485084 1.2062099333333332
0.488561 1.2147275333333334
0.492063 1.2253939333333332
0.49559 1.2221407333333332
0.499143 1.2175147333333332
0.502721 1.2043127999999999
0.506325 1.1969976
0.509954 1.2074211333333333
0.51361 1.2186060666666667
0.517292 1.2170797333333332
0.521 1.2166169999999998
0.524735 1.2032123333333333
0.528496 1.1900099333333332
0.532285 1.1778111999999998
0.5361 1.1751846666666665
0.539943 1.1691576
0.543814 1.1652976666666666
0.547712 1.1725082666666666
0.551638 1.1770939333333332
0.555593 1.1605569333333332
0.559575 1.1457169999999999
0.563587 1.1245768666666667
0.567627 1.0858416666666666
0.571696 1.0735264
0.575794 1.1025852
0.579921 1.1310806
0.584078 1.1458752666666667
0.588265 1.0714546
0.592482 1.0335991999999998
0.596729 1.0750994
0.601007 1.1485699333333332
0.605315 1.1994233333333333
0.609654 1.2370868666666666
0.614025 1.2852502666666665
0.618426 1.3402946
0.622859 1.3876558666666665
0.627324 1.3608705999999997
0.631821 1.4102966666666665
0.63635 1.5113290666666668
0.640912 1.5765097999999997
0.645506 1.5432568
0.650134 1.5390329999999999
0.654794 1.6212980666666665
0.659488 1.7538116
0.664215 1.8266322666666666
0.668977 1.8890502
0.673772 1.9422964666666664
0.678602 1.9860599999999997
0.683467 1.9588586666666665
0.688366 1.3980261999999999
0.6933 1.6416695999999997
0.69827 1.8301210666666665
0.703276 1.8474234666666665
0.708317 1.9838755999999997
0.713395 1.9646589333333333
0.718509 1.3681531333333332
0.723659 1.4292232666666664
0.728847 1.5259018
0.734071 1.8806588
0.739333 2.1451450666666663
0.744633 2.4070408666666667
0.749971 2.4829320666666668
0.755347 2.3801046666666665
0.760762 0.8804853333333332
0.766215 1.2531514666666665
0.771708 2.4453313999999997
0.77724 2.5993066
0.782811 2.5970366
0.788423 2.4050304
0.794075 2.3431272666666665
0.799767 2.323951133333333
0.8055 2.3661536666666665
0.811274 2.059612733333333
0.81709 1.5475609333333333
0.822947 1.8084406666666668
0.828846 1.9143663333333332
0.834788 2.166547333333333
0.840772 2.462956
0.846799 2.7303340666666664
0.852869 2.7432343333333336
0.858983 2.832648
0.86514 2.891280933333333
0.871342 2.908295933333333
0.877588 2.8947198666666663
0.883879 2.833213333333333
0.890215 2.641397533333333
0.896596 1.7325646666666668
0.903024 1.5696330666666667
0.909497 1.485321733333333
0.916017 1.393388
0.922583 1.6522432666666664
0.929196 1.0528394666666667
0.935857 0.700379
0.942566 0.740366
0.949323 0.7616026666666667
0.956128 0.8490074666666666
0.962982 1.0531391333333333
0.969885 1.5484824000000001
0.976837 1.5713839333333333
0.98384 2.1644034666666663
0.990892 2.7070328666666663
0.997995 2.9124901999999997
1.00515 2.917330333333333
1.01235 2.9541231333333333
1.01961 3.0028322666666662
1.02692 3.0251648666666666
1.03428 3.106888266666666
1.0417 3.1304962
1.04916 3.1335232666666664
1.05668 3.138818133333333
1.06426 3.0928582000000002
1.07189 3.013839133333333
1.07957 2.8497922666666664
1.08731 2.585682333333333
1.0951 2.2330783333333333
1.10295 1.6215270666666666
1.11086 1.1428427333333333
1.11882 0.71485
1.12684 0.6381743466666666
1.13492 0.6740747333333333
1.14306 0.7159538
1.15125 0.7403128
1.1595 1.0179029333333331
1.16782 1.4958451333333331
1.17619 1.814907133333333
1.18462 1.737716
1.19311 1.9525233333333332
1.20166 1.9369927999999998
1.21028 2.0803082666666666
1.21895 2.3131445999999998
1.22769 2.6487562666666666
1.23649 3.0399044666666666
1.24536 3.1692359999999997
1.25428 3.026753
1.26327 2.4167858666666664
1.27233 2.3666093999999998
1.28145 2.8097090666666666
1.29064 2.6274108
1.29989 2.209506133333333
1.30921 1.6659538666666667
1.31859 1.2956654666666667
1.32804 0.9642795999999999
1.33756 0.7632567333333333
1.34715 0.6065419599999999
1.35681 0.44024001333333335
1.36653 0.3596153866666667
1.37633 0.3974239533333333
1.3862 0.3994979733333333
1.39613 0.4184237866666667
1.40614 0.44984456666666667
1.41622 0.49892587999999993
1.42637 0.48725889999999994
1.4366 0.4149793
1.4469 0.44812376666666665
1.45727 0.49115827999999995
1.46771 0.4357382266666666
1.47824 0.4348737333333333
1.48883 0.5623435533333333
1.49951 0.9703480666666666
1.51025 1.4641226666666667
1.52108 1.9216194666666664
1.53198 2.2215708666666663
1.54297 2.514132533333333
1.55403 2.8204073999999997
1.56517 2.6316205999999998
1.57639 2.205837933333333
1.58769 2.750799133333333
1.59907 2.4451686666666665
1.61053 2.3598298
1.62208 2.8502243333333332
1.6337 2.7352139999999996
1.64541 2.5596303333333332
1.65721 2.634486733333333
1.66909 2.6209637333333333
1.68105 2.7689394
1.6931 2.564866133333333
1.70524 2.311027533333333
1.71746 2.2790418666666667
1.72978 1.9802739999999999
1.74218 1.7735438
1.75466 1.6048182
1.76724 1.2098931999999998
1.77991 0.8374162666666667
1.79267 0.63904618
