0.4 0.15744669282538484
0.402867 0.15727218104902388
0.405755 0.15325649223390325
0.408664 0.15213103250107696
0.411593 0.15163962672820938
0.414544 0.15056041152977487
0.417515 0.14980503918254903
0.420508 0.1499193337948478
0.423523 0.1489658647714205
0.426559 0.14755687303668405
0.429617 0.14487321785872637
0.432696 0.14446460647217935
0.435798 0.14454975710087598
0.438922 0.14345713866679516
0.442068 0.14184554754785086
0.445237 0.1420382462188633
0.448429 0.1408177913343447
0.451643 0.13974960065310055
0.454881 0.13872231269125893
0.458142 0.13785545524172169
0.461426 0.136936794174031
0.464734 0.13701974589291085
0.468065 0.1353438769314693
0.47142 0.13435793746461483
0.4748 0.13407666805474783
0.478203 0.13229232203968797
0.481631 0.1317716074586323
0.485084 0.13025035145081465
0.488561 0.12941007196575777
0.492063 0.12937681860554745
0.49559 0.12798440297973637
0.499143 0.1267617716614809
0.502721 0.12508260995433415
0.506325 0.12381113436844524
0.509954 0.12393269250056463
0.51361 0.12386517061053529
0.517292 0.1227042960678151
0.521 0.12215725075915801
0.524735 0.12113903564156887
0.528496 0.12012590011803687
0.532285 0.11871425620587235
0.5361 0.11804184306955302
0.539943 0.11726626098048484
0.543814 0.11634628880813341
0.547712 0.11574369386800641
0.551638 0.11538972183169338
0.555593 0.11384669024846707
0.559575 0.11269629705100635
0.563587 0.11113908306136391
0.567627 0.10847426283836142
0.571696 0.10716912932282405
0.575794 0.10818494699189066
0.579921 0.10896230094525754
0.584078 0.10904448473140753
0.588265 0.1046133180873308
0.592482 0.10233872381751813
0.596729 0.10396055653686967
0.601007 0.10585385534923901
0.605315 0.10612182266581924
0.609654 0.10678622307965464
0.614025 0.10775931746684692
0.618426 0.10881542725514545
0.622859 0.10959179975302341
0.627324 0.10730406072248325
0.631821 0.107934919333083
0.63635 0.10998718022053666
0.640912 0.11100768415226216
0.645506 0.10920398623240941
0.650134 0.10802427298872071
0.654794 0.1097224569514885
0.659488 0.11234894047421023
0.664215 0.11258835942330565
0.668977 0.11328418888886622
0.673772 0.11407726486012232
0.678602 0.11445382910274694
0.683467 0.11279540157930684
0.688366 0.09484972396334171
0.6933 0.10399266736301843
0.69827 0.10962760789431553
0.703276 0.11085863777442652
0.708317 0.11547927028002354
0.713395 0.11553333649022013
0.718509 0.0962043572988429
0.723659 0.09949459692110961
0.728847 0.104775865097159
0.734071 0.11754996155299423
0.739333 0.12590505092397802
0.744633 0.13301708945811827
0.749971 0.1351568722006979
0.755347 0.13190195373799216
0.760762 0.06696033641110508
0.766215 0.09119817386467503
0.771708 0.13444703639134703
0.77724 0.13760020564035086
0.782811 0.13709848709282302
0.788423 0.1321902394308009
0.794075 0.13032873677946175
0.799767 0.13011385047157586
0.8055 0.13087476691851008
0.811274 0.1211649767837854
0.81709 0.10337734346964207
0.822947 0.11274694689705832
0.828846 0.11689509099703592
0.834788 0.1235141354486624
0.840772 0.13077021194083413
0.846799 0.13616355708929892
0.852869 0.13612732564850205
0.858983 0.1371548271331027
0.86514 0.13754291036667549
0.871342 0.13742955974973248
0.877588 0.13690006825947634
0.883879 0.13548435992286348
0.890215 0.1309491327748686
0.896596 0.10539046600996528
0.903024 0.10125011361768593
0.909497 0.09734933001503468
0.916017 0.09444569020506742
0.922583 0.10438715627936238
0.929196 0.0763637138945826
0.935857 0.05215091104800662
0.942566 0.05698263889601325
0.949323 0.05831781543834869
0.956128 0.0649442170601287
0.962982 0.07728072671641403
0.969885 0.09756451974999919
0.976837 0.09785485825810536
0.98384 0.1135976590292016
0.990892 0.12454847715357892
0.997995 0.1273010140243998
1.00515 0.12695055574857764
1.01235 0.12742738952964416
1.01961 0.1281394916770515
1.02692 0.12855029448138863
1.03428 0.12994642615240964
1.0417 0.13043730373739962
1.04916 0.1307223004305165
1.05668 0.13108641667089052
1.06426 0.13069481218480025
1.07189 0.12952396575463165
1.07957 0.12654541691637497
1.08731 0.12098660661370847
1.0951 0.11283760041931686
1.10295 0.09705709227817706
1.11086 0.0784855869474962
1.11882 0.05055652162221153
1.12684 0.044127564870315925
1.13492 0.048123916764696906
1.14306 0.05219246557372619
1.15125 0.05397596124376323
1.1595 0.07124218321837406
1.16782 0.08861717818165517
1.17619 0.09557940989725652
1.18462 0.09415951351775584
1.19311 0.09861985411354121
1.20166 0.09748887650309974
1.21028 0.09958391686262748
1.21895 0.10369807338378474
1.22769 0.10878074291784827
1.23649 0.11388278683278456
1.24536 0.11518474747504287
1.25428 0.11296764701761136
1.26327 0.10266949679336228
1.27233 0.10172471102880254
1.28145 0.11036362084472184
1.29064 0.10776794078950144
1.29989 0.09990823920354064
1.30921 0.08791834066740147
1.31859 0.07786699653050787
1.32804 0.06387633355197651
1.33756 0.05276880470651807
1.34715 0.0374207985264524
1.35681 0.025036389347092045
1.36653 0.021062485437509992
1.37633 0.022809845564691043
1.3862 0.022537160893541387
1.39613 0.02300514996256641
1.40614 0.023077103386349128
1.41622 0.02269994952122848
1.42637 0.02065650749832445
1.4366 0.016452845607990138
1.4469 0.015564473305571097
1.45727 0.01792452837398301
1.46771 0.014374631965678656
1.47824 0.015153854055886448
1.48883 0.022672021868150215
1.49951 0.03599745806230855
1.51025 0.04532897502313361
1.52108 0.052873764253632195
1.53198 0.058017493804754135
1.54297 0.06208524096693369
1.55403 0.06569001459731764
1.56517 0.06490957767499132
1.57639 0.061646283126509965
1.58769 0.06885849005673256
1.59907 0.06679732489562566
1.61053 0.06704347168463747
1.62208 0.0736403771975636
1.6337 0.07298852218232503
1.64541 0.0719408259399353
1.65721 0.07399051706225386
1.66909 0.07425219107646243
1.68105 0.07650202419825324
1.6931 0.0746227841738606
1.70524 0.07193595237661056
1.71746 0.07134209688555089
1.72978 0.06736087888496843
1.74218 0.06460825210982794
1.75466 0.06248801231872034
1.76724 0.05465174953808069
1.77991 0.04270948156126041
1.79267 0.031117081488563608
