0.4 0.4265568502270478
0.402867 0.42423782505994884
0.405755 0.4105104509043175
0.408664 0.4057409147035744
0.411593 0.40355912822179235
0.414544 0.4007315378952189
0.417515 0.3983717336325557
0.420508 0.39908931787407015
0.423523 0.39607791699771344
0.426559 0.3916477571543729
0.429617 0.3842289879840457
0.432696 0.38130665592332513
0.435798 0.3803049763172928
0.438922 0.37552132773300023
0.442068 0.3697672904822793
0.445237 0.36920555169929664
0.448429 0.3652149032151044
0.451643 0.36273679662891456
0.454881 0.3618649849091478
0.458142 0.3609022466926833
0.461426 0.3578323488379479
0.464734 0.35672695869350274
0.468065 0.3508185541390733
0.47142 0.34806204508194183
0.4748 0.34789936815111855
0.478203 0.34382093924299423
0.481631 0.3411113316389046
0.485084 0.3351163251893887
0.488561 0.33196702645056414
0.492063 0.33190851948465294
0.49559 0.32966405124833703
0.499143 0.3278255861993306
0.502721 0.3252267403316622
0.506325 0.32308828975378745
0.509954 0.3236092594287384
0.51361 0.32366161407457433
0.517292 0.3207348475493839
0.521 0.3185802171687136
0.524735 0.3147988274673436
0.528496 0.31135153071863614
0.532285 0.3063630777910564
0.5361 0.30337260079547546
0.539943 0.30071009439507945
0.543814 0.2979453755861591
0.547712 0.29542645994180716
0.551638 0.29379735355094877
0.555593 0.28941961826617235
0.559575 0.2861957326339669
0.563587 0.28228040013303457
0.567627 0.27676642321564293
0.571696 0.27444301352173706
0.575794 0.2766274167370576
0.579921 0.2783806681580076
0.584078 0.2787346063379262
0.588265 0.2702842848515904
0.592482 0.26584081162730766
0.596729 0.26896580071180853
0.601007 0.27159702616013315
0.605315 0.27065377361975135
0.609654 0.27159284138397805
0.614025 0.27341416782706035
0.618426 0.27567991949532517
0.622859 0.27699767454522795
0.627324 0.27053608053571276
0.631821 0.2707478062390847
0.63635 0.2743883617434054
0.640912 0.27611678415833707
0.645506 0.2717662748874005
0.650134 0.2685892807207043
0.654794 0.2715113231429798
0.659488 0.2772671381745017
0.664215 0.2794576138096369
0.668977 0.28173985489420755
0.673772 0.283551583318471
0.678602 0.2842397043388455
0.683467 0.2800115423421343
0.688366 0.23897112298762493
0.6933 0.2597990535377388
0.69827 0.27177378551190806
0.703276 0.27546810390415993
0.708317 0.2863569613725646
0.713395 0.2874194550645364
0.718509 0.24419702950252795
0.723659 0.25297940648487793
0.728847 0.2693179910735239
0.734071 0.30174525221035287
0.739333 0.32302531836080856
0.744633 0.3414909477651117
0.749971 0.34865680264766646
0.755347 0.3419774704401603
0.760762 0.17708738229528076
0.766215 0.24092004015954238
0.771708 0.347099386765738
0.77724 0.35406275441256646
0.782811 0.3527679007748921
0.788423 0.34189545282253253
0.794075 0.3378036705833356
0.799767 0.33779035720239337
0.8055 0.3402967185182799
0.811274 0.3178457939472527
0.81709 0.27364006583917727
0.822947 0.2976472677134177
0.828846 0.30833307864427106
0.834788 0.3241417846788959
0.840772 0.3403870657380876
0.846799 0.35139526423340817
0.852869 0.35084264406768
0.858983 0.35252749087792223
0.86514 0.3530878314063423
0.871342 0.35386205494517375
0.877588 0.3541499056219454
0.883879 0.3525043897150419
0.890215 0.34222238471432825
0.896596 0.27862947756988554
0.903024 0.26870679402915637
0.909497 0.2586057431439052
0.916017 0.251812333339158
0.922583 0.2785233400610534
0.929196 0.19990253220479404
0.935857 0.1261901172148743
0.942566 0.14247175289269295
0.949323 0.14641107544690607
0.956128 0.16703438142931937
0.962982 0.20400160534278153
0.969885 0.26094893813987163
0.976837 0.26223749963201437
0.98384 0.3041963125582895
0.990892 0.3322450793578652
0.997995 0.3390665741042551
1.00515 0.3385968604465552
1.01235 0.3399044781508793
1.01961 0.3426472343756346
1.02692 0.3448315177405641
1.03428 0.3491883690946953
1.0417 0.3501724806309021
1.04916 0.350268860320394
1.05668 0.3503313722868738
1.06426 0.34880016369046096
1.07189 0.34553756638193733
1.07957 0.3378849491235517
1.08731 0.3235335639192401
1.0951 0.30276786568469355
1.10295 0.26244072594515233
1.11086 0.2104294414921431
1.11882 0.12354728625368028
1.12684 0.10260275126058012
1.13492 0.11661170392251667
1.14306 0.13092944112953317
1.15125 0.13708336919761852
1.1595 0.19264489189773862
1.16782 0.24449030340949587
1.17619 0.2639804439193317
1.18462 0.2611168485377719
1.19311 0.2741286759085371
1.20166 0.27119301049180916
1.21028 0.2775837829077299
1.21895 0.28979970380641107
1.22769 0.3038036926646505
1.23649 0.3176023278653103
1.24536 0.3215140648545103
1.25428 0.31657885546316694
1.26327 0.2898212668892725
1.27233 0.2873509306034376
1.28145 0.31046707478261076
1.29064 0.30340306276987444
1.29989 0.2811153544564303
1.30921 0.24668977781149454
1.31859 0.21699404691278987
1.32804 0.17316362031684263
1.33756 0.13720591622249578
1.34715 0.08038106952633416
1.35681 0.04146620185135971
1.36653 0.033932267441492366
1.37633 0.03692735568087008
1.3862 0.03633505704566903
1.39613 0.037155795520031086
1.40614 0.03719425950554106
1.41622 0.038084827811511464
1.42637 0.038533362906354666
1.4366 0.033112866297744084
1.4469 0.03692492371668446
1.45727 0.05328016750969024
1.46771 0.04350168296573979
1.47824 0.05085661582276583
1.48883 0.08153023402736732
1.49951 0.12712018621223747
1.51025 0.1565127954968407
1.52108 0.17961083227942845
1.53198 0.19460690272488135
1.54297 0.20551134074412616
1.55403 0.21476083462570275
1.56517 0.21151421736932285
1.57639 0.20074188444364377
1.58769 0.2208535391190124
1.59907 0.21410763001926236
1.61053 0.2141462118576569
1.62208 0.2328354521291138
1.6337 0.23062342339864975
1.64541 0.2270031925231493
1.65721 0.2321797106893956
1.66909 0.23210982792386453
1.68105 0.23795231476320103
1.6931 0.23198394506310224
1.70524 0.22333124620389866
1.71746 0.22019755797851204
1.72978 0.20754827804075784
1.74218 0.198196471875331
1.75466 0.19116876454355877
1.76724 0.16655558910449525
1.77991 0.12649713396668583
1.79267 0.08434635966528081
