0.4 0.28074047999999996
0.402867 0.2804426
0.405755 0.2732814733333333
0.408664 0.27126684
0.411593 0.27037748666666667
0.414544 0.2684626133333333
0.417515 0.2671319
0.420508 0.2673599733333333
0.423523 0.26573188
0.426559 0.26316658
0.429617 0.25835714
0.432696 0.25767194666666665
0.435798 0.25777392666666665
0.438922 0.25580764
0.442068 0.25290847333333333
0.445237 0.2532384533333333
0.448429 0.25105926
0.451643 0.2491631
0.454881 0.24737270666666666
0.458142 0.24586342666666666
0.461426 0.24422723999999998
0.464734 0.2443748
0.468065 0.2413711533333333
0.47142 0.23961931333333333
0.4748 0.23915292
0.478203 0.23599672666666666
0.481631 0.23508513999999997
0.485084 0.23239468
0.488561 0.2309064733333333
0.492063 0.23082473333333334
0.49559 0.22829918666666665
0.499143 0.22610778666666667
0.502721 0.22311102666666666
0.506325 0.22084801333333332
0.509954 0.22107024
0.51361 0.22094814666666665
0.517292 0.2188695533333333
0.521 0.21787550666666666
0.524735 0.21604134666666666
0.528496 0.21423335333333332
0.532285 0.21171918666666667
0.5361 0.21052293333333333
0.539943 0.20913266666666666
0.543814 0.20748133333333332
0.547712 0.20641056666666668
0.551638 0.20579351999999998
0.555593 0.20306550666666667
0.559575 0.20103965333333332
0.563587 0.19828164666666664
0.567627 0.19355349333333333
0.571696 0.19125136666666667
0.575794 0.19308477333333332
0.579921 0.19449332
0.584078 0.1946426
0.588265 0.18666976000000002
0.592482 0.18257242666666665
0.596729 0.1855052133333333
0.601007 0.18894340666666667
0.605315 0.18944369333333333
0.609654 0.19062009333333332
0.614025 0.19233943999999997
0.618426 0.1942094
0.622859 0.19556790666666668
0.627324 0.19145447999999998
0.631821 0.19256556666666663
0.63635 0.19626468666666666
0.640912 0.19811462666666668
0.645506 0.19486088000000001
0.650134 0.19272388666666665
0.654794 0.19576413333333334
0.659488 0.20046928
0.664215 0.20090272
0.668977 0.20213831999999998
0.673772 0.2035435
0.678602 0.20420324
0.683467 0.20121418666666668
0.688366 0.1691141333333333
0.6933 0.1853402733333333
0.69827 0.19532268666666666
0.703276 0.19740174666666666
0.708317 0.20552653999999998
0.713395 0.20544868666666666
0.718509 0.1706609
0.723659 0.17637055999999998
0.728847 0.18567457333333331
0.734071 0.20828265999999998
0.739333 0.22298194
0.744633 0.23546779333333334
0.749971 0.23915580666666664
0.755347 0.23332607333333333
0.760762 0.11836605333333333
0.766215 0.1613294733333333
0.771708 0.23773762666666667
0.77724 0.24324034
0.782811 0.24232122
0.788423 0.23361811333333332
0.794075 0.23031474
0.799767 0.22993037333333333
0.8055 0.23126854
0.811274 0.21408440666666664
0.81709 0.18255819333333334
0.822947 0.19914875333333332
0.828846 0.20650218666666667
0.834788 0.21822375333333333
0.840772 0.2310380333333333
0.846799 0.2405472933333333
0.852869 0.24046894666666666
0.858983 0.24226328
0.86514 0.24293799333333332
0.871342 0.24273831333333332
0.877588 0.24180585333333332
0.883879 0.23931382666666667
0.890215 0.23130778666666665
0.896596 0.18610565999999998
0.903024 0.17876431333333334
0.909497 0.17185059333333333
0.916017 0.16672140666666668
0.922583 0.18434399999999998
0.929196 0.13460964666666667
0.935857 0.09143226
0.942566 0.10010174666666666
0.949323 0.10250678666666665
0.956128 0.11436517999999998
0.962982 0.13633782666666666
0.969885 0.1723029133333333
0.976837 0.17280088
0.98384 0.20064415333333332
0.990892 0.21996227333333332
0.997995 0.22479257999999996
1.00515 0.22415577999999997
1.01235 0.22499323999999998
1.01961 0.22625454
1.02692 0.22698828
1.03428 0.2294662733333333
1.0417 0.23033257333333335
1.04916 0.23083517999999997
1.05668 0.23147621333333335
1.06426 0.2307906933333333
1.07189 0.22873106666666665
1.07957 0.22346723333333332
1.08731 0.21364119333333334
1.0951 0.19925575333333334
1.10295 0.1714064
1.11086 0.1385464733333333
1.11882 0.08876528666666667
1.12684 0.07725657333333333
1.13492 0.08445302666666667
1.14306 0.09179777333333333
1.15125 0.09500747999999999
1.1595 0.1258539733333333
1.16782 0.15668682666666667
1.17619 0.16898228666666665
1.18462 0.16646539333333332
1.19311 0.17435050666666665
1.20166 0.17235093333333332
1.21028 0.17606612666666666
1.21895 0.18333986666666668
1.22769 0.19229069333333332
1.23649 0.20126567333333334
1.24536 0.20355458666666665
1.25428 0.19966000666666664
1.26327 0.18154999333333333
1.27233 0.17988716
1.28145 0.1950946
1.29064 0.19053843333333334
1.29989 0.17669215333333332
1.30921 0.15553932666666664
1.31859 0.1377666733333333
1.32804 0.11290468666666666
1.33756 0.09311591333333333
1.34715 0.06535036733333333
1.35681 0.043063526666666664
1.36653 0.036069529999999995
1.37633 0.039151660666666664
1.3862 0.03870146666666666
1.39613 0.03955643933333333
1.40614 0.03976555533333333
1.41622 0.039317896
1.42637 0.035998645999999995
1.4366 0.02878572
1.4469 0.027450083333333333
1.45727 0.03200741866666666
1.46771 0.025690954000000002
1.47824 0.027249188666666663
1.48883 0.04094835333333333
1.49951 0.06485501933333333
1.51025 0.08146308
1.52108 0.09484012
1.53198 0.10393912666666666
1.54297 0.11108615333333333
1.55403 0.11739984666666665
1.56517 0.11601049999999999
1.57639 0.11022430666666666
1.58769 0.12294189333333333
1.59907 0.11927443333333333
1.61053 0.11969070666666666
1.62208 0.13131458
1.6337 0.13018398666666664
1.64541 0.12834666666666666
1.65721 0.13194938
1.66909 0.13241902666666666
1.68105 0.13637253333333332
1.6931 0.13309393333333333
1.70524 0.12841901333333333
1.71746 0.12733938
1.72978 0.1203303
1.74218 0.11540763999999999
1.75466 0.11165060666666667
1.76724 0.09775103333333332
1.77991 0.07636384666666667
1.79267 0.055403425333333325
