0.4 0.2807129
0.402867 0.27956590666666664
0.405755 0.2714394
0.408664 0.26876984666666665
0.411593 0.2674284533333333
0.414544 0.26561514666666663
0.417515 0.2637852866666667
0.420508 0.26401203333333334
0.423523 0.2619029533333333
0.426559 0.2589137733333333
0.429617 0.25433888
0.432696 0.25263583999999994
0.435798 0.25230065999999995
0.438922 0.24952267333333333
0.442068 0.24592545333333332
0.445237 0.24547567333333334
0.448429 0.24263682
0.451643 0.24085911333333332
0.454881 0.24018855333333333
0.458142 0.23951090666666666
0.461426 0.23756749333333332
0.464734 0.23690238666666666
0.468065 0.23313709999999999
0.47142 0.23125785999999998
0.4748 0.23102120666666665
0.478203 0.22829237333333333
0.481631 0.22675203333333332
0.485084 0.22324487333333332
0.488561 0.22133037333333333
0.492063 0.22105260666666665
0.49559 0.2190576733333333
0.499143 0.21751898666666664
0.502721 0.21555349333333332
0.506325 0.21399517999999998
0.509954 0.21417086
0.51361 0.21398952
0.517292 0.21195144
0.521 0.21076983999999999
0.524735 0.20877932666666665
0.528496 0.20694794
0.532285 0.20422153333333332
0.5361 0.202747
0.539943 0.20106464666666668
0.543814 0.19913693333333332
0.547712 0.19730831333333332
0.551638 0.19625624666666666
0.555593 0.19359689333333333
0.559575 0.19170995999999998
0.563587 0.18933462
0.567627 0.18564587999999999
0.571696 0.18398115333333334
0.575794 0.18542888000000002
0.579921 0.18654426000000002
0.584078 0.18669608666666665
0.588265 0.18062796666666664
0.592482 0.17746210666666665
0.596729 0.17965209333333332
0.601007 0.18172645999999998
0.605315 0.18131238666666666
0.609654 0.18195719333333332
0.614025 0.18319836
0.618426 0.1847901133333333
0.622859 0.18575608666666665
0.627324 0.18186216
0.631821 0.18233160666666665
0.63635 0.18494446666666667
0.640912 0.18614247333333334
0.645506 0.18331071999999998
0.650134 0.18130066
0.654794 0.18337567999999999
0.659488 0.18704588
0.664215 0.18768634666666664
0.668977 0.18887078000000002
0.673772 0.18999085333333332
0.678602 0.19022044
0.683467 0.18731774666666667
0.688366 0.15971633333333332
0.6933 0.1741320733333333
0.69827 0.18266390666666665
0.703276 0.18518479999999998
0.708317 0.1925632333333333
0.713395 0.19335507333333335
0.718509 0.16424492
0.723659 0.17020312666666665
0.728847 0.18078993999999998
0.734071 0.2022605133333333
0.739333 0.21614992
0.744633 0.2278611133333333
0.749971 0.2319509
0.755347 0.22709587999999997
0.760762 0.11759168666666665
0.766215 0.16020321999999998
0.771708 0.2313441
0.77724 0.23660367333333332
0.782811 0.23612001999999999
0.788423 0.22889971999999997
0.794075 0.22602828
0.799767 0.22581968
0.8055 0.22690664
0.811274 0.21117935999999998
0.81709 0.18134808666666663
0.822947 0.19742198
0.828846 0.20464902666666665
0.834788 0.21552812666666665
0.840772 0.22684848666666668
0.846799 0.23472539333333334
0.852869 0.23453577333333334
0.858983 0.23588412666666664
0.86514 0.23639776666666668
0.871342 0.23672474666666665
0.877588 0.23660598666666666
0.883879 0.23519205999999998
0.890215 0.22826051333333333
0.896596 0.18569903999999998
0.903024 0.1790592533333333
0.909497 0.17231821333333333
0.916017 0.16778337999999998
0.922583 0.1856861933333333
0.929196 0.13340786
0.935857 0.08447409333333333
0.942566 0.09537043333333334
0.949323 0.09808282666666665
0.956128 0.11190126666666667
0.962982 0.13654470666666665
0.969885 0.17455737333333332
0.976837 0.17533088666666666
0.98384 0.20340524666666665
0.990892 0.22220874000000002
0.997995 0.22688978666666665
1.00515 0.2266927
1.01235 0.22763106
1.01961 0.22937239999999998
1.02692 0.23062913333333335
1.03428 0.23331298666666667
1.0417 0.23389873333333333
1.04916 0.23393402666666666
1.05668 0.23392318666666667
1.06426 0.23279487333333332
1.07189 0.23051186
1.07957 0.22540308
1.08731 0.2159473733333333
1.0951 0.20219912666666665
1.10295 0.17517700666666663
1.11086 0.14038186666666666
1.11882 0.08250321333333333
1.12684 0.06857506666666666
1.13492 0.07792869999999999
1.14306 0.08746585333333332
1.15125 0.09153341333333333
1.1595 0.12851572666666666
1.16782 0.16317902666666667
1.17619 0.17639400666666666
1.18462 0.17456899333333334
1.19311 0.18338698666666667
1.20166 0.1814448
1.21028 0.18575545999999998
1.21895 0.19399066666666667
1.22769 0.20345394
1.23649 0.21282548
1.24536 0.21546436666666668
1.25428 0.21203788
1.26327 0.19391921999999998
1.27233 0.19227584
1.28145 0.20787055999999998
1.29064 0.20313647999999998
1.29989 0.18819456
1.30921 0.16511927999999998
1.31859 0.14519421333333332
1.32804 0.11579288666666666
1.33756 0.09170724666666666
1.34715 0.05383420866666667
1.35681 0.02811786933333333
1.36653 0.023122259333333332
1.37633 0.025098835333333333
1.3862 0.024678786666666664
1.39613 0.025179392666666665
1.40614 0.02510926933333333
1.41622 0.025489348666666665
1.42637 0.025609278666666666
1.4366 0.021890152
1.4469 0.024318859999999998
1.45727 0.035132010666666665
1.46771 0.028625428666666664
1.47824 0.03352583
1.48883 0.05406778066666666
1.49951 0.08482218
1.51025 0.10477593333333332
1.52108 0.1204991
1.53198 0.13077430666666667
1.54297 0.13833379333333332
1.55403 0.14477998666666667
1.56517 0.14260169333333333
1.57639 0.13521466
1.58769 0.14879970666666664
1.59907 0.1440800133333333
1.61053 0.14406948666666666
1.62208 0.15681449333333333
1.6337 0.15532659333333332
1.64541 0.15282910666666666
1.65721 0.15629986666666668
1.66909 0.15625580666666666
1.68105 0.16020300666666665
1.6931 0.15611418
1.70524 0.15027142
1.71746 0.1481552
1.72978 0.13960333333333333
1.74218 0.13322141999999998
1.75466 0.12843339999999998
1.76724 0.11178215999999999
1.77991 0.08474751333333333
1.79267 0.056390946
