0.4 0.1819819681707744
0.402867 0.18154015597057943
0.405755 0.17677955288188563
0.408664 0.1752535876060619
0.411593 0.17434261949387422
0.414544 0.17314934010595062
0.417515 0.17186153948579946
0.420508 0.1721664576906086
0.423523 0.17101915725845251
0.426559 0.16906972750564153
0.429617 0.16597752455436904
0.432696 0.16504306258465562
0.435798 0.16499623568630162
0.438922 0.1635677009629591
0.442068 0.1616292993370058
0.445237 0.1616773153042742
0.448429 0.1602059448606141
0.451643 0.15896319728191188
0.454881 0.15781187155908658
0.458142 0.15682209351868773
0.461426 0.15561598778083513
0.464734 0.1554873051834851
0.468065 0.15343132705877155
0.47142 0.1522304405537358
0.4748 0.15193922100760843
0.478203 0.15000573160077685
0.481631 0.14923982989614482
0.485084 0.14735453189297887
0.488561 0.14634443246990375
0.492063 0.14611501039469194
0.49559 0.14454484002000578
0.499143 0.14314054963211037
0.502721 0.14129627937972417
0.506325 0.13990655021279677
0.509954 0.13992501002036936
0.51361 0.13979101559877063
0.517292 0.13848700660481106
0.521 0.137830957324229
0.524735 0.13670978229555672
0.528496 0.1355998546892386
0.532285 0.1339150171360458
0.5361 0.1330504227115194
0.539943 0.13219763125793826
0.543814 0.13117424252777482
0.547712 0.13042827722039188
0.551638 0.12998209372996655
0.555593 0.12829214415508858
0.559575 0.12704030799636445
0.563587 0.1253117526676348
0.567627 0.12245472220681586
0.571696 0.12105750775360773
0.575794 0.12207459051993827
0.579921 0.12284346977008952
0.584078 0.12293755728455731
0.588265 0.11849695993083227
0.592482 0.11617499586178937
0.596729 0.11774432804035553
0.601007 0.1193721487644566
0.605315 0.1193461890509035
0.609654 0.11993882294712911
0.614025 0.12095119329690139
0.618426 0.12222485666737777
0.622859 0.12300448139685784
0.627324 0.12041822726865856
0.631821 0.12098972107902096
0.63635 0.12313427996462341
0.640912 0.12420068959796812
0.645506 0.122497168068473
0.650134 0.12137205059409686
0.654794 0.12304302379867717
0.659488 0.12555411317714052
0.664215 0.12552591177628977
0.668977 0.1261499098017491
0.673772 0.12693345261076674
0.678602 0.127260938758783
0.683467 0.12547858293491043
0.688366 0.10626306358842627
0.6933 0.11687764787199564
0.69827 0.12336788814720186
0.703276 0.12514278792419323
0.708317 0.1303759923007915
0.713395 0.13084745325211414
0.718509 0.1102760639633632
0.723659 0.11415184870951942
0.728847 0.12063394093872211
0.734071 0.13513492387047857
0.739333 0.14456030766235936
0.744633 0.15252285891524403
0.749971 0.15511480497988595
0.755347 0.1516561495074846
0.760762 0.07707240613325263
0.766215 0.10557207322540088
0.771708 0.15520990612687094
0.77724 0.1587426249982924
0.782811 0.1582110332218277
0.788423 0.1529391304999459
0.794075 0.1509559389871394
0.799767 0.15083558961865667
0.8055 0.15171834658352712
0.811274 0.14077827905080958
0.81709 0.12036450961848098
0.822947 0.13123397374778997
0.828846 0.13615757186918712
0.834788 0.14375442107886433
0.840772 0.1518733105278251
0.846799 0.15779924501172105
0.852869 0.1577563410661379
0.858983 0.15892001068879985
0.86514 0.1594261252018038
0.871342 0.15958110376580154
0.877588 0.15932278341738343
0.883879 0.1581581391480703
0.890215 0.15326898503932443
0.896596 0.12387190716990584
0.903024 0.1191957377206003
0.909497 0.11456502579110389
0.916017 0.11122774306616902
0.922583 0.12318138463727298
0.929196 0.08904981446294463
0.935857 0.058448672740407596
0.942566 0.06491725636702547
0.949323 0.06670784795510018
0.956128 0.07533325639542508
0.962982 0.09105483806073664
0.969885 0.1162453166176691
0.976837 0.11679732236824195
0.98384 0.13626052379494702
0.990892 0.14977626566646574
0.997995 0.15331078763419181
1.00515 0.1531921487705818
1.01235 0.15383847107758544
1.01961 0.15484750326257757
1.02692 0.1554335729136078
1.03428 0.15708542842412596
1.0417 0.15747854727762997
1.04916 0.1575487949350109
1.05668 0.1576072737340793
1.06426 0.15678958417963895
1.07189 0.15514773829022796
1.07957 0.1515103521149406
1.08731 0.14488785716240796
1.0951 0.13524992730207983
1.10295 0.11639090933441638
1.11086 0.09342280545171334
1.11882 0.057161359443582006
1.12684 0.048661307618910084
1.13492 0.05416303445774729
1.14306 0.05975253553736953
1.15125 0.06225388332255476
1.1595 0.08538282339562889
1.16782 0.10819466218075464
1.17619 0.11739534606044838
1.18462 0.11600888195980232
1.19311 0.1221800034284923
1.20166 0.12108004645741535
1.21028 0.1242550456417022
1.21895 0.13003580163367762
1.22769 0.136935325277097
1.23649 0.14377010801671444
1.24536 0.14555117243377425
1.25428 0.14274673877948404
1.26327 0.12948636895026377
1.27233 0.12821464512662317
1.28145 0.13926853676849407
1.29064 0.13587603056430558
1.29989 0.12556068716880248
1.30921 0.10975014950364138
1.31859 0.09640425930401683
1.32804 0.07740257255955951
1.33756 0.06216664757404448
1.34715 0.04023037724741367
1.35681 0.024796374822987466
1.36653 0.020900548417743872
1.37633 0.022534929488453776
1.3862 0.02221574099470199
1.39613 0.02261116586218261
1.40614 0.022553270876458253
1.41622 0.022260969959871466
1.42637 0.020913288511444247
1.4366 0.0170600814549617
1.4469 0.017262275314003952
1.45727 0.022248108522663023
1.46771 0.017915756400660232
1.47824 0.02004356939482611
1.48883 0.03189915225368222
1.49951 0.05151837462897846
1.51025 0.06496771382415498
1.52108 0.07574484967620147
1.53198 0.08297562160371053
1.54297 0.08855799314307967
1.55403 0.09342656758778677
1.56517 0.09206114123510556
1.57639 0.0870843761388887
1.58769 0.09689880476127173
1.59907 0.09365434738339141
1.61053 0.09370174932326959
1.62208 0.10275252767478475
1.6337 0.10172062540612363
1.64541 0.10005469112472973
1.65721 0.10265183692925549
1.66909 0.10276123614261269
1.68105 0.10562906568832629
1.6931 0.10273547623162306
1.70524 0.0987680649537932
1.71746 0.09763280628101195
1.72978 0.09186363883771857
1.74218 0.08764117227775191
1.75466 0.0844404278021752
1.76724 0.07315125158548585
1.77991 0.055586481525570844
1.79267 0.038131047814304035
