0.4 0.27727656666666667
0.402867 0.27694032
0.405755 0.26980163999999995
0.408664 0.2677579333333333
0.411593 0.26684107999999995
0.414544 0.2648448133333333
0.417515 0.26355196
0.420508 0.26376168
0.423523 0.2621308733333333
0.426559 0.25960530666666665
0.429617 0.2547849933333333
0.432696 0.25406542666666665
0.435798 0.2541161733333333
0.438922 0.2521297533333333
0.442068 0.2492140333333333
0.445237 0.24952194666666666
0.448429 0.24734600666666665
0.451643 0.24546408
0.454881 0.24371570666666667
0.458142 0.2422287733333333
0.461426 0.24055872
0.464734 0.24066345333333333
0.468065 0.23761442
0.47142 0.23586467333333333
0.4748 0.23541499999999999
0.478203 0.2323177933333333
0.481631 0.231418
0.485084 0.22874551999999998
0.488561 0.2272713133333333
0.492063 0.22719994
0.49559 0.22470655333333334
0.499143 0.22254086666666664
0.502721 0.21956460666666666
0.506325 0.21731154
0.509954 0.2175353733333333
0.51361 0.21740488666666663
0.517292 0.21533643333333333
0.521 0.21438064666666667
0.524735 0.21260784
0.528496 0.21084996
0.532285 0.2083675133333333
0.5361 0.20717236
0.539943 0.20579235333333334
0.543814 0.20417607333333332
0.547712 0.20315377999999998
0.551638 0.20259174666666668
0.555593 0.1999679
0.559575 0.19802358666666667
0.563587 0.19533834666666666
0.567627 0.1906718533333333
0.571696 0.18838326666666666
0.575794 0.19021146
0.579921 0.1916236
0.584078 0.19175471333333333
0.588265 0.18372304666666664
0.592482 0.17960031333333332
0.596729 0.18257047333333332
0.601007 0.18606378666666668
0.605315 0.18657814666666667
0.609654 0.18774074
0.614025 0.18941244000000002
0.618426 0.19120660666666667
0.622859 0.19251441333333333
0.627324 0.18841355333333332
0.631821 0.1894704133333333
0.63635 0.1930355133333333
0.640912 0.19479992666666668
0.645506 0.19149977333333335
0.650134 0.18932078666666666
0.654794 0.19232386666666668
0.659488 0.19701199333333333
0.664215 0.19744546666666665
0.668977 0.19864666
0.673772 0.20001310666666666
0.678602 0.20065780666666666
0.683467 0.19769408666666666
0.688366 0.16602732666666664
0.6933 0.18175826666666664
0.69827 0.19157704666666667
0.703276 0.19365026
0.708317 0.20176176666666668
0.713395 0.20165579333333333
0.718509 0.16690481999999998
0.723659 0.17258721333333332
0.728847 0.18185202666666667
0.734071 0.20439452666666663
0.739333 0.21903545333333332
0.744633 0.23145465333333332
0.749971 0.23511087999999997
0.755347 0.22938400666666664
0.760762 0.11636759333333332
0.766215 0.15857364
0.771708 0.23370057333333333
0.77724 0.23903988666666667
0.782811 0.23807045333333332
0.788423 0.2294078
0.794075 0.22612063999999998
0.799767 0.22573666666666664
0.8055 0.2270433733333333
0.811274 0.2099573
0.81709 0.17864776666666665
0.822947 0.19519100666666667
0.828846 0.2025358333333333
0.834788 0.21418716
0.840772 0.22688809999999998
0.846799 0.2362787133333333
0.852869 0.23617541999999997
0.858983 0.23787471333333332
0.86514 0.23847509333333333
0.871342 0.23825192666666664
0.877588 0.2373245
0.883879 0.23485214666666665
0.890215 0.22691542
0.896596 0.18206294666666667
0.903024 0.17479900666666665
0.909497 0.1679274533333333
0.916017 0.16282011999999998
0.922583 0.18031428666666666
0.929196 0.13087546
0.935857 0.08806508666666665
0.942566 0.09665034666666666
0.949323 0.09902485999999999
0.956128 0.11073943333333333
0.962982 0.13252476
0.969885 0.16823544
0.976837 0.16873458666666666
0.98384 0.19634737333333332
0.990892 0.21548384666666667
0.997995 0.22020562
1.00515 0.21951168
1.01235 0.22029905333333333
1.01961 0.22150493999999998
1.02692 0.22221700666666666
1.03428 0.22467281333333333
1.0417 0.22555192666666668
1.04916 0.22607347333333333
1.05668 0.22673500666666668
1.06426 0.22608631333333332
1.07189 0.2240625
1.07957 0.21887528666666667
1.08731 0.20917867333333331
1.0951 0.19495049999999997
1.10295 0.16734708
1.11086 0.13473195999999998
1.11882 0.08540537333333333
1.12684 0.07405439333333333
1.13492 0.08114461333333334
1.14306 0.08834147999999999
1.15125 0.09150969333333332
1.1595 0.12202475999999998
1.16782 0.15257747333333332
1.17619 0.16471571333333332
1.18462 0.16221516666666666
1.19311 0.16997637333333332
1.20166 0.16800202666666667
1.21028 0.17165318
1.21895 0.17882562000000002
1.22769 0.18762496666666664
1.23649 0.19643149333333332
1.24536 0.19866836
1.25428 0.19486157333333332
1.26327 0.17721924
1.27233 0.17560242666666664
1.28145 0.1904038
1.29064 0.18588324
1.29989 0.1722100533333333
1.30921 0.15131841333333332
1.31859 0.1337574
1.32804 0.10914698
1.33756 0.08956441999999999
1.34715 0.06235958266666666
1.35681 0.041060587999999995
1.36653 0.034485374666666666
1.37633 0.037364462
1.3862 0.036900216
1.39613 0.03765410466666666
1.40614 0.03771106
1.41622 0.037033912
1.42637 0.033769992
1.4366 0.026924721999999998
1.4469 0.025681471333333334
1.45727 0.030233571333333334
1.46771 0.024210369333333332
1.47824 0.025886245333333335
1.48883 0.039469618666666664
1.49951 0.06318331933333332
1.51025 0.0796803
1.52108 0.09295825999999999
1.53198 0.10196852
1.54297 0.10902177333333332
1.55403 0.11523644666666666
1.56517 0.11384530666666666
1.57639 0.10812087333333333
1.58769 0.12052972
1.59907 0.11690204
1.61053 0.11727080666666667
1.62208 0.12864428666666666
1.6337 0.12748888
1.64541 0.12564889333333332
1.65721 0.12916014666666664
1.66909 0.12956414
1.68105 0.13339499999999999
1.6931 0.1300590133333333
1.70524 0.12533632
1.71746 0.12422531999999999
1.72978 0.11721952
1.74218 0.11230034
1.75466 0.10854512
1.76724 0.0946928
1.77991 0.07344376
1.79267 0.052703962
