0.4 0.30534276
0.402867 0.3053081133333333
0.405755 0.29779728666666666
0.408664 0.2958510333333333
0.411593 0.29509788
0.414544 0.29320847333333333
0.417515 0.29184972
0.420508 0.2922078
0.423523 0.29065282
0.426559 0.2880683533333333
0.429617 0.2830779666666666
0.432696 0.2827008733333333
0.435798 0.28300144
0.438922 0.28104244
0.442068 0.2780742
0.445237 0.27865492666666664
0.448429 0.27647948666666666
0.451643 0.27454098666666665
0.454881 0.27263262
0.458142 0.2710534133333333
0.461426 0.26943986
0.464734 0.26982757999999996
0.468065 0.26671932666666665
0.47142 0.26478204
0.4748 0.26415972
0.478203 0.26048547333333333
0.481631 0.2594900133333333
0.485084 0.25652275999999996
0.488561 0.2549670133333333
0.492063 0.25506048
0.49559 0.2524398333333333
0.499143 0.2499703533333333
0.502721 0.24645289333333334
0.506325 0.2437971733333333
0.509954 0.24405718666666668
0.51361 0.24404222666666667
0.517292 0.24181546666666667
0.521 0.24060306
0.524735 0.2383284933333333
0.528496 0.23612358
0.532285 0.23323744666666668
0.5361 0.2318381533333333
0.539943 0.23022312
0.543814 0.22837674
0.547712 0.22712674666666666
0.551638 0.22634024666666666
0.555593 0.22316861333333332
0.559575 0.22078444666666666
0.563587 0.21765998
0.567627 0.21235182
0.571696 0.2097857333333333
0.575794 0.21189270666666665
0.579921 0.21353484666666667
0.584078 0.21381456666666665
0.588265 0.20507765333333333
0.592482 0.20056066666666666
0.596729 0.20378099333333333
0.601007 0.20758097999999997
0.605315 0.20830598666666666
0.609654 0.20982877333333333
0.614025 0.21197414666666664
0.618426 0.21428830666666665
0.622859 0.21607404
0.627324 0.21164734666666665
0.631821 0.2131935133333333
0.63635 0.21762050666666666
0.640912 0.21986581333333333
0.645506 0.21629066
0.650134 0.21402642666666666
0.654794 0.21764224666666665
0.659488 0.22317211333333334
0.664215 0.22380784666666667
0.668977 0.22536026666666667
0.673772 0.22710526666666667
0.678602 0.22803485999999998
0.683467 0.22473790666666665
0.688366 0.18772702
0.6933 0.20662217333333333
0.69827 0.21790886666666667
0.703276 0.2198342533333333
0.708317 0.22859789999999997
0.713395 0.22811690666666665
0.718509 0.1890310533333333
0.723659 0.1950217
0.728847 0.20479123333333332
0.734071 0.22935103999999998
0.739333 0.24525358
0.744633 0.2588268266666667
0.749971 0.26271112666666663
0.755347 0.25594851333333335
0.760762 0.12821686
0.766215 0.1750310533333333
0.771708 0.26045092666666664
0.77724 0.26684806666666666
0.782811 0.26595196
0.788423 0.25634086666666667
0.794075 0.2527014333333333
0.799767 0.2522643933333333
0.8055 0.25383078666666664
0.811274 0.23497236666666665
0.81709 0.20045335999999997
0.822947 0.2185395933333333
0.828846 0.22650158
0.834788 0.23941318
0.840772 0.25367938
0.846799 0.2644542133333333
0.852869 0.2644582466666666
0.858983 0.26671491999999997
0.86514 0.26766709333333333
0.871342 0.26750584666666666
0.877588 0.2664689533333333
0.883879 0.26362724666666665
0.890215 0.2546424666666667
0.896596 0.20467802666666668
0.903024 0.19645747333333333
0.909497 0.18898408
0.916017 0.18330912666666666
0.922583 0.20256822666666666
0.929196 0.14890182
0.935857 0.10287948
0.942566 0.11193294
0.949323 0.11452049333333332
0.956128 0.12716541999999997
0.962982 0.15078103333333331
0.969885 0.18997475999999996
0.976837 0.19057066666666667
0.98384 0.22128586666666666
0.990892 0.24278052666666666
0.997995 0.24833087999999998
1.00515 0.24771533999999998
1.01235 0.24872348
1.01961 0.2501474533333333
1.02692 0.2509338466666666
1.03428 0.2536868533333333
1.0417 0.25465454666666665
1.04916 0.25520213999999997
1.05668 0.25595112666666664
1.06426 0.25520414666666663
1.07189 0.25296438
1.07957 0.24708532666666666
1.08731 0.23609872666666668
1.0951 0.22005405333333333
1.10295 0.18915395333333332
1.11086 0.15341369333333332
1.11882 0.10018535333333334
1.12684 0.08796206666666667
1.13492 0.09553608
1.14306 0.10331364
1.15125 0.10685119333333333
1.1595 0.14013172666666665
1.16782 0.17395828666666668
1.17619 0.18775360666666666
1.18462 0.18487704666666666
1.19311 0.19372292666666668
1.20166 0.19154357333333333
1.21028 0.19586289333333332
1.21895 0.20408305999999998
1.22769 0.21441068
1.23649 0.22483825999999998
1.24536 0.22757728
1.25428 0.22304159999999998
1.26327 0.20187484
1.27233 0.20001797333333332
1.28145 0.21783128666666665
1.29064 0.21280245999999997
1.29989 0.19727617999999997
1.30921 0.17365509999999998
1.31859 0.15395863333333332
1.32804 0.12680180666666666
1.33756 0.10532443999999999
1.34715 0.07592371333333334
1.35681 0.05180189533333333
1.36653 0.043818566
1.37633 0.047360092666666666
1.3862 0.04688320333333333
1.39613 0.04794767666666667
1.40614 0.04845953933333333
1.41622 0.04834749733333333
1.42637 0.044507815333333325
1.4366 0.03589116466666666
1.4469 0.034237394
1.45727 0.038813412666666665
1.46771 0.031306716666666665
1.47824 0.032541879999999995
1.48883 0.047561811999999995
1.49951 0.07485856666666665
1.51025 0.09424398666666667
1.52108 0.10994825999999999
1.53198 0.12052871333333333
1.54297 0.12899062
1.55403 0.13658354666666667
1.56517 0.13454796666666666
1.57639 0.12705027333333332
1.58769 0.14239248666666665
1.59907 0.13751887333333332
1.61053 0.13768582666666665
1.62208 0.15160817999999998
1.6337 0.15005437333333332
1.64541 0.14754502
1.65721 0.15162269333333334
1.66909 0.15211424666666667
1.68105 0.1568937
1.6931 0.15298489333333332
1.70524 0.1474538933333333
1.71746 0.14633678666666666
1.72978 0.13814162666666666
1.74218 0.13244802
1.75466 0.12809978666666666
1.76724 0.11220546666666666
1.77991 0.08819728
1.79267 0.06519963933333334
