0.4 0.3008947733333333
0.402867 0.30088040666666666
0.405755 0.29337040666666664
0.408664 0.29147436
0.411593 0.29070766
0.414544 0.28921272
0.417515 0.2876805933333333
0.420508 0.2884493066666667
0.423523 0.2868510333333333
0.426559 0.2843422333333333
0.429617 0.27994924666666665
0.432696 0.27897104666666667
0.435798 0.27943872
0.438922 0.27730116
0.442068 0.2744351133333333
0.445237 0.27511801999999996
0.448429 0.2732266733333333
0.451643 0.27158175333333334
0.454881 0.26981306
0.458142 0.26834117999999996
0.461426 0.26667944
0.464734 0.26692458666666663
0.468065 0.26377043333333333
0.47142 0.26162658666666666
0.4748 0.26077219333333335
0.478203 0.25705695333333334
0.481631 0.25604407333333334
0.485084 0.2531832533333333
0.488561 0.25178394666666665
0.492063 0.2516402133333333
0.49559 0.24906291333333333
0.499143 0.24646330666666666
0.502721 0.24280672666666664
0.506325 0.24009996666666666
0.509954 0.24004872
0.51361 0.2398090533333333
0.517292 0.23743048
0.521 0.23607614
0.524735 0.23358870666666667
0.528496 0.23112330666666664
0.532285 0.22789154666666667
0.5361 0.2261121333333333
0.539943 0.22430831333333334
0.543814 0.22239608
0.547712 0.22084688
0.551638 0.2197339133333333
0.555593 0.21636762666666667
0.559575 0.21385433999999998
0.563587 0.21081132666666663
0.567627 0.20579488666666668
0.571696 0.20330824666666664
0.575794 0.20518711999999997
0.579921 0.20666228666666667
0.584078 0.2070283
0.588265 0.19932335333333331
0.592482 0.1952438333333333
0.596729 0.19790478666666667
0.601007 0.20081507999999998
0.605315 0.20127380666666667
0.609654 0.20282459999999997
0.614025 0.20515044
0.618426 0.20793809333333335
0.622859 0.20995666666666668
0.627324 0.20575807999999998
0.631821 0.20741740666666666
0.63635 0.21166128666666664
0.640912 0.21382767333333333
0.645506 0.21088516666666668
0.650134 0.2092198133333333
0.654794 0.21271968666666666
0.659488 0.2180074933333333
0.664215 0.21892335333333335
0.668977 0.22070152666666668
0.673772 0.22255740000000002
0.678602 0.22372540666666665
0.683467 0.22069886666666666
0.688366 0.18406532666666667
0.6933 0.20433288666666666
0.69827 0.21582230666666663
0.703276 0.21784659333333334
0.708317 0.22611410666666668
0.713395 0.22589983333333333
0.718509 0.18956205333333334
0.723659 0.19528456
0.728847 0.20494708666666664
0.734071 0.22830121333333334
0.739333 0.24329330666666665
0.744633 0.25609521999999996
0.749971 0.25984098
0.755347 0.2529913933333333
0.760762 0.12461741999999999
0.766215 0.17120544666666665
0.771708 0.25776904
0.77724 0.2645647
0.782811 0.2639563733333333
0.788423 0.25494095333333333
0.794075 0.2516411733333333
0.799767 0.25138777999999995
0.8055 0.25297921999999995
0.811274 0.23478888666666667
0.81709 0.20136314666666666
0.822947 0.21886280666666663
0.828846 0.22662341999999996
0.834788 0.23915011999999997
0.840772 0.25303542
0.846799 0.2637589
0.852869 0.26387027333333335
0.858983 0.26653422
0.86514 0.26793214
0.871342 0.26820917333333333
0.877588 0.26751548666666664
0.883879 0.26500540666666667
0.890215 0.25620876
0.896596 0.20689153999999998
0.903024 0.1988241733333333
0.909497 0.19149146666666667
0.916017 0.18603342666666667
0.922583 0.20524204666666668
0.929196 0.1521243333333333
0.935857 0.10571784666666667
0.942566 0.11501362
0.949323 0.11778594666666665
0.956128 0.13092148666666664
0.962982 0.15508444666666665
0.969885 0.19474384
0.976837 0.19563854666666664
0.98384 0.22764108666666666
0.990892 0.2508503733333333
0.997995 0.25745253999999995
1.00515 0.25730632666666664
1.01235 0.2585508733333333
1.01961 0.26023298666666667
1.02692 0.26107598
1.03428 0.26394453333333334
1.0417 0.26465858666666664
1.04916 0.2647870666666666
1.05668 0.26502266666666663
1.06426 0.26357368
1.07189 0.26076797333333335
1.07957 0.2543204
1.08731 0.24271676666666667
1.0951 0.22616515333333334
1.10295 0.19453194666666665
1.11086 0.1583486
1.11882 0.10348628666666666
1.12684 0.09074372
1.13492 0.09870473333333332
1.14306 0.10697923333333333
1.15125 0.11091128
1.1595 0.14635034666666666
1.16782 0.18248295333333334
1.17619 0.19784282
1.18462 0.1951597533333333
1.19311 0.20540642
1.20166 0.20349057333333334
1.21028 0.20902332666666668
1.21895 0.21883098
1.22769 0.23136238
1.23649 0.24429278
1.24536 0.24786232666666666
1.25428 0.24233372
1.26327 0.21677544666666665
1.27233 0.21457827333333335
1.28145 0.23569342666666665
1.29064 0.2299171733333333
1.29989 0.21220938666666667
1.30921 0.18586960666666666
1.31859 0.16420330666666666
1.32804 0.13454556
1.33756 0.11108679333333334
1.34715 0.07894486666666667
1.35681 0.05376782533333333
1.36653 0.045952804666666666
1.37633 0.049345655999999995
1.3862 0.048894503333333325
1.39613 0.049992072
1.40614 0.05074725
1.41622 0.051386931999999996
1.42637 0.04838584333333333
1.4366 0.03983461
1.4469 0.039468661333333335
1.45727 0.045909955333333335
1.46771 0.03751525133333333
1.47824 0.03935176866666666
1.48883 0.05741520666666666
1.49951 0.08998674666666667
1.51025 0.11334022666666667
1.52108 0.13251982666666667
1.53198 0.14521924
1.54297 0.15574104
1.55403 0.1655005
1.56517 0.16188174666666666
1.57639 0.15066169999999998
1.58769 0.17035536666666665
1.59907 0.16276933999999998
1.61053 0.16205071333333332
1.62208 0.17990348666666667
1.6337 0.17738494
1.64541 0.17337346
1.65721 0.17798988
1.66909 0.17820876
1.68105 0.18409232
1.6931 0.17865621999999998
1.70524 0.17126767999999998
1.71746 0.16989111999999998
1.72978 0.15955931333333334
1.74218 0.15237588
1.75466 0.14695142666666666
1.76724 0.12811433333333333
1.77991 0.09997187999999999
1.79267 0.07328302
