0.4 0.3678152595004551
0.402867 0.3667717378061245
0.405755 0.3570250138095595
0.408664 0.35388101833303076
0.411593 0.352004297076266
0.414544 0.34934016251121125
0.417515 0.34673937493693746
0.420508 0.34701994001538106
0.423523 0.3442866109059664
0.426559 0.3405152551757545
0.429617 0.33480467172733663
0.432696 0.33280313638258724
0.435798 0.3328006780602171
0.438922 0.32965143153480214
0.442068 0.3253608726972438
0.445237 0.32499017214454445
0.448429 0.3213840391762765
0.451643 0.31871651538001294
0.454881 0.316713877405377
0.458142 0.3150212230360775
0.461426 0.3128014121635282
0.464734 0.3124732622789123
0.468065 0.30841364113695013
0.47142 0.3058905166660834
0.4748 0.3050475741936675
0.478203 0.30090558117640553
0.481631 0.2990671989030753
0.485084 0.2948387578951128
0.488561 0.2925293357494015
0.492063 0.2920738682646813
0.49559 0.2891511398773661
0.499143 0.28676100883913475
0.502721 0.283692868876035
0.506325 0.2813259744069715
0.509954 0.2813605897550512
0.51361 0.2808931560246763
0.517292 0.2781785716233341
0.521 0.2771183387596564
0.524735 0.27539722388615245
0.528496 0.27358949833885
0.532285 0.2705515903181333
0.5361 0.2690389809485979
0.539943 0.2670350595850775
0.543814 0.26457552612963864
0.547712 0.2623250314172119
0.551638 0.26116406156405725
0.555593 0.2580074581474316
0.559575 0.25575445992288526
0.563587 0.25244910088901557
0.567627 0.24698332838927553
0.571696 0.24432400201356239
0.575794 0.24621482247215593
0.579921 0.24762903568123598
0.584078 0.24775605502899387
0.588265 0.2392866735283706
0.592482 0.23489831503504968
0.596729 0.23787175535919913
0.601007 0.24047092514044263
0.605315 0.23971602133790793
0.609654 0.24058117005320412
0.614025 0.24227315561421173
0.618426 0.24443826881402508
0.622859 0.24576285267404335
0.627324 0.24076387221023596
0.631821 0.24159276067057242
0.63635 0.24536391756588677
0.640912 0.24715776082215773
0.645506 0.2437397075911063
0.650134 0.24134924214872897
0.654794 0.24432153465324236
0.659488 0.2490665306492334
0.664215 0.2491977526436902
0.668977 0.2504100490142717
0.673772 0.25180373703915093
0.678602 0.2520990791656652
0.683467 0.24834748039391338
0.688366 0.21154219186601636
0.6933 0.23123824358183662
0.69827 0.24303666354504197
0.703276 0.24637345656863
0.708317 0.25638914091597953
0.713395 0.2575537259490903
0.718509 0.21815892920838253
0.723659 0.22643138281884667
0.728847 0.24046335133843458
0.734071 0.2694041412380145
0.739333 0.2879312064391274
0.744633 0.30310292370552755
0.749971 0.3078547072018862
0.755347 0.3009117089064311
0.760762 0.15518425677320802
0.766215 0.21186938372794392
0.771708 0.30719007444285545
0.77724 0.31462334536805814
0.782811 0.31422807966755706
0.788423 0.3046417702435944
0.794075 0.3008794795771224
0.799767 0.3006149930115335
0.8055 0.3017412029094102
0.811274 0.27993366015047555
0.81709 0.23946536283565115
0.822947 0.2610041711925485
0.828846 0.27079492808097894
0.834788 0.285832476981258
0.840772 0.301776550331431
0.846799 0.31320536333387383
0.852869 0.3132004738029832
0.858983 0.3152672992977399
0.86514 0.31604260175317694
0.871342 0.31616138752858475
0.877588 0.3155043104956623
0.883879 0.31308153438242725
0.890215 0.30353933919187903
0.896596 0.24593348916797164
0.903024 0.23687113681299765
0.909497 0.2277325493506992
0.916017 0.22157121622740397
0.922583 0.2456881992079497
0.929196 0.1759715595967294
0.935857 0.11116387343045947
0.942566 0.12565054120902686
0.949323 0.12931067592788914
0.956128 0.14771546670493657
0.962982 0.18060650951485646
0.969885 0.23156363689173598
0.976837 0.23244669882371474
0.98384 0.27007148538201226
0.990892 0.2953952335078066
0.997995 0.3019886800533056
1.00515 0.3019493468953831
1.01235 0.3033929695934061
1.01961 0.3056601031715809
1.02692 0.30701630178031525
1.03428 0.31028536440742555
1.0417 0.31102849176125325
1.04916 0.31111911528480296
1.05668 0.3111442859752474
1.06426 0.3095777561966666
1.07189 0.3064046314076415
1.07957 0.29944943187983464
1.08731 0.28669234753381834
1.0951 0.2681591003749805
1.10295 0.23164713851077223
1.11086 0.1850487432274733
1.11882 0.10829172141073026
1.12684 0.08997553869440703
1.13492 0.10233407656411203
1.14306 0.11485983458268681
1.15125 0.12009313293534933
1.1595 0.16889684221957352
1.16782 0.21512782676393316
1.17619 0.2331381110282703
1.18462 0.2308262847878882
1.19311 0.24275557426550468
1.20166 0.24010497854938556
1.21028 0.24586082405085388
1.21895 0.25701169298032117
1.22769 0.26994882232610146
1.23649 0.28278821528176845
1.24536 0.28631467872175365
1.25428 0.2814571240978292
1.26327 0.2568343593655242
1.27233 0.2544698418772818
1.28145 0.2752320282380581
1.29064 0.2687497394382595
1.29989 0.24872770694579704
1.30921 0.21788705863773333
1.31859 0.19132823850763395
1.32804 0.15219273151132812
1.33756 0.12021783856793529
1.34715 0.07071607508978117
1.35681 0.03747087207925616
1.36653 0.03092859750224091
1.37633 0.033516587339470126
1.3862 0.032946571974045685
1.39613 0.03356767163983992
1.40614 0.03338790410513747
1.41622 0.03361661756126566
1.42637 0.03343049996297032
1.4366 0.028378952975011147
1.4469 0.03128298365159331
1.45727 0.04502391572399466
1.46771 0.036611334123251814
1.47824 0.042866483877793043
1.48883 0.0696410299300283
1.49951 0.11038369952003156
1.51025 0.13712039554192135
1.52108 0.15838425138725687
1.53198 0.17244922649984404
1.54297 0.18295366510135963
1.55403 0.19194946199334167
1.56517 0.1890756018010832
1.57639 0.17906555713446518
1.58769 0.1973184561256567
1.59907 0.19079023646451584
1.61053 0.19065737860112886
1.62208 0.20777702713147922
1.6337 0.2056788309126534
1.64541 0.2022326515815435
1.65721 0.20684791684480955
1.66909 0.2067219007094895
1.68105 0.21190614107014766
1.6931 0.2061654070208959
1.70524 0.1982139452387346
1.71746 0.19544243079103354
1.72978 0.1839259858264547
1.74218 0.17526675315043644
1.75466 0.16875720589376886
1.76724 0.14642495591600468
1.77991 0.11055161559104289
1.79267 0.0732841805334568
