0.4 0.27834116666666664
0.402867 0.27702054
0.405755 0.26860570666666667
0.408664 0.2657739333333333
0.411593 0.2644033
0.414544 0.26253259333333334
0.417515 0.26078212666666667
0.420508 0.26096709333333334
0.423523 0.2587969733333333
0.426559 0.25585968666666664
0.429617 0.25124082
0.432696 0.24943096666666667
0.435798 0.24897864666666664
0.438922 0.24605223333333331
0.442068 0.24237852
0.445237 0.24193756
0.448429 0.23914298666666667
0.451643 0.23738993999999997
0.454881 0.23673102000000001
0.458142 0.23604108000000001
0.461426 0.23403390666666668
0.464734 0.23331051333333333
0.468065 0.22947659999999998
0.47142 0.22759940666666667
0.4748 0.22737353333333332
0.478203 0.22467573333333335
0.481631 0.22307756
0.485084 0.2194635133333333
0.488561 0.21750815333333332
0.492063 0.21726578666666665
0.49559 0.2153851
0.499143 0.21392575333333333
0.502721 0.21204533333333334
0.506325 0.21053281333333332
0.509954 0.21071046666666665
0.51361 0.21054813333333333
0.517292 0.20853338666666665
0.521 0.20729616666666664
0.524735 0.20517758666666666
0.528496 0.20323570666666668
0.532285 0.2003831133333333
0.5361 0.19878445333333333
0.539943 0.19709137333333332
0.543814 0.19520784666666668
0.547712 0.1934100933333333
0.551638 0.1923305733333333
0.555593 0.18962156
0.559575 0.18767850666666666
0.563587 0.18528174666666666
0.567627 0.18166665333333332
0.571696 0.18004798
0.575794 0.18146006666666664
0.579921 0.18256166
0.584078 0.18272756
0.588265 0.17692519333333334
0.592482 0.17389146
0.596729 0.17596378666666668
0.601007 0.17783928666666665
0.605315 0.17733972
0.609654 0.17795826666666664
0.614025 0.17916881333333334
0.618426 0.18070237333333333
0.622859 0.18162839999999997
0.627324 0.17771454
0.631821 0.17808338666666668
0.63635 0.18055485333333332
0.640912 0.18169264666666665
0.645506 0.17893116666666667
0.650134 0.17696213333333333
0.654794 0.17894723333333332
0.659488 0.18255360666666667
0.664215 0.18337720666666668
0.668977 0.18463027999999998
0.673772 0.18575422666666666
0.678602 0.18601134
0.683467 0.18319122666666665
0.688366 0.15627232
0.6933 0.17031266666666667
0.69827 0.1785498
0.703276 0.18105051333333333
0.708317 0.18827052666666666
0.713395 0.18912647333333332
0.718509 0.16099924666666665
0.723659 0.16687104666666666
0.728847 0.1773861
0.734071 0.19848842
0.739333 0.21226843333333334
0.744633 0.22402103333333334
0.749971 0.2282961
0.755347 0.22367765333333334
0.760762 0.11589232
0.766215 0.15777963333333334
0.771708 0.22768556666666664
0.77724 0.23272758666666665
0.782811 0.23216711999999998
0.788423 0.22507644666666665
0.794075 0.22229364
0.799767 0.22212952
0.8055 0.22332162
0.811274 0.20805745999999997
0.81709 0.1788727
0.822947 0.19464454
0.828846 0.20171509333333332
0.834788 0.21230171999999997
0.840772 0.22329068666666665
0.846799 0.23087444000000001
0.852869 0.23064033333333334
0.858983 0.23189768666666666
0.86514 0.23236726666666666
0.871342 0.2327110933333333
0.877588 0.2326358533333333
0.883879 0.23128934
0.890215 0.2245001
0.896596 0.18278192666666665
0.903024 0.17629648
0.909497 0.16969397999999997
0.916017 0.16525394
0.922583 0.18278993333333332
0.929196 0.13146936666666664
0.935857 0.08345873333333333
0.942566 0.09410144
0.949323 0.09671353333333334
0.956128 0.11019947333333333
0.962982 0.134325
0.969885 0.17157963999999998
0.976837 0.1723671
0.98384 0.19990396666666665
0.990892 0.21837224
0.997995 0.22292985999999998
1.00515 0.2226963133333333
1.01235 0.22358681333333333
1.01961 0.22529622666666665
1.02692 0.226568
1.03428 0.22924441333333334
1.0417 0.22983950666666667
1.04916 0.22988815333333334
1.05668 0.22989814
1.06426 0.22881794666666666
1.07189 0.22660682
1.07957 0.22160363333333333
1.08731 0.21230333333333332
1.0951 0.19878485333333332
1.10295 0.17228230666666666
1.11086 0.1381414933333333
1.11882 0.08143855333333333
1.12684 0.0677947
1.13492 0.07693064666666666
1.14306 0.08624656
1.15125 0.09022662666666666
1.1595 0.1264189533333333
1.16782 0.16034544
1.17619 0.17321936666666665
1.18462 0.17138504
1.19311 0.1799745333333333
1.20166 0.17804923333333333
1.21028 0.1822433
1.21895 0.19028824
1.22769 0.19953726
1.23649 0.20868228666666666
1.24536 0.21126363333333334
1.25428 0.20793628666666666
1.26327 0.19022283333333334
1.27233 0.18861854
1.28145 0.20390028
1.29064 0.19925640666666666
1.29989 0.18459305333333334
1.30921 0.16197048666666666
1.31859 0.14245449333333332
1.32804 0.11371446666666665
1.33756 0.09017593333333332
1.34715 0.053250960666666666
1.35681 0.02802031866666667
1.36653 0.023032243999999997
1.37633 0.025014405999999996
1.3862 0.02460201733333333
1.39613 0.025110254
1.40614 0.025051250666666667
1.41622 0.025411073333333332
1.42637 0.025438758666666665
1.4366 0.021686976
1.4469 0.02398175933333333
1.45727 0.03444670533333333
1.46771 0.028068771333333332
1.47824 0.03278842866666666
1.48883 0.052710221333333335
1.49951 0.08255150666666666
1.51025 0.10190431333333333
1.52108 0.11716223999999999
1.53198 0.12711314666666665
1.54297 0.13441747999999998
1.55403 0.14065087333333331
1.56517 0.13852278666666668
1.57639 0.13136119999999998
1.58769 0.14462872666666665
1.59907 0.14009684666666666
1.61053 0.14012306666666666
1.62208 0.15255024666666667
1.6337 0.15109155333333332
1.64541 0.14867581333333332
1.65721 0.15209890666666664
1.66909 0.15206294666666664
1.68105 0.15595818666666666
1.6931 0.15200676
1.70524 0.14628426
1.71746 0.14424818666666667
1.72978 0.13590092666666664
1.74218 0.1297573
1.75466 0.12513294666666666
1.76724 0.10892492666666666
1.77991 0.08266441333333333
1.79267 0.055143903333333334
