0.4 0.16924689776184385
0.402867 0.1690566767457419
0.405755 0.16474737442145296
0.408664 0.16352640931924228
0.411593 0.16299254390160559
0.414544 0.16182209355668523
0.417515 0.16100511372747067
0.420508 0.16115495190908433
0.423523 0.16020854662437797
0.426559 0.15867337522516783
0.429617 0.15572949234327785
0.432696 0.15535880802068278
0.435798 0.15538727236615607
0.438922 0.15419789407649354
0.442068 0.15244104361016217
0.445237 0.15264540827544967
0.448429 0.15133600814569978
0.451643 0.15019768380222967
0.454881 0.1491400808659606
0.458142 0.14824370748281135
0.461426 0.1472467472028369
0.464734 0.14734336663505415
0.468065 0.14550527971540636
0.47142 0.14445519725718217
0.4748 0.14419253178590616
0.478203 0.14229822436372047
0.481631 0.14175666142093668
0.485084 0.14011846067965078
0.488561 0.139222043034726
0.492063 0.13920025416976448
0.49559 0.1376833628838545
0.499143 0.13636729532118838
0.502721 0.13456385732419687
0.506325 0.1332000755674931
0.509954 0.133344248241837
0.51361 0.13328111887851626
0.517292 0.13202636594637354
0.521 0.13143705661916988
0.524735 0.13033017423152793
0.528496 0.12925540175014508
0.532285 0.1277371383491932
0.5361 0.12701788852038232
0.539943 0.12618052010783254
0.543814 0.12519208223154943
0.547712 0.12455026636715587
0.551638 0.12419375788412859
0.555593 0.12258071392654343
0.559575 0.12138494584601127
0.563587 0.11973582049376126
0.567627 0.11688140273164134
0.571696 0.11549423063846084
0.575794 0.11661951385333624
0.579921 0.11748382963959747
0.584078 0.11758214711447655
0.588265 0.11273586092927389
0.592482 0.1102477375263745
0.596729 0.11205415715751862
0.601007 0.11415258781712521
0.605315 0.1144463290786317
0.609654 0.11516366357970079
0.614025 0.11620314333078305
0.618426 0.11731905914443398
0.622859 0.11813799051557032
0.627324 0.11562143495757983
0.631821 0.11627219170063348
0.63635 0.11850370947170877
0.640912 0.11961580267747171
0.645506 0.11764035134931844
0.650134 0.11633136164694179
0.654794 0.11818304497927748
0.659488 0.12105420174014905
0.664215 0.12131824737406252
0.668977 0.12206087949175456
0.673772 0.12290533381218934
0.678602 0.1232949661985155
0.683467 0.12145253760106649
0.688366 0.10183573477464801
0.6933 0.11167628230829636
0.69827 0.11775723462713983
0.703276 0.11901967301303631
0.708317 0.12396674326115531
0.713395 0.12387222425137755
0.718509 0.10247194548873842
0.723659 0.10593507533094189
0.728847 0.11163557756998593
0.734071 0.12543388833515035
0.739333 0.13435241077482216
0.744633 0.14190274539922457
0.749971 0.14411595891421303
0.755347 0.14056387497455716
0.760762 0.07092815538643996
0.766215 0.09685635343038107
0.771708 0.14320304772220105
0.77724 0.14651908763667243
0.782811 0.1459444128619831
0.788423 0.14066521834536444
0.794075 0.13866104917247793
0.799767 0.13843732601608608
0.8055 0.13924550982336048
0.811274 0.12878002625699242
0.81709 0.10953390775316901
0.822947 0.11968657323277063
0.828846 0.1241895530154518
0.834788 0.13133759236192438
0.840772 0.13912192692224065
0.846799 0.14487079118676446
0.852869 0.1448185220536434
0.858983 0.14588162149767567
0.86514 0.1462664454456585
0.871342 0.14613859329509746
0.877588 0.1455819008726728
0.883879 0.14408333798563627
0.890215 0.139232915336319
0.896596 0.1116943411127188
0.903024 0.10723169990275035
0.909497 0.10300646678541273
0.916017 0.09988667553611298
0.922583 0.11067689567826247
0.929196 0.08014383126813303
0.935857 0.053523274435923605
0.942566 0.0589253235462645
0.949323 0.06040215792530612
0.956128 0.06772151046212731
0.962982 0.08125462076341627
0.969885 0.10330770035837966
0.976837 0.10361045895070405
0.98384 0.12059785076288525
0.990892 0.13233875348677784
0.997995 0.1352440521717858
1.00515 0.13483916154428993
1.01235 0.13533919889401677
1.01961 0.13610270245077727
1.02692 0.1365571381002993
1.03428 0.13807157486956542
1.0417 0.13861092874736972
1.04916 0.1389292473656971
1.05668 0.13933345394757093
1.06426 0.13893387473314045
1.07189 0.13770316801651203
1.07957 0.13452742183532768
1.08731 0.1285763939229003
1.0951 0.11985166965555402
1.10295 0.10291684473752936
1.11086 0.08278464170147207
1.11882 0.052074506046375375
1.12684 0.044974703987651465
1.13492 0.0494653950919222
1.14306 0.05404093199611521
1.15125 0.05601845155632578
1.1595 0.07504467353544313
1.16782 0.09394921989358687
1.17619 0.10143440923198238
1.18462 0.09991225884237807
1.19311 0.10471444420394668
1.20166 0.10349152755981422
1.21028 0.1057778615280033
1.21895 0.11022961836498542
1.22769 0.11566988148281288
1.23649 0.12110302247857535
1.24536 0.12248905986078278
1.25428 0.12013869117477322
1.26327 0.10918993742401432
1.27233 0.10819449009200394
1.28145 0.11741046373473249
1.29064 0.11466970216461693
1.29989 0.10626100697466302
1.30921 0.09338398092468422
1.31859 0.08253123096508277
1.32804 0.06725943764442484
1.33756 0.055068955994926824
1.34715 0.03770614948348412
1.35681 0.02418854569168772
1.36653 0.020210253848673827
1.37633 0.021950865071937435
1.3862 0.02169616712263932
1.39613 0.022186398074804277
1.40614 0.022314195904095335
1.41622 0.022158569891759485
1.42637 0.020487318077914457
1.4366 0.01650514568432459
1.4469 0.016005766627914014
1.45727 0.019182543706088812
1.46771 0.015425828323352821
1.47824 0.01661325225443517
1.48883 0.025300988967857253
1.49951 0.04013262508540424
1.51025 0.05036569167790384
1.52108 0.05858344559195377
1.53198 0.0641430988136176
1.54297 0.06848668791876293
1.55403 0.07231340008048535
1.56517 0.07140832724654261
1.57639 0.06778043093297345
1.58769 0.07552439070639701
1.59907 0.07320853413391931
1.61053 0.07340155973707171
1.62208 0.08049272672576654
1.6337 0.07977283308931137
1.64541 0.07861231347730424
1.65721 0.0807802552435056
1.66909 0.08101190125772001
1.68105 0.08338354376257569
1.6931 0.08133064237481397
1.70524 0.0784218671285268
1.71746 0.07772101007935382
1.72978 0.07339423240132009
1.74218 0.07033227922126452
1.75466 0.06800117245521264
1.76724 0.05943350908648944
1.77991 0.04617770685658637
1.79267 0.03307292781674223
