0.4 0.03195361130387611
0.402867 0.032192976814101944
0.405755 0.03171442548982161
0.408664 0.03180482151267742
0.411593 0.03200466611722159
0.414544 0.03214264316777741
0.417515 0.03223868226301367
0.420508 0.03261183123246357
0.423523 0.032726324239628256
0.426559 0.03270228817504413
0.429617 0.032521228967411116
0.432696 0.03276260040421619
0.435798 0.03311413648472569
0.438922 0.033184134609799555
0.442068 0.03315601420098782
0.445237 0.03350426095669441
0.448429 0.033560440514259465
0.451643 0.03360706520438099
0.454881 0.033632306730781145
0.458142 0.033673128391703035
0.461426 0.03371678571266195
0.464734 0.033997085874584075
0.468065 0.03387331026690211
0.47142 0.033859973611852785
0.4748 0.03398792341184801
0.478203 0.033754273124738096
0.481631 0.03384704399585823
0.485084 0.033727371110421386
0.488561 0.033781351091555896
0.492063 0.03392633833479567
0.49559 0.03372314348572385
0.499143 0.03350414115924686
0.502721 0.03310838688791034
0.506325 0.03284649571387382
0.509954 0.03298431450927875
0.51361 0.03310395165968152
0.517292 0.03289703594272865
0.521 0.03279805330168584
0.524735 0.03248287370450751
0.528496 0.03217395046096105
0.532285 0.03182384105914516
0.5361 0.031699128853236856
0.539943 0.03156242056655741
0.543814 0.03143013389476048
0.547712 0.031451078708730554
0.551638 0.03143183181937939
0.555593 0.030971389308698447
0.559575 0.03060082006837489
0.563587 0.03010468404432822
0.567627 0.029260995885570587
0.571696 0.028937954240562773
0.575794 0.029430224754923823
0.579921 0.029862297732555505
0.584078 0.030073596266353884
0.588265 0.028633127252921928
0.592482 0.02787270955122615
0.596729 0.028578896445881602
0.601007 0.029694572116968895
0.605315 0.030294488125299134
0.609654 0.03080481708387822
0.614025 0.03149170808113577
0.618426 0.03230957852861054
0.622859 0.03294852366048689
0.627324 0.03227324314596615
0.631821 0.03289100931431583
0.63635 0.03428231304687057
0.640912 0.03509130316821162
0.645506 0.03458183389245221
0.650134 0.03440523135406846
0.654794 0.03546487721440015
0.659488 0.03702468422494964
0.664215 0.03760678410662622
0.668977 0.03819684779589598
0.673772 0.03874665682011779
0.678602 0.03914739970221076
0.683467 0.03854532563815624
0.688366 0.030101576457698592
0.6933 0.03445280319275972
0.69827 0.0371122656884552
0.703276 0.037381758895406646
0.708317 0.03914024929205979
0.713395 0.038796022217185804
0.718509 0.030304085874783553
0.723659 0.03132338620098065
0.728847 0.032945909897994764
0.734071 0.03766292895015817
0.739333 0.04086122130627393
0.744633 0.044615656295983686
0.749971 0.04593736587951641
0.755347 0.04419625972610514
0.760762 0.018417463555011754
0.766215 0.02604059817771156
0.771708 0.045313816761652914
0.77724 0.04767060351875869
0.782811 0.04763664502638057
0.788423 0.04470863204796583
0.794075 0.043744875195727305
0.799767 0.04343078466625404
0.8055 0.044026354954107456
0.811274 0.03959820906870687
0.81709 0.03219567872301145
0.822947 0.03596290787591995
0.828846 0.03759642094674534
0.834788 0.041059867255675224
0.840772 0.04555362266363198
0.846799 0.049574314287207225
0.852869 0.04977658479006439
0.858983 0.05112612345679774
0.86514 0.05209899444439292
0.871342 0.052376097511933395
0.877588 0.052085244964616646
0.883879 0.051060391414124766
0.890215 0.04814099228058966
0.896596 0.034464170336931194
0.903024 0.03225259169960912
0.909497 0.030777562143558347
0.916017 0.029500820165567175
0.922583 0.03349485413439204
0.929196 0.023255197253938615
0.935857 0.01552697576570918
0.942566 0.016743181915315094
0.949323 0.017243653449828842
0.956128 0.01940368174799964
0.962982 0.023754814550971212
0.969885 0.0317940761580988
0.976837 0.03221192216783228
0.98384 0.04069628880901712
0.990892 0.04874904941034881
0.997995 0.051729694988946716
1.00515 0.05176788042535507
1.01235 0.052279398509734606
1.01961 0.052921196318330865
1.02692 0.053175068210387984
1.03428 0.05426358797824983
1.0417 0.05456758080809533
1.04916 0.054588317337866815
1.05668 0.05463694080756076
1.06426 0.053983112204160265
1.07189 0.05284619699015522
1.07957 0.05048074533812113
1.08731 0.04652744998880564
1.0951 0.04138009400099914
1.10295 0.03249175709364415
1.11086 0.024933536691837562
1.11882 0.015615235854528457
1.12684 0.013677632618431421
1.13492 0.014747892124216145
1.14306 0.01590889887719155
1.15125 0.016548632221819425
1.1595 0.022741722251026563
1.16782 0.03047296862480678
1.17619 0.03478148042280752
1.18462 0.033787402904659404
1.19311 0.036834430903550396
1.20166 0.036429127550442524
1.21028 0.0385313991848779
1.21895 0.04193519521360019
1.22769 0.04684826210802103
1.23649 0.052336400994084285
1.24536 0.0539955037526418
1.25428 0.051909081456651504
1.26327 0.04292889121771788
1.27233 0.04224579051640756
1.28145 0.048986050962987374
1.29064 0.04642373670991901
1.29989 0.040215754700846276
1.30921 0.032535391271914335
1.31859 0.0272892544609241
1.32804 0.021336646236340472
1.33756 0.01700815889462715
1.34715 0.012562951402292303
1.35681 0.008887473140531421
1.36653 0.0074929454272360686
1.37633 0.008124142182724631
1.3862 0.008124787115006216
1.39613 0.008419415323922914
1.40614 0.008863333954848968
1.41622 0.00954062277828455
1.42637 0.009303021898074557
1.4366 0.00791879608460167
1.4469 0.008355718816857403
1.45727 0.00945773111258386
1.46771 0.008148304511095819
1.47824 0.00834310332882902
1.48883 0.011609881707576904
1.49951 0.01909043694766607
1.51025 0.025957143940474478
1.52108 0.032630572726332865
1.53198 0.037018541202425835
1.54297 0.041299993071292646
1.55403 0.0455216789465082
1.56517 0.04291739474675643
1.57639 0.03692121598629664
1.58769 0.04489185067265777
1.59907 0.040597833685143934
1.61053 0.039496180441426484
1.62208 0.04657889142118641
1.6337 0.04504260827306602
1.64541 0.0426922061753811
1.65721 0.04387563138706499
1.66909 0.043723151698348124
1.68105 0.045921097930672214
1.6931 0.04310258390332719
1.70524 0.03958442215222824
1.71746 0.039156568290952654
1.72978 0.03484571840072264
1.74218 0.03190579272328293
1.75466 0.02980692136242292
1.76724 0.024508496028577593
1.77991 0.01801200773242518
1.79267 0.013234231294665267
