0.4 0.2635495
0.402867 0.26277576666666663
0.405755 0.25581312
0.408664 0.25354334
0.411593 0.2522297133333333
0.414544 0.25041542666666666
0.417515 0.24855166666666664
0.420508 0.24878195333333333
0.423523 0.24690272666666668
0.426559 0.24418656666666666
0.429617 0.24005702666666665
0.432696 0.23870087333333334
0.435798 0.2388108
0.438922 0.23678588
0.442068 0.23398233999999998
0.445237 0.23389695333333332
0.448429 0.23156610666666666
0.451643 0.22965555333333332
0.454881 0.2279201933333333
0.458142 0.22649929333333332
0.461426 0.22511672
0.464734 0.22511932
0.468065 0.22260163333333333
0.47142 0.22084057999999998
0.4748 0.22010402666666665
0.478203 0.21698547999999998
0.481631 0.21576854
0.485084 0.21295331333333334
0.488561 0.21140898
0.492063 0.21107107333333333
0.49559 0.20890766666666666
0.499143 0.20706676666666668
0.502721 0.20472089333333332
0.506325 0.20292333333333334
0.509954 0.20299077333333332
0.51361 0.20279074
0.517292 0.20096084666666664
0.521 0.20015938666666666
0.524735 0.19880855999999997
0.528496 0.19746144666666665
0.532285 0.19529197999999998
0.5361 0.19426722666666665
0.539943 0.19304855999999998
0.543814 0.19146838666666666
0.547712 0.19014464
0.551638 0.18944213999999998
0.555593 0.1871484
0.559575 0.18548857333333335
0.563587 0.18302424666666664
0.567627 0.17896382666666666
0.571696 0.1769733
0.575794 0.17834833333333333
0.579921 0.17935795333333332
0.584078 0.17951301999999997
0.588265 0.17367014666666664
0.592482 0.1706614933333333
0.596729 0.17276944
0.601007 0.17470639333333332
0.605315 0.17434496
0.609654 0.17505693333333333
0.614025 0.17636053333333335
0.618426 0.17804232
0.622859 0.17909854666666664
0.627324 0.1756453
0.631821 0.17635469333333334
0.63635 0.17891824
0.640912 0.18009148
0.645506 0.17761382666666664
0.650134 0.17596158666666664
0.654794 0.1781564
0.659488 0.18157928
0.664215 0.18165805333333332
0.668977 0.18253462666666667
0.673772 0.18358148
0.678602 0.18397149999999998
0.683467 0.18139291999999999
0.688366 0.15461755333333332
0.6933 0.16924756
0.69827 0.17807026666666664
0.703276 0.1806458
0.708317 0.18798267333333332
0.713395 0.1888798133333333
0.718509 0.16053224
0.723659 0.16637943333333333
0.728847 0.17639241333333333
0.734071 0.19723472
0.739333 0.21067236666666667
0.744633 0.22172155333333332
0.749971 0.22518889999999997
0.755347 0.22013672666666664
0.760762 0.11375745333333333
0.766215 0.15511097333333332
0.771708 0.22488337333333333
0.77724 0.23006362666666663
0.782811 0.22956424
0.788423 0.22247585333333333
0.794075 0.21978957999999998
0.799767 0.21963728
0.8055 0.22062050666666666
0.811274 0.20497975333333332
0.81709 0.17581704
0.822947 0.19119774666666667
0.828846 0.19810258666666664
0.834788 0.20880394666666668
0.840772 0.2202875933333333
0.846799 0.22861422666666667
0.852869 0.22863904000000002
0.858983 0.23038541333333332
0.86514 0.23116064666666664
0.871342 0.23137379333333333
0.877588 0.23097847999999999
0.883879 0.2292772933333333
0.890215 0.22230864666666666
0.896596 0.18056509999999998
0.903024 0.17384258666666666
0.909497 0.16711677333333333
0.916017 0.16257053999999999
0.922583 0.17974769999999998
0.929196 0.13011068666666664
0.935857 0.08424095999999999
0.942566 0.09447397333333332
0.949323 0.09708452666666667
0.956128 0.11015023999999998
0.962982 0.13346697333333332
0.969885 0.16980498
0.976837 0.17046502666666666
0.98384 0.19774986
0.990892 0.21638512
0.997995 0.22126133333333334
1.00515 0.22119078666666664
1.01235 0.22216890666666667
1.01961 0.22361564666666667
1.02692 0.22438870666666666
1.03428 0.22657801333333333
1.0417 0.22708024
1.04916 0.22716554666666666
1.05668 0.22715135999999997
1.06426 0.2258437
1.07189 0.22336140666666665
1.07957 0.21825008
1.08731 0.20904319333333332
1.0951 0.19569240666666665
1.10295 0.16934438666666665
1.11086 0.13603850666666667
1.11882 0.08170182
1.12684 0.06874766666666667
1.13492 0.07744771333333333
1.14306 0.08627417999999999
1.15125 0.08988779333333333
1.1595 0.12425942666666667
1.16782 0.15706244666666666
1.17619 0.17001809333333331
1.18462 0.16834287333333334
1.19311 0.17696961333333333
1.20166 0.17511294
1.21028 0.17927498
1.21895 0.18725388666666667
1.22769 0.19658467999999998
1.23649 0.20584565333333332
1.24536 0.20828885999999996
1.25428 0.20452789333333332
1.26327 0.1863640933333333
1.27233 0.18461355333333332
1.28145 0.19979896
1.29064 0.19510260000000001
1.29989 0.18065649333333333
1.30921 0.1585057
1.31859 0.13956488666666667
1.32804 0.11191058666666666
1.33756 0.08938269333333333
1.34715 0.05473235133333333
1.35681 0.030620370666666664
1.36653 0.025371826
1.37633 0.027501057333333332
1.3862 0.027056632
1.39613 0.027563675333333332
1.40614 0.027415176
1.41622 0.027318244
1.42637 0.026478428
1.4366 0.022061445333333332
1.4469 0.023487504
1.45727 0.032487474
1.46771 0.026337656666666667
1.47824 0.030352891333333333
1.48883 0.048722204
1.49951 0.07715448666666666
1.51025 0.09600555333333333
1.52108 0.11106550666666666
1.53198 0.12106624666666667
1.54297 0.12864122666666666
1.55403 0.13519383333333332
1.56517 0.13319846
1.57639 0.12614024666666665
1.58769 0.13945738666666666
1.59907 0.13487791999999998
1.61053 0.13486398
1.62208 0.14725867999999998
1.6337 0.14577467333333333
1.64541 0.14337645999999998
1.65721 0.14682992666666667
1.66909 0.1468432
1.68105 0.1506894933333333
1.6931 0.1466542733333333
1.70524 0.14102028666666666
1.71746 0.13920539999999998
1.72978 0.13105403999999998
1.74218 0.12504312
1.75466 0.12050922666666666
1.76724 0.10475849333333333
1.77991 0.07964519333333334
1.79267 0.05373024133333333
