0.4 0.750678
0.402867 0.7578572666666666
0.405755 0.7487317333333332
0.408664 0.7529422666666666
0.411593 0.7596894000000001
0.414544 0.7656213999999999
0.417515 0.7697334666666666
0.420508 0.7811593333333333
0.423523 0.7863747333333333
0.426559 0.7870197999999999
0.429617 0.7843197333333333
0.432696 0.7920528666666666
0.435798 0.8021658
0.438922 0.8065639333333332
0.442068 0.8087421333333333
0.445237 0.8194047333333333
0.448429 0.8232873333333333
0.451643 0.8265740666666666
0.454881 0.8295052666666667
0.458142 0.8328903999999999
0.461426 0.8367238666666666
0.464734 0.8461886666666666
0.468065 0.8457412
0.47142 0.8480885333333333
0.4748 0.8534892
0.478203 0.8497738
0.481631 0.8543774
0.485084 0.8538204
0.488561 0.8579808
0.492063 0.8638496
0.49559 0.8603732
0.499143 0.8561622666666666
0.502721 0.8462502666666666
0.506325 0.8403514666666667
0.509954 0.8458507333333333
0.51361 0.8512497333333333
0.517292 0.8478527333333333
0.521 0.8462014666666666
0.524735 0.8369984666666667
0.528496 0.8290028666666666
0.532285 0.8212585333333333
0.5361 0.8196494
0.539943 0.8164232666666666
0.543814 0.8139774
0.547712 0.8170927333333333
0.551638 0.8185735333333333
0.555593 0.8072662666666666
0.559575 0.7976441999999999
0.563587 0.7843070666666666
0.567627 0.7598343333333333
0.571696 0.7513058666666665
0.575794 0.7682271333333334
0.579921 0.7839014666666666
0.584078 0.7917058
0.588265 0.7450564666666667
0.592482 0.7210384
0.596729 0.7459856666666667
0.601007 0.7875454666666666
0.605315 0.8129352666666666
0.609654 0.8324453333333333
0.614025 0.857648
0.618426 0.8867005333333333
0.622859 0.9105344
0.627324 0.8914040666666666
0.631821 0.9156432
0.63635 0.9679414
0.640912 0.9998207333333333
0.645506 0.9806272666666667
0.650134 0.9757516666666667
0.654794 1.0171927333333333
0.659488 1.0818146666666666
0.664215 1.1128896
0.668977 1.1407493999999998
0.673772 1.1653022666666666
0.678602 1.1848478
0.683467 1.1670328666666667
0.688366 0.8647915333333334
0.6933 1.0062527333333333
0.69827 1.1051049333333332
0.703276 1.1146916
0.708317 1.1842799333333334
0.713395 1.1725377333333333
0.718509 0.8530826666666667
0.723659 0.8889294666666667
0.728847 0.9449795333333333
0.734071 1.1279905333333333
0.739333 1.2527396666666666
0.744633 1.3684414666666664
0.749971 1.4015481333333333
0.755347 1.3482278666666665
0.760762 0.5266333666666666
0.766215 0.7515363333333333
0.771708 1.3857604
0.77724 1.4650856666666665
0.782811 1.4656532666666666
0.788423 1.3692744666666665
0.794075 1.3389308
0.799767 1.3305518666666667
0.8055 1.3523839333333332
0.811274 1.1995495999999999
0.81709 0.9386224666666667
0.822947 1.0755930666666667
0.828846 1.1354932666666666
0.834788 1.2553438666666665
0.840772 1.4043934
0.846799 1.5432078666666666
0.852869 1.5505449999999998
0.858983 1.6007263333333333
0.86514 1.6338148
0.871342 1.6421153333333331
0.877588 1.6340950666666665
0.883879 1.6004852666666667
0.890215 1.4981255333333332
0.896596 1.0275064
0.903024 0.9480275333333333
0.909497 0.8996439333333333
0.916017 0.8505360666666666
0.922583 0.9915589333333333
0.929196 0.6436229533333333
0.935857 0.40927951999999995
0.942566 0.4405487133333333
0.949323 0.45519948666666665
0.956128 0.5171185066666666
0.962982 0.65244034
0.969885 0.9362283333333333
0.976837 0.9478366
0.98384 1.2485574666666666
0.990892 1.5298699333333332
0.997995 1.6386506
1.00515 1.6407490666666666
1.01235 1.6598290666666666
1.01961 1.6841354
1.02692 1.6945080666666668
1.03428 1.7350731333333331
1.0417 1.745714
1.04916 1.7469473333333332
1.05668 1.7493770666666668
1.06426 1.7270459333333332
1.07189 1.6870004666666667
1.07957 1.5992389333333332
1.08731 1.4601812
1.0951 1.2791514666666666
1.10295 0.9646436666666666
1.11086 0.7005775333333333
1.11882 0.41671662
1.12684 0.36258766666666664
1.13492 0.3903395266666666
1.14306 0.4211373866666666
1.15125 0.43939113999999996
1.1595 0.62722152
1.16782 0.8977643333333334
1.17619 1.0556581999999999
1.18462 1.0197244666666667
1.19311 1.1274989999999998
1.20166 1.1169266666666666
1.21028 1.1906431333333334
1.21895 1.3105427333333333
1.22769 1.4863385333333332
1.23649 1.6904769333333332
1.24536 1.7572543999999999
1.25428 1.6810615333333332
1.26327 1.3558404666666668
1.27233 1.3303881333333334
1.28145 1.5667546666666665
1.29064 1.4721418666666666
1.29989 1.2524278666666666
1.30921 0.9790972666666666
1.31859 0.7897960666666666
1.32804 0.5900246666666666
1.33756 0.45547758
1.34715 0.3386638933333333
1.35681 0.23932333333333333
1.36653 0.19784678666666666
1.37633 0.21706885999999997
1.3862 0.21774746666666667
1.39613 0.22716011333333333
1.40614 0.24259837333333334
1.41622 0.26732352666666664
1.42637 0.26272450666666664
1.4366 0.22451803333333334
1.4469 0.24273990666666667
1.45727 0.2745602266666667
1.46771 0.23981839333333332
1.47824 0.24465829333333333
1.48883 0.33921965333333326
1.49951 0.58824444
1.51025 0.8405984
1.52108 1.0746111999999999
1.53198 1.2278132666666666
1.54297 1.379695733333333
1.55403 1.5390213333333334
1.56517 1.4405735333333332
1.57639 1.2166000666666665
1.58769 1.5047017999999999
1.59907 1.3446158666666665
1.61053 1.3010314666666667
1.62208 1.5596016
1.6337 1.499225
1.64541 1.4083947333333333
1.65721 1.4491426666666665
1.66909 1.4426698666666664
1.68105 1.5188913999999998
1.6931 1.4139347333333332
1.70524 1.2813738666666665
1.71746 1.2672055333333332
1.72978 1.1117656666666667
1.74218 1.0084505333333333
1.75466 0.9308400666666665
1.76724 0.7317429999999999
1.77991 0.5107903733333333
1.79267 0.3706797866666667
