0.4 1.4809094666666667
0.402867 1.5001512666666665
0.405755 1.4916414
0.408664 1.5061626666666665
0.411593 1.5243529999999998
0.414544 1.5428736
0.417515 1.556324
0.420508 1.5862387999999998
0.423523 1.6052441333333332
0.426559 1.6119673999999997
0.429617 1.6146762
0.432696 1.6395251333333332
0.435798 1.6680525999999998
0.438922 1.6869128
0.442068 1.7012761333333333
0.445237 1.7312904
0.448429 1.750303
0.451643 1.7665691999999997
0.454881 1.7837230666666666
0.458142 1.8016981333333333
0.461426 1.8221788666666667
0.464734 1.8529247999999998
0.468065 1.8659368
0.47142 1.8827467999999998
0.4748 1.9040410666666665
0.478203 1.9078505333333333
0.481631 1.9289579333333333
0.485084 1.9444381333333332
0.488561 1.9696555999999998
0.492063 1.9921654666666666
0.49559 1.9921786666666668
0.499143 1.9902803999999998
0.502721 1.9744447999999999
0.506325 1.9687076000000001
0.509954 1.9939202
0.51361 2.0244071999999997
0.517292 2.0341185999999998
0.521 2.0393505333333333
0.524735 2.0170558666666665
0.528496 1.9941751333333333
0.532285 1.9759774666666667
0.5361 1.9758659333333333
0.539943 1.9673944666666667
0.543814 1.9631619333333332
0.547712 1.9805466666666665
0.551638 1.9886430666666666
0.555593 1.9562597333333331
0.559575 1.9259520666666667
0.563587 1.8842677333333333
0.567627 1.8082112666666665
0.571696 1.7872150666666666
0.575794 1.8507852
0.579921 1.9159425333333333
0.584078 1.9530384666666667
0.588265 1.8156145333333333
0.592482 1.7466760666666667
0.596729 1.8276609333333333
0.601007 1.9824572
0.605315 2.106871733333333
0.609654 2.2000458666666667
0.614025 2.3218058
0.618426 2.4640633333333333
0.622859 2.5902027333333333
0.627324 2.553927133333333
0.631821 2.6894635333333334
0.63635 2.9498306666666663
0.640912 3.1295925333333328
0.645506 3.0700606
0.650134 3.084534866666666
0.654794 3.301652733333333
0.659488 3.6549998666666665
0.664215 3.8756208
0.668977 4.063990799999999
0.673772 4.2248627999999995
0.678602 4.362727866666667
0.683467 4.321199066666667
0.688366 2.9382964666666664
0.6933 3.540475333333333
0.69827 4.039293133333333
0.703276 4.096823266666666
0.708317 4.453948933333333
0.713395 4.4268008666666665
0.718509 2.9905962666666666
0.723659 3.1324896666666664
0.728847 3.3668977333333334
0.734071 4.2756206
0.739333 5.0081576666666665
0.744633 5.778857733333333
0.749971 6.0284130000000005
0.755347 5.757843533333333
0.760762 1.9679340666666667
0.766215 2.823053
0.771708 5.9819873999999995
0.77724 6.4606883999999996
0.782811 6.466462933333333
0.788423 5.905917866666667
0.794075 5.7382782
0.799767 5.670022666666666
0.8055 5.810298199999999
0.811274 4.986717266666666
0.81709 3.6280142666666664
0.822947 4.2977714
0.828846 4.5596546
0.834788 5.300004666666666
0.840772 6.2011720666666665
0.846799 7.040438666666667
0.852869 7.092197333333333
0.858983 7.393074666666667
0.86514 7.60081
0.871342 7.667797333333334
0.877588 7.631299333333333
0.883879 7.438319333333333
0.890215 6.850957333333334
0.896596 4.2271664
0.903024 3.7493740666666664
0.909497 3.547139533333333
0.916017 3.3231431999999996
0.922583 3.9806544666666666
0.929196 2.551490266666667
0.935857 1.7850746666666666
0.942566 1.8658405333333334
0.949323 1.9150019999999999
0.956128 2.1005772666666664
0.962982 2.5385162
0.969885 3.7296033333333334
0.976837 3.7970435999999994
0.98384 5.473490866666666
0.990892 7.140985333333333
0.997995 7.818680666666666
1.00515 7.841671333333332
1.01235 7.964219333333333
1.01961 8.128960666666666
1.02692 8.211070666666666
1.03428 8.486113999999999
1.0417 8.574056666666666
1.04916 8.588896666666667
1.05668 8.612190666666667
1.06426 8.458616666666666
1.07189 8.210260666666667
1.07957 7.693947333333334
1.08731 6.867281999999999
1.0951 5.797955866666666
1.10295 4.019313666666666
1.11086 2.8033218
1.11882 1.856352933333333
1.12684 1.6844763333333335
1.13492 1.7593249333333332
1.14306 1.8541987333333332
1.15125 1.9025232666666665
1.1595 2.5025828666666667
1.16782 3.6888628
1.17619 4.600493333333333
1.18462 4.3602776
1.19311 4.9924374
1.20166 4.9420388
1.21028 5.386883933333333
1.21895 6.112926933333332
1.22769 7.179333999999999
1.23649 8.449814666666665
1.24536 8.886751333333333
1.25428 8.436806666666666
1.26327 6.5008256
1.27233 6.3519796
1.28145 7.7279219999999995
1.29064 7.134251333333333
1.29989 5.8247648000000005
1.30921 4.2260257333333335
1.31859 3.204034333333333
1.32804 2.4240787333333333
1.33756 1.9857216666666666
1.34715 1.6436554
1.35681 1.1776556
1.36653 0.9256279999999999
1.37633 1.0453451333333332
1.3862 1.0566852
1.39613 1.1201699999999999
1.40614 1.2318346666666666
1.41622 1.4188782
1.42637 1.4065705999999998
1.4366 1.2056570666666666
1.4469 1.3753878666666666
1.45727 1.5350542666666664
1.46771 1.4170914666666665
1.47824 1.4339548666666666
1.48883 1.7321016666666664
1.49951 2.7123860666666664
1.51025 4.080343466666666
1.52108 5.4532945999999995
1.53198 6.3517969333333335
1.54297 7.294380666666666
1.55403 8.317654
1.56517 7.663411999999999
1.57639 6.227557666666667
1.58769 8.028726666666666
1.59907 6.992810666666667
1.61053 6.696108666666666
1.62208 8.307118
1.6337 7.917755999999999
1.64541 7.327815333333334
1.65721 7.575266
1.66909 7.535062666666666
1.68105 8.034126666666666
1.6931 7.345932666666666
1.70524 6.4615414
1.71746 6.397028
1.72978 5.4163408
1.74218 4.784506333333333
1.75466 4.275848533333333
1.76724 3.1796627999999996
1.77991 2.2700296666666664
1.79267 1.8244946666666666
