0.4 0.13859098436826586
0.402867 0.13834270553790412
0.405755 0.13474469166289052
0.408664 0.13366076073303534
0.411593 0.13307592801517082
0.414544 0.13220978930047045
0.417515 0.13123925867904254
0.420508 0.1313505151698532
0.423523 0.1303694146904309
0.426559 0.12897888144381525
0.429617 0.1268033760917536
0.432696 0.12617826580895597
0.435798 0.12629965174701122
0.438922 0.1253055209330091
0.442068 0.12389514372434617
0.445237 0.12395905423967787
0.448429 0.12279318507181669
0.451643 0.1217906500559864
0.454881 0.12078498848780857
0.458142 0.11994822626204504
0.461426 0.11910759497324844
0.464734 0.11910937845479708
0.468065 0.1176857379670255
0.47142 0.11675466960467991
0.4748 0.11641547689243681
0.478203 0.11480078185370694
0.481631 0.11420389789623521
0.485084 0.1127331844148544
0.488561 0.11195973214430924
0.492063 0.11180284036440304
0.49559 0.11062099993728589
0.499143 0.10954451595283582
0.502721 0.10811726482486783
0.506325 0.10703657691962454
0.509954 0.10703818205301832
0.51361 0.10693244707549193
0.517292 0.10591467603157469
0.521 0.10536194598158566
0.524735 0.10440435834053931
0.528496 0.10348646590310405
0.532285 0.10218952176069276
0.5361 0.10153844544245029
0.539943 0.10087400029210954
0.543814 0.10007961213203835
0.547712 0.09945506237201314
0.551638 0.09903296324606621
0.555593 0.09761863689968844
0.559575 0.09655367275013929
0.563587 0.09517349825553881
0.567627 0.09294494706655908
0.571696 0.09184247884787283
0.575794 0.09261522136555679
0.579921 0.09320067648208419
0.584078 0.09330824225801664
0.588265 0.09004880597609977
0.592482 0.08834095496439881
0.596729 0.08947981712595204
0.601007 0.09062520537406998
0.605315 0.09060041498054393
0.609654 0.09109978253464604
0.614025 0.09193939469112913
0.618426 0.092978192618529
0.622859 0.09364137477275263
0.627324 0.0917346801274116
0.631821 0.09225451404222389
0.63635 0.0939394272973544
0.640912 0.09478147081235686
0.645506 0.09355222253387031
0.650134 0.09277263363089454
0.654794 0.09409582407013689
0.659488 0.09605810874342151
0.664215 0.09610743838715353
0.668977 0.09663936721867221
0.673772 0.09728080909679379
0.678602 0.0975823448700528
0.683467 0.09624237150546192
0.688366 0.08134361433840638
0.6933 0.08976106488665574
0.69827 0.09472418465706296
0.703276 0.09598154642836926
0.708317 0.09986054600149166
0.713395 0.10020289074439011
0.718509 0.0848497825534234
0.723659 0.08778032663898011
0.728847 0.09255164570798524
0.734071 0.1033693821593151
0.739333 0.11044418412065062
0.744633 0.11645786187740392
0.749971 0.11841537118784809
0.755347 0.11570191320434325
0.760762 0.05842546514572448
0.766215 0.08001410163906202
0.771708 0.11834558610268067
0.77724 0.12125101585622594
0.782811 0.12094455549003773
0.788423 0.11694249569005932
0.794075 0.11541610118677836
0.799767 0.11530319588547479
0.8055 0.11602387894072982
0.811274 0.10779333725877775
0.81709 0.0924149982635352
0.822947 0.10050133636288423
0.828846 0.10411290105790923
0.834788 0.10978409940070838
0.840772 0.1159767258724388
0.846799 0.1205777115342742
0.852869 0.1205954589955623
0.858983 0.1216031406295758
0.86514 0.1220714282878742
0.871342 0.1221548442677348
0.877588 0.12188007527673841
0.883879 0.12089544787155973
0.890215 0.11712771570852278
0.896596 0.09488992832906362
0.903024 0.09132432650137783
0.909497 0.08785195708158663
0.916017 0.08532955728879833
0.922583 0.0942671693301036
0.929196 0.06897583951412219
0.935857 0.046533865335893564
0.942566 0.0511800531555913
0.949323 0.05245441987750014
0.956128 0.05874377656481546
0.962982 0.07034002091091714
0.969885 0.08910004110908176
0.976837 0.08951168320954046
0.98384 0.10405364943315357
0.990892 0.11418691842394053
0.997995 0.11691763978088451
1.00515 0.11688465993126777
1.01235 0.11743621797909626
1.01961 0.1182392760433488
1.02692 0.11867729547193602
1.03428 0.11992115737984661
1.0417 0.1202272537702086
1.04916 0.12029341729590479
1.05668 0.12036954647972381
1.06426 0.11977982920627099
1.07189 0.11856785522049837
1.07957 0.11581356642880453
1.08731 0.11077290524837242
1.0951 0.10343501064054672
1.10295 0.08913752333966926
1.11086 0.07198401236390206
1.11882 0.045411014470937185
1.12684 0.039229842318458934
1.13492 0.04321205815639005
1.14306 0.04727083630937341
1.15125 0.049071723182022804
1.1595 0.06596582858641975
1.16782 0.08284007546973633
1.17619 0.08974818014240638
1.18462 0.08865424715684578
1.19311 0.09325501079342717
1.20166 0.09237224566298356
1.21028 0.09471478680122912
1.21895 0.09902662642693115
1.22769 0.10428649932824044
1.23649 0.10953226452652416
1.24536 0.11092343473083574
1.25428 0.1087585611126589
1.26327 0.0984063570226227
1.27233 0.09743259429585767
1.28145 0.10609684229285588
1.29064 0.10356570344047925
1.29989 0.09578577111094448
1.30921 0.08390180023443185
1.31859 0.07392250029766627
1.32804 0.059918807004223425
1.33756 0.04875886048105081
1.34715 0.03302316092019776
1.35681 0.02138400418815673
1.36653 0.01814167040236383
1.37633 0.019517691204835114
1.3862 0.019266779373346282
1.39613 0.01962192005039248
1.40614 0.019653502960788074
1.41622 0.01945673726514006
1.42637 0.018132468729500334
1.4366 0.014725158532748502
1.4469 0.01456533092382774
1.45727 0.01782161881484752
1.46771 0.014373251780918559
1.47824 0.015616208116973446
1.48883 0.024033915632156115
1.49951 0.03841023427338668
1.51025 0.04840306683137233
1.52108 0.056460024802026255
1.53198 0.06186760637314538
1.54297 0.06611367556704358
1.55403 0.06986185494869422
1.56517 0.06877623881076349
1.57639 0.06490864987979413
1.58769 0.07255180009382314
1.59907 0.07003274159911985
1.61053 0.07006668962443444
1.62208 0.07708167579848359
1.6337 0.07626792412445574
1.64541 0.07495748011864874
1.65721 0.0769624664358693
1.66909 0.0770626362230123
1.68105 0.07933165060459654
1.6931 0.0771673702670165
1.70524 0.07417266088304972
1.71746 0.0734246432432431
1.72978 0.06910735853918032
1.74218 0.06605726659349094
1.75466 0.06372714067067886
1.76724 0.05539916993955549
1.77991 0.042634734259821144
1.79267 0.03013986271676778
