0.4 0.26798002
0.402867 0.26722576666666664
0.405755 0.26015848666666663
0.408664 0.2578763533333333
0.411593 0.2565167666666667
0.414544 0.25458805333333334
0.417515 0.25266938666666666
0.420508 0.25282702
0.423523 0.25084982
0.426559 0.24811234666666665
0.429617 0.24398267333333334
0.432696 0.24260616666666668
0.435798 0.24263834666666664
0.438922 0.24040716666666664
0.442068 0.23734982
0.445237 0.23715213333333332
0.448429 0.23461206666666667
0.451643 0.2326397
0.454881 0.23101121333333333
0.458142 0.22965779999999997
0.461426 0.22811653999999998
0.464734 0.22799635333333335
0.468065 0.22520388666666663
0.47142 0.22335596666666668
0.4748 0.22266518666666668
0.478203 0.21953003333333332
0.481631 0.21821148
0.485084 0.21516352666666666
0.488561 0.21351756
0.492063 0.21319761333333334
0.49559 0.211057
0.499143 0.20927224666666666
0.502721 0.20695374666666666
0.506325 0.20517757333333334
0.509954 0.20520327333333332
0.51361 0.2048735333333333
0.517292 0.20290494666666664
0.521 0.20217128666666664
0.524735 0.20096670666666666
0.528496 0.19967958
0.532285 0.19748676666666667
0.5361 0.19640571333333334
0.539943 0.19499071999999998
0.543814 0.19324363333333333
0.547712 0.19168504
0.551638 0.19089154
0.555593 0.18860634666666667
0.559575 0.18696511999999998
0.563587 0.18451657999999999
0.567627 0.18044179333333332
0.571696 0.17844739999999998
0.575794 0.17985421333333332
0.579921 0.18090419333333332
0.584078 0.18101563999999998
0.588265 0.17478196000000001
0.592482 0.17155494666666665
0.596729 0.17378253333333332
0.601007 0.17572179999999998
0.605315 0.17516665999999997
0.609654 0.1758194133333333
0.614025 0.17708786666666665
0.618426 0.17870794666666667
0.622859 0.17971234666666663
0.627324 0.17607525999999998
0.631821 0.17670833999999996
0.63635 0.17947955999999998
0.640912 0.18079328666666666
0.645506 0.17826472666666665
0.650134 0.17652172666666666
0.654794 0.17876742
0.659488 0.18230717333333335
0.664215 0.18239234666666665
0.668977 0.18327404666666663
0.673772 0.1843083533333333
0.678602 0.18456218666666668
0.683467 0.18181182666666665
0.688366 0.15451503333333333
0.6933 0.16908906
0.69827 0.17786976666666665
0.703276 0.18033270666666668
0.708317 0.18777088
0.713395 0.18856708666666666
0.718509 0.15906844666666664
0.723659 0.16519972666666666
0.728847 0.17563656
0.734071 0.19716244666666666
0.739333 0.21088490666666665
0.744633 0.2220536933333333
0.749971 0.22546739999999998
0.755347 0.22025622
0.760762 0.11272232
0.766215 0.15438839333333332
0.771708 0.22486337999999997
0.77724 0.23035129999999998
0.782811 0.2300352933333333
0.788423 0.22292023333333333
0.794075 0.22015810666666663
0.799767 0.21999255333333334
0.8055 0.22084380666666664
0.811274 0.20462935999999998
0.81709 0.17454256666666668
0.822947 0.19052930666666668
0.828846 0.19778444666666664
0.834788 0.20893231999999998
0.840772 0.22080504
0.846799 0.22934258666666665
0.852869 0.22937204
0.858983 0.23097703333333333
0.86514 0.23160666
0.871342 0.23170034666666664
0.877588 0.23119618
0.883879 0.22938687333333332
0.890215 0.22229774666666668
0.896596 0.17946958666666668
0.903024 0.17270882666666665
0.909497 0.16585944
0.916017 0.16125541999999998
0.922583 0.17916973333333333
0.929196 0.12743272666666666
0.935857 0.07936992666666666
0.942566 0.09014913999999999
0.949323 0.09286375999999999
0.956128 0.10651866
0.962982 0.13098770666666665
0.969885 0.16891319333333332
0.976837 0.16958654666666664
0.98384 0.19756882
0.990892 0.21641591999999998
0.997995 0.22133680666666666
1.00515 0.2213392933333333
1.01235 0.22242443999999997
1.01961 0.22408338
1.02692 0.22503605999999998
1.03428 0.22740626666666666
1.0417 0.22796106
1.04916 0.22804658666666666
1.05668 0.22807905333333334
1.06426 0.22690542666666663
1.07189 0.22453826
1.07957 0.2194033333333333
1.08731 0.20999379333333335
1.0951 0.19628603333333333
1.10295 0.16917901333333332
1.11086 0.13454765999999999
1.11882 0.07755310666666666
1.12684 0.06400558666666667
1.13492 0.07322318
1.14306 0.08253600666666666
1.15125 0.08640883333333334
1.1595 0.12263698
1.16782 0.15699180666666665
1.17619 0.17042964
1.18462 0.1687615
1.19311 0.17765035333333334
1.20166 0.17568689333333332
1.21028 0.18002226666666665
1.21895 0.18838717333333332
1.22769 0.19807594666666664
1.23649 0.20763585333333334
1.24536 0.21024767333333333
1.25428 0.20662819999999998
1.26327 0.18836599333333331
1.27233 0.18661036666666667
1.28145 0.20199647999999998
1.29064 0.19719123333333333
1.29989 0.18232058666666665
1.30921 0.15940648666666665
1.31859 0.13967642
1.32804 0.11058650666666665
1.33756 0.08682719333333333
1.34715 0.05015335866666666
1.35681 0.025944553999999998
1.36653 0.021351638666666665
1.37633 0.023164482
1.3862 0.022786611999999998
1.39613 0.023254104666666667
1.40614 0.023218799999999998
1.41622 0.023620669333333334
1.42637 0.023792334666666665
1.4366 0.020357740666666665
1.4469 0.022716256666666663
1.45727 0.033068054666666666
1.46771 0.02688980666666667
1.47824 0.03160678533333333
1.48883 0.051596378
1.49951 0.08201931333333333
1.51025 0.10200248
1.52108 0.11789743333333333
1.53198 0.12839834
1.54297 0.13621754666666666
1.55403 0.14290068
1.56517 0.14071358666666667
1.57639 0.13317320666666665
1.58769 0.14674994
1.59907 0.14181306
1.61053 0.14164797333333332
1.62208 0.15437328
1.6337 0.15276207333333333
1.64541 0.15014792
1.65721 0.15355073333333333
1.66909 0.15339681333333333
1.68105 0.15721955999999998
1.6931 0.15288133999999998
1.70524 0.14690449333333333
1.71746 0.14482464666666667
1.72978 0.13620539999999998
1.74218 0.12971954
1.75466 0.12484230666666665
1.76724 0.1081513
1.77991 0.08138225333333332
1.79267 0.053590846
