0.4 0.6501856733333333
0.402867 0.6552220466666666
0.405755 0.6460142933333333
0.408664 0.6482048266666667
0.411593 0.65261576
0.414544 0.6559039933333333
0.417515 0.6581925399999999
0.420508 0.6666412466666667
0.423523 0.6702322666666666
0.426559 0.6705642666666667
0.429617 0.6673812
0.432696 0.67289
0.435798 0.6800059333333334
0.438922 0.6818793999999999
0.442068 0.6821671333333332
0.445237 0.6897302666666666
0.448429 0.6914334666666666
0.451643 0.6928023333333333
0.454881 0.6936775333333333
0.458142 0.6950454666666667
0.461426 0.6966607999999999
0.464734 0.7028137999999999
0.468065 0.7007044666666666
0.47142 0.7009578
0.4748 0.7040110666666666
0.478203 0.6996507333333333
0.481631 0.701759
0.485084 0.6994400000000001
0.488561 0.7007168
0.492063 0.7039275999999999
0.49559 0.6998499333333333
0.499143 0.6953656666666667
0.502721 0.6871117333333332
0.506325 0.6817308
0.509954 0.6848900666666666
0.51361 0.6878702
0.517292 0.6839521333333334
0.521 0.6820606666666666
0.524735 0.6755896
0.528496 0.6690383333333334
0.532285 0.6617947733333334
0.5361 0.6593635666666666
0.539943 0.65659694
0.543814 0.6538994866666666
0.547712 0.6545901599999999
0.551638 0.6543666533333333
0.555593 0.6449533133333333
0.559575 0.6373098866666667
0.563587 0.6270262333333333
0.567627 0.6094701533333333
0.571696 0.6028849266666666
0.575794 0.6133432
0.579921 0.6225704933333334
0.584078 0.6270347066666666
0.588265 0.5967274
0.592482 0.58073882
0.596729 0.59570188
0.601007 0.6197324133333333
0.605315 0.6331672666666666
0.609654 0.6446561666666666
0.614025 0.6599030733333333
0.618426 0.6775950666666667
0.622859 0.6914374666666667
0.627324 0.6776364666666665
0.631821 0.6913644
0.63635 0.7218622666666665
0.640912 0.7396077999999999
0.645506 0.7288521333333333
0.650134 0.7254317333333333
0.654794 0.7488479333333333
0.659488 0.7834023333333333
0.664215 0.7971195333333332
0.668977 0.8105967333333333
0.673772 0.8233509999999999
0.678602 0.8330368666666665
0.683467 0.8205394
0.688366 0.6383877666666666
0.6933 0.7312627999999999
0.69827 0.7889544666666667
0.703276 0.7950183333333333
0.708317 0.8336863999999999
0.713395 0.8265452666666666
0.718509 0.6437183799999999
0.723659 0.6657652733333332
0.728847 0.7002967333333332
0.734071 0.8025917999999999
0.739333 0.8710876666666666
0.744633 0.9473301999999999
0.749971 0.9723104666666667
0.755347 0.9362061333333332
0.760762 0.3914126133333333
0.766215 0.5536019533333333
0.771708 0.9609142666666666
0.77724 1.012003
0.782811 1.0118672666666666
0.788423 0.9499797333333333
0.794075 0.9303264666666666
0.799767 0.9242412
0.8055 0.9372422666666667
0.811274 0.8449255333333332
0.81709 0.6883796666666666
0.822947 0.7686426666666667
0.828846 0.8042587333333333
0.834788 0.8765045333333333
0.840772 0.9688432666666666
0.846799 1.0516849333333331
0.852869 1.0558065333333333
0.858983 1.0848921333333332
0.86514 1.1040176
0.871342 1.1085302
0.877588 1.1029909333333332
0.883879 1.0826164666666667
0.890215 1.0215433333333332
0.896596 0.7368339333333332
0.903024 0.6903541999999999
0.909497 0.6593979799999999
0.916017 0.63158874
0.922583 0.7164391333333333
0.929196 0.4998478866666667
0.935857 0.33988508
0.942566 0.3639374866666667
0.949323 0.37434476666666666
0.956128 0.41872205999999995
0.962982 0.5093845333333333
0.969885 0.6807622666666666
0.976837 0.688893
0.98384 0.8674774
0.990892 1.0345830666666667
0.997995 1.0974261333333333
1.00515 1.0982571333333333
1.01235 1.1087314666666666
1.01961 1.1217211999999999
1.02692 1.1271433333333332
1.03428 1.1493280666666665
1.0417 1.1547718666666666
1.04916 1.1551631333333332
1.05668 1.1561687333333333
1.06426 1.1434549999999999
1.07189 1.1202526
1.07957 1.0702295999999998
1.08731 0.9885974666666667
1.0951 0.8808809333333333
1.10295 0.6941017333333332
1.11086 0.5341171933333333
1.11882 0.3413327666666666
1.12684 0.3019555133333333
1.13492 0.32300978666666663
1.14306 0.34614126
1.15125 0.35927873333333327
1.1595 0.48747317999999995
1.16782 0.6519260666666666
1.17619 0.7432476666666666
1.18462 0.7224139333333334
1.19311 0.7861947333333333
1.20166 0.7780632666666666
1.21028 0.8214540666666666
1.21895 0.8927101999999999
1.22769 0.9965493333333333
1.23649 1.1135056666666667
1.24536 1.1510058666666665
1.25428 1.1050692
1.26327 0.9115626666666665
1.27233 0.8966957333333332
1.28145 1.0403276
1.29064 0.9875234666666667
1.29989 0.8582625333333334
1.30921 0.6965828666666667
1.31859 0.5845298999999999
1.32804 0.45877290666666665
1.33756 0.36818542666666665
1.34715 0.27969419333333334
1.35681 0.20258667999999996
1.36653 0.17065732666666666
1.37633 0.18534449999999997
1.3862 0.18538803333333334
1.39613 0.19211384666666667
1.40614 0.20213678000000002
1.41622 0.21734938666666664
1.42637 0.21049991333333332
1.4366 0.17860669333333334
1.4469 0.18764298666666668
1.45727 0.20890032666666664
1.46771 0.18091538
1.47824 0.18291298
1.48883 0.24857282666666664
1.49951 0.40628615999999995
1.51025 0.5533010733333332
1.52108 0.6934228
1.53198 0.7850481333333332
1.54297 0.8748191333333333
1.55403 0.9664168666666666
1.56517 0.9111450666666667
1.57639 0.7825162
1.58769 0.9528665333333333
1.59907 0.8618201333333333
1.61053 0.8382054666666666
1.62208 0.9908412666666666
1.6337 0.956823
1.64541 0.9054338
1.65721 0.9316454
1.66909 0.9278274
1.68105 0.9746390666666667
1.6931 0.9152611333333334
1.70524 0.8394092
1.71746 0.8319594666666666
1.72978 0.7417209999999999
1.74218 0.6812636
1.75466 0.6375511333333332
1.76724 0.5236320733333333
1.77991 0.38573002
1.79267 0.28784208666666666
