0.4 0.2658471866666666
0.402867 0.2651205333333333
0.405755 0.25810068666666663
0.408664 0.25583076
0.411593 0.25447218
0.414544 0.25258395333333333
0.417515 0.25065272
0.420508 0.25082145333333333
0.423523 0.24885112666666667
0.426559 0.24612392
0.429617 0.2420519733333333
0.432696 0.24067674666666666
0.435798 0.24077377333333333
0.438922 0.23863022666666667
0.442068 0.2356767733333333
0.445237 0.23551297333333332
0.448429 0.23304579333333333
0.451643 0.23107911333333334
0.454881 0.22934660666666665
0.458142 0.22792459999999998
0.461426 0.22645507999999998
0.464734 0.22640300666666668
0.468065 0.22376056
0.47142 0.22194876666666666
0.4748 0.22121669333333333
0.478203 0.21806976666666666
0.481631 0.21677369999999999
0.485084 0.21380188666666666
0.488561 0.21218134666666666
0.492063 0.21183839999999998
0.49559 0.20968964666666667
0.499143 0.20788049999999997
0.502721 0.20553678
0.506325 0.2037584
0.509954 0.20379966
0.51361 0.2035069333333333
0.517292 0.20159027333333335
0.521 0.20085288666666667
0.524735 0.19962439333333332
0.528496 0.19833859999999998
0.532285 0.19617221333333335
0.5361 0.19511766666666666
0.539943 0.19376476
0.543814 0.19207183333333333
0.547712 0.19059189999999998
0.551638 0.18982717333333332
0.555593 0.18753641333333332
0.559575 0.18588105333333332
0.563587 0.18341809999999997
0.567627 0.17931528
0.571696 0.17729855333333333
0.575794 0.17868246
0.579921 0.17970007999999998
0.584078 0.1798120933333333
0.588265 0.17368581333333333
0.592482 0.1705259
0.596729 0.17272140666666663
0.601007 0.17464521333333333
0.605315 0.17411989333333333
0.609654 0.17477310000000001
0.614025 0.17604442
0.618426 0.17768242
0.622859 0.17869984
0.627324 0.17514001999999998
0.631821 0.17579980666666664
0.63635 0.17846425333333332
0.640912 0.17971007333333333
0.645506 0.17719124
0.650134 0.17548790666666664
0.654794 0.17772284
0.659488 0.1812155933333333
0.664215 0.18126805999999998
0.668977 0.18212718
0.673772 0.18315532666666667
0.678602 0.18346649333333334
0.683467 0.1807938
0.688366 0.15378086666666665
0.6933 0.16831162
0.69827 0.17710486666666664
0.703276 0.17962537999999997
0.708317 0.18706787333333333
0.713395 0.18793773333333333
0.718509 0.15880477999999998
0.723659 0.16487523333333332
0.728847 0.17522773333333333
0.734071 0.19662064
0.739333 0.2103164933333333
0.744633 0.22148618
0.749971 0.22490072
0.755347 0.21972682
0.760762 0.11265937999999999
0.766215 0.15417438666666666
0.771708 0.22439473999999998
0.77724 0.22976132
0.782811 0.22937055333333334
0.788423 0.22223528666666664
0.794075 0.21948621333333332
0.799767 0.21932096
0.8055 0.22021268
0.811274 0.20413458666666665
0.81709 0.17427517333333334
0.822947 0.19009352666666668
0.828846 0.19724635999999998
0.834788 0.20829093999999998
0.840772 0.2200862
0.846799 0.22860681333333333
0.852869 0.22864125333333332
0.858983 0.23031476666666664
0.86514 0.23100565333333334
0.871342 0.23114323333333334
0.877588 0.23066785999999997
0.883879 0.22888681333333333
0.890215 0.22181701999999998
0.896596 0.17922984666666666
0.903024 0.17243965333333333
0.909497 0.16559726
0.916017 0.16098382
0.922583 0.1786837
0.929196 0.12758626666666667
0.935857 0.08024079333333334
0.942566 0.09084137333333332
0.949323 0.09353081999999999
0.956128 0.10700244666666665
0.962982 0.1311248133333333
0.969885 0.16860893333333332
0.976837 0.16927893333333333
0.98384 0.19710285333333333
0.990892 0.2159329733333333
0.997995 0.22088331333333333
1.00515 0.22088912
1.01235 0.22196291333333332
1.01961 0.22356832666666665
1.02692 0.22445936
1.03428 0.22676468
1.0417 0.22729584666666663
1.04916 0.22737704666666664
1.05668 0.22738413999999998
1.06426 0.22614373999999998
1.07189 0.22370779333333335
1.07957 0.21855926666666664
1.08731 0.2092027933333333
1.0951 0.19558567999999998
1.10295 0.16864765333333334
1.11086 0.13438971333333333
1.11882 0.07824227333333333
1.12684 0.06490379933333333
1.13492 0.07395272
1.14306 0.08310526666666666
1.15125 0.08689440666666666
1.1595 0.122527
1.16782 0.1564375
1.17619 0.16978666
1.18462 0.16812923999999999
1.19311 0.17697563333333333
1.20166 0.17505237333333334
1.21028 0.17935766
1.21895 0.18764275999999996
1.22769 0.19727222
1.23649 0.20679046
1.24536 0.2093659
1.25428 0.20570068
1.26327 0.18746074000000001
1.27233 0.18569846666666667
1.28145 0.20101043333333335
1.29064 0.19620248666666665
1.29989 0.1814227
1.30921 0.15867795333333332
1.31859 0.13913815333333332
1.32804 0.11045712666666666
1.33756 0.08707267333333332
1.34715 0.05110253866666667
1.35681 0.027025262666666664
1.36653 0.0222728
1.37633 0.024169200666666668
1.3862 0.023781904
1.39613 0.024267471333333332
1.40614 0.024227865333333334
1.41622 0.024537416
1.42637 0.024452399333333333
1.4366 0.020766829333333334
1.4469 0.02284763733333333
1.45727 0.03275881733333333
1.46771 0.026621510666666667
1.47824 0.031114047333333332
1.48883 0.05057779
1.49951 0.08037844666666666
1.51025 0.10002873333333334
1.52108 0.11568172
1.53198 0.12605744
1.54297 0.13381453333333332
1.55403 0.14045615333333333
1.56517 0.13833266
1.57639 0.13094937333333334
1.58769 0.14442181999999998
1.59907 0.1395927
1.61053 0.13947799333333333
1.62208 0.15208342
1.6337 0.15052238666666667
1.64541 0.14797804666666664
1.65721 0.15137798
1.66909 0.15127942666666666
1.68105 0.15509297333333333
1.6931 0.15084502666666666
1.70524 0.14499018
1.71746 0.1429681133333333
1.72978 0.13449568666666667
1.74218 0.12811936
1.75466 0.12331652666666666
1.76724 0.10689648666666665
1.77991 0.08062598
1.79267 0.05343057333333333
