0.4 0.022231537118035233
0.402867 0.02245007471077358
0.405755 0.02217963559846068
0.408664 0.02229999647209565
0.411593 0.022500372257378345
0.414544 0.022659842593714258
0.417515 0.022797976282392187
0.420508 0.023116703423058747
0.423523 0.023281507093665724
0.426559 0.02330798175174499
0.429617 0.023197226507773266
0.432696 0.023451180618222257
0.435798 0.02374631826581093
0.438922 0.02386912399814186
0.442068 0.0239286414925709
0.445237 0.024258581546444224
0.448429 0.024383800687020715
0.451643 0.02448375021835386
0.454881 0.02457620130019975
0.458142 0.02469070411362824
0.461426 0.024820589507870194
0.464734 0.025114727362193907
0.468065 0.025112262640055602
0.47142 0.025194111609547005
0.4748 0.025365723475019558
0.478203 0.025260862707565297
0.481631 0.02540459126583857
0.485084 0.02540254202070276
0.488561 0.025533210365630693
0.492063 0.02572442082755557
0.49559 0.025622681931124037
0.499143 0.025501776468111293
0.502721 0.025208322247261807
0.506325 0.02503281714708859
0.509954 0.025217667996887634
0.51361 0.02540392584051983
0.517292 0.02532353186818059
0.521 0.025288221288829155
0.524735 0.025010240689570574
0.528496 0.024738482313628237
0.532285 0.024476490130174812
0.5361 0.024417201065332798
0.539943 0.024302999514113292
0.543814 0.024218018741877984
0.547712 0.024321384785295386
0.551638 0.024378813307703917
0.555593 0.02403876938282173
0.559575 0.023745161220294027
0.563587 0.023334923200719494
0.567627 0.022578289920571246
0.571696 0.022317274356366712
0.575794 0.022847182994954546
0.579921 0.023351557178401032
0.584078 0.023598828895785996
0.588265 0.02214114355775946
0.592482 0.021395754641268364
0.596729 0.022175057074998925
0.601007 0.023508768048169593
0.605315 0.02436742327880287
0.609654 0.025015984534983545
0.614025 0.025864914955299467
0.618426 0.026825804013136174
0.622859 0.02763042240414223
0.627324 0.02706870742849093
0.631821 0.02790094428079826
0.63635 0.029645320337553998
0.640912 0.03074158206558194
0.645506 0.030111053504481636
0.650134 0.029969031546963627
0.654794 0.03137299786044055
0.659488 0.03360007046389111
0.664215 0.034748902447386064
0.668977 0.03577032700107227
0.673772 0.036658752565928106
0.678602 0.037363904769364874
0.683467 0.03681221090037932
0.688366 0.026862902302299145
0.6933 0.0313323208410808
0.69827 0.03461431603845453
0.703276 0.03491162542240685
0.708317 0.03725616214748295
0.713395 0.03688371267169306
0.718509 0.026358864142085752
0.723659 0.0274839576566852
0.728847 0.029239688981317877
0.734071 0.03537490710949108
0.739333 0.039760627723355896
0.744633 0.04396378509386567
0.749971 0.045130980829813504
0.755347 0.04334434529945744
0.760762 0.016608312458736722
0.766215 0.0236244229412544
0.771708 0.044408074019489256
0.77724 0.04698941608311857
0.782811 0.0469369451448633
0.788423 0.043756392547572714
0.794075 0.042742487962102976
0.799767 0.04244673289251458
0.8055 0.04315396910211127
0.811274 0.037976569474644783
0.81709 0.029219150181927632
0.822947 0.03376076571250529
0.828846 0.03565874576895615
0.834788 0.03979616011114691
0.840772 0.044793057327402214
0.846799 0.04935405295656635
0.852869 0.049610845883984574
0.858983 0.05124705556542158
0.86514 0.05233648261399414
0.871342 0.05265631548628487
0.877588 0.05239314639387218
0.883879 0.05127132538139996
0.890215 0.047895715435515976
0.896596 0.03221657177246934
0.903024 0.029500618470605557
0.909497 0.027972596683216493
0.916017 0.02635438493583575
0.922583 0.03092295846825654
0.929196 0.020002094143797534
0.935857 0.01315650585141081
0.942566 0.013995838587440424
0.949323 0.014411798768170033
0.956128 0.016163225684845392
0.962982 0.020126076785087717
0.969885 0.02909180896359338
0.976837 0.029466019664605003
0.98384 0.03953858423304271
0.990892 0.048842759674034494
0.997995 0.05244653932690988
1.00515 0.05251985529262495
1.01235 0.05316023115527043
1.01961 0.05397731882221191
1.02692 0.05434643951612126
1.03428 0.05573943127769963
1.0417 0.05613243610574839
1.04916 0.05618221554756519
1.05668 0.056273491375738685
1.06426 0.05549595016722985
1.07189 0.05414134781856722
1.07957 0.051257132951840645
1.08731 0.04664596888844703
1.0951 0.04059507769419842
1.10295 0.030110277174943106
1.11086 0.02161880785656769
1.11882 0.013335310434887105
1.12684 0.011811881737484185
1.13492 0.012556296186599309
1.14306 0.013400895714368114
1.15125 0.013900201409441537
1.1595 0.019325242379849398
1.16782 0.02789188820637337
1.17619 0.03324961809521735
1.18462 0.03200382768374984
1.19311 0.03561513723656285
1.20166 0.03530647920588105
1.21028 0.03773569213040976
1.21895 0.04171817493284166
1.22769 0.04750536734288157
1.23649 0.05425722286480474
1.24536 0.056476699356843164
1.25428 0.05399155594451651
1.26327 0.04336586237338343
1.27233 0.042514213972039236
1.28145 0.05021847686191553
1.29064 0.0470557103219628
1.29989 0.039805356884955116
1.30921 0.030646561978525402
1.31859 0.024346818267938122
1.32804 0.018228388059124672
1.33756 0.0143131435056347
1.34715 0.011103613291000018
1.35681 0.008036416558870869
1.36653 0.006633095476212955
1.37633 0.007286680031435346
1.3862 0.007309202195544269
1.39613 0.007626240281496305
1.40614 0.008142492141353541
1.41622 0.00894728367536542
1.42637 0.00872795949031
1.4366 0.007422031679483426
1.4469 0.007949972678577775
1.45727 0.008763844785260108
1.46771 0.007683894088446828
1.47824 0.007712614805269859
1.48883 0.010303089583105792
1.49951 0.01785113990672031
1.51025 0.02623976956290061
1.52108 0.034007964597268306
1.53198 0.039132007708008086
1.54297 0.04419214515884625
1.55403 0.04945333871786761
1.56517 0.04622549291962775
1.57639 0.03891491021484013
1.58769 0.04835138445831944
1.59907 0.04311053437483854
1.61053 0.04167915320034444
1.62208 0.05015945760883211
1.6337 0.04819706537469972
1.64541 0.04518950018626444
1.65721 0.04650175864169675
1.66909 0.04629409131778462
1.68105 0.04882674477363955
1.6931 0.04533908349417048
1.70524 0.04097239536865101
1.71746 0.040446060494399375
1.72978 0.03532301386635084
1.74218 0.031845620331290035
1.75466 0.02913140839120563
1.76724 0.02244951025795346
1.77991 0.015646956113418726
1.79267 0.011704831687625542
