0.4 0.24583277333333334
0.402867 0.24526520666666665
0.405755 0.23866371999999997
0.408664 0.2365980533333333
0.411593 0.23543638666666666
0.414544 0.23373855333333332
0.417515 0.23203293333333333
0.420508 0.2321921
0.423523 0.2303515
0.426559 0.22781086666666664
0.429617 0.22380794666666665
0.432696 0.22246774666666663
0.435798 0.22255704666666667
0.438922 0.22063921999999997
0.442068 0.21800232666666666
0.445237 0.21804685333333332
0.448429 0.2159207933333333
0.451643 0.2141269
0.454881 0.21233586666666665
0.458142 0.21083063999999999
0.461426 0.20921548
0.464734 0.20910586
0.468065 0.20643388
0.47142 0.20474368666666667
0.4748 0.20416907333333334
0.478203 0.2013655533333333
0.481631 0.20028433999999998
0.485084 0.19764689333333332
0.488561 0.19622815999999998
0.492063 0.19586710666666665
0.49559 0.19367112666666667
0.499143 0.19173054666666667
0.502721 0.18918861999999997
0.506325 0.18727776666666665
0.509954 0.18727190666666665
0.51361 0.18703889333333334
0.517292 0.18520910666666668
0.521 0.18425116666666666
0.524735 0.18261248666666666
0.528496 0.18101190666666667
0.532285 0.17872053999999998
0.5361 0.17754436666666665
0.539943 0.1763315533333333
0.543814 0.17490835333333332
0.547712 0.17381041999999997
0.551638 0.17309064666666665
0.555593 0.17064115333333332
0.559575 0.16879139999999998
0.563587 0.16636863999999998
0.567627 0.1624103533333333
0.571696 0.16043246
0.575794 0.16179464666666665
0.579921 0.16283838
0.584078 0.16298185333333332
0.588265 0.15700231999999997
0.592482 0.15387171333333333
0.596729 0.1559506333333333
0.601007 0.15805514666666665
0.605315 0.15797899999999998
0.609654 0.15880126
0.614025 0.16022097333333332
0.618426 0.16198428666666664
0.622859 0.16307894
0.627324 0.15963869333333333
0.631821 0.16045731333333332
0.63635 0.16335482666666667
0.640912 0.16481511333333332
0.645506 0.16255216
0.650134 0.16109314
0.654794 0.16339225333333332
0.659488 0.16681508
0.664215 0.16684464
0.668977 0.1677340533333333
0.673772 0.16883417999999997
0.678602 0.16932420666666664
0.683467 0.16696988000000001
0.688366 0.14114523333333334
0.6933 0.15546147999999999
0.69827 0.16413590666666666
0.703276 0.16645347333333332
0.708317 0.17346059333333333
0.713395 0.17412512666666663
0.718509 0.14674730666666666
0.723659 0.15200133999999998
0.728847 0.16057228666666667
0.734071 0.17998285333333333
0.739333 0.19269112666666666
0.744633 0.20346344
0.749971 0.2069647933333333
0.755347 0.20229672666666665
0.760762 0.10219444666666666
0.766215 0.14011585999999998
0.771708 0.2070196333333333
0.77724 0.2119916733333333
0.782811 0.21138913333333334
0.788423 0.20424203333333335
0.794075 0.20151606666666666
0.799767 0.20130869333333334
0.8055 0.20253466
0.811274 0.18780415333333333
0.81709 0.16039493333333332
0.822947 0.17487104666666667
0.828846 0.1813651533333333
0.834788 0.19148691333333334
0.840772 0.20248529333333332
0.846799 0.2106362
0.852869 0.21064071333333334
0.858983 0.21238205333333332
0.86514 0.21318342
0.871342 0.21333259999999998
0.877588 0.21285837333333335
0.883879 0.2111435333333333
0.890215 0.20447132666666668
0.896596 0.1648972933333333
0.903024 0.15856957333333332
0.909497 0.15235633999999998
0.916017 0.14782462
0.922583 0.16376069999999998
0.929196 0.11863019333333333
0.935857 0.07870339333333333
0.942566 0.08694291999999999
0.949323 0.08922866666666665
0.956128 0.10039013333333333
0.962982 0.12105016666666665
0.969885 0.15453342666666664
0.976837 0.15528343333333333
0.98384 0.18128643333333333
0.990892 0.1994186933333333
0.997995 0.20426882666666668
1.00515 0.20418334
1.01235 0.2051308733333333
1.01961 0.20655238
1.02692 0.2073522733333333
1.03428 0.20958123333333334
1.0417 0.21012073999999997
1.04916 0.21022332
1.05668 0.21032673999999998
1.06426 0.20925852666666667
1.07189 0.20707051333333332
1.07957 0.20215509999999998
1.08731 0.19319332666666666
1.0951 0.18013530666666666
1.10295 0.15465834
1.11086 0.12409453999999999
1.11882 0.07678449999999999
1.12684 0.06583711333333334
1.13492 0.07285644666666666
1.14306 0.07997477333333333
1.15125 0.0831982
1.1595 0.11330836666666666
1.16782 0.14348294
1.17619 0.15582231333333332
1.18462 0.1538938933333333
1.19311 0.1621168
1.20166 0.16062246666666666
1.21028 0.16482868666666667
1.21895 0.17254967333333332
1.22769 0.18189569333333333
1.23649 0.19119751333333335
1.24536 0.19366036666666667
1.25428 0.18990686
1.26327 0.171967
1.27233 0.17022962666666666
1.28145 0.18516317999999998
1.29064 0.18054847333333335
1.29989 0.16667653999999998
1.30921 0.14547411999999998
1.31859 0.12766393999999998
1.32804 0.10262595333333333
1.33756 0.08269854666666666
1.34715 0.05508558533333333
1.35681 0.035325126
1.36653 0.029924299333333335
1.37633 0.032206712666666665
1.3862 0.031764898
1.39613 0.032313195999999995
1.40614 0.032246303999999996
1.41622 0.03170281933333333
1.42637 0.029418338000000002
1.4366 0.023782089333333332
1.4469 0.023587280000000002
1.45727 0.029390523333333335
1.46771 0.023633233999999996
1.47824 0.025996987333333332
1.48883 0.040987256
1.49951 0.06662161533333333
1.51025 0.08444604666666666
1.52108 0.09877859333333333
1.53198 0.10840439999999998
1.54297 0.11587902666666666
1.55403 0.12242890666666667
1.56517 0.12056469333333332
1.57639 0.11386070666666666
1.58769 0.12706075333333333
1.59907 0.12270386666666666
1.61053 0.12277989333333333
1.62208 0.1349442733333333
1.6337 0.1335228333333333
1.64541 0.13124550666666665
1.65721 0.1347188933333333
1.66909 0.13486766666666666
1.68105 0.13875345333333333
1.6931 0.13485446666666667
1.70524 0.1295182
1.71746 0.12808178666666664
1.72978 0.12037487333333333
1.74218 0.11483201999999999
1.75466 0.11060884666666666
1.76724 0.09564043333333333
1.77991 0.07271927333333333
1.79267 0.05039691733333333
