0.4 0.10617965286270377
0.402867 0.10611564914528683
0.405755 0.10342198688071128
0.408664 0.10268449775459544
0.411593 0.10234103492658879
0.414544 0.10170172919445022
0.417515 0.1010950208875347
0.420508 0.10124881927313913
0.423523 0.10057904694863781
0.426559 0.09961561588717965
0.429617 0.09803841353169686
0.432696 0.0976353711946674
0.435798 0.09777928241421079
0.438922 0.09702123163989815
0.442068 0.09597529239353766
0.445237 0.09612086713575507
0.448429 0.09533634984268517
0.451643 0.09466702705026524
0.454881 0.09395573015214514
0.458142 0.09337236195725145
0.461426 0.09277193694055812
0.464734 0.09283029230007118
0.468065 0.09174833715288574
0.47142 0.0909925822938362
0.4748 0.09067653076387647
0.478203 0.0893547159649309
0.481631 0.08893286947236177
0.485084 0.08784964446053968
0.488561 0.0873029118604136
0.492063 0.08722866541483738
0.49559 0.08633098286480691
0.499143 0.08544146300466088
0.502721 0.08420084843004189
0.506325 0.08327603649191381
0.509954 0.08326904715695364
0.51361 0.08319597660603097
0.517292 0.08238299402726569
0.521 0.08190491792858527
0.524735 0.08105781916649152
0.528496 0.08023941426572771
0.532285 0.0791678034358725
0.5361 0.07860001394034134
0.539943 0.07801028880307652
0.543814 0.07735543484832669
0.547712 0.07682809816066095
0.551638 0.07645464620939495
0.555593 0.07529760650597307
0.559575 0.07442610602502125
0.563587 0.07334533947113572
0.567627 0.07158087017768472
0.571696 0.07071043384329842
0.575794 0.07135242152954961
0.579921 0.07185181865547954
0.584078 0.07196111082529831
0.588265 0.06930311397890798
0.592482 0.06790536635414869
0.596729 0.06882667854533812
0.601007 0.06980370223786711
0.605315 0.06990379296852864
0.609654 0.07039321403787296
0.614025 0.07114375483272439
0.618426 0.07205021214739418
0.622859 0.07268202313844718
0.627324 0.07120599851775491
0.631821 0.07172454520240568
0.63635 0.07315960145019003
0.640912 0.07389274509951922
0.645506 0.07287509843726349
0.650134 0.07227093239935058
0.654794 0.07343257663194498
0.659488 0.07516626440660334
0.664215 0.07535316816328548
0.668977 0.07588065977443688
0.673772 0.07647385164215979
0.678602 0.07682091072681747
0.683467 0.07577749597135464
0.688366 0.06348214083525465
0.6933 0.0702911473978368
0.69827 0.07418744004601958
0.703276 0.07491600710319825
0.708317 0.07778592149988364
0.713395 0.07775445933364576
0.718509 0.06526014942546171
0.723659 0.06729127251450637
0.728847 0.07068473432278169
0.734071 0.07883658972215107
0.739333 0.08410842514205652
0.744633 0.08861659952568457
0.749971 0.08998000239148075
0.755347 0.08772220592506304
0.760762 0.04361938295907868
0.766215 0.059834238789461064
0.771708 0.0894790636498819
0.77724 0.09176130247082605
0.782811 0.09153019726587105
0.788423 0.08840784393833478
0.794075 0.08723690175687075
0.799767 0.08713632339818875
0.8055 0.0876896821519889
0.811274 0.08137227066700904
0.81709 0.06968141935281531
0.822947 0.07578845744289829
0.828846 0.07849948891597408
0.834788 0.08284796258316651
0.840772 0.08764405591559371
0.846799 0.09130555821164592
0.852869 0.09134038805890023
0.858983 0.09222610086486555
0.86514 0.09267193510042117
0.871342 0.09275320643716739
0.877588 0.09251972404561257
0.883879 0.09169046180220533
0.890215 0.08869769054165239
0.896596 0.07160790813552846
0.903024 0.06879278077872714
0.909497 0.06621399046918383
0.916017 0.06428782931154693
0.922583 0.07100063346898501
0.929196 0.05231993670903167
0.935857 0.035992405789438464
0.942566 0.03928572861219607
0.949323 0.04023908710735625
0.956128 0.044832520202689644
0.962982 0.05332170244414133
0.969885 0.06727617890343503
0.976837 0.06758148483883933
0.98384 0.07867715313755988
0.990892 0.08655468983838872
0.997995 0.08873915670149787
1.00515 0.08869464540625366
1.01235 0.08912183294948457
1.01961 0.08971212444637736
1.02692 0.09001322459010504
1.03428 0.0909725362106819
1.0417 0.09120877928795681
1.04916 0.09125796114533465
1.05668 0.09133515621659719
1.06426 0.09087447980316829
1.07189 0.0899465084418242
1.07957 0.08777642406558986
1.08731 0.08382831078131427
1.0951 0.07813381615547224
1.10295 0.06716961186312653
1.11086 0.05444275926321881
1.11882 0.03513500080595357
1.12684 0.030658870186566996
1.13492 0.033490071489939176
1.14306 0.03641416339148302
1.15125 0.03777810721961442
1.1595 0.050200908510378874
1.16782 0.06284159825495997
1.17619 0.06815306107071702
1.18462 0.06722896533624402
1.19311 0.07076201066538099
1.20166 0.0701053915987862
1.21028 0.07196182194949484
1.21895 0.0752874475888798
1.22769 0.07945436870896898
1.23649 0.08368961870542756
1.24536 0.08484294532465184
1.25428 0.08306877680510602
1.26327 0.07470284762528853
1.27233 0.0739550218010303
1.28145 0.08092534942732445
1.29064 0.07896344665962411
1.29989 0.07294111108053562
1.30921 0.06383835056448409
1.31859 0.0562874662236018
1.32804 0.045898434419784806
1.33756 0.037685544246519015
1.34715 0.026354930672182218
1.35681 0.017619829746843046
1.36653 0.014984309250548673
1.37633 0.016121177154217202
1.3862 0.015951574795263698
1.39613 0.016289522601153343
1.40614 0.016453429363238497
1.41622 0.016501316720605723
1.42637 0.015439997889657704
1.4366 0.012613228159894541
1.4469 0.012447134436932128
1.45727 0.014730193844404474
1.46771 0.011957892164528632
1.47824 0.012703328103540683
1.48883 0.01899275278782027
1.49951 0.030180573131439802
1.51025 0.038163229226891346
1.52108 0.04464427546895119
1.53198 0.048953667782085784
1.54297 0.052410805682701775
1.55403 0.05553501301260757
1.56517 0.05446316344820066
1.57639 0.05098716551800099
1.58769 0.05731245016372815
1.59907 0.0549844631993837
1.61053 0.05484304091452817
1.62208 0.060605679016502635
1.6337 0.059844245322797945
1.64541 0.05862001200199185
1.65721 0.060151161446561525
1.66909 0.060231711500194136
1.68105 0.06213238393484401
1.6931 0.06037627035070222
1.70524 0.057974676952558424
1.71746 0.057438677248341403
1.72978 0.05398843725243175
1.74218 0.05153648610225657
1.75466 0.04967416103990456
1.76724 0.043175887814183786
1.77991 0.03342398011505958
1.79267 0.024122396130927436
