0.4 0.33268958865856696
0.402867 0.33178914121518993
0.405755 0.3229473343619632
0.408664 0.32008411186323427
0.411593 0.31836759570549894
0.414544 0.3159968910020032
0.417515 0.31359670861088534
0.420508 0.31381230032623875
0.423523 0.31130579219230003
0.426559 0.30790035280181577
0.429617 0.3027994312046103
0.432696 0.3010371781402491
0.435798 0.3011788955370066
0.438922 0.2985140003278882
0.442068 0.2948322547350132
0.445237 0.2946334415954788
0.448429 0.29153959116392514
0.451643 0.28905605200397333
0.454881 0.2868490117110372
0.458142 0.2850409212193763
0.461426 0.28321597676139093
0.464734 0.2831680367766621
0.468065 0.27989415381814825
0.47142 0.27763246378550027
0.4748 0.27669938062999605
0.478203 0.27274306281635513
0.481631 0.2711189335346594
0.485084 0.26737753729854574
0.488561 0.26534387003792376
0.492063 0.2649113798384563
0.49559 0.2622115285649882
0.499143 0.2599334620392168
0.502721 0.2569831467532737
0.506325 0.25474349587837897
0.509954 0.254805617654851
0.51361 0.2544627751430593
0.517292 0.25208557010265115
0.521 0.25115483242953807
0.524735 0.2496021984771558
0.528496 0.24797669541291678
0.532285 0.24525518193422252
0.5361 0.24392629862522547
0.539943 0.24225144828682293
0.543814 0.24015750212875045
0.547712 0.23834347254060642
0.551638 0.2374050617893854
0.555593 0.23454183091393363
0.559575 0.23246845798712
0.563587 0.22936786429369205
0.567627 0.22420937785723147
0.571696 0.22166545090243248
0.575794 0.22339968382894318
0.579921 0.22467910258965715
0.584078 0.2248238356066318
0.588265 0.21715862324143914
0.592482 0.2132050781230533
0.596729 0.2159538159509296
0.601007 0.2183703915886164
0.605315 0.21772804772893087
0.609654 0.21856281328863514
0.614025 0.22016299351977348
0.618426 0.22221686543584993
0.622859 0.2234862656360649
0.627324 0.21902225978215425
0.631821 0.21983975253939286
0.63635 0.22313727460971952
0.640912 0.22467927012411365
0.645506 0.22151278512894232
0.650134 0.21937232302902132
0.654794 0.2221685066149798
0.659488 0.22654523539377422
0.664215 0.2266209860982829
0.668977 0.22770539475162516
0.673772 0.22899833354297913
0.678602 0.22940243502879182
0.683467 0.22607753782827225
0.688366 0.19231262671082403
0.6933 0.2104464473855204
0.69827 0.22145774168325763
0.703276 0.22463506615776485
0.708317 0.23398646256734265
0.713395 0.2350942841609814
0.718509 0.19862700875321745
0.723659 0.206241416294475
0.728847 0.21917137382516647
0.734071 0.24595071798384838
0.739333 0.26310273648308896
0.744633 0.27709773568395063
0.749971 0.28140205607064367
0.755347 0.27496157084283895
0.760762 0.14109813076921404
0.766215 0.19298246297482202
0.771708 0.28080539885724703
0.77724 0.287497286290483
0.782811 0.2869897909148383
0.788423 0.2780528412437624
0.794075 0.274619415222319
0.799767 0.27442449725889834
0.8055 0.2755548773671055
0.811274 0.255436242479304
0.81709 0.21807878111362392
0.822947 0.2378820910241147
0.828846 0.24683807260944957
0.834788 0.260634493219016
0.840772 0.27539012398257856
0.846799 0.28604672270572645
0.852869 0.2860891926904504
0.858983 0.288174360043002
0.86514 0.28903774886460015
0.871342 0.2892046718203388
0.877588 0.2886093883894855
0.883879 0.2863712788315906
0.890215 0.2775180126215389
0.896596 0.2242164143044047
0.903024 0.21572744339330016
0.909497 0.20714522280370495
0.916017 0.2013514708383462
0.922583 0.22349114088874922
0.929196 0.1595858177229401
0.935857 0.10047818716478533
0.942566 0.1136851712960305
0.949323 0.1170385828610472
0.956128 0.133829882921987
0.962982 0.16395529225976785
0.969885 0.21083691156657355
0.976837 0.21168128522735838
0.98384 0.2465162724253949
0.990892 0.2701144471937928
0.997995 0.27631327234481196
1.00515 0.27630727461126914
1.01235 0.2776408405083255
1.01961 0.27962883787610426
1.02692 0.28072717701950484
1.03428 0.2836012473742925
1.0417 0.2842691234851494
1.04916 0.28437864075936664
1.05668 0.2843918005909251
1.06426 0.2828334202066848
1.07189 0.27977529649798083
1.07957 0.2733193729700092
1.08731 0.26159584781405537
1.0951 0.2445335021326591
1.10295 0.21079207934601285
1.11086 0.16793312149762407
1.11882 0.09784993174130453
1.12684 0.08122885590256887
1.13492 0.09248047754049017
1.14306 0.10383790640208944
1.15125 0.10856037603877308
1.1595 0.15301077719639347
1.16782 0.19540063856656845
1.17619 0.21209543040383858
1.18462 0.21000707151989056
1.19311 0.22106660736437841
1.20166 0.21866882909271143
1.21028 0.2240465930025685
1.21895 0.23439796069941
1.22769 0.24644114997509808
1.23649 0.2583557984390327
1.24536 0.2615672831892213
1.25428 0.2569570951452872
1.26327 0.23411427460421022
1.27233 0.23189889109534018
1.28145 0.25103831221503886
1.29064 0.2449996500044384
1.29989 0.22649100449020357
1.30921 0.19803058608805993
1.31859 0.17360504240621244
1.32804 0.1377857818994867
1.33756 0.10860411090864369
1.34715 0.06403592130068841
1.35681 0.034319839686090904
1.36653 0.028383983319380118
1.37633 0.030749684606332366
1.3862 0.030240228239874253
1.39613 0.030812163231196742
1.40614 0.030674779113156726
1.41622 0.03085435762173979
1.42637 0.03053919347750729
1.4366 0.02582489533393967
1.4469 0.028280576864463863
1.45727 0.04046137056600224
1.46771 0.03284093262198281
1.47824 0.03837141591635602
1.48883 0.0625247889838716
1.49951 0.09968035457601758
1.51025 0.1242442649654925
1.52108 0.14382537392632075
1.53198 0.15679824540804596
1.54297 0.16651918932178228
1.55403 0.17485924723122243
1.56517 0.17219333843864218
1.57639 0.16294593904293983
1.58769 0.1798220115388711
1.59907 0.17378316504036848
1.61053 0.173635550430742
1.62208 0.18941918099614158
1.6337 0.18744547431750272
1.64541 0.18425148016457327
1.65721 0.18852065182229155
1.66909 0.18839939875939613
1.68105 0.19318455141298108
1.6931 0.18783438042811043
1.70524 0.1804665668533825
1.71746 0.1779650931298618
1.72978 0.16734191753078667
1.74218 0.1593900955941282
1.75466 0.1533903097541597
1.76724 0.13283457746933688
1.77991 0.10003952332059565
1.79267 0.06620383559665236
