0.4 0.0875647826624793
0.402867 0.0876088678225607
0.405755 0.08547425358767366
0.408664 0.0849593052092905
0.411593 0.08477012210786014
0.414544 0.08437269205199123
0.417515 0.08394270337849466
0.420508 0.08422379717631094
0.423523 0.08381028387973666
0.426559 0.08309431478787424
0.429617 0.08183280692216678
0.432696 0.08159607730443241
0.435798 0.08173924472902107
0.438922 0.08113826581223582
0.442068 0.08032923977966105
0.445237 0.08056074719873713
0.448429 0.08005499139820878
0.451643 0.07960858013535756
0.454881 0.07912916344582376
0.458142 0.07872947483616691
0.461426 0.0782654815427427
0.464734 0.07835857618886051
0.468065 0.07744740621285391
0.47142 0.0768366069232127
0.4748 0.07660363841967448
0.478203 0.07553233924242629
0.481631 0.07526886895112904
0.485084 0.07446921648235537
0.488561 0.07408930435787016
0.492063 0.07406707325080208
0.49559 0.07330983182210672
0.499143 0.07255167603732858
0.502721 0.0714886720492849
0.506325 0.07070124932877705
0.509954 0.07069227167173345
0.51361 0.07063311754635396
0.517292 0.069941751231564
0.521 0.06955503893720137
0.524735 0.06883078973829665
0.528496 0.06811049960696679
0.532285 0.06716011600926618
0.5361 0.06665353257508763
0.539943 0.06615314979483948
0.543814 0.06561505218276492
0.547712 0.06519140178792869
0.551638 0.06488310542533247
0.555593 0.06390530622731096
0.559575 0.06317617229312694
0.563587 0.06228863229473154
0.567627 0.06080299030198865
0.571696 0.060070476078203795
0.575794 0.06064232945452985
0.579921 0.06109368012549831
0.584078 0.06121552514329084
0.588265 0.05892917681569124
0.592482 0.05771617506885711
0.596729 0.05850708365410113
0.601007 0.05938451860382922
0.605315 0.059550546815757374
0.609654 0.06003386978529837
0.614025 0.06074765573418378
0.618426 0.061594113808043874
0.622859 0.062215297166352906
0.627324 0.060967157752156616
0.631821 0.061480141678914524
0.63635 0.06278683381727299
0.640912 0.06345125773458078
0.645506 0.06258898601366446
0.650134 0.06210762749574872
0.654794 0.06317634950853268
0.659488 0.06479097415232453
0.664215 0.06510871571899225
0.668977 0.06566706678961771
0.673772 0.06623922369445785
0.678602 0.06661107251798222
0.683467 0.06570198388035785
0.688366 0.054590823026059825
0.6933 0.060720832108728855
0.69827 0.06419496857852144
0.703276 0.06479131915678463
0.708317 0.06725312016241086
0.713395 0.06715480520290502
0.718509 0.05619937144375939
0.723659 0.05787866085794089
0.728847 0.06075123586243364
0.734071 0.06769554973444393
0.739333 0.07212799359289769
0.744633 0.07590931788636554
0.749971 0.0770001692016228
0.755347 0.07491631398358624
0.760762 0.036576613095503384
0.766215 0.050383816016400663
0.771708 0.07631999762171836
0.77724 0.0783822212486339
0.782811 0.07821075026142542
0.788423 0.07552016039645786
0.794075 0.07453990469126966
0.799767 0.07446670341708046
0.8055 0.07494729274472452
0.811274 0.06952890343539636
0.81709 0.05957129610039028
0.822947 0.06479603421773927
0.828846 0.0671146508313444
0.834788 0.07085909923825767
0.840772 0.07501001191619165
0.846799 0.07821840445873686
0.852869 0.07825388336001857
0.858983 0.0790548536327136
0.86514 0.07947838714079286
0.871342 0.07956118632594572
0.877588 0.07935358413394081
0.883879 0.0785978037897076
0.890215 0.07596027674186502
0.896596 0.061224779935064685
0.903024 0.058826109089825274
0.909497 0.0566502432560783
0.916017 0.05503477966701463
0.922583 0.060776851029643086
0.929196 0.04491495236603337
0.935857 0.03102081774754317
0.942566 0.03381625503351512
0.949323 0.03465203493654469
0.956128 0.03859685929450358
0.962982 0.04583524327962437
0.969885 0.057683229970823306
0.976837 0.05795492381105466
0.98384 0.06753166696008729
0.990892 0.07451104120337854
0.997995 0.07650748397990235
1.00515 0.07646369292198366
1.01235 0.07683483853969592
1.01961 0.0773333322791298
1.02692 0.07758123023796586
1.03428 0.07843644916278807
1.0417 0.07865038397764251
1.04916 0.0786833799779737
1.05668 0.07875141184107227
1.06426 0.07830807733930782
1.07189 0.07746359502869463
1.07957 0.07553145128012735
1.08731 0.07205665685100923
1.0951 0.06711148169201422
1.10295 0.05766778583674075
1.11086 0.046867696462881914
1.11882 0.030433682370378076
1.12684 0.026611721076159528
1.13492 0.029009334284775364
1.14306 0.03150322636100139
1.15125 0.03268536434818394
1.1595 0.04332150119268602
1.16782 0.054143997003748376
1.17619 0.05875154476522814
1.18462 0.0579531328042946
1.19311 0.061029807168623634
1.20166 0.06045054090958117
1.21028 0.062130246968493175
1.21895 0.06509208197936694
1.22769 0.0688884224505652
1.23649 0.07280444176401146
1.24536 0.07388371940505815
1.25428 0.0721940119873439
1.26327 0.06442310890488859
1.27233 0.06376868634638305
1.28145 0.07019514475324805
1.29064 0.0684754935877758
1.29989 0.06315344724524714
1.30921 0.05526112144554063
1.31859 0.048778883547086156
1.32804 0.03989212858027338
1.33756 0.03284960155335203
1.34715 0.023142282699889133
1.35681 0.01562986016389753
1.36653 0.013355115674832864
1.37633 0.014339578549163966
1.3862 0.014214857174514777
1.39613 0.014543485799959354
1.40614 0.014797030708846385
1.41622 0.01507024124901297
1.42637 0.014296078011394462
1.4366 0.011835800492676444
1.4469 0.01185290309901883
1.45727 0.013928165066620599
1.46771 0.011410230892701536
1.47824 0.01201598915815777
1.48883 0.017555320629344347
1.49951 0.02747909433843661
1.51025 0.034582266739523984
1.52108 0.040419770483409716
1.53198 0.0442546930107603
1.54297 0.047447848798953036
1.55403 0.05041781875105803
1.56517 0.04923167079400321
1.57639 0.045680628493933506
1.58769 0.051736885803493386
1.59907 0.049323643704308154
1.61053 0.04904199375176113
1.62208 0.05451600984578658
1.6337 0.053708196041997835
1.64541 0.052436930017353424
1.65721 0.05382440787221238
1.66909 0.05385920242038473
1.68105 0.05564580707435897
1.6931 0.05395557743677889
1.70524 0.05167776184243828
1.71746 0.05127008722790182
1.72978 0.04811484233964394
1.74218 0.04593277208142606
1.75466 0.04428519856905986
1.76724 0.03858359076231692
1.77991 0.030061181243338987
1.79267 0.02196564593136539
