0.4 0.055284167155596295
0.402867 0.055560998963102154
0.405755 0.054556245356819105
0.408664 0.0545454538134084
0.411593 0.054739785615140486
0.414544 0.054750950904198556
0.417515 0.05481154984962533
0.420508 0.05522073324803048
0.423523 0.055235722186841224
0.426559 0.05498106812735152
0.429617 0.05431911388395883
0.432696 0.054477015625459695
0.435798 0.05476261959097931
0.438922 0.054610848436996276
0.442068 0.054307372041537794
0.445237 0.05467454816753221
0.448429 0.05456950101397458
0.451643 0.054461722475075525
0.454881 0.05432745579989017
0.458142 0.05423042896717198
0.461426 0.0540948056532318
0.464734 0.054333532063912754
0.468065 0.05388031983476012
0.47142 0.05365786874325753
0.4748 0.05370205692292443
0.478203 0.05317949097384974
0.481631 0.05320889664398786
0.485084 0.052917186717601594
0.488561 0.052851051121538435
0.492063 0.05298014257840916
0.49559 0.052539161103134856
0.499143 0.052104332669089766
0.502721 0.05143169552927688
0.506325 0.05092331960147604
0.509954 0.0510007428955399
0.51361 0.05102472997810467
0.517292 0.05059202016037451
0.521 0.05037470300133015
0.524735 0.04989294703483076
0.528496 0.049401449054849
0.532285 0.04879846767359179
0.5361 0.04852006048472355
0.539943 0.04826614812202239
0.543814 0.04799687814505602
0.547712 0.04791053276013149
0.551638 0.04781368990298389
0.555593 0.04714911074830048
0.559575 0.04664535159328304
0.563587 0.045958000029388775
0.567627 0.04480823528487222
0.571696 0.04429937044561408
0.575794 0.044814228977182013
0.579921 0.04522486462369364
0.584078 0.04536530317225323
0.588265 0.043526529635080496
0.592482 0.04255993719774413
0.596729 0.04332323952682422
0.601007 0.04437516620776011
0.605315 0.04475464841621295
0.609654 0.0451906198165982
0.614025 0.045809504220012974
0.618426 0.04650912347776235
0.622859 0.047072540695268755
0.627324 0.04614345102611659
0.631821 0.04669678218133733
0.63635 0.04797594259429804
0.640912 0.04864827117665788
0.645506 0.0479670270222568
0.650134 0.04759695943768828
0.654794 0.04857914489110262
0.659488 0.05005240460123574
0.664215 0.05044643102015149
0.668977 0.05095080511713522
0.673772 0.05144180766684026
0.678602 0.05172832644001998
0.683467 0.05092553744870898
0.688366 0.04163289009201355
0.6933 0.04646608478325505
0.69827 0.04920018340218256
0.703276 0.04949293996124408
0.708317 0.05131598793301041
0.713395 0.050957425340423614
0.718509 0.04183782656433268
0.723659 0.042967593743775984
0.728847 0.04484697735306149
0.734071 0.049882230820000144
0.739333 0.05292200340084753
0.744633 0.055444512730070374
0.749971 0.05600683985610532
0.755347 0.05429774374523881
0.760762 0.02585720003438821
0.766215 0.035864451241764135
0.771708 0.05508842511592738
0.77724 0.05658033806570451
0.782811 0.056465344642322335
0.788423 0.05452761615050648
0.794075 0.053782385437514534
0.799767 0.053734757494128094
0.8055 0.05407514272088932
0.811274 0.05016586610205172
0.81709 0.04300787570197742
0.822947 0.04683745178583006
0.828846 0.048573903760280424
0.834788 0.05121750088473977
0.840772 0.05408978036776408
0.846799 0.05628648127478576
0.852869 0.05629540698721278
0.858983 0.05683656460930352
0.86514 0.057125175923520455
0.871342 0.057132536394970866
0.877588 0.05690121681178959
0.883879 0.05627254983334932
0.890215 0.054402922723811586
0.896596 0.0440106685922384
0.903024 0.04233177489610707
0.909497 0.04079113666833936
0.916017 0.03956412174063049
0.922583 0.04370836051408452
0.929196 0.03239859341235461
0.935857 0.022784643586311108
0.942566 0.024558862703289233
0.949323 0.025179749108582467
0.956128 0.027938293300374704
0.962982 0.03306900111592224
0.969885 0.041641870127935826
0.976837 0.04184243102379048
0.98384 0.048688337289504835
0.990892 0.05361319527369969
0.997995 0.055195021575569686
1.00515 0.055116866000789785
1.01235 0.05543684587410672
1.01961 0.05595706504818641
1.02692 0.05622032250069796
1.03428 0.05725249933169896
1.0417 0.05763202065306838
1.04916 0.05769829314433959
1.05668 0.0577925538246794
1.06426 0.0570658952282452
1.07189 0.056018525926404564
1.07957 0.05424901556999514
1.08731 0.05156650833666786
1.0951 0.04802651342250076
1.10295 0.04138192713294809
1.11086 0.033765297948701825
1.11882 0.02248636703581842
1.12684 0.019934790290754574
1.13492 0.021440913542577114
1.14306 0.02304181318578775
1.15125 0.023883163166970513
1.1595 0.03134113080509562
1.16782 0.03919281630468343
1.17619 0.04248835983608296
1.18462 0.041904453969106206
1.19311 0.04405073325645881
1.20166 0.04365174601595637
1.21028 0.044833740528051044
1.21895 0.0469480544221691
1.22769 0.04981496964111529
1.23649 0.05391561779335023
1.24536 0.05541587845356486
1.25428 0.05349511192990742
1.26327 0.04629815709746993
1.27233 0.04582943080238575
1.28145 0.05101478515690667
1.29064 0.0495597419255157
1.29989 0.04561238743375748
1.30921 0.04006186837119312
1.31859 0.03548953945004541
1.32804 0.02912789310180506
1.33756 0.024138883415593757
1.34715 0.017920727872033044
1.35681 0.012758663810711094
1.36653 0.010943324705078066
1.37633 0.011754305679473507
1.3862 0.011691717045493856
1.39613 0.012009955669709554
1.40614 0.01237410489054837
1.41622 0.01282814935564831
1.42637 0.012242634064585468
1.4366 0.010284284373970852
1.4469 0.010248056397141976
1.45727 0.011436670408211775
1.46771 0.009552225297795043
1.47824 0.009737210561090209
1.48883 0.01365610606015428
1.49951 0.02142622953965307
1.51025 0.02701356544573487
1.52108 0.031415041179799666
1.53198 0.034157849665799725
1.54297 0.037014431831635164
1.55403 0.04055947593360789
1.56517 0.03898605238998392
1.57639 0.034918694399954486
1.58769 0.040863100088973474
1.59907 0.0381254530593359
1.61053 0.037388715643748745
1.62208 0.04303082629225272
1.6337 0.04190132638440607
1.64541 0.040062261673298766
1.65721 0.04125864973869618
1.66909 0.04139486843814436
1.68105 0.043142191630465135
1.6931 0.04136562139261237
1.70524 0.03915870766848276
1.71746 0.03892221576423995
1.72978 0.03655172892570486
1.74218 0.03499422651207021
1.75466 0.033802174910220674
1.76724 0.029435623389098643
1.77991 0.02293706227635758
1.79267 0.01720384895337127
