0.4 0.5932418533333332
0.402867 0.5976849666666666
0.405755 0.5886935466666666
0.408664 0.5903219799999999
0.411593 0.5939665666666667
0.414544 0.5963793266666666
0.417515 0.5980042066666666
0.420508 0.6046277866666666
0.423523 0.6063808333333334
0.426559 0.6052011933333333
0.429617 0.6007668466666667
0.432696 0.6043910933333333
0.435798 0.6105887466666666
0.438922 0.6119689666666666
0.442068 0.61159274
0.445237 0.6179850066666666
0.448429 0.61903256
0.451643 0.61983024
0.454881 0.6202362133333332
0.458142 0.6210133466666666
0.461426 0.6217872866666666
0.464734 0.6266493
0.468065 0.6239620266666666
0.47142 0.6235530199999999
0.4748 0.6257822466666666
0.478203 0.6213479866666667
0.481631 0.6229109133333333
0.485084 0.6206552333333333
0.488561 0.6215796533333333
0.492063 0.6244055066666666
0.49559 0.62105466
0.499143 0.6172964333333333
0.502721 0.6100401
0.506325 0.6051271333333332
0.509954 0.6075569466666666
0.51361 0.6094930199999999
0.517292 0.60561128
0.521 0.6039306799999999
0.524735 0.59848576
0.528496 0.5929102933333332
0.532285 0.5864300066666666
0.5361 0.5840920533333334
0.539943 0.5816834799999999
0.543814 0.5792947866666667
0.547712 0.57961038
0.551638 0.5792253466666666
0.555593 0.5711032666666667
0.559575 0.5645084733333333
0.563587 0.5554706599999999
0.567627 0.5401875066666666
0.571696 0.5343080533333333
0.575794 0.54300964
0.579921 0.5506253666666666
0.584078 0.5541597066666666
0.588265 0.5281593666666666
0.592482 0.5144617466666667
0.596729 0.5271075066666666
0.601007 0.5465433266666666
0.605315 0.5562060066666666
0.609654 0.56471204
0.614025 0.5762444333333333
0.618426 0.58987874
0.622859 0.60027716
0.627324 0.58766628
0.631821 0.5978504866666666
0.63635 0.6214218266666667
0.640912 0.6346848466666666
0.645506 0.6256447133333333
0.650134 0.6219287866666666
0.654794 0.6396086533333333
0.659488 0.66564974
0.664215 0.6743521333333333
0.668977 0.6836757333333333
0.673772 0.692658
0.678602 0.6992862666666666
0.683467 0.6883109999999999
0.688366 0.5422471066666666
0.6933 0.6178704133333333
0.69827 0.6626235
0.703276 0.6670097333333334
0.708317 0.6966516666666666
0.713395 0.6903157333333333
0.718509 0.54360844
0.723659 0.5614233
0.728847 0.5897469133333333
0.734071 0.6699127333333333
0.739333 0.7234726666666667
0.744633 0.7844744666666666
0.749971 0.806434
0.755347 0.7766781333333334
0.760762 0.32955502
0.766215 0.46581086
0.771708 0.7964403999999999
0.77724 0.8374336666666666
0.782811 0.8378142
0.788423 0.7860438
0.794075 0.7691541333333333
0.799767 0.7637367333333334
0.8055 0.7736807333333333
0.811274 0.6987251333333333
0.81709 0.5729894733333333
0.822947 0.6370622533333333
0.828846 0.6651656066666667
0.834788 0.7232475999999999
0.840772 0.800044
0.846799 0.8687188666666665
0.852869 0.8717121999999999
0.858983 0.8945609333333333
0.86514 0.9088437999999999
0.871342 0.9116278
0.877588 0.9074853333333334
0.883879 0.8910703333333332
0.890215 0.8414764666666665
0.896596 0.6091892866666666
0.903024 0.5723973266666667
0.909497 0.5467353933333333
0.916017 0.5248721666666667
0.922583 0.5936115266666666
0.929196 0.41434047333333335
0.935857 0.27462654666666664
0.942566 0.29757026
0.949323 0.3066996733333333
0.956128 0.3461285866666666
0.962982 0.42414858
0.969885 0.5640021
0.976837 0.57123744
0.98384 0.7148720666666667
0.990892 0.8504009333333333
0.997995 0.8995023999999999
1.00515 0.9000043333333334
1.01235 0.9080298666666666
1.01961 0.9178107333333334
1.02692 0.9216695333333332
1.03428 0.9384998666666666
1.0417 0.9424113999999999
1.04916 0.9425846666666666
1.05668 0.9433275999999999
1.06426 0.9334962
1.07189 0.9155283333333333
1.07957 0.8759696666666665
1.08731 0.8108888
1.0951 0.7246490666666667
1.10295 0.5743798999999999
1.11086 0.4436129
1.11882 0.27582561333333333
1.12684 0.2405550333333333
1.13492 0.2603864066666667
1.14306 0.28182976666666665
1.15125 0.29369315333333335
1.1595 0.4055747066666667
1.16782 0.53974396
1.17619 0.6120201599999999
1.18462 0.5957868466666667
1.19311 0.6469542866666667
1.20166 0.6398779666666666
1.21028 0.6749688666666667
1.21895 0.7326391999999999
1.22769 0.8149845333333332
1.23649 0.9060924666666665
1.24536 0.9348016666666666
1.25428 0.8992943333333333
1.26327 0.7482916
1.27233 0.7366351333333332
1.28145 0.8493727999999999
1.29064 0.8070526666666666
1.29989 0.7032998666666666
1.30921 0.5740590866666666
1.31859 0.4848145533333333
1.32804 0.3798768066666667
1.33756 0.3017970133333333
1.34715 0.21965574
1.35681 0.15365811333333332
1.36653 0.12941458666666666
1.37633 0.14039559333333332
1.3862 0.14043307333333332
1.39613 0.14541785999999998
1.40614 0.15286267999999997
1.41622 0.16456577333333333
1.42637 0.16090702666666667
1.4366 0.13709164
1.4469 0.14441118666666666
1.45727 0.16490605333333333
1.46771 0.14078370666666667
1.47824 0.14453918666666665
1.48883 0.20426145333333334
1.49951 0.33672033999999995
1.51025 0.45321503999999996
1.52108 0.5659809266666667
1.53198 0.6406844666666667
1.54297 0.7117548666666667
1.55403 0.7819688
1.56517 0.7392610666666666
1.57639 0.6401505866666666
1.58769 0.7726136666666666
1.59907 0.7022441333333332
1.61053 0.6846854666666666
1.62208 0.8034076
1.6337 0.7774630666666666
1.64541 0.7380715333333333
1.65721 0.7583845333333332
1.66909 0.7552599999999999
1.68105 0.7915833999999999
1.6931 0.7456407333333332
1.70524 0.6872281333333332
1.71746 0.6800092
1.72978 0.6086771066666666
1.74218 0.55891672
1.75466 0.5241777
1.76724 0.4344161133333333
1.77991 0.3201650733333333
1.79267 0.23295296
