0.4 0.004112316292126426
0.402867 0.004186185509221383
0.405755 0.004193463930168007
0.408664 0.004259097403045452
0.411593 0.004331431932543899
0.414544 0.004409723174551517
0.417515 0.004471576963534518
0.420508 0.004584637543162119
0.423523 0.00466843406437179
0.426559 0.004708856683660291
0.429617 0.004746163618970094
0.432696 0.004848258814465582
0.435798 0.004956490491319753
0.438922 0.005042648657461206
0.442068 0.005117443328306399
0.445237 0.00522942013795657
0.448429 0.005316018185993126
0.451643 0.0053882606136082594
0.454881 0.005466246774573507
0.458142 0.005544647239307248
0.461426 0.005635324070299395
0.464734 0.005749121568131101
0.468065 0.005820688650693684
0.47142 0.005896384022263361
0.4748 0.005976174163117759
0.478203 0.006004360124126661
0.481631 0.006078930986364028
0.485084 0.006148624883702967
0.488561 0.006241207181989842
0.492063 0.006314736457531163
0.49559 0.006316340866150203
0.499143 0.00631381966733994
0.502721 0.006281359065059199
0.506325 0.006266356256152018
0.509954 0.006334801157066646
0.51361 0.006431625298866242
0.517292 0.00647552922495129
0.521 0.00648685693149782
0.524735 0.006400434217393662
0.528496 0.006306281649035762
0.532285 0.006238148120557549
0.5361 0.006232150565555889
0.539943 0.006207741194313213
0.543814 0.0061952984670942445
0.547712 0.0062504226303390234
0.551638 0.006259462125930165
0.555593 0.006125613233314318
0.559575 0.005998604323676495
0.563587 0.005838129838912472
0.567627 0.005585402167966444
0.571696 0.005519526424849469
0.575794 0.005723977650849288
0.579921 0.005938259334750573
0.584078 0.00607666443430617
0.588265 0.005733245493102976
0.592482 0.005552744779130989
0.596729 0.005757741809348599
0.601007 0.006199795163634585
0.605315 0.006618876884923552
0.609654 0.0069536843516058685
0.614025 0.007408511195417412
0.618426 0.007946134435060712
0.622859 0.008431499705565889
0.627324 0.008397422215015623
0.631821 0.008942485904786603
0.63635 0.009910786626906753
0.640912 0.010611754155236987
0.645506 0.010539622806824907
0.650134 0.0107080877745763
0.654794 0.011524160998149135
0.659488 0.012821287618279073
0.664215 0.01370238497774547
0.668977 0.014473186979973381
0.673772 0.015142107590965723
0.678602 0.015731733946719527
0.683467 0.01567234421831235
0.688366 0.010715649823942979
0.6933 0.013131218190944857
0.69827 0.015052029267508694
0.703276 0.015346472697063452
0.708317 0.01664460490886449
0.713395 0.01664963802410036
0.718509 0.011925164140806247
0.723659 0.012418452751716446
0.728847 0.01326225039550555
0.734071 0.016443894999569202
0.739333 0.019142105791099446
0.744633 0.02208166374057425
0.749971 0.023115737893304945
0.755347 0.022094088728124767
0.760762 0.007535360860589576
0.766215 0.01093561036763939
0.771708 0.023136948142244623
0.77724 0.025077092363295417
0.782811 0.025151021400202606
0.788423 0.02305616251720464
0.794075 0.022476423963861958
0.799767 0.022217056603171265
0.8055 0.022846593087442933
0.811274 0.01993044943757565
0.81709 0.015056560102597047
0.822947 0.017414032086787195
0.828846 0.018335037512019307
0.834788 0.02117288631006272
0.840772 0.024700746328413698
0.846799 0.028041396118887885
0.852869 0.028288070334249103
0.858983 0.029552360002969288
0.86514 0.030460865150197563
0.871342 0.03077551220564483
0.877588 0.030645554694952122
0.883879 0.029870682882740453
0.890215 0.027565327362891225
0.896596 0.017595822433400767
0.903024 0.01577263522764347
0.909497 0.01509071308987585
0.916017 0.014363976630363613
0.922583 0.016702460981051232
0.929196 0.01181486053255918
0.935857 0.009161877025753154
0.942566 0.009471653304558429
0.949323 0.009680046965596998
0.956128 0.010378708543303389
0.962982 0.011858605317316175
0.969885 0.015940179176561743
0.976837 0.01621550708198093
0.98384 0.022554219629666535
0.990892 0.02919010050249156
0.997995 0.032056559672797885
1.00515 0.032190653001543015
1.01235 0.03273268650841174
1.01961 0.033477151291241465
1.02692 0.03387636293365991
1.03428 0.03509379821876324
1.0417 0.035515940445411
1.04916 0.0356132724367889
1.05668 0.03575737733307391
1.06426 0.03510396242996191
1.07189 0.03409712382518891
1.07957 0.031984378818334304
1.08731 0.028597584230981424
1.0951 0.024340075147088275
1.10295 0.017458981518797368
1.11086 0.01308430811302006
1.11882 0.009666277063647392
1.12684 0.008952808122799642
1.13492 0.009250572273896392
1.14306 0.009671716541055994
1.15125 0.009831148510885504
1.1595 0.0119745938704772
1.16782 0.016248556496861705
1.17619 0.019764609321929846
1.18462 0.018830128968304983
1.19311 0.021340603530161248
1.20166 0.02108543490146343
1.21028 0.022916824641128687
1.21895 0.025913468224863758
1.22769 0.030427834300086103
1.23649 0.03592786689205645
1.24536 0.03789680713306328
1.25428 0.035920249148381836
1.26327 0.02735500296584414
1.27233 0.026790741241851754
1.28145 0.03290980781554319
1.29064 0.03049201477035201
1.29989 0.025093048782519622
1.30921 0.018750779018758507
1.31859 0.014787403951598237
1.32804 0.011969013094546607
1.33756 0.010367608874006583
1.34715 0.008904640178616304
1.35681 0.006308247039280326
1.36653 0.004820771404470872
1.37633 0.005533812943074004
1.3862 0.005617342750431218
1.39613 0.006007506646249937
1.40614 0.006705326105392784
1.41622 0.007925408520324875
1.42637 0.007945700844559655
1.4366 0.006847764297943943
1.4469 0.008061460432232489
1.45727 0.009095927023558928
1.46771 0.008612160489104391
1.47824 0.00878229288255288
1.48883 0.010077152022386494
1.49951 0.013832276480369507
1.51025 0.01922733870976588
1.52108 0.02487865044998449
1.53198 0.028444935415308317
1.54297 0.03257620613062773
1.55403 0.03730519228424088
1.56517 0.034225431134164944
1.57639 0.027507631153995786
1.58769 0.035921956075782524
1.59907 0.03106056289330347
1.61053 0.02961754297077808
1.62208 0.0370512489303177
1.6337 0.03520556122415349
1.64541 0.03250933995706792
1.65721 0.03375334555256191
1.66909 0.033626587370447415
1.68105 0.03602174893047042
1.6931 0.03288950002066732
1.70524 0.028725584189887722
1.71746 0.028751733698840636
1.72978 0.024423556789182885
1.74218 0.021976302486468636
1.75466 0.01999802726062577
1.76724 0.015605135627896333
1.77991 0.012072514777592741
1.79267 0.010227096982546823
