0.4 0.2770274825080862
0.402867 0.2764331662871564
0.405755 0.2690942069640263
0.408664 0.26680653942985866
0.411593 0.26563977651411197
0.414544 0.26369079549239455
0.417515 0.2621448298895044
0.420508 0.2624560203816624
0.423523 0.2608640001296641
0.426559 0.2581628360539377
0.429617 0.2533269963363175
0.432696 0.25231677318643086
0.435798 0.2522730409049564
0.438922 0.2501590769907342
0.442068 0.2471974218072252
0.445237 0.24736210001592968
0.448429 0.24517826195016437
0.451643 0.24335749864237824
0.454881 0.24174137451639804
0.458142 0.24037925511862893
0.461426 0.23882674897015826
0.464734 0.23888713052863314
0.468065 0.23595508383976543
0.47142 0.23414376572978965
0.4748 0.23357989757663986
0.478203 0.23041614224299437
0.481631 0.2293990400099713
0.485084 0.22671629914803837
0.488561 0.22522297613509465
0.492063 0.2251325933784136
0.49559 0.22285166274160884
0.499143 0.22079154661103217
0.502721 0.2179456577301475
0.506325 0.2158164122306508
0.509954 0.21611284925612156
0.51361 0.21610462956426368
0.517292 0.2141812893770321
0.521 0.21321773701460534
0.524735 0.21148698407218872
0.528496 0.20989344040118876
0.532285 0.20761659252730844
0.5361 0.2066265123619994
0.539943 0.20534999557062159
0.543814 0.20373325530628963
0.547712 0.20260223518569756
0.551638 0.2020519559300426
0.555593 0.19961645581595333
0.559575 0.19784045394381167
0.563587 0.1952755580050965
0.567627 0.19081233303378142
0.571696 0.18862451376635844
0.575794 0.1903150484471311
0.579921 0.19158648040441886
0.584078 0.1917008451615617
0.588265 0.18421958496217383
0.592482 0.18039951363960638
0.596729 0.18323863854012362
0.601007 0.18647796222700283
0.605315 0.18675110109787477
0.609654 0.1876901839657592
0.614025 0.1891545010809112
0.618426 0.19081676787576404
0.622859 0.19202416206897294
0.627324 0.18813838737755142
0.631821 0.1890315510113501
0.63635 0.1920754979039535
0.640912 0.19348030011677378
0.645506 0.19015139262184552
0.650134 0.18793239404552178
0.654794 0.19065236049710432
0.659488 0.19498647401534042
0.664215 0.19526754143577213
0.668977 0.1963346321243032
0.673772 0.197547734060705
0.678602 0.19798926151189436
0.683467 0.19500385453346167
0.688366 0.16467747069260916
0.6933 0.17983388509116577
0.69827 0.1894455011932338
0.703276 0.19184243510895205
0.708317 0.20005653432640333
0.713395 0.20034791360078857
0.718509 0.16631827420641632
0.723659 0.17238545626395155
0.728847 0.182566404515322
0.734071 0.2056562163314586
0.739333 0.22055050787121308
0.744633 0.23302993654628748
0.749971 0.23682129988411246
0.755347 0.23127061103415075
0.760762 0.11805443056958456
0.766215 0.16110187088067784
0.771708 0.23573130374454745
0.77724 0.24104385173616882
0.782811 0.24016374888127776
0.788423 0.2317295325449636
0.794075 0.22852595842399012
0.799767 0.22821298045353686
0.8055 0.2293862365196062
0.811274 0.21201385684122692
0.81709 0.17998741864352916
0.822947 0.19687320475127423
0.828846 0.20440846169083227
0.834788 0.21617746253404554
0.840772 0.22891927135646456
0.846799 0.23823612280858814
0.852869 0.23817209181526033
0.858983 0.23999325459736245
0.86514 0.24070173922365257
0.871342 0.24071845620816418
0.877588 0.24006337249594578
0.883879 0.23787775372263634
0.890215 0.2299280320241096
0.896596 0.1840836756749719
0.903024 0.17661797466165438
0.909497 0.16935897790923393
0.916017 0.164228928743261
0.922583 0.18247275148585074
0.929196 0.1302479168834219
0.935857 0.08367554906176829
0.942566 0.09358353448179589
0.949323 0.09618676641334413
0.956128 0.10910912408508944
0.962982 0.13269639652740542
0.969885 0.1704162713208965
0.976837 0.17095696996371873
0.98384 0.1997141780668468
0.990892 0.2195262421835066
0.997995 0.22444990531388503
1.00515 0.22391492118500683
1.01235 0.2247579880312796
1.01961 0.22603300171590912
1.02692 0.2267608913149049
1.03428 0.2291983752590719
1.0417 0.23000691127464032
1.04916 0.2304423856743297
1.05668 0.2308975900427785
1.06426 0.2299594009140417
1.07189 0.22762905733557404
1.07957 0.22224444823979836
1.08731 0.2123506746263685
1.0951 0.19790206100823904
1.10295 0.16965871229049942
1.11086 0.13518020595072533
1.11882 0.08108388834388158
1.12684 0.06849434017261567
1.13492 0.07669403800243788
1.14306 0.08494752944989668
1.15125 0.08844260471877549
1.1595 0.12209252007816815
1.16782 0.15492541567084092
1.17619 0.16778596992637645
1.18462 0.16548517390578996
1.19311 0.17387833917807258
1.20166 0.17193715806164367
1.21028 0.1760018837051275
1.21895 0.1838201241876838
1.22769 0.19309369022790668
1.23649 0.20234602996337303
1.24536 0.20475294396623997
1.25428 0.20096910293290768
1.26327 0.18302628070204258
1.27233 0.1812901314709845
1.28145 0.1961967796315303
1.29064 0.19127522220474974
1.29989 0.17668847849305144
1.30921 0.15444907301740016
1.31859 0.13565291948156658
1.32804 0.10873019222799071
1.33756 0.08705337523352781
1.34715 0.055454506583588595
1.35681 0.03304415792322285
1.36653 0.027489096522188818
1.37633 0.0298309408985064
1.3862 0.029388054557567544
1.39613 0.029957481497385634
1.40614 0.029833951851528803
1.41622 0.029383747005705948
1.42637 0.027578333667780598
1.4366 0.022457516420957755
1.4469 0.022793577913199376
1.45727 0.02990698117309309
1.46771 0.02408106670676472
1.47824 0.02721407673665615
1.48883 0.04355890014228534
1.49951 0.0700396083881406
1.51025 0.08796933598634252
1.52108 0.10231988881602257
1.53198 0.11195306976040306
1.54297 0.11931360069659672
1.55403 0.12571778334955375
1.56517 0.12403973393384363
1.57639 0.11768285174820055
1.58769 0.13046085023534804
1.59907 0.12639181839415287
1.61053 0.12657014643711226
1.62208 0.13839266329716626
1.6337 0.13706699085266807
1.64541 0.13492176638053166
1.65721 0.13834150350171479
1.66909 0.1385384511102501
1.68105 0.14234573248395468
1.6931 0.13857449181845394
1.70524 0.13328855964947947
1.71746 0.1316844671482369
1.72978 0.12392132703828308
1.74218 0.11821659005887296
1.75466 0.1139076163395399
1.76724 0.09876736372390317
1.77991 0.07502094477654653
1.79267 0.05112612179787387
