0.4 0.5409059933333333
0.402867 0.5446842266666666
0.405755 0.5358538399999999
0.408664 0.5369307666666666
0.411593 0.5398773533333333
0.414544 0.5416397866666667
0.417515 0.5427630866666666
0.420508 0.5482051866666666
0.423523 0.5491900599999999
0.426559 0.5477255266666666
0.429617 0.5430549933333333
0.432696 0.5454297866666666
0.435798 0.5499700399999999
0.438922 0.5499761533333333
0.442068 0.5483949733333333
0.445237 0.55326056
0.448429 0.5533511666666666
0.451643 0.5532916666666666
0.454881 0.552912
0.458142 0.55292376
0.461426 0.5528171866666667
0.464734 0.5566554866666666
0.468065 0.5538329
0.47142 0.5528567333333333
0.4748 0.5544102266666666
0.478203 0.5501218533333333
0.481631 0.5511617066666666
0.485084 0.5491469133333333
0.488561 0.5501278533333334
0.492063 0.55259604
0.49559 0.5493502866666666
0.499143 0.54580546
0.502721 0.5392154066666666
0.506325 0.5346748866666666
0.509954 0.5365364466666667
0.51361 0.5379510466666666
0.517292 0.534546
0.521 0.5330727666666666
0.524735 0.52838326
0.528496 0.5235703933333333
0.532285 0.5177500533333332
0.5361 0.5154369866666666
0.539943 0.5131136866666666
0.543814 0.5107298199999999
0.547712 0.5107039333333333
0.551638 0.5101360333333333
0.555593 0.5028547466666666
0.559575 0.49718964
0.563587 0.48955903333333334
0.567627 0.47656716666666665
0.571696 0.47134726
0.575794 0.47841172
0.579921 0.48430041999999995
0.584078 0.48683101999999995
0.588265 0.46459942666666665
0.592482 0.45283509333333327
0.596729 0.46322161333333334
0.601007 0.4787953933333333
0.605315 0.48578082
0.609654 0.49229803333333333
0.614025 0.5013790733333333
0.618426 0.5117524999999999
0.622859 0.5196085133333332
0.627324 0.5086679266666666
0.631821 0.5163893466666667
0.63635 0.5344534866666666
0.640912 0.5442528733333333
0.645506 0.53660716
0.650134 0.5330462933333333
0.654794 0.5464482333333334
0.659488 0.56587404
0.664215 0.5715793733333333
0.668977 0.5782688
0.673772 0.58471988
0.678602 0.5888772933333333
0.683467 0.5793172333333333
0.688366 0.4626450466666666
0.6933 0.5242874133333333
0.69827 0.5595522333333333
0.703276 0.56322734
0.708317 0.58643804
0.713395 0.5814735733333333
0.718509 0.4644843133333333
0.723659 0.4793546933333333
0.728847 0.50286406
0.734071 0.56602826
0.739333 0.6044173866666667
0.744633 0.64629972
0.749971 0.6631059399999999
0.755347 0.6393414333333333
0.760762 0.2785583333333333
0.766215 0.39442784666666664
0.771708 0.6564465799999999
0.77724 0.6890738666666666
0.782811 0.6873506666666667
0.788423 0.64726822
0.794075 0.6337955333333333
0.799767 0.6294870866666666
0.8055 0.6367149266666666
0.811274 0.5805053466666666
0.81709 0.4840997933333333
0.822947 0.5333184066666666
0.828846 0.5562300466666666
0.834788 0.5976665533333333
0.840772 0.6538647733333333
0.846799 0.7062827333333332
0.852869 0.7084203333333333
0.858983 0.7247808
0.86514 0.7349290666666667
0.871342 0.7374655333333333
0.877588 0.7340942
0.883879 0.7212699999999999
0.890215 0.6836647333333332
0.896596 0.50752888
0.903024 0.48042871333333337
0.909497 0.4597722866666667
0.916017 0.4431689733333333
0.922583 0.4971655666666666
0.929196 0.35154204
0.935857 0.23194384
0.942566 0.2524688133333333
0.949323 0.26040539333333335
0.956128 0.2945983466666666
0.962982 0.36083994666666663
0.969885 0.4732593866666666
0.976837 0.47777988
0.98384 0.5849636266666667
0.990892 0.6880777333333332
0.997995 0.7254856
1.00515 0.7255367333333332
1.01235 0.7319852
1.01961 0.7400012666666667
1.02692 0.7431514666666665
1.03428 0.7569963999999999
1.0417 0.7607438666666666
1.04916 0.7609493333333333
1.05668 0.7614516
1.06426 0.7529117999999999
1.07189 0.7385607333333333
1.07957 0.7079738666666666
1.08731 0.6569217199999999
1.0951 0.5916261199999999
1.10295 0.47824019999999995
1.11086 0.37465604666666663
1.11882 0.23243695999999997
1.12684 0.20192812
1.13492 0.21948769999999998
1.14306 0.23830373333333332
1.15125 0.24858456666666665
1.1595 0.3439108866666667
1.16782 0.45131013333333336
1.17619 0.5041052866666667
1.18462 0.49203621999999997
1.19311 0.5305521866666667
1.20166 0.5251047333333333
1.21028 0.5519444733333333
1.21895 0.5946407733333333
1.22769 0.6570626266666666
1.23649 0.7269867999999999
1.24536 0.7481457999999999
1.25428 0.7211538666666667
1.26327 0.6058525466666667
1.27233 0.59731282
1.28145 0.6840129333333334
1.29064 0.6512416266666666
1.29989 0.5715219866666666
1.30921 0.4749483666666666
1.31859 0.40757544
1.32804 0.32143005999999996
1.33756 0.25532325333333333
1.34715 0.18337351333333332
1.35681 0.12756862
1.36653 0.10781736666666666
1.37633 0.11670209333333333
1.3862 0.11653664666666666
1.39613 0.12048953333333332
1.40614 0.12620910666666665
1.41622 0.13487111333333332
1.42637 0.13147154666666666
1.4366 0.11165835333333332
1.4469 0.11710063999999999
1.45727 0.1348641133333333
1.46771 0.11446972
1.47824 0.11802941333333333
1.48883 0.16972531999999999
1.49951 0.2788054133333333
1.51025 0.36639589333333333
1.52108 0.4509872533333333
1.53198 0.5079223466666667
1.54297 0.5620106066666666
1.55403 0.6159724799999999
1.56517 0.5843284599999999
1.57639 0.5099849266666666
1.58769 0.6111365933333333
1.59907 0.5583145866666666
1.61053 0.5452407466666667
1.62208 0.6353729066666667
1.6337 0.6163752666666666
1.64541 0.5868440866666667
1.65721 0.6025954533333333
1.66909 0.6006861866666666
1.68105 0.6288948133333333
1.6931 0.5940509666666667
1.70524 0.5496399866666666
1.71746 0.5442073399999999
1.72978 0.4907373
1.74218 0.4536549266666666
1.75466 0.4284913933333333
1.76724 0.3616449066666666
1.77991 0.26870686
1.79267 0.19350546000000002
