0.4 0.32924018116681625
0.402867 0.3284881385211682
0.405755 0.3197923422138567
0.408664 0.3170553544151439
0.411593 0.3155360296990538
0.414544 0.3130984953887032
0.417515 0.3110308817959048
0.420508 0.3111816400823248
0.423523 0.30903057633419
0.426559 0.30577845407103865
0.429617 0.30046793762384844
0.432696 0.2990752024818796
0.435798 0.2991783647646861
0.438922 0.2965900157554494
0.442068 0.2929580441806971
0.445237 0.29295629539424534
0.448429 0.29007483526963035
0.451643 0.2877517134996286
0.454881 0.2855941542589586
0.458142 0.28383040238580876
0.461426 0.2820474380384607
0.464734 0.28214427406613074
0.468065 0.2788662343042288
0.47142 0.27664804778025653
0.4748 0.27579982993868524
0.478203 0.2718641900584542
0.481631 0.2704350849936429
0.485084 0.26698219882225965
0.488561 0.26506216829992735
0.492063 0.26480627329438433
0.49559 0.2620980477945025
0.499143 0.25976481207520596
0.502721 0.25658713814957257
0.506325 0.25423278805007493
0.509954 0.2544521680721482
0.51361 0.2542028652662252
0.517292 0.2518034980187112
0.521 0.25084785472367455
0.524735 0.24918186565442482
0.528496 0.24747892641982336
0.532285 0.2447802104499558
0.5361 0.2434982613326523
0.539943 0.2418353346544241
0.543814 0.23979159965266988
0.547712 0.23822045605692618
0.551638 0.2374553498958942
0.555593 0.234599863682496
0.559575 0.23252401386963448
0.563587 0.22948597691565864
0.567627 0.2242182291767611
0.571696 0.22162823614708124
0.575794 0.22355014439864518
0.579921 0.22498807398495269
0.584078 0.2251015516901475
0.588265 0.21649404895134072
0.592482 0.21209083837458967
0.596729 0.21529227806633486
0.601007 0.21855188706964143
0.605315 0.21837023892852284
0.609654 0.2193212886370273
0.614025 0.22095505007023733
0.618426 0.22289751663626414
0.622859 0.2242080829917714
0.627324 0.21958828078056145
0.631821 0.22045744376493517
0.63635 0.22388847413513324
0.640912 0.2254903141714058
0.645506 0.22174209262169187
0.650134 0.21922168033959047
0.654794 0.22229007525929803
0.659488 0.22721612463158378
0.664215 0.22754525913608356
0.668977 0.22874375003912692
0.673772 0.23008905841488092
0.678602 0.23052600520118574
0.683467 0.22702062320055466
0.688366 0.19216859058579067
0.6933 0.20961886828309448
0.69827 0.22054967814714915
0.703276 0.22335943802724184
0.708317 0.2328786065142316
0.713395 0.23344051497206192
0.718509 0.19428998943563544
0.723659 0.20175044944056045
0.728847 0.21426342750803629
0.734071 0.24155901027719806
0.739333 0.2590033001941624
0.744633 0.27330626193156454
0.749971 0.277464166928568
0.755347 0.2708239522409098
0.760762 0.13829067203422676
0.766215 0.1890890098799308
0.771708 0.27606783750661074
0.77724 0.28259100438585694
0.782811 0.2818904340861416
0.788423 0.2723679130868757
0.794075 0.26870518865912835
0.799767 0.26837981767201546
0.8055 0.2695519075408838
0.811274 0.24896722427951118
0.81709 0.21107933867910514
0.822947 0.23106185915856192
0.828846 0.24000987560219061
0.834788 0.25394255397047216
0.840772 0.2690019665848087
0.846799 0.2800091347513078
0.852869 0.28001893440257664
0.858983 0.2821785889634192
0.86514 0.2830502421552289
0.871342 0.28303034467251276
0.877588 0.2821905967597931
0.883879 0.2795943177695953
0.890215 0.27036047547765013
0.896596 0.2163662102440397
0.903024 0.2076354462666167
0.909497 0.19901799075698995
0.916017 0.19306239775896392
0.922583 0.21499359017572797
0.929196 0.1521309387239721
0.935857 0.09513729519357066
0.942566 0.10749414773141511
0.949323 0.11065889514336823
0.956128 0.12657445558023694
0.962982 0.15555735133086665
0.969885 0.20133425438288832
0.976837 0.20205639842145784
0.98384 0.2363912496051532
0.990892 0.259804615099562
0.997995 0.2657689762066181
1.00515 0.26543402315917736
1.01235 0.2665958459591999
1.01961 0.26833324515171714
1.02692 0.2692931274406416
1.03428 0.27216170134619494
1.0417 0.2729829459700056
1.04916 0.273311411583835
1.05668 0.27363197139347445
1.06426 0.2723813311949042
1.07189 0.26953878761303374
1.07957 0.26315547529638617
1.08731 0.25146474115926487
1.0951 0.234385294837896
1.10295 0.2007841441894146
1.11086 0.15904453628169096
1.11882 0.09230427725956189
1.12684 0.07669008511133626
1.13492 0.08705336461235899
1.14306 0.0974651556107321
1.15125 0.10187614304889304
1.1595 0.14375235777294773
1.16782 0.18417318728187218
1.17619 0.2000363244198067
1.18462 0.19760311775150496
1.19311 0.20797022201773507
1.20166 0.20559807781461772
1.21028 0.21059550507447614
1.21895 0.22031996658484013
1.22769 0.23174196785089923
1.23649 0.24309031861289077
1.24536 0.24611361579534455
1.25428 0.24171204118011294
1.26327 0.22024868540435236
1.27233 0.21816755699644058
1.28145 0.2360654917897008
1.29064 0.23010085667923752
1.29989 0.21232341891375045
1.30921 0.18511705648932356
1.31859 0.16190994303021414
1.32804 0.1282443048739585
1.33756 0.10101138023688178
1.34715 0.06086991896068029
1.35681 0.0339079957816988
1.36653 0.02803196692598137
1.37633 0.030438995792295746
1.3862 0.029954840636609442
1.39613 0.03053334644788405
1.40614 0.030371404792988915
1.41622 0.03018100063122587
1.42637 0.02911711551374873
1.4366 0.024175873458426738
1.4469 0.025698888355697735
1.45727 0.03587085787192894
1.46771 0.028972319219112242
1.47824 0.033629935512298974
1.48883 0.05516428798853926
1.49951 0.0891897288835905
1.51025 0.11195409313130167
1.52108 0.13010504589432942
1.53198 0.1422129179832005
1.54297 0.15128336559630007
1.55403 0.15907514407405868
1.56517 0.1567749177064046
1.57639 0.14848573439643736
1.58769 0.16401226640756433
1.59907 0.15864208974792068
1.61053 0.15863125855441298
1.62208 0.17312852094320688
1.6337 0.17135683908909602
1.64541 0.16848052055782772
1.65721 0.1724437622518711
1.66909 0.1724301668475203
1.68105 0.1768785557507625
1.6931 0.17193840326193027
1.70524 0.16515822924566484
1.71746 0.16286375694956173
1.72978 0.15299895734117464
1.74218 0.1455843445534113
1.75466 0.14002271204245642
1.76724 0.12089320446419673
1.77991 0.09066792085290729
1.79267 0.05999721891467669
