0.4 0.27139488666666667
0.402867 0.2705764133333333
0.405755 0.2633252333333333
0.408664 0.26098858666666663
0.411593 0.25960984666666664
0.414544 0.25769164
0.417515 0.25577768666666667
0.420508 0.25593504
0.423523 0.25390870666666665
0.426559 0.25109326666666665
0.429617 0.2468149533333333
0.432696 0.24535641999999996
0.435798 0.24528822666666666
0.438922 0.24291709333333333
0.442068 0.23969818666666667
0.445237 0.23939724666666665
0.448429 0.23671587333333333
0.451643 0.2347564533333333
0.454881 0.23338944666666664
0.458142 0.23221178
0.461426 0.23051631333333333
0.464734 0.23021122
0.468065 0.22709683333333333
0.47142 0.22523110000000002
0.4748 0.22466442
0.478203 0.22166646
0.481631 0.22029597999999997
0.485084 0.21714146666666667
0.488561 0.21541334666666667
0.492063 0.21507890666666665
0.49559 0.21293977999999997
0.499143 0.21119858666666663
0.502721 0.20895852666666664
0.506325 0.20721959999999998
0.509954 0.20726023999999998
0.51361 0.2069306333333333
0.517292 0.20493494666666667
0.521 0.20411518666666664
0.524735 0.202784
0.528496 0.20140452666666667
0.532285 0.19913198666666665
0.5361 0.1979903133333333
0.539943 0.19648556666666664
0.543814 0.19465477999999997
0.547712 0.19297235333333332
0.551638 0.19209659999999998
0.555593 0.18973802666666664
0.559575 0.18805636666666664
0.563587 0.18564582
0.567627 0.18166394666666666
0.571696 0.17973540666666665
0.575794 0.18113247999999998
0.579921 0.18217622
0.584078 0.1822632933333333
0.588265 0.17600021999999999
0.592482 0.17275466666666664
0.596729 0.17495091333333335
0.601007 0.17689770666666665
0.605315 0.17636562666666666
0.609654 0.17699915333333333
0.614025 0.17823619999999998
0.618426 0.17980868
0.622859 0.1807798
0.627324 0.17710192666666663
0.631821 0.17770806666666666
0.63635 0.18046491999999997
0.640912 0.18177291333333334
0.645506 0.1791932
0.650134 0.1773848
0.654794 0.1795568933333333
0.659488 0.18307538666666667
0.664215 0.18323261999999998
0.668977 0.1841552733333333
0.673772 0.18518817999999998
0.678602 0.18539737999999997
0.683467 0.18262307333333333
0.688366 0.15558700666666667
0.6933 0.1699575733333333
0.69827 0.17859612666666663
0.703276 0.18106196
0.708317 0.18845588666666668
0.713395 0.18932538666666665
0.718509 0.16038916666666667
0.723659 0.16647776666666667
0.728847 0.1767914133333333
0.734071 0.19811964666666665
0.739333 0.21184222
0.744633 0.22313177333333334
0.749971 0.22671890666666666
0.755347 0.22166657999999997
0.760762 0.11453665333333332
0.766215 0.15618066666666666
0.771708 0.2262516933333333
0.77724 0.23169273999999998
0.782811 0.23137921333333333
0.788423 0.22428348
0.794075 0.22149208666666667
0.799767 0.2212844333333333
0.8055 0.22212379999999998
0.811274 0.20607937999999998
0.81709 0.17632466666666669
0.822947 0.19218304666666666
0.828846 0.19937381333333332
0.834788 0.21041844666666668
0.840772 0.22212614666666666
0.846799 0.23050190666666664
0.852869 0.23047417333333334
0.858983 0.2319648933333333
0.86514 0.23251587333333334
0.871342 0.23260617333333333
0.877588 0.23213328666666666
0.883879 0.23036072666666665
0.890215 0.22333097333333332
0.896596 0.18096185999999997
0.903024 0.17430526666666668
0.909497 0.16760129333333332
0.916017 0.16306021333333331
0.922583 0.18074780000000001
0.929196 0.1296184
0.935857 0.08224382
0.942566 0.09277424000000001
0.949323 0.09543686666666668
0.956128 0.10884234
0.962982 0.13286559999999997
0.969885 0.17019679999999998
0.976837 0.17084505333333333
0.98384 0.19845959333333332
0.990892 0.21706108000000002
0.997995 0.22188807333333332
1.00515 0.22182640666666667
1.01235 0.22287107333333334
1.01961 0.22453964666666665
1.02692 0.22556657333333333
1.03428 0.22800669333333334
1.0417 0.22857135333333334
1.04916 0.22864961333333333
1.05668 0.22868326666666666
1.06426 0.22754239999999998
1.07189 0.22521668666666667
1.07957 0.22010527333333332
1.08731 0.21072914
1.0951 0.19709637333333332
1.10295 0.1702519
1.11086 0.1360894
1.11882 0.08005676666666667
1.12684 0.06670657999999999
1.13492 0.07567393333333333
1.14306 0.08475723333333332
1.15125 0.08857492666666666
1.1595 0.12416741999999999
1.16782 0.15797726666666667
1.17619 0.17114362
1.18462 0.16940829333333332
1.19311 0.17811248000000002
1.20166 0.17615409333333332
1.21028 0.18032758666666665
1.21895 0.18844786666666663
1.22769 0.19788697333333333
1.23649 0.20727147999999998
1.24536 0.2098557
1.25428 0.20632366666666668
1.26327 0.1883474533333333
1.27233 0.18663690666666666
1.28145 0.20183125333333332
1.29064 0.1970727733333333
1.29989 0.18240040666666668
1.30921 0.15981144
1.31859 0.14037324666666667
1.32804 0.11180155333333333
1.33756 0.08849102666666665
1.34715 0.052653074
1.35681 0.028408101999999998
1.36653 0.023469191333333334
1.37633 0.02544636
1.3862 0.025019316
1.39613 0.025491555333333332
1.40614 0.025348989333333335
1.41622 0.025412158666666664
1.42637 0.025036988666666666
1.4366 0.021102726000000002
1.4469 0.022998216666666668
1.45727 0.032779871333333335
1.46771 0.026601564666666664
1.47824 0.03103909666666667
1.48883 0.050384663999999996
1.49951 0.07997910666666666
1.51025 0.099429
1.52108 0.11488380666666666
1.53198 0.12508553333333333
1.54297 0.13270846666666666
1.55403 0.13924892666666666
1.56517 0.13716303999999999
1.57639 0.12990761333333334
1.58769 0.1432047733333333
1.59907 0.1384997533333333
1.61053 0.13844132666666664
1.62208 0.15091948666666666
1.6337 0.14939627333333333
1.64541 0.14691296666666664
1.65721 0.15031684666666667
1.66909 0.15026034
1.68105 0.15408330666666664
1.6931 0.14993612
1.70524 0.14415050666666665
1.71746 0.14216821999999998
1.72978 0.13378608666666666
1.74218 0.12753969999999998
1.75466 0.12284098666666667
1.76724 0.10658232000000001
1.77991 0.08051771333333332
1.79267 0.05352289133333333
