0.4 2.9461085999999996
0.402867 2.9998356666666663
0.405755 3.0064495333333334
0.408664 3.0546786666666663
0.411593 3.1079970666666665
0.414544 3.1648142666666663
0.417515 3.2118409999999997
0.420508 3.2937708666666663
0.423523 3.3566778
0.426559 3.3870704
0.429617 3.414671133333333
0.432696 3.4911654666666667
0.435798 3.5705076666666664
0.438922 3.6345628666666667
0.442068 3.6905154
0.445237 3.773444666666667
0.448429 3.837880933333333
0.451643 3.891954733333333
0.454881 3.9504561333333332
0.458142 4.0092584
0.461426 4.0771574
0.464734 4.1611899999999995
0.468065 4.215218266666667
0.47142 4.2718934
0.4748 4.3309146
0.478203 4.3526972
0.481631 4.407732066666666
0.485084 4.460467599999999
0.488561 4.5288753999999996
0.492063 4.583040933333333
0.49559 4.585297799999999
0.499143 4.584311866666667
0.502721 4.562158333333333
0.506325 4.5521232
0.509954 4.602242066666666
0.51361 4.673754
0.517292 4.707529733333333
0.521 4.716037066666667
0.524735 4.652076599999999
0.528496 4.581651866666666
0.532285 4.5321222
0.5361 4.527951
0.539943 4.510301266666667
0.543814 4.501514933333333
0.547712 4.542544866666667
0.551638 4.5489467999999995
0.555593 4.450273266666667
0.559575 4.356484466666666
0.563587 4.238024599999999
0.567627 4.052567333333333
0.571696 4.004928
0.575794 4.155620533333333
0.579921 4.3140804
0.584078 4.416905933333333
0.588265 4.1673420666666665
0.592482 4.036154666666667
0.596729 4.184997266666667
0.601007 4.509717533333333
0.605315 4.820048666666667
0.609654 5.0676968
0.614025 5.404342533333333
0.618426 5.802363266666667
0.622859 6.1630226
0.627324 6.142151733333333
0.631821 6.5486623999999996
0.63635 7.267208
0.640912 7.789243333333333
0.645506 7.741246
0.650134 7.871856666666667
0.654794 8.478962
0.659488 9.442703999999999
0.664215 10.100802666666667
0.668977 10.676612666666665
0.673772 11.176578666666666
0.678602 11.617391333333332
0.683467 11.577803333333332
0.688366 7.910376666666666
0.6933 9.706959999999999
0.69827 11.13636
0.703276 11.358393999999999
0.708317 12.319260666666667
0.713395 12.329059333333333
0.718509 8.876044666666665
0.723659 9.2386
0.728847 9.855203333333332
0.734071 12.192335333333332
0.739333 14.192347333333332
0.744633 16.38098
0.749971 17.155436666666667
0.755347 16.394821999999998
0.760762 5.582321
0.766215 8.11166
0.771708 17.176502
0.77724 18.628766
0.782811 18.686048666666665
0.788423 17.128742666666668
0.794075 16.70294333333333
0.799767 16.509027333333332
0.8055 16.979544666666666
0.811274 14.829734666666667
0.81709 11.252603333333333
0.822947 12.977799999999998
0.828846 13.644748666666667
0.834788 15.745201999999999
0.840772 18.370748
0.846799 20.85982
0.852869 21.04497933333333
0.858983 21.98889733333333
0.86514 22.668087333333332
0.871342 22.906132666666664
0.877588 22.810564666666664
0.883879 22.231986666666664
0.890215 20.510811999999998
0.896596 13.131305333333332
0.903024 11.790988666666665
0.909497 11.298318666666667
0.916017 10.773574
0.922583 12.469168666666665
0.929196 8.952556
0.935857 7.0705893333333325
0.942566 7.292029333333333
0.949323 7.443188
0.956128 7.941150666666666
0.962982 8.983816
0.969885 11.917626
0.976837 12.117531999999999
0.98384 16.772130666666666
0.990892 21.703280666666664
0.997995 23.850634
1.00515 23.953902666666664
1.01235 24.361166
1.01961 24.919287999999998
1.02692 25.219149333333334
1.03428 26.131193333333332
1.0417 26.445833333333333
1.04916 26.514996
1.05668 26.61886333333333
1.06426 26.124585999999997
1.07189 25.365386
1.07957 23.785829999999997
1.08731 21.26624533333333
1.0951 18.114753333333333
1.10295 13.050287333333332
1.11086 9.881229333333334
1.11882 7.462446
1.12684 6.944489333333333
1.13492 7.158194
1.14306 7.4674119999999995
1.15125 7.571147333333333
1.1595 9.073738666666666
1.16782 12.142031333333332
1.17619 14.727650666666666
1.18462 14.046289999999999
1.19311 15.891599999999999
1.20166 15.696386666666665
1.21028 17.044706666666666
1.21895 19.259273999999998
1.22769 22.603393333333333
1.23649 26.694709333333336
1.24536 28.165004666666665
1.25428 26.688893333333333
1.26327 20.304426666666664
1.27233 19.882586666666665
1.28145 24.42586933333333
1.29064 22.619601333333335
1.29989 18.618219333333332
1.30921 13.974647333333332
1.31859 11.100182666666665
1.32804 9.104040666666666
1.33756 7.981662
1.34715 6.921436
1.35681 4.926624533333333
1.36653 3.7694010000000002
1.37633 4.323266933333333
1.3862 4.388595333333333
1.39613 4.6933359333333335
1.40614 5.239057533333333
1.41622 6.194828066666666
1.42637 6.207684733333332
1.4366 5.3412299999999995
1.4469 6.313251133333333
1.45727 7.120304666666667
1.46771 6.762966
1.47824 6.891803333333333
1.48883 7.814503333333333
1.49951 10.463496
1.51025 14.358764666666666
1.52108 18.489307999999998
1.53198 21.111003333333333
1.54297 24.173496
1.55403 27.679852
1.56517 25.38820933333333
1.57639 20.393918
1.58769 26.635301333333334
1.59907 23.021098666666663
1.61053 21.941975333333332
1.62208 27.453269999999996
1.6337 26.082680666666665
1.64541 24.07858333333333
1.65721 24.996612666666667
1.66909 24.894319333333332
1.68105 26.661026
1.6931 24.33843933333333
1.70524 21.25038933333333
1.71746 21.271933999999998
1.72978 18.08256
1.74218 16.301046666666664
1.75466 14.859533333333333
1.76724 11.694593999999999
1.77991 9.214997333333333
1.79267 7.924837999999999
