0.4 0.2769533533333333
0.402867 0.27649093999999996
0.405755 0.2694687
0.408664 0.2673855133333333
0.411593 0.26639302666666664
0.414544 0.26446692
0.417515 0.2630954
0.420508 0.2634554733333333
0.423523 0.2620376666666666
0.426559 0.2594649333333333
0.429617 0.2544875466666666
0.432696 0.2538005733333333
0.435798 0.2537251933333333
0.438922 0.25171009333333333
0.442068 0.24881053999999997
0.445237 0.24913398666666667
0.448429 0.24706889333333332
0.451643 0.24527989333333333
0.454881 0.2437222933333333
0.458142 0.24236821999999997
0.461426 0.24068736666666668
0.464734 0.24072862666666664
0.468065 0.23759022666666665
0.47142 0.23587676666666668
0.4748 0.2355362
0.478203 0.23256933333333332
0.481631 0.2316994
0.485084 0.22909816666666666
0.488561 0.22766113999999998
0.492063 0.22762823999999998
0.49559 0.22522593333333332
0.499143 0.22310554666666665
0.502721 0.22019121999999997
0.506325 0.21797724
0.509954 0.21823368666666665
0.51361 0.21816600666666666
0.517292 0.21617660666666666
0.521 0.21525844666666666
0.524735 0.21355781333333335
0.528496 0.21187938666666664
0.532285 0.2094212933333333
0.5361 0.2082553133333333
0.539943 0.20694895333333332
0.543814 0.2053746333333333
0.547712 0.20439637333333333
0.551638 0.20389645999999997
0.555593 0.20138977333333333
0.559575 0.19956314
0.563587 0.19698338666666665
0.567627 0.19246855333333335
0.571696 0.19027892000000002
0.575794 0.19207752666666666
0.579921 0.19344810666666667
0.584078 0.1935754133333333
0.588265 0.18572596666666666
0.592482 0.18169682
0.596729 0.18462853999999998
0.601007 0.18808718666666668
0.605315 0.18857266666666667
0.609654 0.18967300666666667
0.614025 0.19127156
0.618426 0.19300118666666666
0.622859 0.19426665999999998
0.627324 0.19015733999999998
0.631821 0.19114446666666665
0.63635 0.19465868666666666
0.640912 0.19637315333333333
0.645506 0.1931301
0.650134 0.1909628
0.654794 0.19387929333333334
0.659488 0.19839911333333332
0.664215 0.19869087333333335
0.668977 0.19981199333333333
0.673772 0.20111945999999997
0.678602 0.20170542666666663
0.683467 0.19871875333333333
0.688366 0.16717986666666665
0.6933 0.18306301333333333
0.69827 0.19297663333333331
0.703276 0.19518500666666666
0.708317 0.20330983333333333
0.713395 0.20330389999999998
0.718509 0.16867897333333332
0.723659 0.17444169999999998
0.728847 0.18396817333333332
0.734071 0.2065955133333333
0.739333 0.22120685333333334
0.744633 0.23354892
0.749971 0.23722678
0.755347 0.23151073333333333
0.760762 0.11757812000000001
0.766215 0.16042608
0.771708 0.2359293
0.77724 0.24116145333333333
0.782811 0.24013361333333333
0.788423 0.23157475333333333
0.794075 0.2283544133333333
0.799767 0.22803337999999998
0.8055 0.22935171333333332
0.811274 0.21230452
0.81709 0.18085316666666665
0.822947 0.19757306
0.828846 0.20503185333333332
0.834788 0.21673980666666665
0.840772 0.22937852666666664
0.846799 0.23859221999999997
0.852869 0.23845043999999999
0.858983 0.24000852666666667
0.86514 0.2405023533333333
0.871342 0.2403087133333333
0.877588 0.23946771333333333
0.883879 0.23711262666666666
0.890215 0.22926101333333332
0.896596 0.18431666666666668
0.903024 0.17708784
0.909497 0.17013051333333332
0.916017 0.16506826666666666
0.922583 0.18279340666666666
0.929196 0.13225557999999998
0.935857 0.08783084666666666
0.942566 0.09700843333333332
0.949323 0.09948101333333333
0.956128 0.11171351333333332
0.962982 0.13415792666666665
0.969885 0.17045580666666665
0.976837 0.17092558666666668
0.98384 0.19874907999999997
0.990892 0.21791586
0.997995 0.22255340666666668
1.00515 0.22181347333333334
1.01235 0.2225511933333333
1.01961 0.22370695333333335
1.02692 0.22441148
1.03428 0.22685405333333333
1.0417 0.22774445999999998
1.04916 0.22828452
1.05668 0.22895522000000001
1.06426 0.22831222666666665
1.07189 0.22630069999999997
1.07957 0.2211483333333333
1.08731 0.21147304666666666
1.0951 0.19729102666666667
1.10295 0.16970018
1.11086 0.13649366
1.11882 0.08527481333333332
1.12684 0.07336266
1.13492 0.08093411333333334
1.14306 0.08861704
1.15125 0.09188308666666667
1.1595 0.12352389333333333
1.16782 0.15464915333333332
1.17619 0.16679148666666666
1.18462 0.16432317999999999
1.19311 0.17214007999999997
1.20166 0.17012512666666668
1.21028 0.17383351333333333
1.21895 0.18107410000000002
1.22769 0.18982774666666663
1.23649 0.19855540666666666
1.24536 0.20076064666666665
1.25428 0.19694469333333334
1.26327 0.17925962666666664
1.27233 0.17763677333333333
1.28145 0.1924938533333333
1.29064 0.18800554666666663
1.29989 0.17426154
1.30921 0.15323783333333332
1.31859 0.1354880333333333
1.32804 0.11030725333333333
1.33756 0.09010392666666667
1.34715 0.06084016933333333
1.35681 0.038454294666666666
1.36653 0.03211391466666667
1.37633 0.03485608866666667
1.3862 0.03440762
1.39613 0.03513050066666666
1.40614 0.035185492
1.41622 0.03474299533333333
1.42637 0.03211286333333333
1.4366 0.025853266
1.4469 0.02525661733333333
1.45727 0.030875833999999998
1.46771 0.024817623333333334
1.47824 0.02703740933333333
1.48883 0.041575878
1.49951 0.06589350666666666
1.51025 0.08250595999999999
1.52108 0.09583923999999999
1.53198 0.10484891333333332
1.54297 0.11188638000000001
1.55403 0.11808145333333332
1.56517 0.11666452666666667
1.57639 0.11087117333333332
1.58769 0.12333208666666667
1.59907 0.11964163333333333
1.61053 0.11996492666666667
1.62208 0.13138894666666667
1.6337 0.13022296
1.64541 0.1283843
1.65721 0.13193176666666667
1.66909 0.13230210666666664
1.68105 0.13612965999999999
1.6931 0.13278727333333332
1.70524 0.12801768666666666
1.71746 0.12685162
1.72978 0.11979156666666665
1.74218 0.11480851333333332
1.75466 0.11100712666666665
1.76724 0.09702078666666666
1.77991 0.07520779999999999
1.79267 0.05340348933333333
