0.4 0.5166432266666666
0.402867 0.51929624
0.405755 0.5098388466666666
0.408664 0.5097520799999999
0.411593 0.51163564
0.414544 0.51173154
0.417515 0.51233206
0.420508 0.5161446733333332
0.423523 0.5162860666666667
0.426559 0.5139352333333334
0.429617 0.5077645399999999
0.432696 0.5092701933333332
0.435798 0.5119763133333333
0.438922 0.51058964
0.442068 0.50776258
0.445237 0.5112487666666666
0.448429 0.5102000866666666
0.451643 0.5091542466666666
0.454881 0.5078323199999999
0.458142 0.5068522733333333
0.461426 0.5055324133333333
0.464734 0.5078024933333333
0.468065 0.5035469733333333
0.47142 0.5014691466666666
0.4748 0.5020056666666666
0.478203 0.49718884666666663
0.481631 0.49751189333333334
0.485084 0.4947738133333333
0.488561 0.4942536066666666
0.492063 0.49553539333333335
0.49559 0.49143505333333326
0.499143 0.48739173999999996
0.502721 0.48104634
0.506325 0.47629711999999996
0.509954 0.47708533999999997
0.51361 0.4773413266666667
0.517292 0.4732619933333333
0.521 0.47123688666666663
0.524735 0.4667198733333333
0.528496 0.46210381999999994
0.532285 0.4565117666666666
0.5361 0.4539122733333333
0.539943 0.4515066133333333
0.543814 0.4490015733333333
0.547712 0.4482057133333333
0.551638 0.44731198666666666
0.555593 0.4410892866666667
0.559575 0.43631786
0.563587 0.42993159999999997
0.567627 0.41909968666666664
0.571696 0.41430686
0.575794 0.41930238666666664
0.579921 0.42329791333333333
0.584078 0.4246594133333333
0.588265 0.4069537733333333
0.592482 0.3976558866666667
0.596729 0.40511016
0.601007 0.41539741999999996
0.605315 0.41912483999999994
0.609654 0.42334335999999995
0.614025 0.4292734266666667
0.618426 0.4359487933333333
0.622859 0.44127022666666665
0.627324 0.43237428666666666
0.631821 0.43758246
0.63635 0.44978003333333333
0.640912 0.45615703999999996
0.645506 0.44955848666666665
0.650134 0.44599207999999996
0.654794 0.45540690666666667
0.659488 0.46949384
0.664215 0.47317829333333333
0.668977 0.4779845466666666
0.673772 0.48264382666666666
0.678602 0.48531068666666666
0.683467 0.47763629999999996
0.688366 0.3891306333333333
0.6933 0.4347546333333333
0.69827 0.46071554000000003
0.703276 0.46343231333333335
0.708317 0.4808763466666666
0.713395 0.47724145333333334
0.718509 0.3893236
0.723659 0.4000628133333333
0.728847 0.4178981933333333
0.734071 0.4660568333333333
0.739333 0.49495596
0.744633 0.51890718
0.749971 0.5242268266666666
0.755347 0.5081144933333333
0.760762 0.24009377999999998
0.766215 0.3335684333333333
0.771708 0.5152701666666666
0.77724 0.5293497666666667
0.782811 0.5282790333333334
0.788423 0.5097657666666666
0.794075 0.5026604933333333
0.799767 0.5022296799999999
0.8055 0.50548792
0.811274 0.4681394133333333
0.81709 0.39982362666666665
0.822947 0.4364350533333333
0.828846 0.4530721733333333
0.834788 0.4782351933333333
0.840772 0.5058120333333334
0.846799 0.5274479799999999
0.852869 0.5275937933333332
0.858983 0.5339776666666667
0.86514 0.5384241399999999
0.871342 0.53933756
0.877588 0.5368770466666666
0.883879 0.5297616533333334
0.890215 0.51053352
0.896596 0.40954922
0.903024 0.3934515266666666
0.909497 0.37865356666666666
0.916017 0.3667906733333333
0.922583 0.4064151266666667
0.929196 0.29830184
0.935857 0.20678619999999998
0.942566 0.22351471999999997
0.949323 0.2294135
0.956128 0.25559164666666667
0.962982 0.3046746066666667
0.969885 0.38689109333333327
0.976837 0.38886082
0.98384 0.45467956666666665
0.990892 0.5047225733333334
0.997995 0.5242283266666666
1.00515 0.5238989733333332
1.01235 0.5274087933333333
1.01961 0.5331538466666667
1.02692 0.5358140533333333
1.03428 0.5455699733333332
1.0417 0.54843552
1.04916 0.54888288
1.05668 0.5496473466666667
1.06426 0.5438154733333334
1.07189 0.5337070799999999
1.07957 0.5141837533333333
1.08731 0.48561610666666666
1.0951 0.44965707333333327
1.10295 0.3845845933333333
1.11086 0.3116323
1.11882 0.20420866666666665
1.12684 0.18015006
1.13492 0.1943431733333333
1.14306 0.20938791999999998
1.15125 0.21741549999999998
1.1595 0.28861158666666664
1.16782 0.36399264
1.17619 0.39571265999999994
1.18462 0.39009484
1.19311 0.41071369333333335
1.20166 0.4070002066666667
1.21028 0.41900799999999994
1.21895 0.44059415999999996
1.22769 0.4708891
1.23649 0.5128246399999999
1.24536 0.5267446
1.25428 0.5089320866666667
1.26327 0.43677431333333333
1.27233 0.43169215333333333
1.28145 0.48445654666666665
1.29064 0.4684628933333333
1.29989 0.4271418
1.30921 0.37290868666666666
1.31859 0.32904782666666665
1.32804 0.2679554333333333
1.33756 0.22015166
1.34715 0.16177739333333332
1.35681 0.11488721999999998
1.36653 0.09874999333333334
1.37633 0.10593994666666667
1.3862 0.10536544666666665
1.39613 0.10818774666666665
1.40614 0.11142158666666666
1.41622 0.11556037333333333
1.42637 0.11060727999999999
1.4366 0.09313164666666665
1.4469 0.09367447333333334
1.45727 0.10570803333333334
1.46771 0.08841536666666666
1.47824 0.09063239333333334
1.48883 0.12843221999999999
1.49951 0.20357699333333334
1.51025 0.25771963999999997
1.52108 0.30195251999999995
1.53198 0.32915138666666666
1.54297 0.35961138000000004
1.55403 0.3946264533333333
1.56517 0.37823334666666664
1.57639 0.3352344733333333
1.58769 0.3964213
1.59907 0.3674577133333333
1.61053 0.35963682666666663
1.62208 0.41647704666666663
1.6337 0.4052325133333333
1.64541 0.3868059466666667
1.65721 0.39811469999999993
1.66909 0.39948045333333326
1.68105 0.4163324533333333
1.6931 0.39691588
1.70524 0.3733485733333333
1.71746 0.3716201333333333
1.72978 0.34539706666666664
1.74218 0.3297441
1.75466 0.31817530666666666
1.76724 0.27583978666666664
1.77991 0.21290868666666665
1.79267 0.15781220666666665
