0.4 0.41641161131481197
0.402867 0.41486288179692316
0.405755 0.4031207624236763
0.408664 0.3993326600234193
0.411593 0.3974694132576663
0.414544 0.3948687496122623
0.417515 0.39226833790623983
0.420508 0.392639231435701
0.423523 0.38984854735679475
0.426559 0.3854547826834309
0.429617 0.37865335931083843
0.432696 0.3764980760420314
0.435798 0.376026707149236
0.438922 0.3720252120928552
0.442068 0.3667806675081452
0.445237 0.36623356176128286
0.448429 0.3621855063692071
0.451643 0.3596231375097899
0.454881 0.35864336463511987
0.458142 0.3576645898279995
0.461426 0.3548529075706435
0.464734 0.35400739900635625
0.468065 0.3485046553155217
0.47142 0.3457931867921423
0.4748 0.34553065626665147
0.478203 0.3415350817857357
0.481631 0.33932521488093076
0.485084 0.3342305257783275
0.488561 0.3314594348313204
0.492063 0.3311277760155385
0.49559 0.328168079371556
0.499143 0.3259079214902147
0.502721 0.3229652307544829
0.506325 0.32063545039406394
0.509954 0.3209761305776984
0.51361 0.32074935606442695
0.517292 0.317726519535452
0.521 0.3160048433221452
0.524735 0.3131128602319267
0.528496 0.3104536109903496
0.532285 0.3065184341311586
0.5361 0.30443938190520525
0.539943 0.3019172070671123
0.543814 0.29898696795081187
0.547712 0.296282863809353
0.551638 0.2947975454957905
0.555593 0.290965838202583
0.559575 0.28828153068252366
0.563587 0.2848423352557045
0.567627 0.27934361290499765
0.571696 0.27687670969121353
0.575794 0.279139125337012
0.579921 0.2808777299387599
0.584078 0.28111370023945587
0.588265 0.27170862870878637
0.592482 0.26681813647488234
0.596729 0.2702804424949653
0.601007 0.2736871086716433
0.605315 0.2732457690151265
0.609654 0.2742632940371156
0.614025 0.276135552480745
0.618426 0.2785004396249773
0.622859 0.2799600698116038
0.627324 0.2741043881172276
0.631821 0.27488991572876736
0.63635 0.2789635720379931
0.640912 0.2808536309679226
0.645506 0.2764675698256467
0.650134 0.27335787234991427
0.654794 0.2766003612596454
0.659488 0.2823370791160763
0.664215 0.2834231800997123
0.668977 0.28522798661893534
0.673772 0.2869005055829226
0.678602 0.2872175906744828
0.683467 0.28273954258803363
0.688366 0.24079171308941938
0.6933 0.2621305038929605
0.69827 0.274815952140347
0.703276 0.2783489562268671
0.708317 0.2893251992603306
0.713395 0.2901620062259802
0.718509 0.2454181437815911
0.723659 0.2541750818734199
0.728847 0.26985496532950626
0.734071 0.30198655822685605
0.739333 0.32261622688128294
0.744633 0.3399199953107524
0.749971 0.3457190197142216
0.755347 0.3382517399362981
0.760762 0.17523682439583393
0.766215 0.23869308711151935
0.771708 0.34444401264434765
0.77724 0.3522072533656908
0.782811 0.3514494584660676
0.788423 0.34058715017289576
0.794075 0.3362610312234625
0.799767 0.33591570954122285
0.8055 0.33743713270614845
0.811274 0.3138114396869231
0.81709 0.269222539342104
0.822947 0.2932158409888549
0.828846 0.30402460247348345
0.834788 0.3203377840148311
0.840772 0.3373200487235881
0.846799 0.349182585431212
0.852869 0.34892556850218526
0.858983 0.3509686999863236
0.86514 0.3517233650236305
0.871342 0.35209235931775423
0.877588 0.35176179546928427
0.883879 0.3494856491271945
0.890215 0.33907777164840075
0.896596 0.2756279236969672
0.903024 0.26567136655018786
0.909497 0.255629004664058
0.916017 0.2488637442826859
0.922583 0.2755131943786262
0.929196 0.1978302926991578
0.935857 0.12519469613861978
0.942566 0.14131630685027136
0.949323 0.14534398422237482
0.956128 0.1658302315388993
0.962982 0.20237443611334374
0.969885 0.2587464735007119
0.976837 0.2598394349875054
0.98384 0.3014064290410658
0.990892 0.3291725907554934
0.997995 0.3360177449907271
1.00515 0.3356421324428511
1.01235 0.3369962000286325
1.01961 0.33949235728059834
1.02692 0.34128265790543316
1.03428 0.34521162348987283
1.0417 0.3461025102127573
1.04916 0.34622087327217754
1.05668 0.3462980636226762
1.06426 0.344735002629971
1.07189 0.34144989720486285
1.07957 0.33391182246074
1.08731 0.31990962272596163
1.0951 0.2995264186164674
1.10295 0.259457107286115
1.11086 0.2079352615215884
1.11882 0.1222239238518278
1.12684 0.10161234638298726
1.13492 0.11542362451647582
1.14306 0.12951011735431578
1.15125 0.1355629222347571
1.1595 0.1903069467188761
1.16782 0.2415219303167454
1.17619 0.2609245282136154
1.18462 0.2580970803649637
1.19311 0.27098172545332455
1.20166 0.268027212946615
1.21028 0.27425833276929545
1.21895 0.28630105458456717
1.22769 0.30017714896893266
1.23649 0.3139326709793018
1.24536 0.31779820597946273
1.25428 0.31276390480860783
1.26327 0.28621616070298056
1.27233 0.2838468258596673
1.28145 0.306746671830838
1.29064 0.2998093465418829
1.29989 0.27785398255202115
1.30921 0.24391421102372685
1.31859 0.21455410636240882
1.32804 0.1711592242662902
1.33756 0.13560598448903982
1.34715 0.07987443708727697
1.35681 0.0419452664999064
1.36653 0.03446439943733951
1.37633 0.037447493497881686
1.3862 0.03682972166150365
1.39613 0.03759217743968445
1.40614 0.03748488324009035
1.41622 0.0379658016044419
1.42637 0.03795913974579668
1.4366 0.032332339165520245
1.4469 0.03572862543968082
1.45727 0.05145506535547165
1.46771 0.041890113093307306
1.47824 0.04906711897484953
1.48883 0.07931168978081443
1.49951 0.12477353101257477
1.51025 0.15428786133527073
1.52108 0.17751290290809027
1.53198 0.19272416942462522
1.54297 0.20387836887120803
1.55403 0.21336970057010993
1.56517 0.2102078031925276
1.57639 0.19939879945849373
1.58769 0.21931791184732718
1.59907 0.21241794141666648
1.61053 0.21241107122353273
1.62208 0.2310968725101292
1.6337 0.22893008723955938
1.64541 0.22525913665169617
1.65721 0.2303288256156745
1.66909 0.23030320531857199
1.68105 0.2361096231738903
1.6931 0.23014388272970693
1.70524 0.22160911641244924
1.71746 0.21846768426462507
1.72978 0.20589249825654612
1.74218 0.1964488800005083
1.75466 0.18941305610336615
1.76724 0.16487206731118023
1.77991 0.12494164240986344
1.79267 0.08310664783924086
