0.4 0.28605992666666663
0.402867 0.2845800533333333
0.405755 0.27575792666666665
0.408664 0.27276249999999996
0.411593 0.2714126333333333
0.414544 0.26956862
0.417515 0.2679330733333333
0.420508 0.26826888666666665
0.423523 0.26622169333333334
0.426559 0.26324232666666664
0.429617 0.2584622133333333
0.432696 0.25666076
0.435798 0.2561177733333333
0.438922 0.25304982666666664
0.442068 0.24924690666666666
0.445237 0.24884602
0.448429 0.2461018333333333
0.451643 0.24442424666666665
0.454881 0.24391674
0.458142 0.2433445333333333
0.461426 0.24131566666666665
0.464734 0.24057048666666664
0.468065 0.23661547333333333
0.47142 0.23477356666666666
0.4748 0.23468359333333333
0.478203 0.23201316666666666
0.481631 0.23029899999999998
0.485084 0.22645882666666664
0.488561 0.22442788666666663
0.492063 0.22432970666666666
0.49559 0.2226349933333333
0.499143 0.22129926
0.502721 0.21948423333333333
0.506325 0.21800346666666665
0.509954 0.21829072
0.51361 0.2182371933333333
0.517292 0.21622001333333332
0.521 0.21484963333333332
0.524735 0.21250361333333334
0.528496 0.21034636666666665
0.532285 0.20721826666666665
0.5361 0.20540190666666663
0.539943 0.20362663333333333
0.543814 0.20171292666666665
0.547712 0.19993634666666665
0.551638 0.19884509333333333
0.555593 0.19599542666666664
0.559575 0.19394128666666666
0.563587 0.19144625333333332
0.567627 0.1877952
0.571696 0.1862298
0.575794 0.1877281133333333
0.579921 0.18891842666666664
0.584078 0.1891417933333333
0.588265 0.18327262
0.592482 0.18019162666666666
0.596729 0.18235395333333332
0.601007 0.18433852666666664
0.605315 0.18386178666666667
0.609654 0.18450464
0.614025 0.18574084000000002
0.618426 0.1872946
0.622859 0.18822568666666664
0.627324 0.18406957999999998
0.631821 0.18437113333333333
0.63635 0.18690779333333332
0.640912 0.18809236
0.645506 0.18518739333333334
0.650134 0.18307918666666667
0.654794 0.18510726
0.659488 0.18897847999999998
0.664215 0.19020306666666667
0.668977 0.19164687333333333
0.673772 0.19284464666666667
0.678602 0.19316171333333332
0.683467 0.19022593333333332
0.688366 0.16236551333333332
0.6933 0.17658267333333333
0.69827 0.18476824666666664
0.703276 0.18714777333333332
0.708317 0.19439188
0.713395 0.19502258666666666
0.718509 0.16580702666666666
0.723659 0.17161149999999997
0.728847 0.18235210000000002
0.734071 0.2038989
0.739333 0.21792842
0.744633 0.22995894666666666
0.749971 0.23442880666666666
0.755347 0.22974898666666665
0.760762 0.11932706
0.766215 0.16222862
0.771708 0.2334057533333333
0.77724 0.2383125133333333
0.782811 0.23761030666666666
0.788423 0.23034346666666666
0.794075 0.22752660666666663
0.799767 0.22740802666666665
0.8055 0.22881360666666664
0.811274 0.21351446
0.81709 0.18386986666666666
0.822947 0.19993032
0.828846 0.20711337333333335
0.834788 0.21781074
0.840772 0.22883010666666664
0.846799 0.2363823
0.852869 0.23607338
0.858983 0.23728822666666666
0.86514 0.23772537333333332
0.871342 0.23814777999999998
0.877588 0.23819179999999998
0.883879 0.23693319333333332
0.890215 0.23004156
0.896596 0.18757216
0.903024 0.18093969333333332
0.909497 0.17423023333333332
0.916017 0.16971400666666664
0.922583 0.18757324
0.929196 0.13516997333333333
0.935857 0.08598453333333334
0.942566 0.09686552666666666
0.949323 0.09953462666666665
0.956128 0.11335560666666666
0.962982 0.13802919333333333
0.969885 0.17600978
0.976837 0.17685379999999998
0.98384 0.20493268
0.990892 0.22372493999999998
0.997995 0.22831000666666668
1.00515 0.2279999133333333
1.01235 0.22886124666666666
1.01961 0.2306207
1.02692 0.23198655999999998
1.03428 0.23478896666666665
1.0417 0.23539614666666667
1.04916 0.23543606666666667
1.05668 0.23543519333333332
1.06426 0.23435514666666668
1.07189 0.23213591333333333
1.07957 0.22701922
1.08731 0.21747977333333335
1.0951 0.20366608
1.10295 0.17671090666666667
1.11086 0.1419957
1.11882 0.08396854
1.12684 0.06993790666666666
1.13492 0.07931061333333334
1.14306 0.08890921999999998
1.15125 0.09305535999999999
1.1595 0.13023297333333334
1.16782 0.16488862666666665
1.17619 0.17793818666666666
1.18462 0.17600272666666666
1.19311 0.18472874666666667
1.20166 0.1827759733333333
1.21028 0.18704564666666668
1.21895 0.19520905333333333
1.22769 0.20458416666666668
1.23649 0.21384193333333334
1.24536 0.2164666733333333
1.25428 0.21313322666666668
1.26327 0.19517737333333332
1.27233 0.19355580666666666
1.28145 0.20909746666666665
1.29064 0.20437300666666663
1.29989 0.18943756
1.30921 0.16638676
1.31859 0.14649147333333332
1.32804 0.11713185333333333
1.33756 0.09305216666666666
1.34715 0.054913239333333336
1.35681 0.028719286
1.36653 0.023582169333333333
1.37633 0.025617158666666667
1.3862 0.025192198
1.39613 0.025716997999999998
1.40614 0.025662064666666665
1.41622 0.02608191
1.42637 0.026204491333333333
1.4366 0.022405016
1.4469 0.024859506666666663
1.45727 0.035777685999999996
1.46771 0.02918489133333333
1.47824 0.03412355466666667
1.48883 0.05475328533333333
1.49951 0.08547958
1.51025 0.10533948666666666
1.52108 0.12098036000000001
1.53198 0.13119023333333332
1.54297 0.13861729333333334
1.55403 0.14489436
1.56517 0.14273468666666667
1.57639 0.13549455999999999
1.58769 0.14900593333333334
1.59907 0.14443865333333333
1.61053 0.14448733333333333
1.62208 0.15709726666666665
1.6337 0.15565183333333332
1.64541 0.15320192666666665
1.65721 0.15663707333333332
1.66909 0.15662242666666665
1.68105 0.16058294
1.6931 0.15661795333333334
1.70524 0.15085308666666666
1.71746 0.14870415999999997
1.72978 0.14019105999999998
1.74218 0.13382857999999997
1.75466 0.12907097333333334
1.76724 0.11251277999999999
1.77991 0.08551687999999999
1.79267 0.05711378533333333
