0.4 0.01037736634735122
0.402867 0.010535664369964138
0.405755 0.010503989171992576
0.408664 0.010631767439051849
0.411593 0.01078502491947154
0.414544 0.010936965798374325
0.417515 0.01106191272914343
0.420508 0.011295657725555795
0.423523 0.011463097608579284
0.426559 0.011533006496633023
0.429617 0.011567466009412008
0.432696 0.011781450328173373
0.435798 0.01200397728486005
0.438922 0.012162464197189983
0.442068 0.012289803998969971
0.445237 0.012526689387400985
0.448429 0.012683611328330789
0.451643 0.012817996314662468
0.454881 0.01296133587925976
0.458142 0.013108303332102807
0.461426 0.01327365819416485
0.464734 0.013508927972675853
0.468065 0.013618244078415359
0.47142 0.013753632993498327
0.4748 0.013917391134612059
0.478203 0.013952865829146753
0.481631 0.014108286699665799
0.485084 0.014228118738033915
0.488561 0.014411478407164738
0.492063 0.014574925081191901
0.49559 0.014570810500505066
0.499143 0.014556688381853505
0.502721 0.01445839539772745
0.506325 0.01441235855286743
0.509954 0.014569317066061594
0.51361 0.014767692663909177
0.517292 0.014831329609571947
0.521 0.014853921623513119
0.524735 0.014679978709615077
0.528496 0.014495120783324602
0.532285 0.014348623143416003
0.5361 0.014333875679233214
0.539943 0.014274328396890353
0.543814 0.01423913341989405
0.547712 0.014342230633120557
0.551638 0.01436965460678021
0.555593 0.014108083341800247
0.559575 0.013867007414902575
0.563587 0.01354824878336341
0.567627 0.013014214148912902
0.571696 0.012864747323410015
0.575794 0.013288879088319223
0.579921 0.013723058580494652
0.584078 0.013985249162610618
0.588265 0.01314745574961711
0.592482 0.012714887848431543
0.596729 0.013201471376502499
0.601007 0.014166383148224769
0.605315 0.014986221186990334
0.609654 0.01562548507711154
0.614025 0.016475963841228243
0.618426 0.017469337676267724
0.622859 0.018350830524346433
0.627324 0.018164333276448067
0.631821 0.019132731871967852
0.63635 0.020918394783385603
0.640912 0.022161708697660015
0.645506 0.02188442823851254
0.650134 0.02206639132941649
0.654794 0.023530453823786518
0.659488 0.02585728175552563
0.664215 0.027339070143212085
0.668977 0.028621839904227068
0.673772 0.029725387886592926
0.678602 0.030680149850223187
0.683467 0.030444529219110148
0.688366 0.021247465185901798
0.6933 0.02560203950174476
0.69827 0.028982516379116256
0.703276 0.02941761901954697
0.708317 0.03173328155954535
0.713395 0.031627420528055186
0.718509 0.022620255767116567
0.723659 0.023563181981457196
0.728847 0.025105417489946928
0.734071 0.030885369686114997
0.739333 0.03555126600514889
0.744633 0.04045261777726669
0.749971 0.042063790798393084
0.755347 0.040271520765809914
0.760762 0.014257543335121881
0.766215 0.0205659020559594
0.771708 0.041849891279057874
0.77724 0.044949499194551594
0.782811 0.04501536544076817
0.788423 0.041521661234835895
0.794075 0.04050055557608732
0.799767 0.040107296428798865
0.8055 0.04106775522591573
0.811274 0.035935408209393706
0.81709 0.02735064988665121
0.822947 0.031597245998601364
0.828846 0.03327383715523269
0.834788 0.03797334017006789
0.840772 0.04367895863608786
0.846799 0.0489949261503074
0.852869 0.049335309439300805
0.858983 0.05125067930235647
0.86514 0.05257737235286596
0.871342 0.05301257426087137
0.877588 0.05278813308775459
0.883879 0.05157346369622617
0.890215 0.047876662855199946
0.896596 0.03130782274390085
0.903024 0.02828083247538148
0.909497 0.027017880862718634
0.916017 0.025632251809141984
0.922583 0.029821035610894723
0.929196 0.020718671236365952
0.935857 0.015658393282852904
0.942566 0.01623013834268015
0.949323 0.016592142672090658
0.956128 0.017885503519728042
0.962982 0.02073245134406181
0.969885 0.028291776424070988
0.976837 0.028724577825098227
0.98384 0.03934173404169935
0.990892 0.04987854420864905
0.997995 0.05416586253222981
1.00515 0.054321153993198056
1.01235 0.055106312281812446
1.01961 0.056157242421198836
1.02692 0.05668531376709384
1.03428 0.0584326320659573
1.0417 0.05899447850082687
1.04916 0.05909210233308306
1.05668 0.0592524496081791
1.06426 0.058274290237005755
1.07189 0.05672201061828693
1.07957 0.05347874604460714
1.08731 0.04826000448855902
1.0951 0.04150525194303638
1.10295 0.03026444497805099
1.11086 0.022539992105533205
1.11882 0.016280399886913096
1.12684 0.015033148224878421
1.13492 0.01556720576723078
1.14306 0.01627596781074447
1.15125 0.016583909491786845
1.1595 0.02053605225606164
1.16782 0.028100020406072283
1.17619 0.0339029407880435
1.18462 0.032399500414177794
1.19311 0.036423909169038884
1.20166 0.03603696898562414
1.21028 0.038856174135137415
1.21895 0.04344773752780924
1.22769 0.0502553028344236
1.23649 0.05832675737010463
1.24536 0.06108841746827542
1.25428 0.058142545687782154
1.26327 0.04543635239283556
1.27233 0.04449388514031799
1.28145 0.053675303880348205
1.29064 0.05003146048189906
1.29989 0.041782534009755914
1.30921 0.031652079477772134
1.31859 0.025119754219468462
1.32804 0.02012121547280169
1.33756 0.01725590997933204
1.34715 0.014756197318003188
1.35681 0.010704714638298446
1.36653 0.008418254850443788
1.37633 0.00950708631438901
1.3862 0.009612819945793443
1.39613 0.010192751968227791
1.40614 0.011210389290257533
1.41622 0.012922687837479194
1.42637 0.012795669952004164
1.4366 0.010971268974770501
1.4469 0.012503099473103747
1.45727 0.013795392089107452
1.46771 0.012810884415870298
1.47824 0.012853352450757758
1.48883 0.014814830293737086
1.49951 0.021094807329860382
1.51025 0.029805186156065002
1.52108 0.03853296453845792
1.53198 0.044180243812537906
1.54297 0.050220535069702164
1.55403 0.05685699442521086
1.56517 0.052648551624739894
1.57639 0.043290983176266666
1.58769 0.05514706825245631
1.59907 0.04839975072770984
1.61053 0.046473698548317385
1.62208 0.057006201225933084
1.6337 0.0544397486029732
1.64541 0.05064918210263409
1.65721 0.05237180809466036
1.66909 0.05211612777749322
1.68105 0.05544158751058612
1.6931 0.051058160491415434
1.70524 0.045334163055929785
1.71746 0.0450943735885729
1.72978 0.038819015508870174
1.74218 0.03496854243383285
1.75466 0.031828012967773114
1.76724 0.024825045669728627
1.77991 0.019015118283042143
1.79267 0.016066403511361283
