0.4 0.28394238
0.402867 0.28290392
0.405755 0.2749477733333333
0.408664 0.27237401333333333
0.411593 0.27107106
0.414544 0.26924358
0.417515 0.26744704666666663
0.420508 0.2676627733333333
0.423523 0.2657235
0.426559 0.2627349
0.429617 0.25809538
0.432696 0.2566043533333333
0.435798 0.2562979733333333
0.438922 0.2535742466666666
0.442068 0.25000626666666664
0.445237 0.24964336666666667
0.448429 0.24687016666666664
0.451643 0.24507612
0.454881 0.24430368666666663
0.458142 0.24355246666666666
0.461426 0.24162666
0.464734 0.24107083333333335
0.468065 0.23734751333333332
0.47142 0.23547208666666666
0.4748 0.23522479333333335
0.478203 0.23244754
0.481631 0.23096616666666664
0.485084 0.22753389333333332
0.488561 0.22565424666666667
0.492063 0.22539453999999998
0.49559 0.22330824666666665
0.499143 0.22171002666666664
0.502721 0.21965504666666663
0.506325 0.21802995333333333
0.509954 0.21823032666666667
0.51361 0.21804671999999997
0.517292 0.21597771999999998
0.521 0.21483927333333333
0.524735 0.21293041333333332
0.528496 0.21116149333333334
0.532285 0.20853423333333332
0.5361 0.20716057333333332
0.539943 0.20545760666666668
0.543814 0.20346128
0.547712 0.2016111333333333
0.551638 0.20060146666666667
0.555593 0.1980142133333333
0.559575 0.19620203333333333
0.563587 0.19384660666666667
0.567627 0.19005504666666664
0.571696 0.1883280333333333
0.575794 0.18985096
0.579921 0.19101528666666667
0.584078 0.19115979333333333
0.588265 0.18475410666666664
0.592482 0.18142885999999997
0.596729 0.18375386666666665
0.601007 0.18601637333333332
0.605315 0.18569545333333332
0.609654 0.18638201333333332
0.614025 0.18765039333333333
0.618426 0.18924458
0.622859 0.19023876666666664
0.627324 0.18629097333333333
0.631821 0.18684592666666666
0.63635 0.18961663333333334
0.640912 0.19090279333333332
0.645506 0.18795961333333333
0.650134 0.18587188666666665
0.654794 0.18806502666666663
0.659488 0.19190244666666667
0.664215 0.19253572
0.668977 0.19371893333333334
0.673772 0.19484407333333334
0.678602 0.19505392
0.683467 0.19203442666666665
0.688366 0.16362815333333333
0.6933 0.17820168666666664
0.69827 0.18688576
0.703276 0.18932259333333334
0.708317 0.19680436
0.713395 0.1974553
0.718509 0.16727128666666663
0.723659 0.17326628666666666
0.728847 0.18389064
0.734071 0.20570024
0.739333 0.21973655333333333
0.744633 0.23148934666666665
0.749971 0.23539022666666667
0.755347 0.23029225999999997
0.760762 0.11946924666666665
0.766215 0.16264426666666665
0.771708 0.23462581333333332
0.77724 0.23995099999999997
0.782811 0.23945427999999996
0.788423 0.23205428666666666
0.794075 0.22910662666666665
0.799767 0.22885049999999998
0.8055 0.22983932666666665
0.811274 0.2137079533333333
0.81709 0.18339134666666668
0.822947 0.19967376666666664
0.828846 0.20700732666666666
0.834788 0.21812909333333333
0.840772 0.22974113333333335
0.846799 0.23788937999999998
0.852869 0.2377325
0.858983 0.23914145999999997
0.86514 0.23965862666666665
0.871342 0.23987568666666664
0.877588 0.23960275999999997
0.883879 0.23799722
0.890215 0.23088624666666668
0.896596 0.1877443
0.903024 0.18096234666666666
0.909497 0.17415349333333333
0.916017 0.16956000666666665
0.922583 0.18762098
0.929196 0.13503694
0.935857 0.08597569333333333
0.942566 0.09685138
0.949323 0.09956751333333333
0.956128 0.11340281333333332
0.962982 0.13808332666666667
0.969885 0.1762183
0.976837 0.17692940666666668
0.98384 0.20509012
0.990892 0.22393174666666665
0.997995 0.22860022666666668
1.00515 0.22834488
1.01235 0.22927334666666666
1.01961 0.23095669333333335
1.02692 0.23213677333333332
1.03428 0.23477811333333332
1.0417 0.23538406666666667
1.04916 0.23547448666666665
1.05668 0.23553891999999998
1.06426 0.23447218666666664
1.07189 0.2322247533333333
1.07957 0.2270895
1.08731 0.21757395999999998
1.0951 0.20372920666666666
1.10295 0.17653156666666664
1.11086 0.14163136666666665
1.11882 0.08377772666666666
1.12684 0.06987599333333333
1.13492 0.0791745
1.14306 0.08866283333333333
1.15125 0.09270619999999999
1.1595 0.1295727133333333
1.16782 0.16414162
1.17619 0.17727424666666663
1.18462 0.17535924666666663
1.19311 0.18406317333333333
1.20166 0.18203879999999997
1.21028 0.18620571999999996
1.21895 0.19431254
1.22769 0.20367319333333334
1.23649 0.21297209333333333
1.24536 0.21556887333333333
1.25428 0.21212833999999997
1.26327 0.19411948
1.27233 0.19250124666666668
1.28145 0.20800212666666665
1.29064 0.20329698666666665
1.29989 0.18845458666666665
1.30921 0.1655282
1.31859 0.14571490666666664
1.32804 0.11647511333333332
1.33756 0.09253020666666667
1.34715 0.055016732
1.35681 0.029203708
1.36653 0.023982295333333334
1.37633 0.026074489333333332
1.3862 0.025647378
1.39613 0.026179354666666668
1.40614 0.026097401333333332
1.41622 0.026360434000000002
1.42637 0.026197014666666664
1.4366 0.022219729999999997
1.4469 0.024380212666666665
1.45727 0.03483531266666667
1.46771 0.028347652
1.47824 0.03309472333333333
1.48883 0.05332679333333333
1.49951 0.08380233333333333
1.51025 0.10360152
1.52108 0.11919315333333333
1.53198 0.12940614
1.54297 0.13692203333333333
1.55403 0.14333602666666667
1.56517 0.14123024
1.57639 0.13397483999999998
1.58769 0.14740650666666666
1.59907 0.14277724
1.61053 0.14279101333333333
1.62208 0.15538674666666666
1.6337 0.1539253133333333
1.64541 0.15147735333333334
1.65721 0.15493337333333332
1.66909 0.15493780666666665
1.68105 0.15887613333333334
1.6931 0.15487436
1.70524 0.14913956
1.71746 0.14707812666666664
1.72978 0.13864031333333332
1.74218 0.13234473333333333
1.75466 0.12764219333333332
1.76724 0.11116368
1.77991 0.08439732666666666
1.79267 0.05637402133333333
