0.4 0.34797226
0.402867 0.34857883999999995
0.405755 0.3407400333333333
0.408664 0.3392868
0.411593 0.3391123333333333
0.414544 0.33811199999999997
0.417515 0.3370199466666666
0.420508 0.3386771466666666
0.423523 0.3375426933333333
0.426559 0.3349430866666666
0.429617 0.3302520733333333
0.432696 0.3296605933333333
0.435798 0.3305531333333333
0.438922 0.3284998933333333
0.442068 0.32568386
0.445237 0.3270341333333333
0.448429 0.3255638266666666
0.451643 0.3242188933333333
0.454881 0.32266971333333333
0.458142 0.32140462
0.461426 0.3198340133333333
0.464734 0.32045632
0.468065 0.3170565333333333
0.47142 0.3148674733333333
0.4748 0.3142140866666666
0.478203 0.3102272466666667
0.481631 0.30954368666666665
0.485084 0.3068711133333333
0.488561 0.30571245999999996
0.492063 0.30568301999999997
0.49559 0.30256062666666667
0.499143 0.29954522666666666
0.502721 0.2954244
0.506325 0.29237838666666666
0.509954 0.29245188666666666
0.51361 0.29231021999999995
0.517292 0.28961662666666665
0.521 0.28810779999999997
0.524735 0.28523366666666666
0.528496 0.2823086933333333
0.532285 0.2784920066666666
0.5361 0.2764690533333333
0.539943 0.2745342066666666
0.543814 0.27246385333333334
0.547712 0.27099867333333333
0.551638 0.26985334666666666
0.555593 0.26582326666666667
0.559575 0.26279904
0.563587 0.2590806533333333
0.567627 0.25290016
0.571696 0.24994420666666664
0.575794 0.2524241466666667
0.579921 0.25440534
0.584078 0.25502412666666663
0.588265 0.24565853333333332
0.592482 0.24066674666666665
0.596729 0.24393956666666666
0.601007 0.2477748933333333
0.605315 0.24868136
0.609654 0.2508174733333333
0.614025 0.25400239999999996
0.618426 0.2578136
0.622859 0.2606567733333333
0.627324 0.2556433933333333
0.631821 0.2581717733333333
0.63635 0.26405197999999996
0.640912 0.26711152
0.645506 0.263808
0.650134 0.2620966
0.654794 0.2668473733333333
0.659488 0.27398019333333334
0.664215 0.2758010733333333
0.668977 0.27845886666666664
0.673772 0.28104924
0.678602 0.2826883533333333
0.683467 0.27880202
0.688366 0.23117634
0.6933 0.2575413933333333
0.69827 0.27218931999999996
0.703276 0.27442458
0.708317 0.2842477866666666
0.713395 0.28341490666666663
0.718509 0.23802995333333332
0.723659 0.24445944
0.728847 0.2556223266666666
0.734071 0.28309574
0.739333 0.30025071999999997
0.744633 0.31480902666666666
0.749971 0.31876236666666663
0.755347 0.30979266
0.760762 0.15102362
0.766215 0.20826592666666666
0.771708 0.31533652666666667
0.77724 0.32397366666666666
0.782811 0.3234470933333333
0.788423 0.3127176
0.794075 0.3088234333333333
0.799767 0.30855921999999997
0.8055 0.31056557333333334
0.811274 0.2891041133333333
0.81709 0.24962436
0.822947 0.27043515333333334
0.828846 0.27977868666666666
0.834788 0.29465880666666666
0.840772 0.3112472533333333
0.846799 0.32422414666666666
0.852869 0.3243798
0.858983 0.3277182533333333
0.86514 0.3295692933333333
0.871342 0.32994288666666666
0.877588 0.32905681999999997
0.883879 0.3258775333333333
0.890215 0.3151909133333333
0.896596 0.2562928133333333
0.903024 0.24677466666666664
0.909497 0.23821948666666665
0.916017 0.23186074666666667
0.922583 0.2548411133333333
0.929196 0.191683
0.935857 0.13608853333333332
0.942566 0.14709672666666665
0.949323 0.15064185333333333
0.956128 0.16670169999999998
0.962982 0.19582364666666666
0.969885 0.24312856
0.976837 0.24426576
0.98384 0.28280290666666663
0.990892 0.31122136
0.997995 0.3193951333333333
1.00515 0.31915484
1.01235 0.32056388666666663
1.01961 0.3223716333333333
1.02692 0.3231753
1.03428 0.32636140666666663
1.0417 0.32701832666666664
1.04916 0.3269959733333333
1.05668 0.32712320666666667
1.06426 0.32519783999999996
1.07189 0.32174008666666665
1.07957 0.3139662533333333
1.08731 0.30003016666666665
1.0951 0.2802510933333333
1.10295 0.2424793733333333
1.11086 0.19966956666666663
1.11882 0.13391577333333332
1.12684 0.11845963999999999
1.13492 0.12786466
1.14306 0.13780307333333333
1.15125 0.14265787333333332
1.1595 0.18568684666666668
1.16782 0.22940571333333332
1.17619 0.24812262666666665
1.18462 0.24489004666666664
1.19311 0.25741826
1.20166 0.25499476
1.21028 0.26189594666666666
1.21895 0.2739186
1.22769 0.2896848533333333
1.23649 0.30567259999999996
1.24536 0.3098694533333333
1.25428 0.3026084933333333
1.26327 0.2697876533333333
1.27233 0.26714521999999996
1.28145 0.29456192666666664
1.29064 0.28786317333333333
1.29989 0.2663287733333333
1.30921 0.23441802666666667
1.31859 0.20827730666666666
1.32804 0.17233221333333332
1.33756 0.14373692
1.34715 0.10501118666666666
1.35681 0.07307868666666667
1.36653 0.06232149533333334
1.37633 0.06706432
1.3862 0.066615466
1.39613 0.06834347333333332
1.40614 0.07003682
1.41622 0.07203814666666666
1.42637 0.06833244666666666
1.4366 0.05673357266666666
1.4469 0.05686305333333333
1.45727 0.06475194466666666
1.46771 0.053733901333333334
1.47824 0.055452553999999994
1.48883 0.07805982666666667
1.49951 0.12000971333333334
1.51025 0.15007259333333334
1.52108 0.17467880666666663
1.53198 0.1906582933333333
1.54297 0.20402198
1.55403 0.21643835333333333
1.56517 0.21120198666666667
1.57639 0.19570866666666667
1.58769 0.22184077333333332
1.59907 0.21125853333333333
1.61053 0.20986964666666666
1.62208 0.23311942
1.6337 0.22960852666666667
1.64541 0.22416270666666666
1.65721 0.23001068666666663
1.66909 0.23010985333333334
1.68105 0.23776359333333333
1.6931 0.23073157333333333
1.70524 0.22138512
1.71746 0.22006837999999998
1.72978 0.2070123133333333
1.74218 0.19811484000000001
1.75466 0.19142625333333332
1.76724 0.16774618666666666
1.77991 0.13228721333333332
1.79267 0.09910469333333333
