0.4 5.6473759333333335
0.402867 5.769598066666667
0.405755 5.814669666666667
0.408664 5.933996333333333
0.411593 6.060534933333333
0.414544 6.196917466666666
0.417515 6.31982
0.420508 6.513221733333333
0.423523 6.669221333333333
0.426559 6.754367333333333
0.429617 6.843893333333334
0.432696 7.031954666666666
0.435798 7.221124666666666
0.438922 7.387070666666666
0.442068 7.539303333333333
0.445237 7.736179999999999
0.448429 7.904354
0.451643 8.044292666666667
0.454881 8.195713999999999
0.458142 8.345418666666667
0.461426 8.517669999999999
0.464734 8.715031999999999
0.468065 8.861173999999998
0.47142 9.003613333333334
0.4748 9.140232666666666
0.478203 9.201072
0.481631 9.326251333333332
0.485084 9.461301333333333
0.488561 9.6199
0.492063 9.735149333333332
0.49559 9.738044666666667
0.499143 9.734675333333332
0.502721 9.706877333333333
0.506325 9.685167333333332
0.509954 9.765270666666666
0.51361 9.898973999999999
0.517292 9.970244
0.521 9.968784
0.524735 9.801026666666665
0.528496 9.609423333333332
0.532285 9.473721333333334
0.5361 9.440453999999999
0.539943 9.402874666666666
0.543814 9.378146
0.547712 9.440934666666667
0.551638 9.408604666666665
0.555593 9.150746666666667
0.559575 8.907379333333333
0.563587 8.615062666666667
0.567627 8.221718
0.571696 8.121129333333332
0.575794 8.414478666666666
0.579921 8.725152
0.584078 8.957718666666667
0.588265 8.638924
0.592482 8.441284
0.596729 8.629849333333333
0.601007 9.140733333333333
0.605315 9.734891333333334
0.609654 10.259764666666666
0.614025 11.006727999999999
0.618426 11.900617333333333
0.622859 12.722453999999999
0.627324 12.8242
0.631821 13.784430666666667
0.63635 15.356227999999998
0.640912 16.538550666666666
0.645506 16.730234
0.650134 17.223514666666667
0.654794 18.549667333333332
0.659488 20.541624666666664
0.664215 21.990498666666667
0.668977 23.304297999999996
0.673772 24.483149333333333
0.678602 25.546340666666666
0.683467 25.608156666666666
0.688366 17.90605
0.6933 22.432137333333333
0.69827 25.691654
0.703276 26.34534733333333
0.708317 28.329227333333336
0.713395 28.545655999999997
0.718509 22.251069333333334
0.723659 23.052482666666666
0.728847 24.422212000000002
0.734071 28.98192933333333
0.739333 32.936064
0.744633 37.302216
0.749971 38.95048133333333
0.755347 37.31287733333333
0.760762 12.920623333333333
0.766215 19.061951333333333
0.771708 39.28767933333333
0.77724 42.456992
0.782811 42.695443999999995
0.788423 39.74988066666666
0.794075 39.030775999999996
0.799767 38.75415866666667
0.8055 39.930808
0.811274 35.926156666666664
0.81709 28.909171999999998
0.822947 32.326137333333335
0.828846 33.71307933333333
0.834788 37.96409466666667
0.840772 43.30447533333333
0.846799 48.391706
0.852869 48.841896
0.858983 50.85623266666667
0.86514 52.343623333333326
0.871342 52.90469133333333
0.877588 52.741822
0.883879 51.566677999999996
0.890215 48.111802
0.896596 33.27580666666667
0.903024 30.60143533333333
0.909497 29.645008666666662
0.916017 28.715689333333334
0.922583 32.22750466666666
0.929196 24.961734
0.935857 20.444232666666664
0.942566 21.09892
0.949323 21.547621999999997
0.956128 22.925500666666665
0.962982 25.392664666666665
0.969885 31.460716666666663
0.976837 31.936132
0.98384 41.51760133333333
0.990892 51.75738533333333
0.997995 56.35740466666667
1.00515 56.66558733333333
1.01235 57.61935866666667
1.01961 58.91131266666666
1.02692 59.647932
1.03428 61.68909466666666
1.0417 62.45551066666667
1.04916 62.68100199999999
1.05668 63.02771466666667
1.06426 61.99085133333333
1.07189 60.501672666666664
1.07957 57.292461333333335
1.08731 52.03779533333333
1.0951 45.49522666666667
1.10295 34.939407333333335
1.11086 28.197734666666666
1.11882 21.915961999999997
1.12684 20.35691
1.13492 21.013331333333333
1.14306 21.99158733333333
1.15125 22.303574666666666
1.1595 26.326286666666665
1.16782 33.229777999999996
1.17619 38.852570666666665
1.18462 37.547686
1.19311 41.654185999999996
1.20166 41.09713466666666
1.21028 44.126218
1.21895 49.033932
1.22769 56.68153266666667
1.23649 65.95150533333333
1.24536 69.32657999999999
1.25428 65.78179733333333
1.26327 50.24502533333333
1.27233 49.49065866666667
1.28145 61.10982133333333
1.29064 57.67509733333333
1.29989 49.077501999999996
1.30921 38.86749333333333
1.31859 32.26289666666666
1.32804 27.235194666666665
1.33756 23.974236666666663
1.34715 20.501022666666664
1.35681 14.182880666666666
1.36653 10.564153333333334
1.37633 12.300058
1.3862 12.529934666666666
1.39613 13.501444
1.40614 15.250206666666665
1.41622 18.398615333333332
1.42637 18.616760666666664
1.4366 16.045498666666667
1.4469 19.430853999999997
1.45727 22.39966533333333
1.46771 21.480605333333333
1.47824 22.223079333333335
1.48883 25.611667333333333
1.49951 33.154696666666666
1.51025 42.514649999999996
1.52108 52.07367666666667
1.53198 57.504126666666664
1.54297 64.61768733333332
1.55403 73.23141333333334
1.56517 67.16226666666665
1.57639 53.92866466666666
1.58769 70.31049999999999
1.59907 60.789862666666664
1.61053 57.754527333333336
1.62208 71.94646666666667
1.6337 68.33307333333333
1.64541 63.40181333333334
1.65721 66.18339866666666
1.66909 65.924534
1.68105 70.72939333333332
1.6931 64.98059933333333
1.70524 57.052557333333326
1.71746 58.022349999999996
1.72978 50.314192
1.74218 46.97084533333333
1.75466 44.11270666666667
1.76724 36.260692666666664
1.77991 29.260517333333333
1.79267 24.73077733333333
