0.4 0.006980594114938491
0.402867 0.0070896953302433344
0.405755 0.007076229824936377
0.408664 0.0071664941569594505
0.411593 0.007270377224665147
0.414544 0.007381257100160058
0.417515 0.0074644402882956835
0.420508 0.007630509944041036
0.423523 0.007746352108042708
0.426559 0.007795810834676858
0.429617 0.007833171726194276
0.432696 0.00797808680013852
0.435798 0.008136005075031517
0.438922 0.00825225205230471
0.442068 0.008348146472192671
0.445237 0.008512798331221807
0.448429 0.008628965248593296
0.451643 0.008726279128162791
0.454881 0.008830834508989615
0.458142 0.008937418469937047
0.461426 0.009060147686016994
0.464734 0.009226652325976054
0.468065 0.009315404547392773
0.47142 0.009416886530746791
0.4748 0.009532723943418985
0.478203 0.009564176556730582
0.481631 0.009675295661664708
0.485084 0.009766961160750827
0.488561 0.009901477950132598
0.492063 0.010012150430095798
0.49559 0.010009340731409017
0.499143 0.010000607312695614
0.502721 0.00993599707148926
0.506325 0.009906621501858944
0.509954 0.010016616204672113
0.51361 0.01016389245180042
0.517292 0.010220612872842181
0.521 0.010238256934858515
0.524735 0.01010973299734727
0.528496 0.009974439365595856
0.532285 0.009871602540641204
0.5361 0.009863452822754165
0.539943 0.009822245730024354
0.543814 0.009799493751252763
0.547712 0.009880114784967408
0.551638 0.00989996750249156
0.555593 0.009707003658935747
0.559575 0.009525421387577865
0.563587 0.00928981982598643
0.567627 0.008901172240315154
0.571696 0.008795640461280613
0.575794 0.009110662158061143
0.579921 0.00943744434556547
0.584078 0.00963915704965549
0.588265 0.009047076541056706
0.592482 0.008741313522463365
0.596729 0.009089607829312018
0.601007 0.009799442199327926
0.605315 0.010428346699213121
0.609654 0.010921401899364459
0.614025 0.01158127295155566
0.618426 0.012356622691043472
0.622859 0.013049590554112112
0.627324 0.012940572724639604
0.631821 0.01370537284972107
0.63635 0.015105257291373218
0.640912 0.016097069762182368
0.645506 0.015910807431288716
0.650134 0.01608814534002395
0.654794 0.01725703368374763
0.659488 0.01912635921804575
0.664215 0.02035233573571278
0.668977 0.02141654183811258
0.673772 0.022333079708702134
0.678602 0.023132132643123023
0.683467 0.02298794856121896
0.688366 0.015738353651690327
0.6933 0.019149025197753793
0.69827 0.021875207390635525
0.703276 0.022249863498826638
0.708317 0.024122490256846027
0.713395 0.02406951293316699
0.718509 0.016953080921685387
0.723659 0.017685509763900695
0.728847 0.018914694854364183
0.734071 0.023576024649333737
0.739333 0.027430118770255495
0.744633 0.031556695935141786
0.749971 0.03295660627153958
0.755347 0.03150208890545181
0.760762 0.010815233917312822
0.766215 0.015620440858302167
0.771708 0.03286659708590947
0.77724 0.0355282823567929
0.782811 0.03560283071630179
0.788423 0.032646902737843715
0.794075 0.03180171486932497
0.799767 0.03144721342564634
0.8055 0.03227963209619311
0.811274 0.028048513804468437
0.81709 0.020998356900042262
0.822947 0.02444785654816593
0.828846 0.025798519354524877
0.834788 0.029771699847215845
0.840772 0.034657829293775214
0.846799 0.039248231242298065
0.852869 0.03956295455558738
0.858983 0.041255180935456534
0.86514 0.042448831307887444
0.871342 0.04285045168599882
0.877588 0.04266370780786257
0.883879 0.041605420436593446
0.890215 0.03842331016966748
0.896596 0.024418476702339084
0.903024 0.021860990700138104
0.909497 0.02084039158698743
0.916017 0.019734997159609264
0.922583 0.02314587206257438
0.929196 0.015864231573815304
0.935857 0.011886096869877686
0.942566 0.012337966833414812
0.949323 0.012626947206026168
0.956128 0.01364206494792462
0.962982 0.015880014302508655
0.969885 0.021948699292035
0.976837 0.022323312163127856
0.98384 0.031257281405430395
0.990892 0.04036481742626153
0.997995 0.044181693433116676
1.00515 0.04433851818953033
1.01235 0.045045575407466384
1.01961 0.04600557202582534
1.02692 0.04650248031661682
1.03428 0.048086758866411894
1.0417 0.048615702996208376
1.04916 0.048722959507843416
1.05668 0.048886110659456944
1.06426 0.04801407302805836
1.07189 0.046648087184133054
1.07957 0.04379180646315108
1.08731 0.03921086678728354
1.0951 0.03336951818415528
1.10295 0.023796109556682585
1.11086 0.01746710777745293
1.11882 0.012454533337595396
1.12684 0.011458465338539328
1.13492 0.011884068527323554
1.14306 0.012454823881392973
1.15125 0.012702253640153264
1.1595 0.015858605524580474
1.16782 0.02203939694530646
1.17619 0.026941508676397247
1.18462 0.025649931027761235
1.19311 0.029096381510192438
1.20166 0.028762479455465416
1.21028 0.03122577058833269
1.21895 0.03525548002348746
1.22769 0.04126969149568216
1.23649 0.04850379493301444
1.24536 0.051033305344815774
1.25428 0.04842224073819033
1.26327 0.037172829145350916
1.27233 0.036379174196349916
1.28145 0.044423388812330045
1.29064 0.041177931445139426
1.29989 0.03392452573180301
1.30921 0.025229953888211837
1.31859 0.019719841843973476
1.32804 0.015648138258360873
1.33756 0.013328423749923905
1.34715 0.011318523481159644
1.35681 0.008113975060774098
1.36653 0.006308659674769272
1.37633 0.007170412103246961
1.3862 0.007262418272656648
1.39613 0.0077290190205407065
1.40614 0.008557826443117776
1.41622 0.009979890328339423
1.42637 0.009946104337121208
1.4366 0.008547906617433732
1.4469 0.00992179558524617
1.45727 0.011119556570374925
1.46771 0.010428621326056946
1.47824 0.010585262206019802
1.48883 0.012315946559382823
1.49951 0.01758133734022979
1.51025 0.024991185327956883
1.52108 0.03258492639613345
1.53198 0.03744539866351194
1.54297 0.04283985859692775
1.55403 0.04888062049824519
1.56517 0.04497195118154095
1.57639 0.03640270753125416
1.58769 0.04715039773654094
1.59907 0.040960767180020674
1.61053 0.039147809518117055
1.62208 0.04868072969144347
1.6337 0.04634043860043639
1.64541 0.042881575269744066
1.65721 0.044439372284693836
1.66909 0.04423583245685307
1.68105 0.04726107995672957
1.6931 0.043245548488736976
1.70524 0.03797119266186456
1.71746 0.03785290593884648
1.72978 0.03222377784251518
1.74218 0.028877979523744674
1.75466 0.026171351427329403
1.76724 0.020188381846983957
1.77991 0.015285209381587216
1.79267 0.01275882510701589
