0.4 0.39446313446251974
0.402867 0.39300239092066536
0.405755 0.38197596437903125
0.408664 0.3783662353776915
0.411593 0.37637314279181766
0.414544 0.37366108243520607
0.417515 0.3709551347755135
0.420508 0.3711827276737667
0.423523 0.3681330267721826
0.426559 0.3639532983342382
0.429617 0.3575696370221602
0.432696 0.3551615114176664
0.435798 0.3548683216406015
0.438922 0.35115882196423753
0.442068 0.3462331152760446
0.445237 0.34560683127234076
0.448429 0.34154117148955754
0.451643 0.3388489773979326
0.454881 0.33749703031014694
0.458142 0.33624201722397157
0.461426 0.33357367220141954
0.464734 0.33278004356847
0.468065 0.3277328661311905
0.47142 0.3250137857242111
0.4748 0.32442832307461916
0.478203 0.3203727110373965
0.481631 0.31828014386025544
0.485084 0.31351378753986886
0.488561 0.3108827108663447
0.492063 0.31038405806409103
0.49559 0.30737073726026376
0.499143 0.3050146937437373
0.502721 0.3020296250609824
0.506325 0.29969528161851827
0.509954 0.2998418908336841
0.51361 0.29945442225773317
0.517292 0.2965547212078872
0.521 0.29508013813816464
0.524735 0.29265465820507436
0.528496 0.2903311074931078
0.532285 0.28677235265341894
0.5361 0.28490807560402337
0.539943 0.2826067120716549
0.543814 0.27989573098809306
0.547712 0.2773357717227855
0.551638 0.27591671868413625
0.555593 0.2723007241684546
0.559575 0.2697273265210142
0.563587 0.2663292592015826
0.567627 0.2609171633093298
0.571696 0.2583840903593767
0.575794 0.26038940833908847
0.579921 0.26192052430422247
0.584078 0.26206994153953544
0.588265 0.25327255768484724
0.592482 0.24869453928718743
0.596729 0.25179092591149005
0.601007 0.25465114275967515
0.605315 0.25399242325794497
0.609654 0.25490306228144805
0.614025 0.2566508542501815
0.618426 0.2588948921467568
0.622859 0.26024044955604436
0.627324 0.25483359721161736
0.631821 0.25556545895241856
0.63635 0.2593013578386013
0.640912 0.2610350141957097
0.645506 0.25715486521332825
0.650134 0.25442753266550816
0.654794 0.25739952590750986
0.659488 0.2624153757730796
0.664215 0.2628754230738544
0.668977 0.2643201780928301
0.673772 0.26583068280804045
0.678602 0.2661484475369374
0.683467 0.26215957850919874
0.688366 0.22367656974595124
0.6933 0.24397819246846913
0.69827 0.2561956684536751
0.703276 0.2598791987192224
0.708317 0.2704976122926045
0.713395 0.271861651058983
0.718509 0.2309685873712766
0.723659 0.239651835713181
0.728847 0.2545339986538765
0.734071 0.2849732904392776
0.739333 0.3046483330743346
0.744633 0.32103158335654963
0.749971 0.32652300104241505
0.755347 0.3195450518745684
0.760762 0.16570922494042953
0.766215 0.22571840153866488
0.771708 0.32600695570720917
0.77724 0.3336508736532883
0.782811 0.33311549691407616
0.788423 0.32294688232304075
0.794075 0.3188965806912665
0.799767 0.3185818914130069
0.8055 0.31991209067128556
0.811274 0.29728465362872325
0.81709 0.25490711194315685
0.822947 0.27761644002225544
0.828846 0.28786105262795375
0.834788 0.3034165004810066
0.840772 0.3197517565413189
0.846799 0.33126254745615863
0.852869 0.33111322573173496
0.858983 0.33313187703160124
0.86514 0.33390345220019785
0.871342 0.3342178167414336
0.877588 0.3338158305103
0.883879 0.33156145833549605
0.890215 0.32164602400997305
0.896596 0.2613041065753893
0.903024 0.25187806049585215
0.909497 0.24232950259853445
0.916017 0.2358772931211636
0.922583 0.2611981754480014
0.929196 0.18764294729140055
0.935857 0.11920552687476003
0.942566 0.1343989215995203
0.949323 0.13820177361914365
0.956128 0.15751000668361798
0.962982 0.19208810049087327
0.969885 0.2456947523763823
0.976837 0.2467272059881737
0.98384 0.2863553139061224
0.990892 0.3129574748137093
0.997995 0.31971238695272514
1.00515 0.31953154663481304
1.01235 0.3209325481153735
1.01961 0.32336897359638433
1.02692 0.32501265869571666
1.03428 0.32868232078012904
1.0417 0.3294996074603728
1.04916 0.32957652237957347
1.05668 0.3295900085171509
1.06426 0.327995129482281
1.07189 0.32473125496239863
1.07957 0.31746383139108314
1.08731 0.30406021522201854
1.0951 0.2845682383085956
1.10295 0.24622726378891363
1.11086 0.19712065521099192
1.11882 0.11613411634802469
1.12684 0.09675816606299495
1.13492 0.10973182086143281
1.14306 0.12289749075183774
1.15125 0.1284926523657247
1.1595 0.18006491275680114
1.16782 0.2288100317206775
1.17619 0.24758890523196928
1.18462 0.245072097786474
1.19311 0.25754731945770376
1.20166 0.25480296686939996
1.21028 0.2608370583264245
1.21895 0.2724724527475218
1.22769 0.2859107680226905
1.23649 0.299254221882548
1.24536 0.30297607111690616
1.25428 0.29806074646238656
1.26327 0.272461106053866
1.27233 0.27006492886163097
1.28145 0.29189327404837234
1.29064 0.285096728712685
1.29989 0.26399374097517947
1.30921 0.23145454677633448
1.31859 0.20340372445439714
1.32804 0.1621199352694126
1.33756 0.12839357892019276
1.34715 0.07627856548391904
1.35681 0.04099251822168686
1.36653 0.033867599762621485
1.37633 0.036708707747172484
1.3862 0.03608223749723433
1.39613 0.03675424733921879
1.40614 0.03652872129661129
1.41622 0.03663429712349078
1.42637 0.036192187722846464
1.4366 0.0305809201076869
1.4469 0.03346913883841415
1.45727 0.047864674752935175
1.46771 0.03888541428718536
1.47824 0.045429488048159314
1.48883 0.0736253866354883
1.49951 0.11649807014301555
1.51025 0.14455106056214137
1.52108 0.16674159259242047
1.53198 0.18133135849643275
1.54297 0.19216432773167058
1.55403 0.20143042172479844
1.56517 0.1984515230454961
1.57639 0.18813370134310423
1.58769 0.20720085537174787
1.59907 0.20057828312102766
1.61053 0.20058250470233732
1.62208 0.21850047171021517
1.6337 0.21637590838513887
1.64541 0.21285705799502408
1.65721 0.2177495842002537
1.66909 0.21767999496626683
1.68105 0.2231811547628468
1.6931 0.21728610805855092
1.70524 0.20898727194413808
1.71746 0.206065985433297
1.72978 0.19400254941044903
1.74218 0.18503268244066765
1.75466 0.1782742841541902
1.76724 0.15480963685986393
1.77991 0.11703531889565913
1.79267 0.07778485148314639
