0.4 0.2975574012705869
0.402867 0.2966772928675445
0.405755 0.2885697674648395
0.408664 0.285906845782329
0.411593 0.28436032221704133
0.414544 0.2822372846783009
0.417515 0.2801193096112956
0.420508 0.2803645086602319
0.423523 0.27810560761332814
0.426559 0.27504220440918986
0.429617 0.27032608113921586
0.432696 0.26862172078419083
0.435798 0.2687347723946417
0.438922 0.2663802921891269
0.442068 0.2631566132840963
0.445237 0.26305951076772904
0.448429 0.2603999743246767
0.451643 0.25822668136743454
0.454881 0.25623596052915243
0.458142 0.2545996434872367
0.461426 0.2529817067568336
0.464734 0.2529490238086102
0.468065 0.2500414647191645
0.47142 0.24799778027081407
0.4748 0.24711453282754678
0.478203 0.24355758479158518
0.481631 0.2421944873488481
0.485084 0.23901409334652585
0.488561 0.23726453235100825
0.492063 0.2368640585231065
0.49559 0.23437726161713343
0.499143 0.23224239112774148
0.502721 0.2295082486232667
0.506325 0.2274450682731276
0.509954 0.22753685442480032
0.51361 0.227342126218695
0.517292 0.22528626260202117
0.521 0.22436013032979973
0.524735 0.22274084719733947
0.528496 0.22117992867062847
0.532285 0.2187199213187312
0.5361 0.217564139017903
0.539943 0.21617966071049716
0.543814 0.21440733397962336
0.547712 0.21292599935508358
0.551638 0.21212770603476439
0.555593 0.20950869244677156
0.559575 0.20759456265123055
0.563587 0.20477238083966517
0.567627 0.20011695337443094
0.571696 0.19781422886399597
0.575794 0.19936940787108015
0.579921 0.200515996169289
0.584078 0.2006728943244492
0.588265 0.19395577139820186
0.592482 0.19050145766763119
0.596729 0.19293105941421326
0.601007 0.19521713470149485
0.605315 0.1948459662760844
0.609654 0.19565021454035958
0.614025 0.19712848706193492
0.618426 0.1990243365644018
0.622859 0.20022787382276838
0.627324 0.19631096712023852
0.631821 0.19710688307921098
0.63635 0.19997461944266692
0.640912 0.20127660561945795
0.645506 0.1983709468803444
0.650134 0.1964425452229968
0.654794 0.1989352739917477
0.659488 0.20283725486575746
0.664215 0.2028977352461681
0.668977 0.203893995831256
0.673772 0.20508587709467
0.678602 0.20553352885065698
0.683467 0.2026283778974622
0.688366 0.17235061922787392
0.6933 0.1888123078089899
0.69827 0.19893648960046223
0.703276 0.2019969307200746
0.708317 0.21055481607033313
0.713395 0.2117009196638014
0.718509 0.17921772364957037
0.723659 0.18603106431369024
0.728847 0.19757179955643459
0.734071 0.22167083455441963
0.739333 0.23727611140870042
0.744633 0.2501709501284396
0.749971 0.2543030657357967
0.755347 0.24865236248240782
0.760762 0.1275768882058176
0.766215 0.17443604213999844
0.771708 0.2541419129501356
0.77724 0.26002397423931234
0.782811 0.2593905343868801
0.788423 0.2511599093675143
0.794075 0.2480453428852014
0.799767 0.24787214941828564
0.8055 0.2490425805734965
0.811274 0.23100107767451217
0.81709 0.1973824492648322
0.822947 0.21514623942862976
0.828846 0.22311173864861242
0.834788 0.23541492983577564
0.840772 0.24863751359114813
0.846799 0.25821777972640475
0.852869 0.25823972223307456
0.858983 0.26026019470995837
0.86514 0.2611692007480119
0.871342 0.2614598081680439
0.877588 0.26105195605686854
0.883879 0.2591389418516035
0.890215 0.2510981287474026
0.896596 0.20290179753351792
0.903024 0.1951586008337726
0.909497 0.18737075744180967
0.916017 0.18206898005184585
0.922583 0.20184985745306916
0.929196 0.1447721350963413
0.935857 0.0923669433578375
0.942566 0.10399121707793832
0.949323 0.10696418822618717
0.956128 0.12182006538914116
0.962982 0.14852365746388738
0.969885 0.19037749635365375
0.976837 0.1911740816667918
0.98384 0.2227225438230872
0.990892 0.24435861707837514
0.997995 0.25003617912937415
1.00515 0.24996266557704952
1.01235 0.25109003494760723
1.01961 0.2527655976860596
1.02692 0.25366460957398546
1.03428 0.25622273501408743
1.0417 0.25683417081004156
1.04916 0.2569639178060021
1.05668 0.2569808055346627
1.06426 0.25550298694292384
1.07189 0.252644021427155
1.07957 0.24675195829412452
1.08731 0.23613091567490502
1.0951 0.22069483924372454
1.10295 0.19022406806893818
1.11086 0.1518707360408944
1.11882 0.08977313441635601
1.12684 0.07508626225586083
1.13492 0.08495028377873705
1.14306 0.09490498047924563
1.15125 0.09903025636415203
1.1595 0.1382876396706787
1.16782 0.1760303052753724
1.17619 0.19100075740653344
1.18462 0.18905824545562608
1.19311 0.19903824682108445
1.20166 0.1969959934057777
1.21028 0.20192034737105952
1.21895 0.21122914807667495
1.22769 0.22209904426470028
1.23649 0.2328669447265961
1.24536 0.23572447920932127
1.25428 0.23143484994872066
1.26327 0.2106299222239483
1.27233 0.20859220041327986
1.28145 0.22591690193817443
1.29064 0.22039332981389204
1.29989 0.2036496046235541
1.30921 0.17802269565220552
1.31859 0.1561811306680805
1.32804 0.12443341639476756
1.33756 0.09865879557715203
1.34715 0.05971805295146325
1.35681 0.033263413694588795
1.36653 0.02761804834832741
1.37633 0.02989857338164282
1.3862 0.0294116459235876
1.39613 0.029947663970021934
1.40614 0.02977463053260789
1.41622 0.02966159277086391
1.42637 0.028801275708690146
1.4366 0.024027128665030442
1.4469 0.02571330182106638
1.45727 0.035877140154046014
1.46771 0.029061355193162847
1.47824 0.0336293811611953
1.48883 0.05448395188387653
1.49951 0.08699797665835503
1.51025 0.10865463063080341
1.52108 0.125956604888972
1.53198 0.13743883703889834
1.54297 0.14613619425483354
1.55403 0.1536604582863476
1.56517 0.15134257713561128
1.57639 0.14321539426287075
1.58769 0.15845864283827815
1.59907 0.1531854014782015
1.61053 0.15314851006183347
1.62208 0.16734755844518961
1.6337 0.16561077672862662
1.64541 0.16282714048452812
1.65721 0.16676367388218935
1.66909 0.16673349139492932
1.68105 0.17111173699207363
1.6931 0.1663717477839195
1.70524 0.15980225976667864
1.71746 0.15769029349971167
1.72978 0.14825527721838871
1.74218 0.1413073655920805
1.75466 0.13603950984023278
1.76724 0.11783221483878448
1.77991 0.0889879973675674
1.79267 0.059441081891466886
