0.4 0.27918376666666667
0.402867 0.27839107333333335
0.405755 0.27116305333333335
0.408664 0.2688775533333333
0.411593 0.26757013333333335
0.414544 0.26560695999999995
0.417515 0.26378462666666663
0.420508 0.2639968266666667
0.423523 0.26209936666666667
0.426559 0.2593049333333333
0.429617 0.25490996666666665
0.432696 0.25355133333333335
0.435798 0.2535790933333333
0.438922 0.25126854666666665
0.442068 0.24806684666666667
0.445237 0.24786472666666665
0.448429 0.24523188666666665
0.451643 0.24326708666666666
0.454881 0.24180129333333333
0.458142 0.24056150666666667
0.461426 0.23890982
0.464734 0.23869792
0.468065 0.2356284733333333
0.47142 0.23377483333333332
0.4748 0.23320128666666665
0.478203 0.23013096
0.481631 0.22880541999999998
0.485084 0.22573450666666664
0.488561 0.22403115333333334
0.492063 0.22375872
0.49559 0.22158285333333333
0.499143 0.21978979999999998
0.502721 0.21744632
0.506325 0.21563070666666664
0.509954 0.21571062
0.51361 0.21538824666666667
0.517292 0.21335021999999998
0.521 0.21254985333333332
0.524735 0.2112681733333333
0.528496 0.20989439999999998
0.532285 0.20760775999999997
0.5361 0.20648271333333335
0.539943 0.20499950666666666
0.543814 0.20315143333333333
0.547712 0.20153891999999998
0.551638 0.20071856
0.555593 0.19831580666666665
0.559575 0.19660845999999998
0.563587 0.19411891333333334
0.567627 0.18996677333333334
0.571696 0.18796680666666665
0.575794 0.18945195333333334
0.579921 0.19055723333333333
0.584078 0.1906376733333333
0.588265 0.18400502666666665
0.592482 0.1805817733333333
0.596729 0.18290437333333334
0.601007 0.1850687
0.605315 0.18466192666666664
0.609654 0.18535866
0.614025 0.18663574
0.618426 0.18822765999999996
0.622859 0.18922419999999998
0.627324 0.18542208666666665
0.631821 0.18608854666666666
0.63635 0.18898378666666665
0.640912 0.19036404666666665
0.645506 0.1876622933333333
0.650134 0.18576626
0.654794 0.18805458
0.659488 0.19174629999999998
0.664215 0.19194111333333333
0.668977 0.19288545333333332
0.673772 0.19393919333333332
0.678602 0.19416380666666666
0.683467 0.19129419333333333
0.688366 0.16331916666666665
0.6933 0.17809886666666666
0.69827 0.18695265333333333
0.703276 0.18938241333333333
0.708317 0.19693326
0.713395 0.19772791999999997
0.718509 0.16778042666666665
0.723659 0.17396908
0.728847 0.18439569333333333
0.734071 0.20613673999999998
0.739333 0.22005643999999996
0.744633 0.23145704666666667
0.749971 0.2349627
0.755347 0.22967126
0.760762 0.11970111333333333
0.766215 0.16266708666666665
0.771708 0.23426889333333334
0.77724 0.23973924666666668
0.782811 0.23937824
0.788423 0.23211749333333334
0.794075 0.22927143333333333
0.799767 0.22905396
0.8055 0.22988997333333333
0.811274 0.21355145999999997
0.81709 0.18329707333333334
0.822947 0.19938707333333333
0.828846 0.2066931
0.834788 0.21790408666666666
0.840772 0.22981643333333335
0.846799 0.23836854
0.852869 0.23834428666666665
0.858983 0.23988165333333333
0.86514 0.24044342666666665
0.871342 0.2404574333333333
0.877588 0.23987446
0.883879 0.23793189333333334
0.890215 0.23070852
0.896596 0.18769322666666666
0.903024 0.18087676
0.909497 0.17406240666666664
0.916017 0.16946678666666665
0.922583 0.18736152666666664
0.929196 0.13563548666666667
0.935857 0.08768899999999999
0.942566 0.09829960666666666
0.949323 0.10097766
0.956128 0.11451680666666667
0.962982 0.13872363333333332
0.969885 0.17629170666666666
0.976837 0.17687382
0.98384 0.20460090666666667
0.990892 0.22324231333333333
0.997995 0.22799218666666665
1.00515 0.22782752666666664
1.01235 0.22881643333333335
1.01961 0.23037586
1.02692 0.23131326666666666
1.03428 0.23369141333333332
1.0417 0.23426707333333333
1.04916 0.23440365333333335
1.05668 0.23450428666666667
1.06426 0.23342390000000002
1.07189 0.23113405999999997
1.07957 0.22599899333333331
1.08731 0.21653941999999998
1.0951 0.20278231333333332
1.10295 0.17571520666666665
1.11086 0.14131802
1.11882 0.08487654666666666
1.12684 0.07137399999999999
1.13492 0.08033644
1.14306 0.08942491333333333
1.15125 0.09321922666666667
1.1595 0.12885080666666665
1.16782 0.16255806666666667
1.17619 0.17555484666666665
1.18462 0.17368228
1.19311 0.18224859333333332
1.20166 0.18019566666666667
1.21028 0.18418605999999998
1.21895 0.19210687333333332
1.22769 0.20137138666666665
1.23649 0.21058165333333334
1.24536 0.2130587333333333
1.25428 0.20946982666666664
1.26327 0.19153445333333333
1.27233 0.18983102666666665
1.28145 0.20498972
1.29064 0.20026608
1.29989 0.18568626666666666
1.30921 0.1632361333333333
1.31859 0.14388901333333332
1.32804 0.11545092666666668
1.33756 0.09223372666666665
1.34715 0.05660833866666666
1.35681 0.031814669999999996
1.36653 0.02636975
1.37633 0.028571993999999996
1.3862 0.028079071333333334
1.39613 0.028560899333333334
1.40614 0.028278266
1.41622 0.027904446666666666
1.42637 0.026816319999999998
1.4366 0.022213462666666663
1.4469 0.023537023999999997
1.45727 0.03262530066666666
1.46771 0.026436306666666666
1.47824 0.030571852
1.48883 0.049284956666666664
1.49951 0.07815095999999999
1.51025 0.09717245999999999
1.52108 0.11233057999999999
1.53198 0.12244287999999999
1.54297 0.13002935999999998
1.55403 0.13653089999999998
1.56517 0.13467564666666665
1.57639 0.12783611333333333
1.58769 0.14092297999999998
1.59907 0.13651582666666667
1.61053 0.13660444666666666
1.62208 0.14884996666666667
1.6337 0.14744680666666665
1.64541 0.14512716666666664
1.65721 0.14855058
1.66909 0.14859767999999998
1.68105 0.15240488
1.6931 0.14843586666666667
1.70524 0.14285027333333333
1.71746 0.14094937333333332
1.72978 0.13277994666666665
1.74218 0.12668905333333333
1.75466 0.12212051999999998
1.76724 0.10622524666666666
1.77991 0.08070305333333333
1.79267 0.05429860733333333
