0.4 0.2952129166169707
0.402867 0.29457385357678684
0.405755 0.2867073738503957
0.408664 0.2842528031659094
0.411593 0.28297672854756334
0.414544 0.2808713703416421
0.417515 0.2791695774843877
0.420508 0.2793942234492387
0.423523 0.27757135808779126
0.426559 0.2747107284046895
0.429617 0.2696705544296941
0.432696 0.268532855636551
0.435798 0.2685674042867117
0.438922 0.2663190816497227
0.442068 0.26315537926108834
0.445237 0.2632907250116444
0.448429 0.2608817141815979
0.451643 0.2588817706778665
0.454881 0.2570606958150741
0.458142 0.255545897708039
0.461426 0.25395012846749676
0.464734 0.25406011002860424
0.468065 0.2510491509483072
0.47142 0.2490977031368912
0.4748 0.24840446120218337
0.478203 0.2449420717423738
0.481631 0.2438165512396776
0.485084 0.24090533815732676
0.488561 0.2392764120712463
0.492063 0.23913649221279024
0.49559 0.23668330608394403
0.499143 0.2345060379725268
0.502721 0.23152163191479352
0.506325 0.22929575937632476
0.509954 0.22960587809275881
0.51361 0.22957064803825167
0.517292 0.22752428205117384
0.521 0.22656969980266134
0.524735 0.22484104221659967
0.528496 0.22320688236522002
0.532285 0.22079572583638046
0.5361 0.21973040088360757
0.539943 0.21834700508069815
0.543814 0.21660611121233025
0.547712 0.21535741600054253
0.551638 0.21474832025363688
0.555593 0.21215920845564193
0.559575 0.21026383877214092
0.563587 0.20751090722068782
0.567627 0.20272600616122088
0.571696 0.20037511042314635
0.575794 0.2021491176431579
0.579921 0.20347448534188434
0.584078 0.2035831040942989
0.588265 0.19567733488325167
0.592482 0.19164620476160668
0.596729 0.19463880941844436
0.601007 0.197974595400483
0.605315 0.19815418169068044
0.609654 0.19912231953629753
0.614025 0.20065500813191775
0.618426 0.2024015272106349
0.622859 0.20365971858937829
0.627324 0.19952348547178703
0.631821 0.20043157274712903
0.63635 0.2035717521878466
0.640912 0.20500292603381293
0.645506 0.20144226211948624
0.650134 0.19906584271435002
0.654794 0.20191713570810915
0.659488 0.20648055135905533
0.664215 0.20677355522802202
0.668977 0.2078946611004312
0.673772 0.20917301189925364
0.678602 0.2096490018311675
0.683467 0.20649635414070666
0.688366 0.17444934230728196
0.6933 0.19046648361743931
0.69827 0.20066370691080837
0.703276 0.20330851264065078
0.708317 0.21214729837754415
0.713395 0.2126245858773092
0.718509 0.17658978558806213
0.723659 0.1832859895943647
0.728847 0.19443921593679844
0.734071 0.2193201519731598
0.739333 0.2353676375236807
0.744633 0.2487159499762927
0.749971 0.25275412610883913
0.755347 0.24682933706354163
0.760762 0.12584595910925103
0.766215 0.17195200262658333
0.771708 0.25165504264498806
0.77724 0.2573673857628287
0.782811 0.25648835965796385
0.788423 0.2475749891410656
0.794075 0.24418682201214048
0.799767 0.24387507952364687
0.8055 0.24507936746919787
0.811274 0.22642288616193443
0.81709 0.1920378890281053
0.822947 0.21019643773370325
0.828846 0.21828217743101558
0.834788 0.2308646421411125
0.840772 0.24449781060646358
0.846799 0.25443502014980873
0.852869 0.2543909898306572
0.858983 0.2563375663258945
0.86514 0.25709970983839864
0.871342 0.25709270007240925
0.877588 0.256362183870155
0.883879 0.254004278366091
0.890215 0.24551485733639336
0.896596 0.19638353074952414
0.903024 0.1884263155103211
0.909497 0.18058358345030143
0.916017 0.17509806099203448
0.922583 0.19476026611870506
0.929196 0.138388800881501
0.935857 0.08794543022557288
0.942566 0.09874337669116531
0.949323 0.10150956663144425
0.956128 0.1154553982060549
0.962982 0.14099684702154797
0.969885 0.1817328008764922
0.976837 0.18231503914357297
0.98384 0.2131347620102633
0.990892 0.23428959060678026
0.997995 0.23957163412883012
1.00515 0.23905288969866872
1.01235 0.23998255719464193
1.01961 0.24138501057230433
1.02692 0.2421816519920923
1.03428 0.24478618237567099
1.0417 0.24565011609916051
1.04916 0.2461076356238966
1.05668 0.24658084194656546
1.06426 0.2455729941753125
1.07189 0.2430641576085134
1.07957 0.23732754489756785
1.08731 0.22676805370831535
1.0951 0.21131788430828563
1.10295 0.18099889215047063
1.11086 0.1437171654011436
1.11882 0.08507129568824338
1.12684 0.07144835553707123
1.13492 0.08038435737704999
1.14306 0.08932017799246854
1.15125 0.0930549842112036
1.1595 0.12941963494700165
1.16782 0.16483411806457415
1.17619 0.17869067117183707
1.18462 0.17630226919877898
1.19311 0.1853172124571904
1.20166 0.18317078151694047
1.21028 0.18750202675929528
1.21895 0.19593579735104003
1.22769 0.20591607309887636
1.23649 0.21586063311038411
1.24536 0.21846188695391394
1.25428 0.21445353313499763
1.26327 0.1952948858203419
1.27233 0.19344559066903172
1.28145 0.20937986161229086
1.29064 0.20407721648223495
1.29989 0.18835830555736105
1.30921 0.16440377497488895
1.31859 0.1441090598881321
1.32804 0.11495252179838651
1.33756 0.09145692429222019
1.34715 0.05733815328633939
1.35681 0.03376287859002594
1.36653 0.028151025215726575
1.37633 0.030476506746373894
1.3862 0.02998795940223313
1.39613 0.030509216329697452
1.40614 0.030277783867515274
1.41622 0.029722401630462934
1.42637 0.028009962192744618
1.4366 0.022881864585213754
1.4469 0.023519139301437373
1.45727 0.031473857266200535
1.46771 0.02535035549061981
1.47824 0.02889691505987356
1.48883 0.046675973737181006
1.49951 0.07527230249248822
1.51025 0.0945562992109582
1.52108 0.109989042057277
1.53198 0.1203166020543576
1.54297 0.1281761807494955
1.55403 0.1349980458658559
1.56517 0.13312160327542452
1.57639 0.1261856971678077
1.58769 0.1398016420509553
1.59907 0.1353595163736744
1.61053 0.13550171241260686
1.62208 0.1481517013938424
1.6337 0.14667193036980697
1.64541 0.1443134376981679
1.65721 0.14793810287818251
1.66909 0.14806119784846763
1.68105 0.1520749304123313
1.6931 0.1479156817755919
1.70524 0.14211753245297742
1.71746 0.14033858142696298
1.72978 0.13191687314194656
1.74218 0.1257577172463878
1.75466 0.12109076437969568
1.76724 0.10476313465500144
1.77991 0.07916236016747412
1.79267 0.053372988179716904
