0.4 0.03847760351884552
0.402867 0.03876161074102906
0.405755 0.038181127076625104
0.408664 0.03827865264925959
0.411593 0.03850972616170666
0.414544 0.038645624229798
0.417515 0.03875170108624186
0.420508 0.039141175461778074
0.423523 0.039261187201144236
0.426559 0.03915105225594413
0.429617 0.03879573748586914
0.432696 0.039042370304474314
0.435798 0.039375124476531166
0.438922 0.03941224153789572
0.442068 0.03933269745551794
0.445237 0.03970570628439236
0.448429 0.039748551783436344
0.451643 0.03977486007590976
0.454881 0.03976906789654353
0.458142 0.03979701526096336
0.461426 0.03983428237263413
0.464734 0.04012566898177647
0.468065 0.03992242406041978
0.47142 0.03987796324409526
0.4748 0.04001059742109328
0.478203 0.039706090318157576
0.481631 0.03977462648836184
0.485084 0.03960154207446376
0.488561 0.03964234863135217
0.492063 0.039829978818997025
0.49559 0.039606681000518014
0.499143 0.039358871930040173
0.502721 0.0388959065569061
0.506325 0.03856650575185075
0.509954 0.03869884537099173
0.51361 0.038802005154464275
0.517292 0.038549034986910695
0.521 0.03842950111224003
0.524735 0.03807455612313073
0.528496 0.03771099610852525
0.532285 0.037298086963266135
0.5361 0.03714221913938309
0.539943 0.036984003958598986
0.543814 0.036818605366849694
0.547712 0.03682601444714085
0.551638 0.0367941744848038
0.555593 0.036268357433013
0.559575 0.035842554255108676
0.563587 0.0352878455909289
0.567627 0.03435701782028749
0.571696 0.03398300614860141
0.575794 0.03448473517735733
0.579921 0.034908025111610466
0.584078 0.035096980809611995
0.588265 0.03353590057814894
0.592482 0.03271292374158228
0.596729 0.03344753163739294
0.601007 0.034569393639301275
0.605315 0.035117206323973124
0.609654 0.0356130620115877
0.614025 0.03628680926565432
0.618426 0.037055678516078445
0.622859 0.037660553471418466
0.627324 0.03689319185045618
0.631821 0.03748378154155203
0.63635 0.038850436959103445
0.640912 0.03961902550855896
0.645506 0.03906136611896452
0.650134 0.03881785624710172
0.654794 0.039853559284004046
0.659488 0.041371007341071055
0.664215 0.041873272037542805
0.668977 0.0424240160479855
0.673772 0.042949679090359114
0.678602 0.043311668525638156
0.683467 0.04263886512362956
0.688366 0.03392209364250352
0.6933 0.038415889292773835
0.69827 0.04105032331066412
0.703276 0.04130616106230174
0.708317 0.04305188354035177
0.713395 0.042672683849635275
0.718509 0.03400908718810448
0.723659 0.03504802719414544
0.728847 0.03673111455690944
0.734071 0.04144470619199545
0.739333 0.044476054942689865
0.744633 0.047813058938504675
0.749971 0.049038954103768115
0.755347 0.047273186646817726
0.760762 0.020690485023972707
0.766215 0.029082677105396915
0.771708 0.04840481537960683
0.77724 0.050751487354458516
0.782811 0.05065175734882943
0.788423 0.04770957569566493
0.794075 0.046723238417682354
0.799767 0.046405428701848134
0.8055 0.046941064744784655
0.811274 0.04268616858163895
0.81709 0.03547158991114522
0.822947 0.03913706194546809
0.828846 0.04077322117394376
0.834788 0.04399860991296241
0.840772 0.04819814186813998
0.846799 0.05198970327309702
0.852869 0.05214433427070938
0.858983 0.05334065487693951
0.86514 0.05408302381800759
0.871342 0.054242611622569055
0.877588 0.05397780648455787
0.883879 0.05305521089338071
0.890215 0.050329145231374404
0.896596 0.03732754591625879
0.903024 0.0352419531600734
0.909497 0.03376390380002971
0.916017 0.032533654008597486
0.922583 0.03648323936927821
0.929196 0.026113797583238396
0.935857 0.017832524350988664
0.942566 0.019245634393154982
0.949323 0.019794213165801787
0.956128 0.022145483252147633
0.962982 0.026689587325662446
0.969885 0.03471899102321151
0.976837 0.035062188142304794
0.98384 0.0431158390191502
0.990892 0.050632143913026076
0.997995 0.0532616151853008
1.00515 0.05326332156213391
1.01235 0.05369086991615896
1.01961 0.05420443787448348
1.02692 0.054405497366578265
1.03428 0.05533358820379803
1.0417 0.055568114061021155
1.04916 0.05559854378802652
1.05668 0.05565904296293792
1.06426 0.055106176869009024
1.07189 0.05413067963689435
1.07957 0.05200332657398506
1.08731 0.048407923281727466
1.0951 0.04360575524847001
1.10295 0.03519212101788
1.11086 0.0276891706012565
1.11882 0.01782805768197911
1.12684 0.01569003006404095
1.13492 0.016911269710701008
1.14306 0.018229521829212315
1.15125 0.018932161883401216
1.1595 0.025480676746510507
1.16782 0.033151073407083044
1.17619 0.03716693903653064
1.18462 0.0362253432758412
1.19311 0.039082385830988574
1.20166 0.038670222582238414
1.21028 0.040600730626692935
1.21895 0.043722477758432576
1.22769 0.04817779203769403
1.23649 0.05306317662467589
1.24536 0.05454724145794519
1.25428 0.05260361489925279
1.26327 0.04435867126119336
1.27233 0.043731013601709126
1.28145 0.049966494624561424
1.29064 0.047711274154276076
1.29989 0.04204902885135354
1.30921 0.034886925425544585
1.31859 0.029874894025102332
1.32804 0.023857893374486513
1.33756 0.019350390886086442
1.34715 0.014305397907166022
1.35681 0.010086154330232747
1.36653 0.008528075104893817
1.37633 0.009235969691177633
1.3862 0.009225585338983724
1.39613 0.009539969236085478
1.40614 0.009995085671698326
1.41622 0.010682749992687838
1.42637 0.010389461030718793
1.4366 0.008834931544286058
1.4469 0.00916770155278684
1.45727 0.010332290280409712
1.46771 0.008784083098303658
1.47824 0.008944959989400755
1.48883 0.012402053323156961
1.49951 0.019942055475813823
1.51025 0.026413704199213357
1.52108 0.03261540489943647
1.53198 0.03674833668967984
1.54297 0.04057910596251088
1.55403 0.04437182738698556
1.56517 0.0421768922996186
1.57639 0.0369535587910608
1.58769 0.04410828520537754
1.59907 0.04041169495464959
1.61053 0.039527262817869446
1.62208 0.04593454787812834
1.6337 0.044595936823215825
1.64541 0.042529561987646715
1.65721 0.04367472296177128
1.66909 0.0435387908453255
1.68105 0.04555625086471567
1.6931 0.04315617840094277
1.70524 0.04008354008182017
1.71746 0.03968618390814158
1.72978 0.03587125978928152
1.74218 0.03317369141221042
1.75466 0.03126545613840565
1.76724 0.026312774187045713
1.77991 0.019851570786149207
1.79267 0.014754254592405702
