0.4 0.12422360446092216
0.402867 0.12403870589263721
0.405755 0.12079269637046539
0.408664 0.11983374148243654
0.411593 0.11932984676073681
0.414544 0.11855336358133689
0.417515 0.1177109235363451
0.420508 0.11780084204391611
0.423523 0.1169130430646948
0.426559 0.11569112082661391
0.429617 0.11377347643837102
0.432696 0.11322120119828508
0.435798 0.11335787592291786
0.438922 0.11247018885422087
0.442068 0.11121524981402141
0.445237 0.11130400764958304
0.448429 0.11028060508931886
0.451643 0.10939877573720926
0.454881 0.10848426531455403
0.458142 0.10772870620575879
0.461426 0.10698639410559974
0.464734 0.10701759156233719
0.468065 0.10575262853660203
0.47142 0.10489192469404086
0.4748 0.10455089815455237
0.478203 0.10304380232095041
0.481631 0.10249044314750032
0.485084 0.10113446489105578
0.488561 0.10043850613007092
0.492063 0.10032564916245743
0.49559 0.09929691006890487
0.499143 0.09830752191314752
0.502721 0.09694742215196438
0.506325 0.09593046563790117
0.509954 0.09593143446329744
0.51361 0.095849013960856
0.517292 0.09492619657985252
0.521 0.09440406683757539
0.524735 0.09347950045494895
0.528496 0.09260249604515938
0.532285 0.0913977280917353
0.5361 0.09078001716935646
0.539943 0.0901399497216616
0.543814 0.08940632827307705
0.547712 0.08882368371413366
0.551638 0.08842327425299633
0.555593 0.08711959658073282
0.559575 0.08612812369177952
0.563587 0.08486626538373342
0.567627 0.08282270566841042
0.571696 0.08181195539228177
0.575794 0.0825205408578537
0.579921 0.08306070098432088
0.584078 0.0831676266941453
0.588265 0.08019088988071016
0.592482 0.078630195300845
0.596729 0.07967587764777992
0.601007 0.08072490771811384
0.605315 0.08071701003254025
0.609654 0.08119441073696762
0.614025 0.08198359096471276
0.618426 0.08295125888642099
0.622859 0.08358894104122598
0.627324 0.08187635830030733
0.631821 0.08238053119959611
0.63635 0.08394099876096905
0.640912 0.08472177930450293
0.645506 0.08356211768726775
0.650134 0.08284253301587674
0.654794 0.08408091889080718
0.659488 0.08592391256444012
0.664215 0.08599245616186564
0.668977 0.08650464505213941
0.673772 0.08711580441268009
0.678602 0.0874145159842006
0.683467 0.08620456817222216
0.688366 0.0725502020300633
0.6933 0.08020582833698538
0.69827 0.08469785283440288
0.703276 0.08574211551640068
0.708317 0.08922106199878362
0.713395 0.08944660327205879
0.718509 0.07534487640764415
0.723659 0.07796055789518072
0.728847 0.08219564542108536
0.734071 0.09198131269908301
0.739333 0.09837964344990778
0.744633 0.10383349733710742
0.749971 0.10557829751925663
0.755347 0.1030893626941237
0.760762 0.05159057585308634
0.766215 0.07074005569404064
0.771708 0.1053865404345525
0.77724 0.10807522275582615
0.782811 0.10781888050881397
0.788423 0.1041621114007268
0.794075 0.10276606278168784
0.799767 0.10265051996149062
0.8055 0.10330034920434991
0.811274 0.09580614263770999
0.81709 0.08186709850378057
0.822947 0.0891745487874318
0.828846 0.09243200196007646
0.834788 0.09757062628236565
0.840772 0.10321190791569994
0.846799 0.10744909935946183
0.852869 0.10748044389860267
0.858983 0.10844720694378565
0.86514 0.10891361803472459
0.871342 0.10899067962177278
0.877588 0.10872853721215717
0.883879 0.10780358713630447
0.890215 0.10434671900164852
0.896596 0.08412975024873424
0.903024 0.08086477349141159
0.909497 0.07773540031513179
0.916017 0.07543164543331639
0.922583 0.08350322717192592
0.929196 0.06083550746477743
0.935857 0.04090979064757671
0.942566 0.04497499160267332
0.949323 0.04610421995218
0.956128 0.051665501547841754
0.962982 0.062011693470289654
0.969885 0.0789197909607986
0.976837 0.07929779593496664
0.98384 0.09253386291931442
0.990892 0.10181863467766418
0.997995 0.10436844882802832
1.00515 0.10436226177475506
1.01235 0.10488584955129193
1.01961 0.10562820961310428
1.02692 0.10601829133156844
1.03428 0.10714831264707604
1.0417 0.10742657336963757
1.04916 0.10748308818442022
1.05668 0.10756380125200488
1.06426 0.10704302722579381
1.07189 0.10596153990596294
1.07957 0.10344216861565796
1.08731 0.09881689385565193
1.0951 0.09208713529088197
1.10295 0.07901928261436447
1.11086 0.06354940802334616
1.11882 0.0399224136838136
1.12684 0.0344808955338378
1.13492 0.03796574129957428
1.14306 0.04151584369076475
1.15125 0.043139179387258295
1.1595 0.05822675803486172
1.16782 0.07350606818762084
1.17619 0.07983229978379022
1.18462 0.07880170617297748
1.19311 0.08301553389670449
1.20166 0.08224596359026412
1.21028 0.08443566246313398
1.21895 0.08840427504340999
1.22769 0.09327829172710494
1.23649 0.09815857859760549
1.24536 0.09947498529264974
1.25428 0.09749565262595697
1.26327 0.08796667931376222
1.27233 0.08707135035497579
1.28145 0.09502923419831764
1.29064 0.09268801806784632
1.29989 0.08554827689594417
1.30921 0.0746716674575322
1.31859 0.06558563280316072
1.32804 0.052952702793481486
1.33756 0.04294485155793833
1.34715 0.02920323869204052
1.35681 0.019166737083293486
1.36653 0.0163413704450564
1.37633 0.017540360298237564
1.3862 0.01731872949842655
1.39613 0.017628428764969364
1.40614 0.017663475304254776
1.41622 0.017489179139044103
1.42637 0.016295010710995088
1.4366 0.013249608157790761
1.4469 0.013095573233136421
1.45727 0.015935687760013025
1.46771 0.012861117167493743
1.47824 0.013926411034455218
1.48883 0.021477589330561382
1.49951 0.034619712545650466
1.51025 0.04386643792317426
1.52108 0.05133959891635452
1.53198 0.056332793913565396
1.54297 0.06026988609530519
1.55403 0.0637628469727768
1.56517 0.06265823254373386
1.57639 0.0589167983278317
1.58769 0.06601817657199624
1.59907 0.06355809547747711
1.61053 0.06351027770915606
1.62208 0.07002178836939309
1.6337 0.06921333075447257
1.64541 0.06791578897638548
1.65721 0.06971168750394013
1.66909 0.06977673309811969
1.68105 0.07188110179491573
1.6931 0.06983429987183096
1.70524 0.06702778216333327
1.71746 0.06633547808032843
1.72978 0.06231394461182229
1.74218 0.05946423583582338
1.75466 0.057288116505719106
1.76724 0.04960997699874695
1.77991 0.03797755265605559
1.79267 0.02677633810874982
