0.4 0.3665312126577139
0.402867 0.3655043957032007
0.405755 0.3558984112215816
0.408664 0.352842064126121
0.411593 0.35106910896912835
0.414544 0.34837328435746256
0.417515 0.3459574699391744
0.420508 0.34611771007785247
0.423523 0.34352141156478155
0.426559 0.3398340520674104
0.429617 0.3340828698270949
0.432696 0.33221788534257035
0.435798 0.3322790896590014
0.438922 0.3292093713904201
0.442068 0.3249887160243042
0.445237 0.324738746399871
0.448429 0.32126411335273425
0.451643 0.3186416697391547
0.454881 0.3165291402695895
0.458142 0.31475816404621876
0.461426 0.31256146749891667
0.464734 0.31232146385551607
0.468065 0.30833299445358286
0.47142 0.3058386199361531
0.4748 0.3049948989122389
0.478203 0.3008699989738978
0.481631 0.2991337699724099
0.485084 0.29512335401832795
0.488561 0.2928908583835242
0.492063 0.2924934225478008
0.49559 0.28956967291912017
0.499143 0.2871283195601716
0.502721 0.28390727526832593
0.506325 0.28145501994622624
0.509954 0.28152685880234596
0.51361 0.2810638239912926
0.517292 0.2783521679106519
0.521 0.2773361637781357
0.524735 0.27567574041412657
0.528496 0.273885402732077
0.532285 0.27091792045317636
0.5361 0.26946447393495976
0.539943 0.26752433454338165
0.543814 0.26511737184169937
0.547712 0.2630434583201067
0.551638 0.2619881340245003
0.555593 0.2588196027865573
0.559575 0.2565523242734089
0.563587 0.25325252377188257
0.567627 0.24770269357053357
0.571696 0.24499645727206448
0.575794 0.24696439087550273
0.579921 0.24843317858634648
0.584078 0.24851794290981608
0.588265 0.23962740533130686
0.592482 0.2350481083597484
0.596729 0.2381648575012528
0.601007 0.24108026351790615
0.605315 0.24054075451071807
0.609654 0.24144630383914217
0.614025 0.24313133907580875
0.618426 0.24523605978027144
0.622859 0.24655575891081974
0.627324 0.24155104469525407
0.631821 0.24242009072105875
0.63635 0.2461842007521426
0.640912 0.24798742824508044
0.645506 0.24436659479104228
0.650134 0.2418569414797933
0.654794 0.24491690770611194
0.659488 0.24982865661202724
0.664215 0.25003778175963454
0.668977 0.25125324813864947
0.673772 0.25262831284003273
0.678602 0.2529360815888088
0.683467 0.2491764999283552
0.688366 0.21247219292046637
0.6933 0.2317072494426262
0.69827 0.2433683475764303
0.703276 0.24657339103110817
0.708317 0.2566353681726037
0.713395 0.25768420299218886
0.718509 0.21781925373849817
0.723659 0.22604711597714708
0.728847 0.23980102555722105
0.734071 0.2687594654609994
0.739333 0.28735254521928977
0.744633 0.3026005764262134
0.749971 0.3072806742148709
0.755347 0.300340384634819
0.760762 0.1559396395802078
0.766215 0.212168016560202
0.771708 0.3064577587363325
0.77724 0.31372340461487186
0.782811 0.313221967794616
0.788423 0.3034503412203781
0.794075 0.2996338696753537
0.799767 0.29931699070062473
0.8055 0.30042827781279885
0.811274 0.27858931903712014
0.81709 0.23831316163939187
0.822947 0.2596950491472291
0.828846 0.26939012129829343
0.834788 0.28431460577215856
0.840772 0.3002566810910836
0.846799 0.3117732814140303
0.852869 0.311759464535139
0.858983 0.31386185865547866
0.86514 0.3146572919161964
0.871342 0.31467926521069134
0.877588 0.31387343809140117
0.883879 0.3112492027406235
0.890215 0.30157909011271766
0.896596 0.2442125410484614
0.903024 0.23509808089075807
0.909497 0.22599849839168032
0.916017 0.21980466792226286
0.922583 0.24353644105078792
0.929196 0.17517224472062884
0.935857 0.1122417633244389
0.942566 0.12607271760403416
0.949323 0.12959748363625803
0.956128 0.14730803922623803
0.962982 0.17920953673268333
0.969885 0.2290388892205503
0.976837 0.2298487633482383
0.98384 0.26682455865516924
0.990892 0.2918132487993833
0.997995 0.29824928469870854
1.00515 0.29806855992280956
1.01235 0.2994082177577693
1.01961 0.3014812666101669
1.02692 0.3026882110948463
1.03428 0.3058363735790688
1.0417 0.3066023011177669
1.04916 0.3067809845612361
1.05668 0.3069121646836652
1.06426 0.30545187212481084
1.07189 0.30235721216130185
1.07957 0.29547567551594217
1.08731 0.2828537248816869
1.0951 0.26448430919324367
1.10295 0.22834275029142667
1.11086 0.18276952243490704
1.11882 0.10864194044043103
1.12684 0.09103614353479375
1.13492 0.10270151152988104
1.14306 0.11447232459619791
1.15125 0.11946569114284182
1.1595 0.16629351834504288
1.16782 0.210978401115887
1.17619 0.22836177301371965
1.18462 0.22586593658136203
1.19311 0.23731369319096815
1.20166 0.23466444483233936
1.21028 0.24006367996788802
1.21895 0.25070345224227386
1.22769 0.2631656886706605
1.23649 0.2755699922629729
1.24536 0.2789152190966479
1.25428 0.2741380287629035
1.26327 0.2503646712859732
1.27233 0.2480732533482843
1.28145 0.26804773574401713
1.29064 0.26162753131366673
1.29989 0.24212325959189535
1.30921 0.21217566487122702
1.31859 0.18645948485397906
1.32804 0.1488317824586077
1.33756 0.11823262830000004
1.34715 0.07231005804323752
1.35681 0.040946330400063125
1.36653 0.03400166844640079
1.37633 0.03681941765446159
1.3862 0.03618154227509396
1.39613 0.036779468154823206
1.40614 0.03637918871628289
1.41622 0.03575380914390229
1.42637 0.03418793780208711
1.4366 0.02819804892216377
1.4469 0.029773923684296294
1.45727 0.04137583476598752
1.46771 0.03340967491047942
1.47824 0.038726411690696634
1.48883 0.06314934521488673
1.49951 0.10135295740773838
1.51025 0.12668895040258868
1.52108 0.14689365765711312
1.53198 0.1603436315580389
1.54297 0.17043873355241201
1.55403 0.17911869298250152
1.56517 0.17658949993026551
1.57639 0.16738438321880406
1.58769 0.18472062618844406
1.59907 0.17878181073278399
1.61053 0.1788332540928369
1.62208 0.19506851466772113
1.6337 0.1931172326318758
1.64541 0.18996326705851888
1.65721 0.1944783467426365
1.66909 0.19449317091656962
1.68105 0.199526597497883
1.6931 0.1941128145259791
1.70524 0.18657039427795727
1.71746 0.18406138278301806
1.72978 0.17311060593596092
1.74218 0.16498083462332527
1.75466 0.15886993216960218
1.76724 0.1376243236582108
1.77991 0.1038101600638927
1.79267 0.06920305113846885
