0.4 0.28397502666666663
0.402867 0.28258286666666665
0.405755 0.27391164
0.408664 0.2709988733333333
0.411593 0.2696700533333333
0.414544 0.2678172933333333
0.417515 0.26616397999999997
0.420508 0.26642585333333335
0.423523 0.2643542533333333
0.426559 0.2613611933333333
0.429617 0.25661192
0.432696 0.25485843999999996
0.435798 0.25434526
0.438922 0.25135408666666664
0.442068 0.24758032666666666
0.445237 0.24715423333333333
0.448429 0.24434956666666666
0.451643 0.24263998666666667
0.454881 0.2421388733333333
0.458142 0.24157987333333333
0.461426 0.23956099999999997
0.464734 0.23883502666666667
0.468065 0.23489576666666667
0.47142 0.23303258666666665
0.4748 0.2328985
0.478203 0.23020359333333332
0.481631 0.22852469999999997
0.485084 0.22475635333333333
0.488561 0.22275457999999998
0.492063 0.22261986666666667
0.49559 0.22085353333333335
0.499143 0.21946466
0.502721 0.21758252666666666
0.506325 0.21606874666666667
0.509954 0.21632603333333333
0.51361 0.21622562
0.517292 0.21418202
0.521 0.21284362666666667
0.524735 0.21057254666666664
0.528496 0.20847579333333333
0.532285 0.20543664666666664
0.5361 0.20368038666666666
0.539943 0.20191148666666664
0.543814 0.19999655333333333
0.547712 0.19821957333333332
0.551638 0.19714312666666667
0.555593 0.19433161333333332
0.559575 0.1923033133333333
0.563587 0.18983726
0.567627 0.18616606666666663
0.571696 0.18457289999999998
0.575794 0.18609522666666667
0.579921 0.18730854666666666
0.584078 0.18752120666666666
0.588265 0.18147722666666666
0.592482 0.17830640666666667
0.596729 0.18053798
0.601007 0.18265730666666663
0.605315 0.18224436666666666
0.609654 0.18288647333333333
0.614025 0.18412051333333335
0.618426 0.18566306666666665
0.622859 0.18659747333333332
0.627324 0.18249501333333332
0.631821 0.18284621999999998
0.63635 0.18540966666666664
0.640912 0.18660664
0.645506 0.18365720666666666
0.650134 0.18153388666666664
0.654794 0.18360884
0.659488 0.18749152666666663
0.664215 0.18857358000000002
0.668977 0.18995488
0.673772 0.19113766666666665
0.678602 0.19142863333333332
0.683467 0.1884843
0.688366 0.16064504
0.6933 0.17475448
0.69827 0.18297149999999998
0.703276 0.18529181333333333
0.708317 0.19253847999999998
0.713395 0.19307951999999998
0.718509 0.16346217333333332
0.723659 0.16924276666666666
0.728847 0.17984046666666667
0.734071 0.20142624666666667
0.739333 0.2154519133333333
0.744633 0.22746234666666665
0.749971 0.23183147333333332
0.755347 0.22711216
0.760762 0.11753799999999999
0.766215 0.16001068666666665
0.771708 0.23081192666666664
0.77724 0.2358033
0.782811 0.23514951333333334
0.788423 0.22779528666666665
0.794075 0.22491539333333332
0.799767 0.22474583333333334
0.8055 0.22606982
0.811274 0.21053651333333334
0.81709 0.18068633999999997
0.822947 0.19682988
0.828846 0.2040558
0.834788 0.21487070666666666
0.840772 0.22607794666666664
0.846799 0.23383172
0.852869 0.2335508733333333
0.858983 0.23482054666666666
0.86514 0.235288
0.871342 0.23567211333333332
0.877588 0.23565276000000002
0.883879 0.23431348
0.890215 0.22734008
0.896596 0.18458248666666666
0.903024 0.17789181999999998
0.909497 0.17116810666666665
0.916017 0.16659953333333333
0.922583 0.18452169333333335
0.929196 0.13216714666666665
0.935857 0.08329032
0.942566 0.09405163333333333
0.949323 0.09673389333333333
0.956128 0.1104646
0.962982 0.13506358666666665
0.969885 0.17310734666666666
0.976837 0.17394544666666667
0.98384 0.20217816666666666
0.990892 0.2211412333333333
0.997995 0.22581161333333333
1.00515 0.22552129999999998
1.01235 0.22641467333333332
1.01961 0.22819195333333334
1.02692 0.22954734666666665
1.03428 0.23236591333333334
1.0417 0.23298303999999997
1.04916 0.23302966666666663
1.05668 0.23303564666666665
1.06426 0.23195144
1.07189 0.22970444666666667
1.07957 0.22454046
1.08731 0.21495143333333333
1.0951 0.20104869333333333
1.10295 0.17390500666666667
1.11086 0.13918775333333333
1.11882 0.08150254
1.12684 0.06762952666666666
1.13492 0.07689698666666667
1.14306 0.08637658666666666
1.15125 0.09051583333333332
1.1595 0.12752574666666666
1.16782 0.16223904
1.17619 0.17541669333333332
1.18462 0.17347393333333333
1.19311 0.18226947333333332
1.20166 0.18036606
1.21028 0.18471392
1.21895 0.19296827333333333
1.22769 0.20245700666666666
1.23649 0.21184461333333332
1.24536 0.21452745333333334
1.25428 0.21120838
1.26327 0.19330176666666665
1.27233 0.1916716333333333
1.28145 0.20711374
1.29064 0.20229260666666665
1.29989 0.1872677133333333
1.30921 0.16411293333333332
1.31859 0.14417503999999998
1.32804 0.11482738666666666
1.33756 0.09081899333333333
1.34715 0.05316746866666667
1.35681 0.027604148
1.36653 0.022637406666666665
1.37633 0.024614890666666667
1.3862 0.024219312666666666
1.39613 0.024748232666666665
1.40614 0.024743160666666666
1.41622 0.025234951999999998
1.42637 0.025437130000000002
1.4366 0.021791031333333336
1.4469 0.02425430333333333
1.45727 0.035093026
1.46771 0.028598374
1.47824 0.033525476666666665
1.48883 0.05414447133333333
1.49951 0.08505990666666666
1.51025 0.10511758666666667
1.52108 0.12090821999999998
1.53198 0.13122202
1.54297 0.13870846666666664
1.55403 0.14502519333333333
1.56517 0.14282974666666665
1.57639 0.13551880666666666
1.58769 0.14900339333333332
1.59907 0.14436524
1.61053 0.14437647999999997
1.62208 0.15698942666666665
1.6337 0.1555275133333333
1.64541 0.15303400666666667
1.65721 0.15641588666666667
1.66909 0.15638803333333332
1.68105 0.16031786666666664
1.6931 0.15628618
1.70524 0.15049443333333332
1.71746 0.14829511333333334
1.72978 0.13971608
1.74218 0.13322844666666667
1.75466 0.12839398666666665
1.76724 0.11168145333333332
1.77991 0.08452781999999999
1.79267 0.05611388933333333
