0.4 0.28198238666666664
0.402867 0.2811785933333333
0.405755 0.2738108933333333
0.408664 0.27147802
0.411593 0.27018351333333335
0.414544 0.26824336666666665
0.417515 0.26642296666666665
0.420508 0.2666668333333333
0.423523 0.26480974
0.426559 0.26194564
0.429617 0.2574441333333333
0.432696 0.25612035333333333
0.435798 0.25605904
0.438922 0.25367375999999997
0.442068 0.25037693333333333
0.445237 0.2501267133333333
0.448429 0.24742364666666666
0.451643 0.2454946
0.454881 0.24424974666666666
0.458142 0.24317371999999998
0.461426 0.24146350666666666
0.464734 0.24118213333333333
0.468065 0.23792301999999999
0.47142 0.2360561733333333
0.4748 0.23557076
0.478203 0.23255037999999997
0.481631 0.2311886333333333
0.485084 0.22800725333333333
0.488561 0.22625888666666666
0.492063 0.22602698666666665
0.49559 0.22385861333333334
0.499143 0.22211023333333335
0.502721 0.21982512666666668
0.506325 0.21804057999999998
0.509954 0.21814808666666666
0.51361 0.21785216666666665
0.517292 0.21576970666666664
0.521 0.21488005999999998
0.524735 0.21343576666666667
0.528496 0.21196134
0.532285 0.2095742
0.5361 0.20838557333333332
0.539943 0.20682551333333332
0.543814 0.2049159333333333
0.547712 0.20322347333333335
0.551638 0.20236234
0.555593 0.19993179333333333
0.559575 0.19821446
0.563587 0.19574437333333333
0.567627 0.19165362666666666
0.571696 0.18973172
0.575794 0.19127366666666668
0.579921 0.1924359
0.584078 0.19254756666666664
0.588265 0.18586176
0.592482 0.18240283999999998
0.596729 0.18479174666666667
0.601007 0.18706367333333332
0.605315 0.18670324666666666
0.609654 0.18741693333333334
0.614025 0.1887100333333333
0.618426 0.19031356666666666
0.622859 0.19131554666666664
0.627324 0.18740914666666666
0.631821 0.18805325333333334
0.63635 0.19100904666666665
0.640912 0.19241686666666663
0.645506 0.18960302666666665
0.650134 0.18761095333333333
0.654794 0.18992445333333333
0.659488 0.19373795333333332
0.664215 0.19406347333333332
0.668977 0.19508505999999998
0.673772 0.19616854666666667
0.678602 0.19637940666666667
0.683467 0.19339632666666665
0.688366 0.16478913333333334
0.6933 0.1796657133333333
0.69827 0.18853734
0.703276 0.1908911
0.708317 0.19843607333333335
0.713395 0.19905382666666666
0.718509 0.16834789333333333
0.723659 0.17446189999999998
0.728847 0.18494020666666666
0.734071 0.20686790666666666
0.739333 0.22087031333333332
0.744633 0.23239235333333333
0.749971 0.235953
0.755347 0.23059951999999997
0.760762 0.11965203333333332
0.766215 0.16283202666666666
0.771708 0.23506769333333333
0.77724 0.24056919333333332
0.782811 0.240177
0.788423 0.23279191333333332
0.794075 0.22986837999999998
0.799767 0.22962713333333332
0.8055 0.23047806666666665
0.811274 0.21396556666666666
0.81709 0.1833324533333333
0.822947 0.19964700666666668
0.828846 0.20703734
0.834788 0.21837357333333332
0.840772 0.23036146000000002
0.846799 0.23892788666666667
0.852869 0.23887195333333333
0.858983 0.24040670666666666
0.86514 0.24097299333333333
0.871342 0.24103003999999997
0.877588 0.24050272666666667
0.883879 0.23859989333333334
0.890215 0.231302
0.896596 0.18778143333333333
0.903024 0.18089480666666663
0.909497 0.17404174666666666
0.916017 0.16940751999999998
0.922583 0.18753759333333334
0.929196 0.13511946666666666
0.935857 0.08646678666666666
0.942566 0.09724392
0.949323 0.09996131999999999
0.956128 0.11370584666666667
0.962982 0.13826116
0.969885 0.17632259333333333
0.976837 0.17693372
0.98384 0.20503136666666666
0.990892 0.22390168
0.997995 0.22868949333333333
1.00515 0.22849128
1.01235 0.22948018666666664
1.01961 0.23109994
1.02692 0.2321223
1.03428 0.23461687999999997
1.0417 0.23521668666666665
1.04916 0.23534745333333332
1.05668 0.23545674
1.06426 0.23439776666666667
1.07189 0.23212002666666667
1.07957 0.22693080666666665
1.08731 0.21734642666666665
1.0951 0.20342269333333332
1.10295 0.17607247333333334
1.11086 0.1412779733333333
1.11882 0.08399743333333333
1.12684 0.07028328
1.13492 0.07943467333333333
1.14306 0.08874500666666665
1.15125 0.09265624666666666
1.1595 0.12897140666666665
1.16782 0.16323134666666667
1.17619 0.17640494666666665
1.18462 0.1745127933333333
1.19311 0.18318463333333335
1.20166 0.18111201333333332
1.21028 0.18519036666666666
1.21895 0.19323980666666665
1.22769 0.20262197333333332
1.23649 0.21195466
1.24536 0.21450499999999997
1.25428 0.21094651999999997
1.26327 0.19287444666666667
1.27233 0.19118502666666665
1.28145 0.20653528
1.29064 0.20178144666666667
1.29989 0.18703266
1.30921 0.16431263333333332
1.31859 0.14471870666666664
1.32804 0.11583285333333333
1.33756 0.09221868666666666
1.34715 0.05553788333333333
1.35681 0.03020864
1.36653 0.02490838533333333
1.37633 0.02704261133333333
1.3862 0.026591159999999996
1.39613 0.027101508666666666
1.40614 0.026942064666666668
1.41622 0.026943488666666668
1.42637 0.026400323999999996
1.4366 0.022172659333333334
1.4469 0.023969874000000002
1.45727 0.03383317733333333
1.46771 0.027465570666666664
1.47824 0.03194268066666667
1.48883 0.051545804
1.49951 0.08141670666666666
1.51025 0.10095438666666667
1.52108 0.11643140666666665
1.53198 0.12667004666666665
1.54297 0.13429343333333332
1.55403 0.14080948
1.56517 0.13880706666666665
1.57639 0.13167990666666665
1.58769 0.14498647999999997
1.59907 0.14037828
1.61053 0.14038998666666666
1.62208 0.15285020666666665
1.6337 0.15139956666666665
1.64541 0.14898458666666664
1.65721 0.1524075933333333
1.66909 0.15241459333333332
1.68105 0.15626619333333333
1.6931 0.15222999999999998
1.70524 0.14656576
1.71746 0.14458315333333333
1.72978 0.13625642666666665
1.74218 0.12999867333333331
1.75466 0.12533114
1.76724 0.10908195999999999
1.77991 0.08282077333333332
1.79267 0.055475956
