0.4 0.34122579999999997
0.402867 0.3414777
0.405755 0.3334839666666667
0.408664 0.3316342733333333
0.411593 0.33106200666666663
0.414544 0.3292848666666667
0.417515 0.3280401133333333
0.420508 0.32899873999999996
0.423523 0.32757798
0.426559 0.32489040666666663
0.429617 0.31970529999999997
0.432696 0.3193116133333333
0.435798 0.31984875999999995
0.438922 0.31773885999999996
0.442068 0.31464955333333333
0.445237 0.31557064
0.448429 0.3135644533333333
0.451643 0.31176753999999995
0.454881 0.3099063933333333
0.458142 0.30837280666666667
0.461426 0.30669319333333334
0.464734 0.30719264
0.468065 0.3037581266666667
0.47142 0.3015755333333333
0.4748 0.30086078666666666
0.478203 0.29677674666666665
0.481631 0.29580816666666665
0.485084 0.29274500666666664
0.488561 0.2912270066666667
0.492063 0.29135172666666664
0.49559 0.28849894666666664
0.499143 0.28566682
0.502721 0.28159102666666663
0.506325 0.2785358533333333
0.509954 0.2787039333333333
0.51361 0.27861524
0.517292 0.27604604
0.521 0.27466904666666664
0.524735 0.27203962
0.528496 0.2694017933333333
0.532285 0.26597061333333333
0.5361 0.2642001133333333
0.539943 0.2622699133333333
0.543814 0.26011597999999997
0.547712 0.2585868933333333
0.551638 0.25755461999999996
0.555593 0.2538251733333333
0.559575 0.2510518
0.563587 0.24750551333333332
0.567627 0.24154799333333332
0.571696 0.23868709333333332
0.575794 0.24106663333333334
0.579921 0.24293532666666665
0.584078 0.2433554
0.588265 0.23379395333333333
0.592482 0.22879571333333332
0.596729 0.23226439333333332
0.601007 0.2364527
0.605315 0.23747729333333334
0.609654 0.23937488666666665
0.614025 0.2420332733333333
0.618426 0.24503198666666665
0.622859 0.24733572666666664
0.627324 0.24235346666666668
0.631821 0.24431892666666666
0.63635 0.24954386666666664
0.640912 0.25222202666666665
0.645506 0.24846412666666665
0.650134 0.24622576
0.654794 0.2504832733333333
0.659488 0.25695532666666665
0.664215 0.25807364666666666
0.668977 0.26010508
0.673772 0.26225435999999996
0.678602 0.26358321333333334
0.683467 0.25992839999999995
0.688366 0.2166801333333333
0.6933 0.23940969999999998
0.69827 0.25249608
0.703276 0.25444342666666664
0.708317 0.2639954133333333
0.713395 0.2632323733333333
0.718509 0.21936743333333333
0.723659 0.22576989333333333
0.728847 0.23652186
0.734071 0.26354735333333335
0.739333 0.2808647333333333
0.744633 0.29565808666666665
0.749971 0.2997599133333333
0.755347 0.29169886
0.760762 0.14515753999999997
0.766215 0.19850262
0.771708 0.29666278
0.77724 0.30419877333333334
0.782811 0.30331695999999997
0.788423 0.2926181
0.794075 0.2886582466666666
0.799767 0.28819738666666667
0.8055 0.2899619866666666
0.811274 0.26899118666666666
0.81709 0.23065495333333333
0.822947 0.25067710666666665
0.828846 0.2594954466666667
0.834788 0.27393517999999994
0.840772 0.28997490666666664
0.846799 0.30234648666666664
0.852869 0.30242038666666665
0.858983 0.30529688666666666
0.86514 0.3066833533333333
0.871342 0.3067236
0.877588 0.30564382
0.883879 0.3024329
0.890215 0.2921709733333333
0.896596 0.23596016666666667
0.903024 0.22669260666666669
0.909497 0.21846575999999998
0.916017 0.21229035333333335
0.922583 0.2338258
0.929196 0.1742457733333333
0.935857 0.12249493333333333
0.942566 0.1327953
0.949323 0.13583358666666667
0.956128 0.15037374666666664
0.962982 0.17700660666666668
0.969885 0.22076587333333333
0.976837 0.22153274
0.98384 0.25664808666666666
0.990892 0.28194520666666667
0.997995 0.28888868666666667
1.00515 0.28834851333333333
1.01235 0.28959537999999996
1.01961 0.2912918533333333
1.02692 0.29217195333333335
1.03428 0.2953583133333333
1.0417 0.2963310533333333
1.04916 0.29673960666666666
1.05668 0.29735542666666664
1.06426 0.2961270933333333
1.07189 0.29326998
1.07957 0.28623793999999997
1.08731 0.27340395333333334
1.0951 0.25502097999999995
1.10295 0.21996738
1.11086 0.18000438666666665
1.11882 0.11970769999999999
1.12684 0.10562832666666666
1.13492 0.11435376666666666
1.14306 0.12346774666666667
1.15125 0.12768105999999999
1.1595 0.16606387333333333
1.16782 0.20481349333333332
1.17619 0.22094522666666666
1.18462 0.21770795999999998
1.19311 0.2282857133333333
1.20166 0.22593921333333333
1.21028 0.23143157333333333
1.21895 0.24144354
1.22769 0.25424090666666666
1.23649 0.26747148666666665
1.24536 0.27108163333333335
1.25428 0.26526775999999996
1.26327 0.23851956666666665
1.27233 0.23627334666666666
1.28145 0.25852896666666664
1.29064 0.2524946533333333
1.29989 0.23388463333333334
1.30921 0.20618048666666666
1.31859 0.18333314
1.32804 0.1519323
1.33756 0.12699212666666665
1.34715 0.09197193333333332
1.35681 0.062564266
1.36653 0.05291639266666666
1.37633 0.05719508866666666
1.3862 0.056718366
1.39613 0.05814519933333333
1.40614 0.059217391999999994
1.41622 0.06009795466666666
1.42637 0.05629557266666666
1.4366 0.046123739999999996
1.4469 0.04486813533333334
1.45727 0.05094270866666667
1.46771 0.04151296266666667
1.47824 0.04294015533333333
1.48883 0.061407782
1.49951 0.09487952
1.51025 0.11879065333333333
1.52108 0.13850563333333332
1.53198 0.15171271333333333
1.54297 0.16266493333333332
1.55403 0.1727810933333333
1.56517 0.16945368
1.57639 0.15856063999999997
1.58769 0.17882066
1.59907 0.17149977333333333
1.61053 0.17110655999999996
1.62208 0.18942121999999997
1.6337 0.18705380666666666
1.64541 0.18322624666666668
1.65721 0.18816574
1.66909 0.18866972666666665
1.68105 0.19488604666666667
1.6931 0.18966479333333333
1.70524 0.18240877333333333
1.71746 0.1810989133333333
1.72978 0.17068474
1.74218 0.16347261999999999
1.75466 0.15803682666666666
1.76724 0.13890422666666666
1.77991 0.11007609333333332
1.79267 0.08237588
