0.4 0.25220447999999995
0.402867 0.2514070666666667
0.405755 0.24443535333333333
0.408664 0.24211529999999998
0.411593 0.24077901333333332
0.414544 0.23894903999999997
0.417515 0.23718773333333332
0.420508 0.23743768666666668
0.423523 0.23559766666666665
0.426559 0.23295313333333334
0.429617 0.22880104666666667
0.432696 0.22732159333333335
0.435798 0.2273101933333333
0.438922 0.2252367133333333
0.442068 0.22246443333333332
0.445237 0.22240832
0.448429 0.22020624666666666
0.451643 0.21841683999999997
0.454881 0.21678312666666666
0.458142 0.21542395333333333
0.461426 0.21397560666666665
0.464734 0.21390187333333333
0.468065 0.21131650000000002
0.47142 0.20955248666666665
0.4748 0.20883430666666664
0.478203 0.20586218666666667
0.481631 0.20473668
0.485084 0.20208472
0.488561 0.20063493999999998
0.492063 0.20029692
0.49559 0.19817762
0.499143 0.19630726666666667
0.502721 0.19387311333333335
0.506325 0.19206287333333333
0.509954 0.1921481333333333
0.51361 0.19201738666666668
0.517292 0.19026842666666666
0.521 0.18940743333333332
0.524735 0.1878730133333333
0.528496 0.18646770000000001
0.532285 0.18435859333333332
0.5361 0.18338714666666667
0.539943 0.18223008666666665
0.543814 0.18075206
0.547712 0.17955337999999998
0.551638 0.17890020666666664
0.555593 0.17666918666666667
0.559575 0.17502626
0.563587 0.17261978666666666
0.567627 0.16864368666666665
0.571696 0.16668192666666665
0.575794 0.16803575333333332
0.579921 0.1690470533333333
0.584078 0.16919218666666663
0.588265 0.16337575999999998
0.592482 0.16037801999999998
0.596729 0.16250296666666667
0.601007 0.16461821999999998
0.605315 0.16442874
0.609654 0.16514958
0.614025 0.1664404
0.618426 0.16809822666666666
0.622859 0.16915506666666663
0.627324 0.16581578
0.631821 0.16653210666666665
0.63635 0.16903287333333333
0.640912 0.17017295999999998
0.645506 0.16761899333333333
0.650134 0.16593168
0.654794 0.16808671999999997
0.659488 0.17146995999999998
0.664215 0.17150376
0.668977 0.17236757333333333
0.673772 0.17339991999999999
0.678602 0.1737746933333333
0.683467 0.17128355333333334
0.688366 0.14534098
0.6933 0.15936326666666667
0.69827 0.16809146666666666
0.703276 0.17071002666666668
0.708317 0.17806518
0.713395 0.17896034
0.718509 0.15083204666666666
0.723659 0.15655424666666667
0.728847 0.16629535333333334
0.734071 0.18692098666666668
0.739333 0.20030848
0.744633 0.21147118666666667
0.749971 0.21512581999999997
0.755347 0.21039513999999998
0.760762 0.10734553999999999
0.766215 0.14706872
0.771708 0.21512770666666664
0.77724 0.22005367999999997
0.782811 0.2194135333333333
0.788423 0.21226879333333332
0.794075 0.2095873133333333
0.799767 0.20945001333333335
0.8055 0.21053197333333332
0.811274 0.19511188000000002
0.81709 0.1663297
0.822947 0.18153772666666668
0.828846 0.18837265333333333
0.834788 0.19889970666666668
0.840772 0.21021509333333332
0.846799 0.21843016666666665
0.852869 0.21842790666666667
0.858983 0.22018267333333333
0.86514 0.22099118666666664
0.871342 0.2213305733333333
0.877588 0.22108732
0.883879 0.21953928666666667
0.890215 0.21262134
0.896596 0.17120706666666666
0.903024 0.16454285999999999
0.909497 0.1578636333333333
0.916017 0.15326890666666665
0.922583 0.17018822666666666
0.929196 0.12144472666666667
0.935857 0.07693108
0.942566 0.08672921333333333
0.949323 0.08928339999999998
0.956128 0.10188519333333332
0.962982 0.12461699333333333
0.969885 0.16041894666666667
0.976837 0.16114288
0.98384 0.18834894666666668
0.990892 0.20713933333333334
0.997995 0.21206249333333332
1.00515 0.21197168
1.01235 0.21291154666666667
1.01961 0.21431937999999998
1.02692 0.21508686666666665
1.03428 0.21731017999999996
1.0417 0.21785208666666667
1.04916 0.2179722533333333
1.05668 0.21800048
1.06426 0.21672220666666667
1.07189 0.21425725333333334
1.07957 0.2091578733333333
1.08731 0.19998294666666666
1.0951 0.18667070666666666
1.10295 0.16046194666666666
1.11086 0.12772822
1.11882 0.07497578666666666
1.12684 0.06255424533333333
1.13492 0.07086938
1.14306 0.07924632666666666
1.15125 0.08279254666666666
1.1595 0.11624968666666666
1.16782 0.14860314666666666
1.17619 0.16148152666666665
1.18462 0.15975957999999998
1.19311 0.16838522666666667
1.20166 0.16673953999999996
1.21028 0.17110689333333332
1.21895 0.17919748666666668
1.22769 0.18865673333333333
1.23649 0.19802052666666664
1.24536 0.20050922
1.25428 0.19680072666666665
1.26327 0.17884860666666663
1.27233 0.17708193333333333
1.28145 0.19199223999999998
1.29064 0.18718991333333335
1.29989 0.17272554666666665
1.30921 0.15063623999999998
1.31859 0.1318825733333333
1.32804 0.1047177
1.33756 0.08272368
1.34715 0.04999443533333334
1.35681 0.02801533333333333
1.36653 0.023276717333333335
1.37633 0.02520631333333333
1.3862 0.024811480666666667
1.39613 0.025277146
1.40614 0.025177367333333332
1.41622 0.025114998666666666
1.42637 0.024351566666666664
1.4366 0.020302447333333334
1.4469 0.021664336666666666
1.45727 0.03012612533333333
1.46771 0.02436466933333333
1.47824 0.028167567999999997
1.48883 0.04587091333333333
1.49951 0.07381935333333334
1.51025 0.09255880666666666
1.52108 0.10753973333333333
1.53198 0.11747695333333333
1.54297 0.12503542666666667
1.55403 0.13159833333333332
1.56517 0.12956671333333333
1.57639 0.12249515333333333
1.58769 0.13576524
1.59907 0.13117338
1.61053 0.13111929333333333
1.62208 0.14344601333333332
1.6337 0.14191609333333333
1.64541 0.13947789333333332
1.65721 0.14288131333333332
1.66909 0.14285006
1.68105 0.14664706666666666
1.6931 0.14249792666666666
1.70524 0.13677955333333333
1.71746 0.13497821333333332
1.72978 0.12678345333333332
1.74218 0.12076031999999999
1.75466 0.11620606
1.76724 0.10042138666666667
1.77991 0.07553661333333334
1.79267 0.05024348533333334
