0.4 0.03521465058636846
0.402867 0.035486951377581656
0.405755 0.03496653517532096
0.408664 0.035071601398897465
0.411593 0.03530618098766483
0.414544 0.03544300300804105
0.417515 0.03557431426107675
0.420508 0.0359601196383566
0.423523 0.03610821117794418
0.426559 0.03606709052089518
0.429617 0.03579938777618173
0.432696 0.0360784805881421
0.435798 0.03643784805910584
0.438922 0.036517430427962044
0.442068 0.03648484112760208
0.445237 0.0368595698625275
0.448429 0.03691335495177092
0.451643 0.03695470637220232
0.454881 0.03697268869488034
0.458142 0.03700810226350232
0.461426 0.037047053055910995
0.464734 0.03735206369551972
0.468065 0.03718872110731728
0.47142 0.03716421541379993
0.4748 0.037299639076963494
0.478203 0.03702580560358372
0.481631 0.03710788848312069
0.485084 0.036967780667717685
0.488561 0.0370035524362168
0.492063 0.03717104187684299
0.49559 0.03695926308794701
0.499143 0.03672765586931393
0.502721 0.03629004583480364
0.506325 0.03599002243963808
0.509954 0.036135765014646756
0.51361 0.036248628974010086
0.517292 0.03602471616427621
0.521 0.03592511248882599
0.524735 0.0355971529474736
0.528496 0.03525509617441826
0.532285 0.03486937345864851
0.5361 0.03473511050085604
0.539943 0.034584787100495555
0.543814 0.03443348760546989
0.547712 0.03445031748892782
0.551638 0.034434260146166434
0.555593 0.03394737696317277
0.559575 0.03354700456127418
0.563587 0.03301305425884814
0.567627 0.03211033063887698
0.571696 0.03175522367991338
0.575794 0.03226595264203537
0.579921 0.03270567330043707
0.584078 0.0329033097382225
0.588265 0.03133490057812734
0.592482 0.030508461477182044
0.596729 0.03126232721648234
0.601007 0.03243765781967705
0.605315 0.033049811077009376
0.609654 0.03357188326485589
0.614025 0.03426877386946853
0.618426 0.03505690487124623
0.622859 0.03568723677234308
0.627324 0.03495793148981058
0.631821 0.03559506918857296
0.63635 0.037015934441585026
0.640912 0.03782093355776908
0.645506 0.037232335386587864
0.650134 0.03699905082814552
0.654794 0.03808743771058597
0.659488 0.03970658726096893
0.664215 0.04029503388604828
0.668977 0.040890923491266905
0.673772 0.04144657071798143
0.678602 0.041839987842650375
0.683467 0.04118061419766901
0.688366 0.03245077964556073
0.6933 0.03681800834409126
0.69827 0.03947018223052001
0.703276 0.03971538726756581
0.708317 0.04151652302091009
0.713395 0.04112487967447888
0.718509 0.032289509105878314
0.723659 0.03332497264531821
0.728847 0.03496814707476806
0.734071 0.03980421394863573
0.739333 0.04304345332407912
0.744633 0.04656891506672968
0.749971 0.04774403453865065
0.755347 0.04600226697071165
0.760762 0.01975260192290745
0.766215 0.027850819187436704
0.771708 0.04710672118417929
0.77724 0.04943658062155008
0.782811 0.049406557272233045
0.788423 0.04642312771673636
0.794075 0.04545172753647587
0.799767 0.045141753762031084
0.8055 0.045737691586463944
0.811274 0.04131895167906387
0.81709 0.03388844033973484
0.822947 0.03769397581093238
0.828846 0.03934485016004877
0.834788 0.042793615798237705
0.840772 0.04725168536330112
0.846799 0.05124716734088336
0.852869 0.05142566109504264
0.858983 0.05274421895237803
0.86514 0.053587789995716104
0.871342 0.05377126066162978
0.877588 0.05351148308919791
0.883879 0.05254585543772661
0.890215 0.049664089206973655
0.896596 0.03606520308308105
0.903024 0.033857003823017914
0.909497 0.03238843805675228
0.916017 0.031063193572095082
0.922583 0.035098979579891054
0.929196 0.024730376801244628
0.935857 0.0169030871135919
0.942566 0.018139630631559128
0.949323 0.018651293668745333
0.956128 0.020832589362652077
0.962982 0.02520031644120396
0.969885 0.03335453860094599
0.976837 0.03375137377905788
0.98384 0.04218100101414061
0.990892 0.050020339650160416
0.997995 0.05284800736677745
1.00515 0.0528485584435115
1.01235 0.053314366385657286
1.01961 0.053888467794503354
1.02692 0.05412813451037194
1.03428 0.05518717655672414
1.0417 0.05546357598114684
1.04916 0.05548343885317981
1.05668 0.05554114691992376
1.06426 0.05492569064641671
1.07189 0.053852823462498985
1.07957 0.05155771630166931
1.08731 0.0477454053420266
1.0951 0.04271300704896432
1.10295 0.03392241387596616
1.11086 0.026330734979419387
1.11882 0.01693229039184408
1.12684 0.014979228638112104
1.13492 0.016044263988370076
1.14306 0.017207105470656382
1.15125 0.01785892764226645
1.1595 0.024105612497276493
1.16782 0.031864475675707965
1.17619 0.03610846949516327
1.18462 0.03512985709814588
1.19311 0.03809516656178104
1.20166 0.03768753165737357
1.21028 0.03968185769252837
1.21895 0.042964528803074185
1.22769 0.047703075760392274
1.23649 0.05293914857013039
1.24536 0.05453625505115129
1.25428 0.052504948322912054
1.26327 0.043855055028383036
1.27233 0.043200145104947484
1.28145 0.04970064970404839
1.29064 0.04723846985437265
1.29989 0.04125511632788319
1.30921 0.03375831872359877
1.31859 0.02855005359028385
1.32804 0.022591639730239806
1.33756 0.018252577941278485
1.34715 0.013789462579868917
1.35681 0.009904870329250269
1.36653 0.008353659929601891
1.37633 0.009063732289693033
1.3862 0.009056866218009711
1.39613 0.009377962787485407
1.40614 0.00984547011250982
1.41622 0.010518800464626955
1.42637 0.010166598024474763
1.4366 0.008610870862144916
1.4469 0.008903241523589303
1.45727 0.009843004732970855
1.46771 0.00842269641188315
1.47824 0.0084712703817602
1.48883 0.011614017943185968
1.49951 0.01904834342236055
1.51025 0.025839437671785974
1.52108 0.03234071308946863
1.53198 0.03667815540167776
1.54297 0.040804545657433924
1.55403 0.044894902383242306
1.56517 0.042484323981251314
1.57639 0.03686638943711139
1.58769 0.044516877520601336
1.59907 0.04049703450714444
1.61053 0.039500060922194366
1.62208 0.04629680715237341
1.6337 0.044846676280553624
1.64541 0.0426301492177701
1.65721 0.04380598164521575
1.66909 0.04368015016145427
1.68105 0.045795502980095534
1.6931 0.04318069898469464
1.70524 0.03986982996651332
1.71746 0.03946206418138152
1.72978 0.03537756609010202
1.74218 0.032541547150003396
1.75466 0.03051229180490666
1.76724 0.025255655566837412
1.77991 0.018776353989502104
1.79267 0.014001144241490527
