0.4 0.06942956202609744
0.402867 0.06956906342820188
0.405755 0.0680404044420755
0.408664 0.06779476596892346
0.411593 0.06781472993471
0.414544 0.06765529264912384
0.417515 0.06747337164912824
0.420508 0.0678325443277098
0.423523 0.06763365012739042
0.426559 0.06715129186580185
0.429617 0.06622704832620485
0.432696 0.06612967165779107
0.435798 0.06633255226892573
0.438922 0.06593764741040412
0.442068 0.06539320683168037
0.445237 0.06569723224594763
0.448429 0.06543671142771214
0.451643 0.06519560186444567
0.454881 0.06489960543641866
0.458142 0.06465802996218596
0.461426 0.06435475766427512
0.464734 0.06450412872005354
0.468065 0.06383014063981383
0.47142 0.06340202973231708
0.4748 0.06328946181346687
0.478203 0.06250391039500829
0.481631 0.0623967176845933
0.485084 0.0618892844777419
0.488561 0.06168145244568101
0.492063 0.061683462883412074
0.49559 0.06106346048124205
0.499143 0.06047986423432765
0.502721 0.05964625505705209
0.506325 0.05902787887562452
0.509954 0.05905469237084908
0.51361 0.05903657162543312
0.517292 0.05849013082072552
0.521 0.05819014542894639
0.524735 0.05760219897772249
0.528496 0.057007179615090456
0.532285 0.056232554766141626
0.5361 0.05582539325803674
0.539943 0.05544850192158542
0.543814 0.05505745965644425
0.547712 0.05480431554909624
0.551638 0.054596392887778906
0.555593 0.05377799666090258
0.559575 0.053157473459625085
0.563587 0.05238909181762395
0.567627 0.051111849877099456
0.571696 0.05050387691313739
0.575794 0.05102238348336464
0.579921 0.05143615071544302
0.584078 0.0515617501001957
0.588265 0.04956454041117083
0.592482 0.04850498100935522
0.596729 0.04923905373368304
0.601007 0.050122968530629156
0.605315 0.05034658920033797
0.609654 0.05078760137396033
0.614025 0.05144595399276019
0.618426 0.052236278126568905
0.622859 0.05283272585734129
0.627324 0.05179259047517873
0.631821 0.05232330518919003
0.63635 0.053575184979061545
0.640912 0.0542212120189845
0.645506 0.053506351420555216
0.650134 0.05313461063410062
0.654794 0.054143941004349716
0.659488 0.055668026404196484
0.664215 0.05606747931962971
0.668977 0.05663303268570059
0.673772 0.05717650314843982
0.678602 0.05750986946536496
0.683467 0.05667961995291997
0.688366 0.0466719557918986
0.6933 0.05209335195974547
0.69827 0.05514671670936135
0.703276 0.05558992440863287
0.708317 0.05765029758352827
0.713395 0.057428089964339
0.718509 0.04772860101635547
0.723659 0.049057239957033094
0.728847 0.05136844300206608
0.734071 0.057140177410693445
0.739333 0.06072241110101326
0.744633 0.06377785394118543
0.749971 0.06460051740192521
0.755347 0.06271844643910951
0.760762 0.029957684530280457
0.766215 0.04160664835497727
0.771708 0.06384309424114386
0.77724 0.06568026542796587
0.782811 0.06558021966412628
0.788423 0.0632970695651349
0.794075 0.062461539302916314
0.799767 0.062392339397978995
0.8055 0.06281029855228518
0.811274 0.058266879050384496
0.81709 0.04994155301212021
0.822947 0.054334729630324805
0.828846 0.056303530238624284
0.834788 0.05945494946137472
0.840772 0.06297002049032469
0.846799 0.06571960873701144
0.852869 0.0657540287074356
0.858983 0.06645409503710109
0.86514 0.06683313722280754
0.871342 0.06689981737912191
0.877588 0.06670354759783434
0.883879 0.06602672703421353
0.890215 0.06378049112490122
0.896596 0.0513455520942368
0.903024 0.049343277378598054
0.909497 0.047549684822975044
0.916017 0.046202372426063974
0.922583 0.051047533740263114
0.929196 0.03780739716598533
0.935857 0.026226456342360416
0.942566 0.028508627390088487
0.949323 0.029246427402146277
0.956128 0.0325895798374883
0.962982 0.038691271115942616
0.969885 0.0486460920381129
0.976837 0.04889610879787925
0.98384 0.05707720667155141
0.990892 0.06311665607432047
0.997995 0.06482838615847147
1.00515 0.06477506934984374
1.01235 0.06506315550319178
1.01961 0.06542682262701212
1.02692 0.06558151910895817
1.03428 0.06623152362441763
1.0417 0.06636479330778995
1.04916 0.06635820417790567
1.05668 0.06638203329000945
1.06426 0.06598534903453729
1.07189 0.06527194361008477
1.07957 0.0636582207697375
1.08731 0.06074832596248373
1.0951 0.05658552763770112
1.10295 0.04861076960452945
1.11086 0.039619127061113514
1.11882 0.025910065778695833
1.12684 0.022724358061766505
1.13492 0.024674020579334682
1.14306 0.026733580643858865
1.15125 0.02775010901941936
1.1595 0.03675827927568723
1.16782 0.045982412667728276
1.17619 0.04996247943508085
1.18462 0.04926632292812664
1.19311 0.05193517710140759
1.20166 0.05145785578412807
1.21028 0.05296490033082585
1.21895 0.055554655586722256
1.22769 0.0589213537581831
1.23649 0.06231899224720789
1.24536 0.06323125485439615
1.25428 0.06171141243551322
1.26327 0.05485834590355996
1.27233 0.054300220307112596
1.28145 0.059999123258202725
1.29064 0.0585689195562887
1.29989 0.05400913317655457
1.30921 0.04722764205723228
1.31859 0.04169795158674066
1.32804 0.0341288628701135
1.33756 0.028130265562039597
1.34715 0.02010055556421893
1.35681 0.013725802165492509
1.36653 0.011684988571194302
1.37633 0.012580638708028842
1.3862 0.012508019399539796
1.39613 0.012852645444227281
1.40614 0.013231847188483813
1.41622 0.01376328183067309
1.42637 0.013225652487335343
1.4366 0.011081752964407651
1.4469 0.011315199377277499
1.45727 0.013145152007646857
1.46771 0.010945533362561358
1.47824 0.011409696460626211
1.48883 0.016277031052119778
1.49951 0.025257115174167625
1.51025 0.031725146501273276
1.52108 0.03700099591267013
1.53198 0.04040826152637279
1.54297 0.043203728600316564
1.55403 0.04579370340877788
1.56517 0.0446225883275538
1.57639 0.04126290562642305
1.58769 0.046730461444575086
1.59907 0.04442543012425935
1.61053 0.044073953273665444
1.62208 0.048959881159176905
1.6337 0.048180548694766394
1.64541 0.04696878064791766
1.65721 0.048141430044159356
1.66909 0.04810561234083645
1.68105 0.04966976608378037
1.6931 0.04812983715814443
1.70524 0.04612337052027787
1.71746 0.0457884379766251
1.72978 0.04298923085026736
1.74218 0.04102318741371333
1.75466 0.03953586558027437
1.76724 0.034433463971629455
1.77991 0.02685465111872596
1.79267 0.019823260674730184
