0.4 0.2573873733333333
0.402867 0.2569751733333333
0.405755 0.25026610666666665
0.408664 0.24827446666666667
0.411593 0.24721342666666668
0.414544 0.24559537999999997
0.417515 0.24383038666666668
0.420508 0.24402089333333332
0.423523 0.24217576
0.426559 0.23963238666666667
0.429617 0.23563878666666666
0.432696 0.23449658666666665
0.435798 0.23476099333333333
0.438922 0.23293466666666665
0.442068 0.23033367333333332
0.445237 0.23047849999999998
0.448429 0.22831911333333332
0.451643 0.22646174666666666
0.454881 0.22456746
0.458142 0.22299871333333332
0.461426 0.22145628666666664
0.464734 0.2214943133333333
0.468065 0.21886726666666667
0.47142 0.2171019133333333
0.4748 0.2164204933333333
0.478203 0.21333848
0.481631 0.2122122
0.485084 0.2094381933333333
0.488561 0.20799461999999996
0.492063 0.2077352
0.49559 0.2055662133333333
0.499143 0.20353878666666664
0.502721 0.2008095933333333
0.506325 0.19875426
0.509954 0.19874383333333334
0.51361 0.19854475333333332
0.517292 0.19663015333333334
0.521 0.1955755
0.524735 0.19372253333333334
0.528496 0.19195572666666666
0.532285 0.18949006666666668
0.5361 0.18823065333333333
0.539943 0.18694656666666667
0.543814 0.18544958666666667
0.547712 0.1842619
0.551638 0.18346087333333333
0.555593 0.1808116
0.559575 0.17880900666666666
0.563587 0.17621382
0.567627 0.1720132
0.571696 0.16993362
0.575794 0.1713830733333333
0.579921 0.17248415333333333
0.584078 0.17269279333333332
0.588265 0.16659432666666665
0.592482 0.16339692
0.596729 0.16552758
0.601007 0.16766802666666664
0.605315 0.16764628666666664
0.609654 0.16862027999999998
0.614025 0.17022524
0.618426 0.1721991533333333
0.622859 0.17348755999999999
0.627324 0.16995315333333333
0.631821 0.17097457333333332
0.63635 0.17416977333333333
0.640912 0.17576612666666663
0.645506 0.17342691333333332
0.650134 0.17195914666666667
0.654794 0.17447553333333332
0.659488 0.17820997333333333
0.664215 0.17832222
0.668977 0.17934902666666666
0.673772 0.18058625333333334
0.678602 0.18118785333333332
0.683467 0.1786929
0.688366 0.15064747333333334
0.6933 0.16643528666666665
0.69827 0.1756887133333333
0.703276 0.17791578666666666
0.708317 0.18508338666666668
0.713395 0.18560236666666666
0.718509 0.15676414
0.723659 0.16214513333333333
0.728847 0.17090934666666668
0.734071 0.19096729999999998
0.739333 0.20404916666666664
0.744633 0.21517723333333333
0.749971 0.21876010666666668
0.755347 0.2136446333333333
0.760762 0.10728670666666668
0.766215 0.1470889
0.771708 0.21843914
0.77724 0.22389947999999998
0.782811 0.22334521333333335
0.788423 0.21587577333333333
0.794075 0.21302479333333335
0.799767 0.2128030933333333
0.8055 0.21414765333333333
0.811274 0.19884033999999998
0.81709 0.17025327333333332
0.822947 0.18526720666666666
0.828846 0.19196148666666668
0.834788 0.20249509333333332
0.840772 0.21402136
0.846799 0.22262378666666666
0.852869 0.22266984666666667
0.858983 0.22458599999999998
0.86514 0.22549287333333334
0.871342 0.2256515
0.877588 0.22512326
0.883879 0.22325557333333335
0.890215 0.21621802666666667
0.896596 0.17485927333333331
0.903024 0.16819147999999998
0.909497 0.1617673
0.916017 0.15708109999999997
0.922583 0.1736738
0.929196 0.12687485333333332
0.935857 0.08541465999999999
0.942566 0.09396882000000001
0.949323 0.09632067999999999
0.956128 0.10793172666666667
0.962982 0.12937610666666666
0.969885 0.16415234666666667
0.976837 0.16492245333333333
0.98384 0.19197042
0.990892 0.21088692666666667
0.997995 0.21604084
1.00515 0.21600683333333331
1.01235 0.21705961333333335
1.01961 0.21857578666666666
1.02692 0.219391
1.03428 0.22170592
1.0417 0.22227506666666666
1.04916 0.22239886
1.05668 0.22255919999999998
1.06426 0.22148791333333331
1.07189 0.21927120666666666
1.07957 0.21413724
1.08731 0.20470791333333332
1.0951 0.1909977533333333
1.10295 0.16434026
1.11086 0.13253666666666666
1.11882 0.08344042666666665
1.12684 0.07203132
1.13492 0.07938076
1.14306 0.08688343333333333
1.15125 0.09023944666666667
1.1595 0.12152373999999999
1.16782 0.15288358
1.17619 0.16579242
1.18462 0.16371505333333333
1.19311 0.17232220666666667
1.20166 0.17070784666666666
1.21028 0.17515578666666667
1.21895 0.18324792
1.22769 0.19314419333333332
1.23649 0.20303016
1.24536 0.20567636
1.25428 0.20162096666666665
1.26327 0.18215394666666665
1.27233 0.18033459333333335
1.28145 0.19663146666666667
1.29064 0.19190332666666665
1.29989 0.17735434
1.30921 0.1551541733333333
1.31859 0.13654380666666666
1.32804 0.1105289
1.33756 0.08984028
1.34715 0.060775626
1.35681 0.039328712
1.36653 0.033374249999999994
1.37633 0.03590676266666666
1.3862 0.03546450933333333
1.39613 0.036142945999999995
1.40614 0.036270324666666666
1.41622 0.03604367666666666
1.42637 0.03370774333333333
1.4366 0.027453721333333334
1.4469 0.027247322666666664
1.45727 0.03333721466666666
1.46771 0.026916866666666667
1.47824 0.029220753333333335
1.48883 0.04491660333333333
1.49951 0.07182672
1.51025 0.09062568666666666
1.52108 0.10580203333333334
1.53198 0.11596454
1.54297 0.12395795999999999
1.55403 0.13104522666666665
1.56517 0.12890456666666666
1.57639 0.12143776666666667
1.58769 0.13588579333333334
1.59907 0.13099664
1.61053 0.13097630666666665
1.62208 0.14422575999999998
1.6337 0.1426426533333333
1.64541 0.14008376666666666
1.65721 0.14379663999999998
1.66909 0.14395106
1.68105 0.14822803333333334
1.6931 0.14412399999999997
1.70524 0.13846259333333333
1.71746 0.13705507333333333
1.72978 0.12891889333333334
1.74218 0.12315597333333334
1.75466 0.11876268666666667
1.76724 0.10315602666666665
1.77991 0.07931377333333334
1.79267 0.056067931999999994
