0.4 0.4928507866666666
0.402867 0.4950912733333333
0.405755 0.4859218066666667
0.408664 0.48556076000000004
0.411593 0.4870011266666666
0.414544 0.4869476933333333
0.417515 0.4871613533333333
0.420508 0.49063362
0.423523 0.49063229333333336
0.426559 0.48803107999999995
0.429617 0.48199541333333334
0.432696 0.48315628666666666
0.435798 0.48544225999999996
0.438922 0.48386146666666663
0.442068 0.4809290133333333
0.445237 0.48393537999999997
0.448429 0.48279725333333334
0.451643 0.4816834333333333
0.454881 0.48037045999999994
0.458142 0.4793922533333333
0.461426 0.4780353066666666
0.464734 0.4799261733333333
0.468065 0.4757554666666666
0.47142 0.4735804933333333
0.4748 0.47371062666666663
0.478203 0.4687852133333333
0.481631 0.46887864
0.485084 0.46625093999999995
0.488561 0.4655319133333333
0.492063 0.4665421133333333
0.49559 0.4626594533333333
0.499143 0.45876548666666667
0.502721 0.4528271066666667
0.506325 0.44831943333333335
0.509954 0.4488949933333333
0.51361 0.44903508000000003
0.517292 0.4451868133333333
0.521 0.44320055999999997
0.524735 0.43897326000000003
0.528496 0.43465062
0.532285 0.4292982733333333
0.5361 0.42670846
0.539943 0.4244032466666666
0.543814 0.42194995333333335
0.547712 0.42100198
0.551638 0.42006361999999997
0.555593 0.41423624
0.559575 0.4097795866666667
0.563587 0.40383127333333335
0.567627 0.39391634
0.571696 0.38947548
0.575794 0.3938348333333333
0.579921 0.39728074
0.584078 0.3984265933333333
0.588265 0.3827128266666667
0.592482 0.37443528
0.596729 0.38078734
0.601007 0.3893670333333333
0.605315 0.3923230333333333
0.609654 0.39599423999999994
0.614025 0.4012604466666666
0.618426 0.40730323999999996
0.622859 0.41211395333333334
0.627324 0.4041663733333333
0.631821 0.40887490666666665
0.63635 0.41962178
0.640912 0.42521724666666666
0.645506 0.41945140666666664
0.650134 0.4163495466666667
0.654794 0.42465880666666667
0.659488 0.43714210666666664
0.664215 0.44047333333333333
0.668977 0.44483597999999996
0.673772 0.44908938
0.678602 0.45154631999999995
0.683467 0.4447047933333333
0.688366 0.3653586466666666
0.6933 0.4068848666666667
0.69827 0.43014842666666664
0.703276 0.43266318000000004
0.708317 0.4481034466666667
0.713395 0.44517814666666666
0.718509 0.36807656666666666
0.723659 0.3775852933333333
0.728847 0.393618
0.734071 0.43645143333333336
0.739333 0.4624915666666667
0.744633 0.48440908666666666
0.749971 0.48942332666666666
0.755347 0.47463829999999996
0.760762 0.2291812
0.766215 0.3162822533333333
0.771708 0.48180853999999995
0.77724 0.4949490133333333
0.782811 0.4939790066666666
0.788423 0.4770062666666666
0.794075 0.47053559999999994
0.799767 0.4699569333333333
0.8055 0.47291740666666665
0.811274 0.43941013999999995
0.81709 0.3781539266666667
0.822947 0.41067747333333326
0.828846 0.42536911999999993
0.834788 0.4482546666666667
0.840772 0.47330834
0.846799 0.49257643999999995
0.852869 0.49262888666666665
0.858983 0.49715085999999997
0.86514 0.49940538
0.871342 0.49930504666666664
0.877588 0.4974150666666666
0.883879 0.49219554666666665
0.890215 0.47619278666666665
0.896596 0.38681671999999995
0.903024 0.37222306666666666
0.909497 0.35912284
0.916017 0.3487939
0.922583 0.38409951999999997
0.929196 0.28784657999999996
0.935857 0.20542770666666665
0.942566 0.22082806
0.949323 0.22620752
0.956128 0.2499581
0.962982 0.2936727733333333
0.969885 0.36631965333333333
0.976837 0.3680292733333333
0.98384 0.4267492666666666
0.990892 0.46856484
0.997995 0.47951671333333334
1.00515 0.4784908933333333
1.01235 0.4801536
1.01961 0.48214644
1.02692 0.4828156733333333
1.03428 0.4870683733333333
1.0417 0.48810650666666666
1.04916 0.4882798666666666
1.05668 0.48876854
1.06426 0.4860290733333333
1.07189 0.4810816333333333
1.07957 0.4699619
1.08731 0.44990712
1.0951 0.42073772
1.10295 0.36395718
1.11086 0.29916837333333335
1.11882 0.2024607333333333
1.12684 0.1802815733333333
1.13492 0.19334922666666665
1.14306 0.20727185333333334
1.15125 0.2145826133333333
1.1595 0.27843937333333335
1.16782 0.34505372666666667
1.17619 0.3732169733333333
1.18462 0.3680560533333333
1.19311 0.38654463333333333
1.20166 0.38300713333333336
1.21028 0.3929016066666667
1.21895 0.4100968266666667
1.22769 0.4326632066666667
1.23649 0.4566613466666667
1.24536 0.46405513333333337
1.25428 0.4521179866666667
1.26327 0.4026908
1.27233 0.39880814
1.28145 0.4388860333333333
1.29064 0.4297859533333333
1.29989 0.3991566866666666
1.30921 0.35197364666666664
1.31859 0.31285431999999996
1.32804 0.2588403733333333
1.33756 0.21634782666666666
1.34715 0.16219776666666666
1.35681 0.11606263333333333
1.36653 0.09949145999999999
1.37633 0.10693834666666666
1.3862 0.10633880666666667
1.39613 0.10920629333333333
1.40614 0.11236984
1.41622 0.11607103333333332
1.42637 0.11024302666666666
1.4366 0.09230079333333333
1.4469 0.09090724
1.45727 0.10011238666666666
1.46771 0.08308466
1.47824 0.08400152
1.48883 0.11688075999999999
1.49951 0.18242336666666664
1.51025 0.22980593333333332
1.52108 0.26697817999999995
1.53198 0.2908078066666666
1.54297 0.31017144666666663
1.55403 0.33061596
1.56517 0.3221172866666666
1.57639 0.2979946333333333
1.58769 0.3379619266666667
1.59907 0.32177456666666665
1.61053 0.31855858
1.62208 0.35461106666666664
1.6337 0.34852584666666664
1.64541 0.3392510866666667
1.65721 0.34828298
1.66909 0.3484295066666666
1.68105 0.36011710666666663
1.6931 0.35001378666666666
1.70524 0.33704969999999995
1.71746 0.3348956066666667
1.72978 0.3166671466666666
1.74218 0.3035162
1.75466 0.29332944
1.76724 0.2565072
1.77991 0.20165571999999998
1.79267 0.15269127999999998
