0.4 0.21949396404262828
0.402867 0.21905726997526465
0.405755 0.21337482503742164
0.408664 0.21163910826705917
0.411593 0.2107684446243186
0.414544 0.20918043731773087
0.417515 0.20804924547485887
0.420508 0.2083401953740508
0.423523 0.20714805782999893
0.426559 0.20505978318156837
0.429617 0.20112158924293932
0.432696 0.20041771189225158
0.435798 0.20033591790456515
0.438922 0.19866950876434553
0.442068 0.1963271240866296
0.445237 0.19653590309212904
0.448429 0.1948808980507785
0.451643 0.19346760283111392
0.454881 0.19222871278919615
0.458142 0.1911452049404622
0.461426 0.1897609314832642
0.464734 0.1897179534298304
0.468065 0.18717536166606716
0.47142 0.18577588274371046
0.4748 0.18548085687528157
0.478203 0.18314146052375654
0.481631 0.18241512495947917
0.485084 0.18034141503599707
0.488561 0.17919369855694509
0.492063 0.1791469945184228
0.49559 0.1772977751965213
0.499143 0.17559921058961328
0.502721 0.17323405002038833
0.506325 0.1714691391876708
0.509954 0.1716660295008648
0.51361 0.17163133799519278
0.517292 0.1700781244973359
0.521 0.16933411742574583
0.524735 0.1679468717954715
0.528496 0.16662046956331822
0.532285 0.1647260430581756
0.5361 0.16385550864035137
0.539943 0.16284218607431722
0.543814 0.16159589790593765
0.547712 0.1608063605888156
0.551638 0.1603978483219622
0.555593 0.15840679388560894
0.559575 0.1569612785867978
0.563587 0.15495417872332945
0.567627 0.15143224516216408
0.571696 0.14971444219583246
0.575794 0.151107992925151
0.579921 0.15216903179155233
0.584078 0.1522499158204527
0.588265 0.14607920530487406
0.592482 0.1429169369921768
0.596729 0.14519949053361655
0.601007 0.14787957222401876
0.605315 0.14821969758825845
0.609654 0.14904948846682767
0.614025 0.15027665673195695
0.618426 0.15164013036199195
0.622859 0.15263157084218862
0.627324 0.14944158378493141
0.631821 0.15019911101339598
0.63635 0.1528643156853019
0.640912 0.15414943055667713
0.645506 0.15156894897056186
0.650134 0.14985893718981266
0.654794 0.15211274357173307
0.659488 0.15561371577459002
0.664215 0.15578711407486348
0.668977 0.15663773708682474
0.673772 0.15764502915676196
0.678602 0.15807415818214682
0.683467 0.1557412123076969
0.688366 0.13125155072660255
0.6933 0.14363302071308937
0.69827 0.15142277405266893
0.703276 0.1532585862894978
0.708317 0.15974192956835975
0.713395 0.15987273210557695
0.718509 0.13280834483151702
0.723659 0.13748637295381191
0.728847 0.14519601222961775
0.734071 0.16323968730142216
0.739333 0.17493672828713389
0.744633 0.18482056062763733
0.749971 0.18784111766642775
0.755347 0.18342489922468488
0.760762 0.09343614577329734
0.766215 0.1274276131515247
0.771708 0.18701376052378338
0.77724 0.19116559555539003
0.782811 0.19037903041134432
0.788423 0.18364033869774848
0.794075 0.1811018175188507
0.799767 0.18085182653377443
0.8055 0.18185858016656012
0.811274 0.1682951867887857
0.81709 0.14329985734121878
0.822947 0.15657527299287763
0.828846 0.16251187641934964
0.834788 0.17178691941012264
0.840772 0.18179948130481
0.846799 0.18908566668280793
0.852869 0.1889811883379282
0.858983 0.19023507923888713
0.86514 0.190647839774866
0.871342 0.19055381249509717
0.877588 0.1899521628219958
0.883879 0.1881598778444953
0.890215 0.18193780042466232
0.896596 0.1461820898757853
0.903024 0.14043507555473278
0.909497 0.13485084693769742
0.916017 0.1308197510529462
0.922583 0.14496003137922386
0.929196 0.10456457558952459
0.935857 0.06897512366429197
0.942566 0.07638180589242714
0.949323 0.07836832130359314
0.956128 0.08817823160756529
0.962982 0.10617972012854858
0.969885 0.13525757697757929
0.976837 0.1356475885439067
0.98384 0.1578954078165873
0.990892 0.17321734231557684
0.997995 0.17693251020167744
1.00515 0.17638432195334988
1.01235 0.1769807918610537
1.01961 0.17791328424190261
1.02692 0.17847267736735317
1.03428 0.18039856475525873
1.0417 0.1810849967422374
1.04916 0.18149013839252234
1.05668 0.18197528641915073
1.06426 0.18140809672374622
1.07189 0.17975427085975748
1.07957 0.17564189788698525
1.08731 0.16795061393367453
1.0951 0.15666907412904282
1.10295 0.13466229163160884
1.11086 0.10803161009872163
1.11882 0.06686401928063723
1.12684 0.05730782594682984
1.13492 0.06339767397099413
1.14306 0.06954046113589525
1.15125 0.07216633835825462
1.1595 0.09762881049410325
1.16782 0.12269501442392391
1.17619 0.13247763134868581
1.18462 0.13056836013127598
1.19311 0.13689594969531962
1.20166 0.13532365936918458
1.21028 0.13834331721793194
1.21895 0.14421059686114654
1.22769 0.1512636820275112
1.23649 0.15828401406194928
1.24536 0.16006197122684795
1.25428 0.15703005854853214
1.26327 0.14294508648645796
1.27233 0.1416375187858646
1.28145 0.15343846737307545
1.29064 0.14978568281534924
1.29989 0.1386861832272728
1.30921 0.12172184850064964
1.31859 0.10739679808145854
1.32804 0.08703421419174422
1.33756 0.07069471424196659
1.34715 0.04731231258767089
1.35681 0.02983992041049678
1.36653 0.02495173972952897
1.37633 0.02705575020371252
1.3862 0.026684105267060398
1.39613 0.02720659175639761
1.40614 0.027147750267605898
1.41622 0.026614706641038956
1.42637 0.024481664712520092
1.4366 0.019635022304042956
1.4469 0.01920067205359986
1.45727 0.023744452179344993
1.46771 0.019041940781333633
1.47824 0.020914044759048792
1.48883 0.03264471276018401
1.49951 0.05232140902287982
1.51025 0.0658007943594008
1.52108 0.07662907776988828
1.53198 0.08392857331427163
1.54297 0.08961695721389581
1.55403 0.09462898328564615
1.56517 0.0934439208057652
1.57639 0.08870862450803532
1.58769 0.09869859896421665
1.59907 0.09569010830199168
1.61053 0.09591189056470015
1.62208 0.10509320241613768
1.6337 0.10409683523600467
1.64541 0.10256474462760168
1.65721 0.10539522796753623
1.66909 0.10564014149027372
1.68105 0.10869251478034707
1.6931 0.10589111781533728
1.70524 0.10190911124568955
1.71746 0.10092355588355895
1.72978 0.09511734578206903
1.74218 0.0910459801827561
1.75466 0.0879304805210393
1.76724 0.07652511632467403
1.77991 0.05883939965556741
1.79267 0.0412665367212323
