0.4 0.20359475969204377
0.402867 0.20303368403206132
0.405755 0.1974865297759449
0.408664 0.19563705712508708
0.411593 0.19450459582345503
0.414544 0.19303040761867057
0.417515 0.1915875223441855
0.420508 0.19193332425089102
0.423523 0.19059388394365165
0.426559 0.18839302574050937
0.429617 0.1848406135583633
0.432696 0.1836404303739122
0.435798 0.18350758080452506
0.438922 0.18177911683158243
0.442068 0.17951998385085283
0.445237 0.1795337731729854
0.448429 0.17784651015809816
0.451643 0.1764728220067895
0.454881 0.17523107601287455
0.458142 0.17414782093584077
0.461426 0.1727313619480587
0.464734 0.17251625520312414
0.468065 0.17009876491218723
0.47142 0.16868043543097094
0.4748 0.16830336399563453
0.478203 0.16611727489689992
0.481631 0.1652469721571845
0.485084 0.16312720207119333
0.488561 0.1619851990262689
0.492063 0.1617199842116874
0.49559 0.1599943371127856
0.499143 0.15839335617449624
0.502721 0.15625653453675206
0.506325 0.15467935228724625
0.509954 0.15470893503161948
0.51361 0.15458248744868874
0.517292 0.15314594849121257
0.521 0.15241221403997376
0.524735 0.15111930782385521
0.528496 0.14989058848064282
0.532285 0.1480445005321898
0.5361 0.14712593794848272
0.539943 0.14618578118611106
0.543814 0.14504328825004908
0.547712 0.14419746893332083
0.551638 0.14369329301557376
0.555593 0.14181316876695174
0.559575 0.14041996847431296
0.563587 0.13851145837443773
0.567627 0.13534500803838534
0.571696 0.13379178035211586
0.575794 0.13491763369033596
0.579921 0.1357704896252215
0.584078 0.13585248515436596
0.588265 0.13084281941334877
0.592482 0.1282284986570741
0.596729 0.12999086532351187
0.601007 0.1318457490446615
0.605315 0.13181915574961614
0.609654 0.13246071829671724
0.614025 0.13356021215157127
0.618426 0.13495256070166411
0.622859 0.13581373921894296
0.627324 0.13297314442657587
0.631821 0.1335984570619672
0.63635 0.1358911976881205
0.640912 0.1370049429215209
0.645506 0.13500448359529776
0.650134 0.13367945054105762
0.654794 0.13549862231167015
0.659488 0.13825439356696248
0.664215 0.13814784224454923
0.668977 0.13880851611295883
0.673772 0.13966548045306595
0.678602 0.14000974588302192
0.683467 0.1380240612281512
0.688366 0.11681196981607424
0.6933 0.12844212459470658
0.69827 0.13569299218743078
0.703276 0.13779094541696757
0.708317 0.14377830582876983
0.713395 0.14441037673508123
0.718509 0.12131754314351556
0.723659 0.12579141828758067
0.728847 0.1333127892923938
0.734071 0.14990272998713097
0.739333 0.1607465593875215
0.744633 0.1699388043218935
0.749971 0.1730272673290176
0.755347 0.1692724855715128
0.760762 0.08573839764019839
0.766215 0.11768949845006822
0.771708 0.17328209422470553
0.77724 0.17718929892931978
0.782811 0.17654390075728962
0.788423 0.17057257871329679
0.794075 0.16834624617100283
0.799767 0.1682291065196852
0.8055 0.1692231234724617
0.811274 0.1567709647667188
0.81709 0.13354375069596122
0.822947 0.1459333425097186
0.828846 0.1515536742545039
0.834788 0.16018504393890423
0.840772 0.1693953870106412
0.846799 0.1760839820502628
0.852869 0.17602159330050915
0.858983 0.1773046070558164
0.86514 0.17785105835195456
0.871342 0.17810831243555114
0.877588 0.17793099967848824
0.883879 0.17671439957398505
0.890215 0.17113421663469844
0.896596 0.1375817563342966
0.903024 0.13224040089150163
0.909497 0.12692564987764152
0.916017 0.12312722884028314
0.922583 0.13674664781925708
0.929196 0.09771876891271881
0.935857 0.0626751634938402
0.942566 0.07016669567482181
0.949323 0.0722257303936485
0.956128 0.0821096014092105
0.962982 0.10009194075654326
0.969885 0.12884841135606312
0.976837 0.12947053413211573
0.98384 0.1516718326567098
0.990892 0.1671042997670771
0.997995 0.1711213347245592
1.00515 0.17097904918382986
1.01235 0.17169998522910063
1.01961 0.17283479578141492
1.02692 0.17349692818934762
1.03428 0.17538126104819662
1.0417 0.17584916832093206
1.04916 0.17594779231402888
1.05668 0.17601712861082391
1.06426 0.1750721453073586
1.07189 0.17317071636119863
1.07957 0.16902480663287708
1.08731 0.161497111578834
1.0951 0.1505488462950332
1.10295 0.12911173897637615
1.11086 0.10285848404991657
1.11882 0.06131842668927909
1.12684 0.051613481174672536
1.13492 0.05795376528559222
1.14306 0.0643591086096596
1.15125 0.06721087069318452
1.1595 0.09368340757313719
1.16782 0.11974365652529857
1.17619 0.1302020084037882
1.18462 0.1286641621858483
1.19311 0.13569425031694307
1.20166 0.13447659805988316
1.21028 0.13813383024462686
1.21895 0.14475630668151587
1.22769 0.1525765725166158
1.23649 0.16031434179754428
1.24536 0.16234809145334061
1.25428 0.15923846848924195
1.26327 0.14442090939453817
1.27233 0.1429695066945937
1.28145 0.1552685632859683
1.29064 0.15134959562710854
1.29989 0.13957720541024948
1.30921 0.1215802973685199
1.31859 0.10639754113162014
1.32804 0.08468869453914081
1.33756 0.06725390874300566
1.34715 0.04213871824806365
1.35681 0.025041505857606904
1.36653 0.02099270702680056
1.37633 0.022672068320317183
1.3862 0.02233614662714453
1.39613 0.02273438581317812
1.40614 0.02265349031231522
1.41622 0.022413264955998154
1.42637 0.02127622539900809
1.4366 0.01747441687577255
1.4469 0.01806338014545349
1.45727 0.024101980386769264
1.46771 0.019420825622080605
1.47824 0.022074377751360008
1.48883 0.0357380339000531
1.49951 0.05805488326993466
1.51025 0.07326429403827196
1.52108 0.08543935806934821
1.53198 0.09356411908114809
1.54297 0.09980947954714275
1.55403 0.10525792073904643
1.56517 0.10367013345980197
1.57639 0.09799094240823115
1.58769 0.10894811480362343
1.59907 0.10525092308950237
1.61053 0.10524959815665313
1.62208 0.11537951699604068
1.6337 0.1141633789479513
1.64541 0.11224881757913863
1.65721 0.11513880230528055
1.66909 0.1151950841166493
1.68105 0.11836690098743557
1.6931 0.1150136128518621
1.70524 0.1104273243925676
1.71746 0.10908571854382251
1.72978 0.10248105076317174
1.74218 0.09765237196274897
1.75466 0.0939859153505633
1.76724 0.0811167312470514
1.77991 0.06108268884712071
1.79267 0.041108304053851935
