0.4 0.38150185999999997
0.402867 0.38221125333333333
0.405755 0.37336390666666663
0.408664 0.3716849466666666
0.411593 0.3715688466666667
0.414544 0.37005494
0.417515 0.36924001999999995
0.420508 0.37079402
0.423523 0.3695692466666667
0.426559 0.3668920333333333
0.429617 0.36122864
0.432696 0.3609158133333333
0.435798 0.3616451866666666
0.438922 0.35928498666666664
0.442068 0.3559525333333333
0.445237 0.3574269
0.448429 0.3556507
0.451643 0.35403067333333327
0.454881 0.3522365666666667
0.458142 0.35075006
0.461426 0.34892900666666665
0.464734 0.3496982466666666
0.468065 0.34578699333333335
0.47142 0.34338534
0.4748 0.34269887333333326
0.478203 0.33820973333333326
0.481631 0.33753257999999997
0.485084 0.3344924266666667
0.488561 0.3330724666666667
0.492063 0.33325496666666665
0.49559 0.32978704666666664
0.499143 0.32643990666666667
0.502721 0.32163702666666666
0.506325 0.31806532
0.509954 0.31826686666666665
0.51361 0.31817291999999997
0.517292 0.3151893933333333
0.521 0.31364215333333334
0.524735 0.31056706
0.528496 0.3074124733333333
0.532285 0.30337432666666664
0.5361 0.30127617333333334
0.539943 0.29905501999999995
0.543814 0.29674374666666664
0.547712 0.2952534866666666
0.551638 0.29417382666666664
0.555593 0.2898680933333333
0.559575 0.2866469133333333
0.563587 0.28254470666666665
0.567627 0.27550302666666665
0.571696 0.2721160266666667
0.575794 0.27502871333333334
0.579921 0.27733927999999997
0.584078 0.27789986666666666
0.588265 0.2664899866666667
0.592482 0.26051858666666666
0.596729 0.2646783466666667
0.601007 0.2698233
0.605315 0.27114646
0.609654 0.27352069999999995
0.614025 0.27690097999999996
0.618426 0.2806414
0.622859 0.28362208
0.627324 0.2777967933333333
0.631821 0.2804054133333333
0.63635 0.28689608666666666
0.640912 0.29021191999999996
0.645506 0.2856988133333333
0.650134 0.28314895333333334
0.654794 0.28860706666666663
0.659488 0.2970058933333333
0.664215 0.29906862666666667
0.668977 0.3019699733333333
0.673772 0.30477038666666667
0.678602 0.30647845333333334
0.683467 0.3019691133333333
0.688366 0.24863938666666666
0.6933 0.27589899333333334
0.69827 0.2918249866666667
0.703276 0.29387897333333335
0.708317 0.30522938
0.713395 0.30378710666666664
0.718509 0.24978434
0.723659 0.25699388666666667
0.728847 0.2693488
0.734071 0.30132753999999995
0.739333 0.3216453933333333
0.744633 0.33924691333333334
0.749971 0.34395325333333326
0.755347 0.3338917733333333
0.760762 0.16121414666666667
0.766215 0.22214292666666668
0.771708 0.33939712
0.77724 0.3491812533333333
0.782811 0.3483348933333333
0.788423 0.3351013666666667
0.794075 0.33026186
0.799767 0.3296022533333333
0.8055 0.3316903333333333
0.811274 0.30622302
0.81709 0.2604218133333333
0.822947 0.2843849133333333
0.828846 0.2949349933333333
0.834788 0.3124830733333333
0.840772 0.3322335066666666
0.846799 0.3477997066666666
0.852869 0.34793410666666663
0.858983 0.35168885333333333
0.86514 0.35362093333333333
0.871342 0.35376020666666663
0.877588 0.3524219933333333
0.883879 0.3483373666666667
0.890215 0.33555119999999994
0.896596 0.2670786333333333
0.903024 0.25592491333333334
0.909497 0.24620238666666666
0.916017 0.23881082666666667
0.922583 0.26453982
0.929196 0.194349
0.935857 0.13422093333333332
0.942566 0.14585872
0.949323 0.14951744
0.956128 0.16651626666666666
0.962982 0.19794280666666667
0.969885 0.2499513733333333
0.976837 0.25103470666666666
0.98384 0.29409599999999997
0.990892 0.32625107999999997
0.997995 0.33540775333333334
1.00515 0.33477596666666665
1.01235 0.33631919333333327
1.01961 0.3383253133333333
1.02692 0.3392674333333333
1.03428 0.3431278133333333
1.0417 0.3442179733333333
1.04916 0.34457257333333335
1.05668 0.3451929266666667
1.06426 0.34350314
1.07189 0.33983561333333334
1.07957 0.3309873733333333
1.08731 0.3150119333333333
1.0951 0.29231394666666666
1.10295 0.24942164
1.11086 0.20212674
1.11882 0.13185542
1.12684 0.11575261999999999
1.13492 0.12558155999999998
1.14306 0.13590688666666667
1.15125 0.14098766
1.1595 0.1863636933333333
1.16782 0.23308684666666668
1.17619 0.25314322
1.18462 0.24908579999999997
1.19311 0.26233208666666663
1.20166 0.25969686
1.21028 0.26702904666666666
1.21895 0.28000395333333333
1.22769 0.29691164666666664
1.23649 0.31436993999999996
1.24536 0.31916639999999996
1.25428 0.31160620666666666
1.26327 0.2773863133333333
1.27233 0.27457176
1.28145 0.30269890666666666
1.29064 0.2948467066666667
1.29989 0.27123778
1.30921 0.23681542
1.31859 0.20903054666666665
1.32804 0.17136536666666663
1.33756 0.14161936
1.34715 0.10175546666666666
1.35681 0.06943292
1.36653 0.058918844
1.37633 0.06358271066666665
1.3862 0.06314974333333333
1.39613 0.064843122
1.40614 0.06647095066666667
1.41622 0.06841207999999999
1.42637 0.06501545666666667
1.4366 0.0540325
1.4469 0.053712722666666664
1.45727 0.061567710666666664
1.46771 0.05061917533333333
1.47824 0.05251926
1.48883 0.07548548666666666
1.49951 0.11807263333333332
1.51025 0.14899311333333332
1.52108 0.17467586666666668
1.53198 0.19157033333333331
1.54297 0.20571679999999998
1.55403 0.21885324666666664
1.56517 0.21340700666666668
1.57639 0.19751514666666664
1.58769 0.22427782666666665
1.59907 0.21341692
1.61053 0.21202086666666667
1.62208 0.2360130133333333
1.6337 0.23237914666666665
1.64541 0.2266183
1.65721 0.2324867
1.66909 0.23263122666666664
1.68105 0.24045094666666667
1.6931 0.23292560666666665
1.70524 0.22300486666666666
1.71746 0.22130647333333334
1.72978 0.20745298666666667
1.74218 0.19773140666666666
1.75466 0.19044625333333332
1.76724 0.16597638666666664
1.77991 0.12977924666666665
1.79267 0.09602564666666666
