0.4 0.27075052666666666
0.402867 0.27008456666666664
0.405755 0.2629515866666666
0.408664 0.26069704
0.411593 0.2594495866666666
0.414544 0.25748787333333334
0.417515 0.2557855
0.420508 0.25588188
0.423523 0.2541230666666666
0.426559 0.2514286733333333
0.429617 0.2470172533333333
0.432696 0.24588205333333335
0.435798 0.24594487999999998
0.438922 0.2438155
0.442068 0.24084751333333332
0.445237 0.2408611333333333
0.448429 0.23852509333333333
0.451643 0.23662033333333332
0.454881 0.23485183333333332
0.458142 0.23339733333333335
0.461426 0.23192506666666668
0.464734 0.23198696
0.468065 0.22928004666666668
0.47142 0.22745074666666668
0.4748 0.22675595333333332
0.478203 0.22353230000000002
0.481631 0.22237943333333332
0.485084 0.21959905999999998
0.488561 0.21804104666666668
0.492063 0.2178206133333333
0.49559 0.21559033333333333
0.499143 0.21365544666666664
0.502721 0.21104288666666665
0.506325 0.2090898
0.509954 0.20925659333333335
0.51361 0.20906322
0.517292 0.20711691333333332
0.521 0.20631116666666666
0.524735 0.2049156533333333
0.528496 0.20350036
0.532285 0.20129141333333334
0.5361 0.20026308666666665
0.539943 0.19894511333333334
0.543814 0.19729449999999998
0.547712 0.19603208
0.551638 0.19540224666666664
0.555593 0.19302545999999998
0.559575 0.19129458666666666
0.563587 0.1887861133333333
0.567627 0.18446892666666664
0.571696 0.18234182
0.575794 0.18389094666666667
0.579921 0.18504183333333335
0.584078 0.18513201999999998
0.588265 0.17819631333333333
0.592482 0.17465150666666665
0.596729 0.17720308666666665
0.601007 0.17981215333333334
0.605315 0.17968547333333332
0.609654 0.18047268666666666
0.614025 0.18181730666666665
0.618426 0.18341612
0.622859 0.18450151333333334
0.627324 0.18078268
0.631821 0.18153796666666666
0.63635 0.18431148
0.640912 0.18559568666666665
0.645506 0.18256781333333333
0.650134 0.18053945333333332
0.654794 0.18301758666666668
0.659488 0.18698557999999998
0.664215 0.18723395333333331
0.668977 0.18821326
0.673772 0.18932179999999998
0.678602 0.1897020333333333
0.683467 0.18688671333333332
0.688366 0.15854388
0.6933 0.17295844666666665
0.69827 0.18196845333333334
0.703276 0.18437448666666667
0.708317 0.19220362666666668
0.713395 0.19281027333333334
0.718509 0.1613868333333333
0.723659 0.1675143
0.728847 0.17772062666666666
0.734071 0.19998118666666667
0.739333 0.21434306666666664
0.744633 0.22617907333333334
0.749971 0.22971171999999998
0.755347 0.22435588666666664
0.760762 0.11535562666666667
0.766215 0.1572563
0.771708 0.22881587333333334
0.77724 0.2341445533333333
0.782811 0.23353132666666665
0.788423 0.22571393333333334
0.794075 0.22272873333333332
0.799767 0.2224609
0.8055 0.22345828666666667
0.811274 0.20670141999999997
0.81709 0.17586172666666666
0.822947 0.19211328
0.828846 0.19937312666666665
0.834788 0.21071260666666664
0.840772 0.22299455333333332
0.846799 0.2319853533333333
0.852869 0.23198701333333333
0.858983 0.23376365333333332
0.86514 0.23448778666666664
0.871342 0.23449102666666666
0.877588 0.23383082
0.883879 0.23172226666666665
0.890215 0.22416248
0.896596 0.18010434
0.903024 0.17296138
0.909497 0.16593954666666666
0.916017 0.1610719
0.922583 0.17885731333333332
0.929196 0.1278635733333333
0.935857 0.08179210666666667
0.942566 0.09172653333333333
0.949323 0.09427922
0.956128 0.10712223333333333
0.962982 0.13051300666666665
0.969885 0.16758717999999997
0.976837 0.16816267333333335
0.98384 0.1961183333333333
0.990892 0.21525154666666668
0.997995 0.22012961999999997
1.00515 0.21982992
1.01235 0.22075830666666665
1.01961 0.22213392666666668
1.02692 0.2228830533333333
1.03428 0.22520004666666665
1.0417 0.22586403333333332
1.04916 0.22612801999999999
1.05668 0.22637661999999997
1.06426 0.22532105333333333
1.07189 0.2229565933333333
1.07957 0.21771698666666664
1.08731 0.20816115333333332
1.0951 0.19420690666666665
1.10295 0.16679366666666665
1.11086 0.13289661333333333
1.11882 0.07902583333333332
1.12684 0.066410102
1.13492 0.07470489333333333
1.14306 0.08304304
1.15125 0.08655409333333333
1.1595 0.12022785333333333
1.16782 0.15287064
1.17619 0.16572676666666666
1.18462 0.16370670666666665
1.19311 0.17210675999999997
1.20166 0.1701493533333333
1.21028 0.17412975999999997
1.21895 0.18194232666666665
1.22769 0.19117128
1.23649 0.20037357333333333
1.24536 0.20280119333333335
1.25428 0.19915045999999997
1.26327 0.18154398
1.27233 0.17983739999999998
1.28145 0.19450567333333335
1.29064 0.18964687333333333
1.29989 0.17518554
1.30921 0.1530869
1.31859 0.13428495333333332
1.32804 0.10716494666666666
1.33756 0.08526726666666667
1.34715 0.05319074333333333
1.35681 0.030955524666666664
1.36653 0.025702335333333333
1.37633 0.027881138
1.3862 0.027434186
1.39613 0.027928696666666662
1.40614 0.027719672666666667
1.41622 0.027252026
1.42637 0.025763593333333334
1.4366 0.021072503333333333
1.4469 0.021767895333333332
1.45727 0.029392017333333333
1.46771 0.023674398666666666
1.47824 0.027100473333333333
1.48883 0.043931517333333336
1.49951 0.07081724666666667
1.51025 0.08889166
1.52108 0.10334287333333332
1.53198 0.11300617333333332
1.54297 0.12031512
1.55403 0.1266433733333333
1.56517 0.12488908
1.57639 0.11837935333333333
1.58769 0.13097938666666664
1.59907 0.12680417333333333
1.61053 0.12691330666666667
1.62208 0.13865094
1.6337 0.13727364666666667
1.64541 0.13505329333333332
1.65721 0.13837227333333332
1.66909 0.13846234
1.68105 0.14214844
1.6931 0.13826912
1.70524 0.13288132666666666
1.71746 0.13114998
1.72978 0.12329138
1.74218 0.11748783999999998
1.75466 0.11311288666666666
1.76724 0.09787189333333332
1.77991 0.07389838666666666
1.79267 0.049672669333333336
