0.4 0.25615109999999996
0.402867 0.25537989333333333
0.405755 0.24834908
0.408664 0.24602832666666666
0.411593 0.24468209333333335
0.414544 0.24280487333333334
0.417515 0.24101924666666666
0.420508 0.2412363733333333
0.423523 0.23927660666666664
0.426559 0.23663914666666666
0.429617 0.23253775999999998
0.432696 0.23100252666666665
0.435798 0.23107257333333334
0.438922 0.22900495999999998
0.442068 0.22620709333333333
0.445237 0.22612510666666666
0.448429 0.2238441
0.451643 0.22198471999999997
0.454881 0.22028254666666663
0.458142 0.21887597333333333
0.461426 0.21745130666666668
0.464734 0.21739461999999998
0.468065 0.21484778666666665
0.47142 0.21307122666666667
0.4748 0.21230622666666665
0.478203 0.20925496666666665
0.481631 0.20810336666666665
0.485084 0.20539880666666666
0.488561 0.20390525333333334
0.492063 0.20354942
0.49559 0.20139519333333333
0.499143 0.19952938
0.502721 0.19713760666666663
0.506325 0.19533101999999997
0.509954 0.19540600666666666
0.51361 0.19524222666666669
0.517292 0.19346672
0.521 0.19262849333333332
0.524735 0.19117195999999997
0.528496 0.18978880666666667
0.532285 0.18766412666666665
0.5361 0.18666973999999997
0.539943 0.18549528666666665
0.543814 0.1839894
0.547712 0.18274430666666666
0.551638 0.18206498
0.555593 0.17979768
0.559575 0.17813767333333333
0.563587 0.17570630666666667
0.567627 0.17170723333333332
0.571696 0.16972268000000001
0.575794 0.17105462
0.579921 0.17203942666666666
0.584078 0.17217016
0.588265 0.16637506666666665
0.592482 0.16339382
0.596729 0.16548221999999999
0.601007 0.1674828
0.605315 0.16719652666666665
0.609654 0.16789616666666665
0.614025 0.16917108666666664
0.618426 0.17080168666666665
0.622859 0.17184238
0.627324 0.16849444666666663
0.631821 0.16919517333333334
0.63635 0.17164981333333332
0.640912 0.17276234000000001
0.645506 0.17024074666666666
0.650134 0.16856731333333333
0.654794 0.17070311999999999
0.659488 0.17404859333333333
0.664215 0.17407514666666668
0.668977 0.17492668666666666
0.673772 0.17595425999999997
0.678602 0.17633462666666666
0.683467 0.1738532333333333
0.688366 0.14794310666666666
0.6933 0.16202755333333332
0.69827 0.17071770666666666
0.703276 0.17334112666666668
0.708317 0.18069099333333333
0.713395 0.18166428666666667
0.718509 0.15379366
0.723659 0.15959047999999998
0.728847 0.1693908133333333
0.734071 0.19001594666666666
0.739333 0.20340762
0.744633 0.21451836666666668
0.749971 0.21809852666666665
0.755347 0.2132871533333333
0.760762 0.10964466
0.766215 0.14975248666666666
0.771708 0.21801412666666667
0.77724 0.2230093333333333
0.782811 0.2224236533333333
0.788423 0.2153048933333333
0.794075 0.21261990666666666
0.799767 0.21246197333333333
0.8055 0.2134871333333333
0.811274 0.19801633333333335
0.81709 0.16922468666666668
0.822947 0.18442625333333332
0.828846 0.1912373
0.834788 0.20177288666666665
0.840772 0.2131118733333333
0.846799 0.2213522
0.852869 0.22136085333333333
0.858983 0.2231190133333333
0.86514 0.22391700666666664
0.871342 0.22418055333333334
0.877588 0.22384751333333333
0.883879 0.22220698
0.890215 0.2152710733333333
0.896596 0.17390852
0.903024 0.16724743999999997
0.909497 0.16058544
0.916017 0.1560208733333333
0.922583 0.17290704
0.929196 0.12424125333333333
0.935857 0.07974930666666666
0.942566 0.08955051333333333
0.949323 0.09207808666666667
0.956128 0.1046676
0.962982 0.12734159333333334
0.969885 0.16301437333333332
0.976837 0.16369826666666665
0.98384 0.19073746666666663
0.990892 0.20936538
0.997995 0.2142506733333333
1.00515 0.21415708
1.01235 0.21510278
1.01961 0.21650202666666665
1.02692 0.21724566
1.03428 0.21942724666666663
1.0417 0.21995338
1.04916 0.22007468
1.05668 0.22009820666666668
1.06426 0.21882098
1.07189 0.21635353999999998
1.07957 0.2112686133333333
1.08731 0.20212198666666664
1.0951 0.18884936
1.10295 0.1627072333333333
1.11086 0.13001418666666664
1.11882 0.0773562
1.12684 0.06492027133333333
1.13492 0.07321697999999999
1.14306 0.08159141333333333
1.15125 0.08509038
1.1595 0.11836659333333333
1.16782 0.15048905333333332
1.17619 0.1632584933333333
1.18462 0.16154217333333332
1.19311 0.17006425333333333
1.20166 0.16834853333333333
1.21028 0.17255635333333333
1.21895 0.18049052666666665
1.22769 0.18978732666666667
1.23649 0.1990198
1.24536 0.2014608
1.25428 0.19776450666666667
1.26327 0.1799538333333333
1.27233 0.1782023133333333
1.28145 0.1929892933333333
1.29064 0.18821210666666666
1.29989 0.17385912666666664
1.30921 0.15194736666666664
1.31859 0.13332897999999999
1.32804 0.10637496666666665
1.33756 0.08453773999999999
1.34715 0.051841212666666664
1.35681 0.029468793333333333
1.36653 0.024516722666666664
1.37633 0.026528894
1.3862 0.026092268666666668
1.39613 0.026545471333333334
1.40614 0.026340099333333332
1.41622 0.026048961333333332
1.42637 0.025011572666666666
1.4366 0.020699659999999998
1.4469 0.021885709999999996
1.45727 0.030202412666666668
1.46771 0.024422402
1.47824 0.028159541333333333
1.48883 0.045625698666666666
1.49951 0.07310747333333333
1.51025 0.0915039
1.52108 0.10622475999999999
1.53198 0.1160197
1.54297 0.12346236
1.55403 0.12991156666666664
1.56517 0.12796810666666666
1.57639 0.12110338
1.58769 0.13410903333333332
1.59907 0.12966313999999998
1.61053 0.12966348666666666
1.62208 0.14176422
1.6337 0.14029550666666665
1.64541 0.13794006666666667
1.65721 0.14130738666666665
1.66909 0.14131026666666666
1.68105 0.14506008666666664
1.6931 0.14102397333333333
1.70524 0.13543155333333332
1.71746 0.13365662666666667
1.72978 0.12562318666666666
1.74218 0.11971886666666666
1.75466 0.11524506666666667
1.76724 0.09976312
1.77991 0.07533203999999999
1.79267 0.05043872733333333
