0.4 0.05956510770340232
0.402867 0.05976913843494848
0.405755 0.05847823523894892
0.408664 0.058329661778205706
0.411593 0.05841238215450536
0.414544 0.058311014038643715
0.417515 0.05824547641196454
0.420508 0.05860830490687702
0.423523 0.05843920525257015
0.426559 0.058096608932334114
0.429617 0.05737169209422178
0.432696 0.05730962450295109
0.435798 0.057562761493156575
0.438922 0.05727696186309855
0.442068 0.05685757250565718
0.445237 0.057169289696443346
0.448429 0.056972223537288064
0.451643 0.05679961505341401
0.454881 0.05657503771032593
0.458142 0.0563964916783684
0.461426 0.05616733662455023
0.464734 0.056338483181179524
0.468065 0.055782590450854416
0.47142 0.055454304070695036
0.4748 0.05539351770756134
0.478203 0.054748211587656796
0.481631 0.054695827222584814
0.485084 0.05429743265130857
0.488561 0.05418411083006362
0.492063 0.054252595791907325
0.49559 0.053757562929437716
0.499143 0.05326954976790034
0.502721 0.05254745367348722
0.506325 0.05201503855548594
0.509954 0.05206261142397653
0.51361 0.05206821411721622
0.517292 0.05159981548651233
0.521 0.05135756332052725
0.524735 0.050825840371989624
0.528496 0.050297311816153704
0.532285 0.04962753985377664
0.5361 0.04929389273342017
0.539943 0.048989692421337334
0.543814 0.04867865412832893
0.547712 0.04851757465588997
0.551638 0.04836489718151271
0.555593 0.04764993921230584
0.559575 0.04710769283776334
0.563587 0.04640978796401488
0.567627 0.04523467206013743
0.571696 0.04469329038697504
0.575794 0.04519873233477116
0.579921 0.045607507406204326
0.584078 0.045740733693574315
0.588265 0.043856784193074705
0.592482 0.04286064616139538
0.596729 0.04359579649022103
0.601007 0.04453604643175574
0.605315 0.04481000567620991
0.609654 0.04523380021246493
0.614025 0.04585780936012581
0.618426 0.04659713516550947
0.622859 0.04715680522181615
0.627324 0.04620482413086138
0.631821 0.04672462706367987
0.63635 0.04794838573810973
0.640912 0.0485817840930821
0.645506 0.04790784890493399
0.650134 0.0475554049937741
0.654794 0.04852224935201689
0.659488 0.049968022913260836
0.664215 0.050329965267916006
0.668977 0.050844102211762145
0.673772 0.05134293179729269
0.678602 0.05164547008594364
0.683467 0.05085248379184557
0.688366 0.04149885889110437
0.6933 0.046467161462079284
0.69827 0.04929329040306094
0.703276 0.049662712884058546
0.708317 0.05156763981544176
0.713395 0.051284950864374505
0.718509 0.04204453752779553
0.723659 0.04327538124068811
0.728847 0.04534381432122871
0.734071 0.050666846596031836
0.739333 0.053918270794672006
0.744633 0.05668108460591014
0.749971 0.0573938731649249
0.755347 0.05565795502784521
0.760762 0.02604769777539991
0.766215 0.03636916649442066
0.771708 0.056609405251364736
0.77724 0.05826948387082471
0.782811 0.058175906234575324
0.788423 0.05608265816413364
0.794075 0.05530051790009725
0.799767 0.055248020215245816
0.8055 0.05563397921685138
0.811274 0.051448589730390695
0.81709 0.04378888012271304
0.822947 0.04786218001291789
0.828846 0.0497029505938525
0.834788 0.05257142948448104
0.840772 0.0557584104600778
0.846799 0.058219540475055946
0.852869 0.05824493125194451
0.858983 0.05885398729321294
0.86514 0.059170194397422604
0.871342 0.059201162345078
0.877588 0.05900588275902211
0.883879 0.05839001834289662
0.890215 0.05637587972929599
0.896596 0.045034427842663066
0.903024 0.043233165028798946
0.909497 0.041576443124968
0.916017 0.04029225846472107
0.922583 0.04477005177631404
0.929196 0.03255165895249644
0.935857 0.02207319231489466
0.942566 0.02406354296290163
0.949323 0.024737193320252746
0.956128 0.027744680869699834
0.962982 0.033344700375135865
0.969885 0.04262968615829736
0.976837 0.0428721108561989
0.98384 0.05041940724266503
0.990892 0.055896807600446886
0.997995 0.05737787261624676
1.00515 0.05731050553871381
1.01235 0.057548334149704804
1.01961 0.057834168490325896
1.02692 0.05794064926794855
1.03428 0.05847429763183786
1.0417 0.058579215413223265
1.04916 0.05857031215379481
1.05668 0.05859001652373273
1.06426 0.05824427379304392
1.07189 0.057618323916547656
1.07957 0.05620254946988977
1.08731 0.05362940234247869
1.0951 0.04987859523109661
1.10295 0.042582226609586216
1.11086 0.03427295067083615
1.11882 0.021878995902586466
1.12684 0.01907709289283255
1.13492 0.020768023077471737
1.14306 0.02255335680558168
1.15125 0.02347097954358787
1.1595 0.031674913007004334
1.16782 0.0403001928910802
1.17619 0.044022677203892885
1.18462 0.043414611434570975
1.19311 0.04587829165503615
1.20166 0.04545903807715033
1.21028 0.046834533978057695
1.21895 0.04918746095894539
1.22769 0.052226443239887475
1.23649 0.05522106848391785
1.24536 0.05598979924071966
1.25428 0.05462533211077957
1.26327 0.048534216329086076
1.27233 0.04803617283571926
1.28145 0.05315549800393193
1.29064 0.05191114065211555
1.29989 0.04782708252915562
1.30921 0.04160097940946558
1.31859 0.036486070649954606
1.32804 0.029448823528083205
1.33756 0.02391445701090361
1.34715 0.016998252768763267
1.35681 0.011629535267561423
1.36653 0.009868857064942211
1.37633 0.010651057766194308
1.3862 0.010602801916330288
1.39613 0.010918395460292678
1.40614 0.011299235674743757
1.41622 0.011857961399555047
1.42637 0.01145905025342835
1.4366 0.009663348684308019
1.4469 0.009955133538428786
1.45727 0.011591489427735696
1.46771 0.009726705364637335
1.47824 0.010153003451299004
1.48883 0.014640412201402785
1.49951 0.023218482657001414
1.51025 0.029407674155559105
1.52108 0.034306198285766365
1.53198 0.03741186976736252
1.54297 0.03985442044300592
1.55403 0.04207939101671737
1.56517 0.04097774206138364
1.57639 0.037858704971206206
1.58769 0.0427259559049828
1.59907 0.04058767700434622
1.61053 0.04020764432093606
1.62208 0.04454475469949163
1.6337 0.04382006348003927
1.64541 0.042707866597126734
1.65721 0.043718087929323836
1.66909 0.043627822089151266
1.68105 0.0449996744018348
1.6931 0.043604562949195014
1.70524 0.04184155934302964
1.71746 0.04150794182874168
1.72978 0.03898141609203339
1.74218 0.03716184856064237
1.75466 0.03575906198996761
1.76724 0.03085646651489157
1.77991 0.023644899882566343
1.79267 0.017198111086448163
