0.4 0.06675478155124265
0.402867 0.06696821302116018
0.405755 0.0655402589689499
0.408664 0.06535670551778947
0.411593 0.06543814341381354
0.414544 0.06529643606275538
0.417515 0.06523291736417866
0.420508 0.06560047492155704
0.423523 0.0654654121603654
0.426559 0.06505122826681786
0.429617 0.06413224383080325
0.432696 0.06415337523165153
0.435798 0.06435311316695567
0.438922 0.0640064411050403
0.442068 0.0634979118549739
0.445237 0.0638246305983261
0.448429 0.06358361554065214
0.451643 0.06335979122430514
0.454881 0.06310505279412584
0.458142 0.06289684192640443
0.461426 0.06262630381799815
0.464734 0.06281024104618245
0.468065 0.06216327426645707
0.47142 0.061789315966811795
0.4748 0.061718543573815926
0.478203 0.06097761315680992
0.481631 0.06091789518833026
0.485084 0.06045575768686882
0.488561 0.06027393483344072
0.492063 0.06035355158916382
0.49559 0.05977718846401094
0.499143 0.05921932586075177
0.502721 0.05840728248722469
0.506325 0.057787647216513506
0.509954 0.05782840166132802
0.51361 0.057815230804269944
0.517292 0.057287859439891814
0.521 0.05701532322161858
0.524735 0.05644985607148679
0.528496 0.05587810753065588
0.532285 0.055146405253400976
0.5361 0.05477480311832589
0.539943 0.05442978963164507
0.543814 0.05407297268647114
0.547712 0.05387237356787212
0.551638 0.05370360633550567
0.555593 0.05292722747398579
0.559575 0.052340167979019935
0.563587 0.05156848292656958
0.567627 0.050281467642476874
0.571696 0.04967732955550204
0.575794 0.05020588723330786
0.579921 0.05062322056779397
0.584078 0.0507404824542132
0.588265 0.04872890438018111
0.592482 0.047671596621611106
0.596729 0.04843917433390243
0.601007 0.04941268391630686
0.605315 0.04969120623303835
0.609654 0.05012942712077312
0.614025 0.05076637659995031
0.618426 0.05148957919357449
0.622859 0.05207922738288907
0.627324 0.05105653466564436
0.631821 0.051606973807168194
0.63635 0.052886539907204926
0.640912 0.05354173885842641
0.645506 0.0527913251362486
0.650134 0.05238538061644696
0.654794 0.05341039966036992
0.659488 0.054964368390265195
0.664215 0.05537423299173166
0.668977 0.05593531500064153
0.673772 0.05647009130668414
0.678602 0.05678290353460809
0.683467 0.05592863337063331
0.688366 0.0459066863424358
0.6933 0.05117938446899839
0.69827 0.054176286901749096
0.703276 0.05455787135501631
0.708317 0.056587594982917336
0.713395 0.05631080943727515
0.718509 0.04657065248942262
0.723659 0.047842426784092514
0.728847 0.05001857832333468
0.734071 0.05567479522167626
0.739333 0.05921435630840503
0.744633 0.06227856685200846
0.749971 0.06309011738587218
0.755347 0.06118807318424767
0.760762 0.02927758468429613
0.766215 0.04047172461505617
0.771708 0.06217466513892719
0.77724 0.0639895898983457
0.782811 0.06387331574903889
0.788423 0.06155268193478843
0.794075 0.06069325290218705
0.799767 0.06058957960331302
0.8055 0.06097688470068952
0.811274 0.05646203096028987
0.81709 0.04829603785070978
0.822947 0.052583402358518314
0.828846 0.05448527782171947
0.834788 0.057613230333642726
0.840772 0.061102823240305436
0.846799 0.06381747464872538
0.852869 0.06383768930606622
0.858983 0.06447824917016777
0.86514 0.06480396268522955
0.871342 0.06481930039057793
0.877588 0.06458166421694261
0.883879 0.06386481092094404
0.890215 0.0616361642408566
0.896596 0.04947782826554774
0.903024 0.0474979483216809
0.909497 0.045778167339613755
0.916017 0.04445955064128139
0.922583 0.04909826147111115
0.929196 0.03646621706562628
0.935857 0.025566140877725546
0.942566 0.027684666187602108
0.949323 0.02837021233270909
0.956128 0.03149707730491589
0.962982 0.037206307906086755
0.969885 0.046626278551135616
0.976837 0.046840139069361346
0.98384 0.054638235086930664
0.990892 0.06038670354489139
0.997995 0.06196926932197611
1.00515 0.061847492653838994
1.01235 0.06208980308758015
1.01961 0.06240109049633684
1.02692 0.06252992331147063
1.03428 0.0631456066048394
1.0417 0.0633025076162504
1.04916 0.06333961257821318
1.05668 0.06342181391271372
1.06426 0.06310224185892682
1.07189 0.06245696555011358
1.07957 0.06092604196172186
1.08731 0.05815016628572586
1.0951 0.05415133316405441
1.10295 0.04650104274531946
1.11086 0.037964309712851974
1.11882 0.025178826520313613
1.12684 0.022211874128817786
1.13492 0.02401772302462336
1.14306 0.025935438292871708
1.15125 0.026872338839655202
1.1595 0.03520035993359531
1.16782 0.04376600897002814
1.17619 0.047445911038142934
1.18462 0.046728529920124925
1.19311 0.04917123055028927
1.20166 0.04868614050767857
1.21028 0.05003897818138409
1.21895 0.05239430934838587
1.22769 0.055448532429333036
1.23649 0.05852295370533582
1.24536 0.05933249069594021
1.25428 0.057917383399548016
1.26327 0.05159655626731091
1.27233 0.05108552680767878
1.28145 0.05636537471048514
1.29064 0.05506289928279782
1.29989 0.050870093112322996
1.30921 0.04460687266048781
1.31859 0.039515060065989364
1.32804 0.032587076075227664
1.33756 0.027113312741616154
1.34715 0.019643523049028645
1.35681 0.013444251372971203
1.36653 0.011424076899382815
1.37633 0.012320516235807039
1.3862 0.012251356117868588
1.39613 0.012598193831528862
1.40614 0.012983462750003874
1.41622 0.013515425034168983
1.42637 0.01298843847570756
1.4366 0.010912730540760458
1.4469 0.010980927615014326
1.45727 0.012550314303898377
1.46771 0.010404121037053694
1.47824 0.010727148112948316
1.48883 0.015095371250120225
1.49951 0.02321787820443434
1.51025 0.02910371928797976
1.52108 0.03389649961616499
1.53198 0.03699402982502651
1.54297 0.03952884620095704
1.55403 0.04187672098165307
1.56517 0.04086434600166157
1.57639 0.03788252919551703
1.58769 0.04286433154022975
1.59907 0.0408241564190082
1.61053 0.04054180044760924
1.62208 0.044972949641090436
1.6337 0.04430041384576077
1.64541 0.0432367218072091
1.65721 0.04432015727018758
1.66909 0.044318163275891935
1.68105 0.04576294178358333
1.6931 0.04442510228059381
1.70524 0.042673825860248024
1.71746 0.042385893289735334
1.72978 0.03989340453574936
1.74218 0.03813281354865513
1.75466 0.036789260603806107
1.76724 0.03218121283795923
1.77991 0.025353401852679515
1.79267 0.019015961187990506
