0.4 0.3099493
0.402867 0.3100745133333333
0.405755 0.30239780666666666
0.408664 0.3005488733333333
0.411593 0.29990598
0.414544 0.29841774666666665
0.417515 0.29700121999999995
0.420508 0.2979493333333333
0.423523 0.29638980666666664
0.426559 0.29389298666666663
0.429617 0.28940286666666665
0.432696 0.28843722
0.435798 0.28894082666666665
0.438922 0.2867373933333333
0.442068 0.2838248133333333
0.445237 0.2846546466666666
0.448429 0.2828489266666666
0.451643 0.2812703533333333
0.454881 0.27952440666666667
0.458142 0.27807033999999997
0.461426 0.27637725999999996
0.464734 0.27668553333333334
0.468065 0.2734171266666666
0.47142 0.27121236
0.4748 0.27034764666666666
0.478203 0.26653414
0.481631 0.2656088
0.485084 0.2627853933333333
0.488561 0.2614285333333333
0.492063 0.26128686
0.49559 0.25852390666666664
0.499143 0.25578234
0.502721 0.25194227999999996
0.506325 0.24910290000000002
0.509954 0.24904143999999998
0.51361 0.24878113333333332
0.517292 0.24627475333333332
0.521 0.24486766666666665
0.524735 0.24225997333333332
0.528496 0.23970251999999997
0.532285 0.23637087999999998
0.5361 0.2345537533333333
0.539943 0.23273892
0.543814 0.23082142666666666
0.547712 0.22931359333333334
0.551638 0.22821137333333333
0.555593 0.22471639999999998
0.559575 0.22207844
0.563587 0.21888344666666665
0.567627 0.21357817999999998
0.571696 0.21097450666666664
0.575794 0.21302258
0.579921 0.21464164666666666
0.584078 0.21506151333333334
0.588265 0.20681772666666667
0.592482 0.20245875333333332
0.596729 0.20530547999999998
0.601007 0.20846184666666667
0.605315 0.2090659133333333
0.609654 0.21079160666666666
0.614025 0.21335300666666668
0.618426 0.21639319999999998
0.622859 0.21860956
0.627324 0.21413971333333331
0.631821 0.21596778666666666
0.63635 0.2206363
0.640912 0.22301939333333332
0.645506 0.21991223333333332
0.650134 0.21819396666666668
0.654794 0.22205032666666663
0.659488 0.22789176666666666
0.664215 0.22909062666666663
0.668977 0.23111844666666664
0.673772 0.23317572666666667
0.678602 0.23449957333333332
0.683467 0.2312568333333333
0.688366 0.19168524
0.6933 0.21331766666666666
0.69827 0.22563214
0.703276 0.22769308
0.708317 0.23643019333333332
0.713395 0.23597435333333333
0.718509 0.19670299333333333
0.723659 0.20259576666666668
0.728847 0.21273375333333333
0.734071 0.23740647333333334
0.739333 0.2531428133333333
0.744633 0.2666116066666666
0.749971 0.27046598
0.755347 0.26304886
0.760762 0.12736941999999998
0.766215 0.17607100666666667
0.771708 0.2679630333333333
0.77724 0.2753150333333333
0.782811 0.2747047266666667
0.788423 0.26508316
0.794075 0.26158097999999996
0.799767 0.2613026
0.8055 0.2630085133333333
0.811274 0.24367647333333334
0.81709 0.20823735333333332
0.822947 0.22681685333333335
0.828846 0.23505900666666668
0.834788 0.24841993333333334
0.840772 0.2632651733333333
0.846799 0.27479592666666663
0.852869 0.27492726666666667
0.858983 0.27784344
0.86514 0.27942724666666663
0.871342 0.27974814666666664
0.877588 0.2789845333333333
0.883879 0.27623326
0.890215 0.26676372666666665
0.896596 0.21416341333333333
0.903024 0.20560176666666666
0.909497 0.19788420666666665
0.916017 0.19213344666666665
0.922583 0.2125379733333333
0.929196 0.15631520666666665
0.935857 0.10721342666666667
0.942566 0.11704191333333333
0.949323 0.12001631999999998
0.956128 0.13397556
0.962982 0.15961952
0.969885 0.20167427333333332
0.976837 0.20265561333333332
0.98384 0.23684892666666668
0.990892 0.2619424266666667
0.997995 0.26920495333333333
1.00515 0.26904111999999997
1.01235 0.27036837999999996
1.01961 0.2721706133333333
1.02692 0.2730647
1.03428 0.27614832
1.0417 0.27691422666666665
1.04916 0.27702921999999996
1.05668 0.2772608
1.06426 0.27564822
1.07189 0.27257117999999997
1.07957 0.26558284666666665
1.08731 0.2531014733333333
1.0951 0.23540924666666665
1.10295 0.20171318
1.11086 0.16341843333333333
1.11882 0.10533828
1.12684 0.09187141333333333
1.13492 0.10029343333333332
1.14306 0.10908834
1.15125 0.11328076666666666
1.1595 0.15096905333333333
1.16782 0.18946120666666666
1.17619 0.20592228666666668
1.18462 0.2030511133333333
1.19311 0.21405176666666664
1.20166 0.2120416533333333
1.21028 0.21812672666666666
1.21895 0.22879008
1.22769 0.2424941
1.23649 0.25672198
1.24536 0.2606690466666667
1.25428 0.25460178666666666
1.26327 0.22672978666666666
1.27233 0.22438189999999997
1.28145 0.24732213333333333
1.29064 0.24104777333333333
1.29989 0.22192553333333334
1.30921 0.19373640666666664
1.31859 0.1706681
1.32804 0.13910941333333332
1.33756 0.11412942666666666
1.34715 0.07992317333333333
1.35681 0.05332686266666667
1.36653 0.04522853266666666
1.37633 0.04875976666666666
1.3862 0.04838588666666666
1.39613 0.049624806
1.40614 0.050729109333333335
1.41622 0.05212210933333333
1.42637 0.04971683
1.4366 0.041272477333333335
1.4469 0.041680935333333335
1.45727 0.04922553733333333
1.46771 0.04044321533333333
1.47824 0.04265547
1.48883 0.062393352666666665
1.49951 0.09784518666666665
1.51025 0.12327785333333333
1.52108 0.14419975333333332
1.53198 0.15791948666666666
1.54297 0.16937587333333332
1.55403 0.18008394
1.56517 0.1757057333333333
1.57639 0.16270626666666665
1.58769 0.18444706666666666
1.59907 0.1756160933333333
1.61053 0.17449236666666668
1.62208 0.19416159333333333
1.6337 0.19116912
1.64541 0.18646586666666667
1.65721 0.19133834666666666
1.66909 0.19140562
1.68105 0.19775882
1.6931 0.19156382666666666
1.70524 0.18330427999999999
1.71746 0.18181757999999998
1.72978 0.17043304666666664
1.74218 0.16252894666666667
1.75466 0.15658171999999998
1.76724 0.13617084
1.77991 0.10575712
1.79267 0.07699325333333333
