0.4 0.33377799333333336
0.402867 0.3342099866666666
0.405755 0.32634588
0.408664 0.3247210133333333
0.411593 0.3243715466666667
0.414544 0.3231303533333333
0.417515 0.32193814666666665
0.420508 0.3233051533333333
0.423523 0.32189408666666663
0.426559 0.3193436866666667
0.429617 0.31472592666666666
0.432696 0.3138244
0.435798 0.3145692333333333
0.438922 0.3123794133333333
0.442068 0.30947734666666665
0.445237 0.31061678
0.448429 0.3090073933333333
0.451643 0.30756616
0.454881 0.30587544
0.458142 0.30448649333333333
0.461426 0.3028426133333333
0.464734 0.3033200133333333
0.468065 0.2999604933333333
0.47142 0.29773578
0.4748 0.29693574666666667
0.478203 0.29299048666666666
0.481631 0.29222364
0.485084 0.2895093333333333
0.488561 0.28826716666666663
0.492063 0.28815055999999994
0.49559 0.28509157333333335
0.499143 0.28214436
0.502721 0.27806740666666663
0.506325 0.2750443066666667
0.509954 0.27504038666666664
0.51361 0.27483952666666667
0.517292 0.27221238666666664
0.521 0.27075415999999997
0.524735 0.26799264666666667
0.528496 0.26518467999999995
0.532285 0.2615512133333333
0.5361 0.25958931333333335
0.539943 0.2576923333333333
0.543814 0.2556982933333333
0.547712 0.25422806666666664
0.551638 0.25309330666666663
0.555593 0.24922851999999998
0.559575 0.2463259733333333
0.563587 0.24278413333333332
0.567627 0.23693130666666665
0.571696 0.23411170666666664
0.575794 0.23640455333333332
0.579921 0.23821812
0.584078 0.23873058666666663
0.588265 0.22983312
0.592482 0.22511618666666666
0.596729 0.22818297999999998
0.601007 0.23170199333333333
0.605315 0.23244082
0.609654 0.23437809999999998
0.614025 0.23727286666666664
0.618426 0.24072976000000001
0.622859 0.24329991333333334
0.627324 0.23847691333333332
0.631821 0.24067910666666664
0.63635 0.24598782
0.640912 0.2487320733333333
0.645506 0.24544323999999998
0.650134 0.24368821333333335
0.654794 0.24805918
0.659488 0.25469445999999996
0.664215 0.25631344666666667
0.668977 0.2587415133333333
0.673772 0.26110295333333333
0.678602 0.2626075133333333
0.683467 0.25897306666666664
0.688366 0.21470202666666666
0.6933 0.23888495333333332
0.69827 0.25251776666666664
0.703276 0.2546249933333333
0.708317 0.26399501999999997
0.713395 0.26329272666666664
0.718509 0.22035828666666668
0.723659 0.2265062
0.728847 0.23717853333333333
0.734071 0.26347827999999995
0.739333 0.2801018733333333
0.744633 0.29438328666666663
0.749971 0.2983712333333333
0.755347 0.29000198
0.760762 0.14116999333333333
0.766215 0.1946036733333333
0.771708 0.2951942266666666
0.77724 0.3034144933333333
0.782811 0.30285514666666663
0.788423 0.29238491333333333
0.794075 0.28858472
0.799767 0.2882281733333333
0.8055 0.29005170666666663
0.811274 0.26929514
0.81709 0.2313908
0.822947 0.25125702
0.828846 0.26009931999999997
0.834788 0.2744780133333333
0.840772 0.2905667066666666
0.846799 0.30320838666666666
0.852869 0.30336240666666664
0.858983 0.3066444133333333
0.86514 0.3084854533333333
0.871342 0.30888457999999996
0.877588 0.3080185333333333
0.883879 0.3049050533333333
0.890215 0.29451805999999997
0.896596 0.2377406
0.903024 0.22852938
0.909497 0.22033483999999998
0.916017 0.21425171999999998
0.922583 0.23611034
0.929196 0.17612097333333332
0.935857 0.12356039333333332
0.942566 0.13400468666666665
0.949323 0.1372755
0.956128 0.15235862
0.962982 0.1798506
0.969885 0.22470287333333333
0.976837 0.22576742
0.98384 0.26266316
0.990892 0.29016034
0.997995 0.2982323866666666
1.00515 0.2980378733333333
1.01235 0.29947144666666664
1.01961 0.30134552666666664
1.02692 0.3022022533333333
1.03428 0.30543247333333334
1.0417 0.30615815999999996
1.04916 0.30618636
1.05668 0.3063417333333333
1.06426 0.30446838666666665
1.07189 0.3010505333333333
1.07957 0.2934035933333333
1.08731 0.27978729999999996
1.0951 0.26061295333333334
1.10295 0.22426607333333332
1.11086 0.18347779999999997
1.11882 0.12132928
1.12684 0.10681562666666666
1.13492 0.11575095333333332
1.14306 0.12514427333333333
1.15125 0.12969458
1.1595 0.17023168
1.16782 0.21156392000000002
1.17619 0.22935708666666665
1.18462 0.2261664
1.19311 0.23811888666666664
1.20166 0.23591630666666666
1.21028 0.24259155999999998
1.21895 0.25422614
1.22769 0.2694042133333333
1.23649 0.2851122466666667
1.24536 0.28940014
1.25428 0.28253890666666664
1.26327 0.2514060933333333
1.27233 0.24884002
1.28145 0.2744948466666667
1.29064 0.2676610133333333
1.29989 0.24671237333333332
1.30921 0.21612537999999998
1.31859 0.19128028666666666
1.32804 0.15737962
1.33756 0.13050428666666666
1.34715 0.09385904
1.35681 0.06450550066666666
1.36653 0.055095396666666664
1.37633 0.05920067799999999
1.3862 0.05875070466666666
1.39613 0.06019382799999999
1.40614 0.06148975866666666
1.41622 0.06300207733333332
1.42637 0.05982465066666666
1.4366 0.049665803999999994
1.4469 0.04981685266666667
1.45727 0.05750881533333333
1.46771 0.04747675933333333
1.47824 0.04942152133333333
1.48883 0.07073494666666666
1.49951 0.10975698
1.51025 0.1379422
1.52108 0.16129164
1.53198 0.1765965333333333
1.54297 0.18949226666666666
1.55403 0.20153103333333333
1.56517 0.19647364666666667
1.57639 0.1816937133333333
1.58769 0.20636369333333332
1.59907 0.19624712666666666
1.61053 0.1949071
1.62208 0.21702170666666667
1.6337 0.21364360666666665
1.64541 0.2083185
1.65721 0.21371835333333333
1.66909 0.21381142
1.68105 0.22099400666666663
1.6931 0.21408001333333332
1.70524 0.2049218333333333
1.71746 0.20342891333333335
1.72978 0.19079846
1.74218 0.18204109333333332
1.75466 0.17550497999999998
1.76724 0.15322653333333333
1.77991 0.12006471333333332
1.79267 0.08895267333333332
