0.4 0.27704833333333334
0.402867 0.27624689999999996
0.405755 0.26905798666666664
0.408664 0.2667744333333333
0.411593 0.2654592866666666
0.414544 0.26346102666666665
0.417515 0.26164016
0.420508 0.2617985133333333
0.423523 0.25986752
0.426559 0.2570897533333333
0.429617 0.25273179999999995
0.432696 0.25134752666666665
0.435798 0.25139307333333333
0.438922 0.24909997333333334
0.442068 0.24592827333333334
0.445237 0.24572594666666664
0.448429 0.24309962
0.451643 0.2411276
0.454881 0.23959608666666665
0.458142 0.23830653999999998
0.461426 0.23665390666666666
0.464734 0.23645189333333333
0.468065 0.23342042
0.47142 0.23156038
0.4748 0.23095816666666663
0.478203 0.2278838333333333
0.481631 0.22657248666666666
0.485084 0.22354663999999996
0.488561 0.2218564733333333
0.492063 0.22156369999999997
0.49559 0.21936756666666668
0.499143 0.21754734
0.502721 0.21516622666666665
0.506325 0.21333522
0.509954 0.21339288
0.51361 0.21305027999999998
0.517292 0.2110106
0.521 0.21022866666666665
0.524735 0.20896884666666665
0.528496 0.20760945999999997
0.532285 0.20535686
0.5361 0.20424816666666668
0.539943 0.2027844533333333
0.543814 0.20096222666666666
0.547712 0.19938154
0.551638 0.19857479333333333
0.555593 0.19618064000000002
0.559575 0.19447343333333333
0.563587 0.19198999333333333
0.567627 0.18783874
0.571696 0.1858235133333333
0.575794 0.18730147999999996
0.579921 0.18840632000000002
0.584078 0.18847841999999998
0.588265 0.18184128
0.592482 0.17842019999999997
0.596729 0.18073277333333332
0.601007 0.18288910666666663
0.605315 0.18248906
0.609654 0.18318225333333332
0.614025 0.18445125333333334
0.618426 0.18603657333333334
0.622859 0.18702742666666666
0.627324 0.18325434
0.631821 0.18390741333333332
0.63635 0.18674858
0.640912 0.18810903999999998
0.645506 0.18542102
0.650134 0.18354785333333334
0.654794 0.18582845333333334
0.659488 0.18948931333333333
0.664215 0.18964834666666666
0.668977 0.19056639999999997
0.673772 0.1916034533333333
0.678602 0.19183158666666666
0.683467 0.18900505999999997
0.688366 0.16137160666666667
0.6933 0.17594065333333334
0.69827 0.18470420666666665
0.703276 0.18710859333333332
0.708317 0.19461243333333333
0.713395 0.19540947999999997
0.718509 0.16571172
0.723659 0.1718479
0.728847 0.18212482
0.734071 0.20368711333333334
0.739333 0.21751367333333332
0.744633 0.2288443933333333
0.749971 0.23231722666666665
0.755347 0.22708164666666666
0.760762 0.11841362666666666
0.766215 0.16082807999999998
0.771708 0.23165446666666667
0.77724 0.23709518666666665
0.782811 0.23673342
0.788423 0.22948363333333333
0.794075 0.22664336666666665
0.799767 0.22641061333333334
0.8055 0.2272300333333333
0.811274 0.21097706666666666
0.81709 0.18096127333333334
0.822947 0.1968978
0.828846 0.20412949333333333
0.834788 0.21525436
0.840772 0.22711016666666664
0.846799 0.23565242666666666
0.852869 0.23563309333333332
0.858983 0.23717653333333333
0.86514 0.23774841333333332
0.871342 0.23775763333333333
0.877588 0.23715915333333332
0.883879 0.23520597999999998
0.890215 0.22801307333333332
0.896596 0.18530691999999999
0.903024 0.17852286666666664
0.909497 0.17175772
0.916017 0.16717246
0.922583 0.18487732666666667
0.929196 0.13378997999999998
0.935857 0.08659252666666667
0.942566 0.09699461999999999
0.949323 0.09964029999999999
0.956128 0.11295159333333334
0.962982 0.13681380666666665
0.969885 0.17396781333333333
0.976837 0.17455062666666665
0.98384 0.20206528666666668
0.990892 0.22061386666666666
0.997995 0.22535797999999999
1.00515 0.22519915333333332
1.01235 0.22618416
1.01961 0.22771416666666666
1.02692 0.22861506
1.03428 0.23095076666666664
1.0417 0.23150954
1.04916 0.23163703333333333
1.05668 0.23172726666666665
1.06426 0.2306373333333333
1.07189 0.22834144666666667
1.07957 0.223225
1.08731 0.21382598666666666
1.0951 0.20015723333333335
1.10295 0.17327418
1.11086 0.13926523999999998
1.11882 0.08370809333333332
1.12684 0.07044481333333333
1.13492 0.07921581333333333
1.14306 0.08809484666666667
1.15125 0.09183287333333334
1.1595 0.12690747333333333
1.16782 0.16022631999999998
1.17619 0.17313119333333332
1.18462 0.17126578666666664
1.19311 0.17976930666666668
1.20166 0.17775647333333333
1.21028 0.18171664666666668
1.21895 0.18956847999999998
1.22769 0.19877284666666664
1.23649 0.20793187333333332
1.24536 0.21038746666666666
1.25428 0.20680681999999997
1.26327 0.18902590666666666
1.27233 0.18732451333333333
1.28145 0.2023061
1.29064 0.19758468666666665
1.29989 0.18310948666666665
1.30921 0.16084528666666664
1.31859 0.14168925999999998
1.32804 0.11360662666666667
1.33756 0.09072476666666665
1.34715 0.05601863733333333
1.35681 0.03190451266666666
1.36653 0.026476026
1.37633 0.028685634
1.3862 0.028189788666666667
1.39613 0.028659834666666665
1.40614 0.028343204
1.41622 0.027825831999999998
1.42637 0.026524928666666663
1.4366 0.02182931466666667
1.4469 0.022926643333333333
1.45727 0.03160778
1.46771 0.025540157999999997
1.47824 0.029501654000000002
1.48883 0.04777205999999999
1.49951 0.07622835333333333
1.51025 0.09505695333333333
1.52108 0.11006816
1.53198 0.12007565333333332
1.54297 0.12759731333333332
1.55403 0.1340617
1.56517 0.13222169333333333
1.57639 0.12543568
1.58769 0.13838336666666667
1.59907 0.13401275333333332
1.61053 0.13409408
1.62208 0.14621057999999998
1.6337 0.14479914666666666
1.64541 0.14249355333333333
1.65721 0.14589252
1.66909 0.14594002666666667
1.68105 0.14971951333333333
1.6931 0.14575866666666665
1.70524 0.14020443333333332
1.71746 0.13835798
1.72978 0.13025868666666665
1.74218 0.12424682
1.75466 0.11973083333333334
1.76724 0.10397827333333333
1.77991 0.07880920666666666
1.79267 0.05293110133333333
