0.4 0.007807050678829061
0.402867 0.007926933662773101
0.405755 0.007907147753387462
0.408664 0.008004676267159403
0.411593 0.008118405076941972
0.414544 0.008238080342984812
0.417515 0.008327782454307453
0.420508 0.008510207513005656
0.423523 0.008634483177968109
0.426559 0.008687438774032384
0.429617 0.008724415961011865
0.432696 0.008881248360647093
0.435798 0.009053751418151967
0.438922 0.009178840101748176
0.442068 0.009280843193500943
0.445237 0.00946034404889426
0.448429 0.009585080490537957
0.451643 0.009690032723078973
0.454881 0.009802627444129481
0.458142 0.009917755020024361
0.461426 0.01004990157817348
0.464734 0.010231912617971744
0.468065 0.010325400976058276
0.47142 0.010434576994844015
0.4748 0.010561519553623921
0.478203 0.010594404442907324
0.481631 0.010717279641474512
0.485084 0.010816166397948296
0.488561 0.010964068628114889
0.492063 0.011087112438075277
0.49559 0.011084649011451633
0.499143 0.011074942096052318
0.502721 0.011000570869388491
0.506325 0.010967076428665143
0.509954 0.01109178849958646
0.51361 0.011258049534977107
0.517292 0.01131958050813307
0.521 0.011342019709072507
0.524735 0.011203751565518586
0.528496 0.011059274271987602
0.532285 0.010947897520295015
0.5361 0.010939309107700659
0.539943 0.010892945508659182
0.543814 0.010869541963902853
0.547712 0.010960938407191761
0.551638 0.010988320047305584
0.555593 0.010781026650083929
0.559575 0.010585664421749335
0.563587 0.010330362968486665
0.567627 0.009900772310473194
0.571696 0.009783810979409606
0.575794 0.010133225928125857
0.579921 0.010494874696095446
0.584078 0.010713736251792927
0.588265 0.01003689838088227
0.592482 0.009689971512892534
0.596729 0.010087847926438232
0.601007 0.010885561463159096
0.605315 0.011577944737761591
0.609654 0.012116869824256258
0.614025 0.012833597750231568
0.618426 0.013674463901630341
0.622859 0.014424486768462093
0.627324 0.014288224958796978
0.631821 0.015110716435664102
0.63635 0.016628587935844756
0.640912 0.01770006658183467
0.645506 0.017468408696605705
0.650134 0.017639625773434392
0.654794 0.018907426174107414
0.659488 0.020941117048924308
0.664215 0.022258063561697305
0.668977 0.02339732682155761
0.673772 0.024379485919890125
0.678602 0.02523204520056203
0.683467 0.025056432608910002
0.688366 0.017161690403354496
0.6933 0.020814906745337716
0.69827 0.023754634483758467
0.703276 0.024144598063804576
0.708317 0.026181352281748303
0.713395 0.026101736532304794
0.718509 0.018273156303918084
0.723659 0.019069662072978767
0.728847 0.020397881745134617
0.734071 0.025484354722582047
0.739333 0.029673139792503574
0.744633 0.034141693104052975
0.749971 0.03564116980968699
0.755347 0.03406560827554937
0.760762 0.011723628665430788
0.766215 0.016905066129951577
0.771708 0.03549606766216945
0.77724 0.03834908295346628
0.782811 0.038417048930852044
0.788423 0.035206090071528584
0.794075 0.03427895694714052
0.799767 0.033889263428704026
0.8055 0.034767884646534936
0.811274 0.03015201881962439
0.81709 0.022489285891108886
0.822947 0.026241581688300975
0.828846 0.02770558935793803
0.834788 0.0319961825538333
0.840772 0.03726451496251536
0.846799 0.0422041826756837
0.852869 0.04253340563076818
0.858983 0.04433958787753123
0.86514 0.045607403864131354
0.871342 0.046030162218464156
0.877588 0.04582580804371351
0.883879 0.04468713704908309
0.890215 0.04125534543935444
0.896596 0.026123408905630793
0.903024 0.02336013709920855
0.909497 0.022252064396665383
0.916017 0.02103878016843031
0.922583 0.024731542258179477
0.929196 0.016834015839282512
0.935857 0.012579666441651437
0.942566 0.01304537394346834
0.949323 0.013346184603586789
0.956128 0.01441592527701455
0.962982 0.01681713656361121
0.969885 0.02340076309341293
0.976837 0.023799968278089223
0.98384 0.03344421719861492
0.990892 0.04323596254844158
0.997995 0.047313753997096746
1.00515 0.047473872476926124
1.01235 0.04822569225946253
1.01961 0.049243529811976154
1.02692 0.049767324647200885
1.03428 0.051452186037399594
1.0417 0.05200825507694581
1.04916 0.05211661977738075
1.05668 0.052285302015701626
1.06426 0.0513571600567593
1.07189 0.04988991221456792
1.07957 0.0468276374321906
1.08731 0.041920943873160886
1.0951 0.03564403478646889
1.10295 0.025327561146074325
1.11086 0.018480016412366296
1.11882 0.013147259148936115
1.12684 0.012109844538460018
1.13492 0.01255017333348599
1.14306 0.013139704791759873
1.15125 0.013398924263715572
1.1595 0.01675844818017821
1.16782 0.023435699090702998
1.17619 0.02872660927338546
1.18462 0.027333627807075583
1.19311 0.031042048936094184
1.20166 0.030701479426079235
1.21028 0.03334386083090564
1.21895 0.037660621381503216
1.22769 0.044080901160901936
1.23649 0.0517902136243944
1.24536 0.054479930906732976
1.25428 0.05171498177117404
1.26327 0.03977896424388111
1.27233 0.038920494212891024
1.28145 0.04744697966816233
1.29064 0.04395710072502586
1.29989 0.03618707115715265
1.30921 0.02683097542365537
1.31859 0.020898384687517174
1.32804 0.016513890248157408
1.33756 0.014041940672814224
1.34715 0.011958692784182838
1.35681 0.008615170797385888
1.36653 0.006726204040509184
1.37633 0.007627417768126113
1.3862 0.0077214751542421245
1.39613 0.008208633992600672
1.40614 0.009072614357272657
1.41622 0.01054399388704861
1.42637 0.01049122588887055
1.4366 0.00902278869875102
1.4469 0.01042439938444621
1.45727 0.011632503984034445
1.46771 0.010891894733791995
1.47824 0.011027655810126385
1.48883 0.012816976067428192
1.49951 0.018441011637961052
1.51025 0.026415365909013656
1.52108 0.03455708073176885
1.53198 0.039801546835349894
1.54297 0.045554040483537984
1.55403 0.05194813307159989
1.56517 0.04783014410004542
1.57639 0.03878895748956234
1.58769 0.05013827821365055
1.59907 0.04360954588586414
1.61053 0.041709051777302567
1.62208 0.051794288635880426
1.6337 0.04932728858422395
1.64541 0.045661892265281015
1.65721 0.04729006905551109
1.66909 0.047066371328324016
1.68105 0.050250865283427766
1.6931 0.04599485867667497
1.70524 0.040426902405378176
1.71746 0.040244428038474236
1.72978 0.03425301913063736
1.74218 0.03063005620668168
1.75466 0.02769748892655222
1.76724 0.02126605727462156
1.77991 0.016019822026624164
1.79267 0.013382213599437465
