0.4 0.39051662906122636
0.402867 0.38919853149135436
0.405755 0.3784294729310192
0.408664 0.3749447661264774
0.411593 0.3730118392764676
0.414544 0.37034473726899025
0.417515 0.3676656978382874
0.420508 0.36796835830267743
0.423523 0.3649996260597345
0.426559 0.3609035492758471
0.429617 0.35464136419428993
0.432696 0.35234321646474426
0.435798 0.35212113124421546
0.438922 0.3485392237583987
0.442068 0.3437547744717947
0.445237 0.3432042069022742
0.448429 0.3392543281092426
0.451643 0.33659560025614194
0.454881 0.3351470889367335
0.458142 0.33383194973065367
0.461426 0.3312687023600734
0.464734 0.3305790538857531
0.468065 0.325719123790061
0.47142 0.32304137923424486
0.4748 0.3224150851129571
0.478203 0.3183333748241628
0.481631 0.316327793205876
0.485084 0.31169899355163644
0.488561 0.309149848030187
0.492063 0.3086933715518852
0.49559 0.30569670970828416
0.499143 0.303329687867065
0.502721 0.30033081433935094
0.506325 0.2979840190109602
0.509954 0.2981229203345714
0.51361 0.2977488716218665
0.517292 0.29490504282146035
0.521 0.2935418136633845
0.524735 0.29127665216270404
0.528496 0.28908096022711216
0.532285 0.2856219429841909
0.5361 0.2838386734258291
0.539943 0.28161113890999456
0.543814 0.2789560404872332
0.547712 0.2764640301387036
0.551638 0.27509790877832613
0.555593 0.27155822177512845
0.559575 0.2690411456733179
0.563587 0.26564219361218416
0.567627 0.2601835492851265
0.571696 0.257613553442509
0.575794 0.25961016545300414
0.579921 0.2611211899293508
0.584078 0.26126689643484813
0.588265 0.25247703996134924
0.592482 0.2479095531055763
0.596729 0.25101482376175327
0.601007 0.25389815097202406
0.605315 0.25326364337426527
0.609654 0.25417806133530274
0.614025 0.2559327680330255
0.618426 0.2581715500022553
0.622859 0.2595436826066323
0.627324 0.2542059058711873
0.631821 0.254994380709122
0.63635 0.2588383255041246
0.640912 0.26061978034731675
0.645506 0.2568164303525939
0.650134 0.254128600895288
0.654794 0.2571265009039267
0.659488 0.2621233663817962
0.664215 0.26250047742634985
0.668977 0.26390897049561063
0.673772 0.2654104677173165
0.678602 0.26572009404149843
0.683467 0.2617320306167719
0.688366 0.22306314406912328
0.6933 0.24366416874077673
0.69827 0.25601521470190547
0.703276 0.2596583877279813
0.708317 0.27024912216797264
0.713395 0.27156927074405207
0.718509 0.23045776812639804
0.723659 0.23914698352111285
0.728847 0.2540441504784082
0.734071 0.2844852507697944
0.739333 0.3040801009446444
0.744633 0.32033657462878945
0.749971 0.3257248420331737
0.755347 0.31865202746598553
0.760762 0.1645238163835154
0.766215 0.22454019934588781
0.771708 0.3251342562135056
0.77724 0.3328370037839624
0.782811 0.3323305092187968
0.788423 0.3222130940822757
0.794075 0.3181880274810428
0.799767 0.31789009283740705
0.8055 0.319207594953864
0.811274 0.2965485320535507
0.81709 0.2540879304818763
0.822947 0.27683062150625815
0.828846 0.28710718338250196
0.834788 0.30271931031007776
0.840772 0.3191163960649471
0.846799 0.3306819539068578
0.852869 0.3305564550109059
0.858983 0.33258976774537913
0.86514 0.3333565132594855
0.871342 0.33364555390846157
0.877588 0.3332113171426296
0.883879 0.3309317324370069
0.890215 0.3210075561111302
0.896596 0.2605966238256206
0.903024 0.2511675906434576
0.909497 0.2415973877437214
0.916017 0.2351619729765936
0.922583 0.2605521444006809
0.929196 0.18676232849490126
0.935857 0.11794245979197444
0.942566 0.13332329560019202
0.949323 0.1371596790819877
0.956128 0.15663969181250753
0.962982 0.1914167042910632
0.969885 0.2451657132206902
0.976837 0.24615581992692903
0.98384 0.28575383118980263
0.990892 0.31230581729141643
0.997995 0.31906582033123426
1.00515 0.31890825201564355
1.01235 0.32033754814786486
1.01961 0.32278156306081357
1.02692 0.32440828508086755
1.03428 0.32804562644413254
1.0417 0.32887290027046034
1.04916 0.3289699308221882
1.05668 0.3290062345772229
1.06426 0.3274213171675616
1.07189 0.32416593554094425
1.07957 0.31692713124558114
1.08731 0.3035606859855364
1.0951 0.2841180828521078
1.10295 0.24581406747325918
1.11086 0.19658606222646555
1.11882 0.11513978343869696
1.12684 0.09563958200191466
1.13492 0.108780605611978
1.14306 0.12212795855617518
1.15125 0.12771257436126016
1.1595 0.17950612372752067
1.16782 0.2283097313672928
1.17619 0.24710784596952942
1.18462 0.24464771600780852
1.19311 0.25713522476903916
1.20166 0.2543629921530611
1.21028 0.2604256247274461
1.21895 0.2720865685354621
1.22769 0.285526434146746
1.23649 0.29883396732526724
1.24536 0.3025293984772444
1.25428 0.29757368544650364
1.26327 0.2718838875349506
1.27233 0.2694781423184704
1.28145 0.29137588494690336
1.29064 0.28464854678013946
1.29989 0.2636175196780498
1.30921 0.23116352219784905
1.31859 0.20314627646807357
1.32804 0.16179898374970317
1.33756 0.12795355341316472
1.34715 0.07506422420794208
1.35681 0.039293257259889434
1.36653 0.03232524249374916
1.37633 0.03508291296565488
1.3862 0.03449982135253899
1.39613 0.03519895360394905
1.40614 0.03510027185044967
1.41622 0.03558402765647378
1.42637 0.035645658975259245
1.4366 0.030419894588497417
1.4469 0.03370955448337421
1.45727 0.048576045192989074
1.46771 0.03957254665032104
1.47824 0.046309220203403105
1.48883 0.07480495433938995
1.49951 0.11773751039750083
1.51025 0.14571397229416652
1.52108 0.16784451830459904
1.53198 0.18239877025631898
1.54297 0.19322392430900798
1.55403 0.20248530427409053
1.56517 0.19949615648548885
1.57639 0.18911758304244217
1.58769 0.20822528616229471
1.59907 0.20151969622264215
1.61053 0.20147394082609876
1.62208 0.21940973491529356
1.6337 0.2172752423584702
1.64541 0.2137500541733469
1.65721 0.21864883996728104
1.66909 0.21854233887076158
1.68105 0.2240134215580446
1.6931 0.21811622106498552
1.70524 0.2098267155896716
1.71746 0.20691540206889367
1.72978 0.19488618450113457
1.74218 0.18592189798359346
1.75466 0.17917006116203907
1.76724 0.15577586848846584
1.77991 0.11797275230300966
1.79267 0.07844122861232863
