0.4 0.42753369724435963
0.402867 0.4251319094500485
0.405755 0.41131210722079864
0.408664 0.4064874518270693
0.411593 0.40426664235952603
0.414544 0.40142359864483906
0.417515 0.3991151899871927
0.420508 0.39999818182350644
0.423523 0.3970280192840945
0.426559 0.392622900011551
0.429617 0.38502524025558704
0.432696 0.3819811383997798
0.435798 0.38097822767217415
0.438922 0.3762282815877212
0.442068 0.37053362423758035
0.445237 0.37002594893128393
0.448429 0.3660802054115896
0.451643 0.3635906784284696
0.454881 0.3626283773254083
0.458142 0.3616004468291225
0.461426 0.35858353472193294
0.464734 0.3575381343871642
0.468065 0.35172097816958464
0.47142 0.34896066369002593
0.4748 0.3487212759032817
0.478203 0.3445429645337895
0.481631 0.3418028198677512
0.485084 0.33576921565133794
0.488561 0.3326219947489161
0.492063 0.33266350436513964
0.49559 0.3305832135984331
0.499143 0.3288044700437769
0.502721 0.32622595388340486
0.506325 0.32408718365736916
0.509954 0.32462446868990935
0.51361 0.32472099779745117
0.517292 0.32181988461964445
0.521 0.3196398347752588
0.524735 0.3157779204805228
0.528496 0.312238303205995
0.532285 0.3070822508761905
0.5361 0.3039602297407847
0.539943 0.3013836835621992
0.543814 0.2987494179172581
0.547712 0.2964173394784503
0.551638 0.2948372540871033
0.555593 0.2903765653283265
0.559575 0.2870468061135596
0.563587 0.2829744437645176
0.567627 0.277355025718753
0.571696 0.2749832676468026
0.575794 0.2771473176391146
0.579921 0.27889773145569297
0.584078 0.27926718803988826
0.588265 0.27102555423777563
0.592482 0.26669189430455603
0.596729 0.26972365627445144
0.601007 0.27214636387534885
0.605315 0.27109717357562024
0.609654 0.27202524499515146
0.614025 0.2738387982279754
0.618426 0.2760772775321525
0.622859 0.2773670656074384
0.627324 0.2708014863093919
0.631821 0.2709368850575651
0.63635 0.27457453142576643
0.640912 0.27631152536641806
0.645506 0.2720175850659712
0.650134 0.26884762437378973
0.654794 0.27169236807275954
0.659488 0.277380335484752
0.664215 0.2796925441072659
0.668977 0.28203357246332744
0.673772 0.28386370554286267
0.678602 0.2846706480822889
0.683467 0.2805559161249743
0.688366 0.23979074301869985
0.6933 0.2606998697037191
0.69827 0.2726340293666457
0.703276 0.27632905520434625
0.708317 0.2870970956486086
0.713395 0.2881855955849006
0.718509 0.2455375998862309
0.723659 0.2543087687925356
0.728847 0.2706142680403153
0.734071 0.30283192017255184
0.739333 0.3240610638988589
0.744633 0.3426023224759632
0.749971 0.3499606044450905
0.755347 0.343417314940964
0.760762 0.1783065314699484
0.766215 0.2422017407278609
0.771708 0.34826709010244894
0.77724 0.3549762780727639
0.782811 0.35353405140684635
0.788423 0.3427258513338792
0.794075 0.3387418681677289
0.799767 0.3388332173231618
0.8055 0.34157402198309816
0.811274 0.3195297357931771
0.81709 0.2756866211439596
0.822947 0.29950957088927654
0.828846 0.3100791731681956
0.834788 0.32568143891770884
0.840772 0.34170961072951467
0.846799 0.35252146076873614
0.852869 0.3519216463143106
0.858983 0.3535379013712516
0.86514 0.35404944664176835
0.871342 0.3549103786820356
0.877588 0.3553207448880017
0.883879 0.3538028089220533
0.890215 0.34357317349997624
0.896596 0.28031685833517916
0.903024 0.2704166098677606
0.909497 0.2603478029587463
0.916017 0.2535819155126454
0.922583 0.28010212032053583
0.929196 0.20189385339375843
0.935857 0.1285090218719897
0.942566 0.1447320918818675
0.949323 0.14863823576767962
0.956128 0.16916914594949325
0.962982 0.2059246661269468
0.969885 0.262494613110449
0.976837 0.2637623213898733
0.98384 0.3053882365381717
0.990892 0.33317737961411464
0.997995 0.33991893728515604
1.00515 0.3394405217083392
1.01235 0.3407402796914486
1.01961 0.34349939418210174
1.02692 0.3457080237622539
1.03428 0.35008220332085005
1.0417 0.3510655142296655
1.04916 0.3511639233198259
1.05668 0.35122644274180365
1.06426 0.34970747678537795
1.07189 0.3464684167320534
1.07957 0.33883552730180494
1.08731 0.3245002498383727
1.0951 0.3037997912241162
1.10295 0.26372596172603596
1.11086 0.21201509981794406
1.11882 0.12556030913426397
1.12684 0.10467142226211783
1.13492 0.11861691332931362
1.14306 0.13287480150824715
1.15125 0.13894076542547934
1.1595 0.1941066353903521
1.16782 0.24552730998136602
1.17619 0.2648473313584318
1.18462 0.2620145075492569
1.19311 0.274907418348066
1.20166 0.2719432657530892
1.21028 0.2782100078140304
1.21895 0.29024362655740976
1.22769 0.30405070890426106
1.23649 0.31765750310287305
1.24536 0.32148267773728506
1.25428 0.31651033370900855
1.26327 0.2898043106190979
1.27233 0.28730303374461136
1.28145 0.3103185709548474
1.29064 0.30333327553727923
1.29989 0.28125844962971264
1.30921 0.24714300504348438
1.31859 0.21771123715440166
1.32804 0.17426852880323443
1.33756 0.13860357854293498
1.34715 0.08202352765284827
1.35681 0.042913811241076606
1.36653 0.03521194744852936
1.37633 0.0382660832115683
1.3862 0.037630206090559566
1.39613 0.03842853170965343
1.40614 0.03836460730066548
1.41622 0.03904102104689351
1.42637 0.039235976244438496
1.4366 0.033574138590863736
1.4469 0.037208902985710376
1.45727 0.05333149292457501
1.46771 0.04352868055631265
1.47824 0.05074659182323487
1.48883 0.08106199954264032
1.49951 0.12606630445609265
1.51025 0.15503572661978504
1.52108 0.17779509619841463
1.53198 0.19255678971942433
1.54297 0.2033214901945663
1.55403 0.21248343548795445
1.56517 0.20930484487556075
1.57639 0.19871413279181202
1.58769 0.21871717785399378
1.59907 0.21210530898391672
1.61053 0.21215719850417306
1.62208 0.23065343749750508
1.6337 0.2284487878805562
1.64541 0.22491999050599323
1.65721 0.23013995224492437
1.66909 0.23008434275906092
1.68105 0.23587216924780804
1.6931 0.22995862392139235
1.70524 0.22139516309472607
1.71746 0.2183780909890157
1.72978 0.20591984617150957
1.74218 0.19678083066612445
1.75466 0.18988528441878186
1.76724 0.16562326873284167
1.77991 0.1261232839292899
1.79267 0.08449386881335043
