0.4 0.2107772196275402
0.402867 0.21015652385914146
0.405755 0.20437698539683535
0.408664 0.20243742716839946
0.411593 0.2012513349359464
0.414544 0.19971034687604963
0.417515 0.19820375509878216
0.420508 0.198525540539829
0.423523 0.19707667570060033
0.426559 0.19483267721437808
0.429617 0.19115254022518247
0.432696 0.1898838565499634
0.435798 0.18974165257244108
0.438922 0.18793293284406526
0.442068 0.18557517002255494
0.445237 0.18557181400637884
0.448429 0.18379638918762609
0.451643 0.18234739748867945
0.454881 0.18106495530040867
0.458142 0.1799429387582451
0.461426 0.17849372217161658
0.464734 0.17826797530344327
0.468065 0.17577735575908657
0.47142 0.1742850357000936
0.4748 0.17384469408622896
0.478203 0.17153874192681826
0.481631 0.17065457582319493
0.485084 0.16849403373236133
0.488561 0.1673185861835183
0.492063 0.16704648938747005
0.49559 0.1652455311672952
0.499143 0.16358817814789148
0.502721 0.1614036422713043
0.506325 0.15977584756619356
0.509954 0.15980240737806117
0.51361 0.15967242229792217
0.517292 0.15819179639838807
0.521 0.15743164143545632
0.524735 0.1560892580304326
0.528496 0.1548338254293933
0.532285 0.15296131256191808
0.5361 0.1520522819535676
0.539943 0.15110420738382854
0.543814 0.14993038594591615
0.547712 0.14904022283744214
0.551638 0.1485112985423116
0.555593 0.1465700738384893
0.559575 0.1451326090748278
0.563587 0.1431606151230407
0.567627 0.13989978986627655
0.571696 0.13829317496772028
0.575794 0.13943602533538926
0.579921 0.14029776610068145
0.584078 0.1403819778880273
0.588265 0.13529227950677844
0.592482 0.13264004068169524
0.596729 0.13441788160144078
0.601007 0.13626885138225997
0.605315 0.13620689770907154
0.609654 0.13684940758261474
0.614025 0.13796289569191852
0.618426 0.1393650588558723
0.622859 0.14025378037664185
0.627324 0.1373871255627427
0.631821 0.13803984764358454
0.63635 0.14035284628369482
0.640912 0.14145803661417156
0.645506 0.13939655466404016
0.650134 0.13802552402815269
0.654794 0.13986088429730759
0.659488 0.14265492345535588
0.664215 0.14254559921019766
0.668977 0.14323167386417074
0.673772 0.14410829758092417
0.678602 0.14445266981812507
0.683467 0.14242724485965852
0.688366 0.12074028198440567
0.6933 0.13269249717508647
0.69827 0.14015511234779532
0.703276 0.14237800022367292
0.708317 0.14858065044359953
0.713395 0.14933656713868004
0.718509 0.12585360510495583
0.723659 0.13054416244893455
0.728847 0.13836705922075113
0.734071 0.15551461233966626
0.739333 0.166785631209166
0.744633 0.17634941812468646
0.749971 0.17959803601676894
0.755347 0.17575696594259418
0.760762 0.0893995136910128
0.766215 0.12246115712442031
0.771708 0.1799123828652606
0.77724 0.18396941431027056
0.782811 0.18331215411133495
0.788423 0.17714922251584264
0.794075 0.17486379856534398
0.799767 0.1747453807849458
0.8055 0.1757675471963452
0.811274 0.16288892161594848
0.81709 0.13890912502939584
0.822947 0.1516917235696206
0.828846 0.15747752428891504
0.834788 0.1663850197524373
0.840772 0.17591456031044972
0.846799 0.1828373412522804
0.852869 0.18277451109376763
0.858983 0.18411871666564983
0.86514 0.18469492503748783
0.871342 0.18497501399576985
0.877588 0.18480647509406178
0.883879 0.18355017177404892
0.890215 0.17774797155302816
0.896596 0.14303436663823174
0.903024 0.1375028331582564
0.909497 0.1320113354520103
0.916017 0.12808947880287555
0.922583 0.14211807619420141
0.929196 0.10189920352740559
0.935857 0.0658540674798249
0.942566 0.07355531154843443
0.949323 0.07566452735063713
0.956128 0.08582228299851496
0.962982 0.10430132688575865
0.969885 0.13389752033727495
0.976837 0.13452417851241952
0.98384 0.1573998919078525
0.990892 0.17333074500417275
0.997995 0.17748677316002587
1.00515 0.17734143228765856
1.01235 0.1780904005300034
1.01961 0.17926243439916217
1.02692 0.17993436419457876
1.03428 0.1818761424680796
1.0417 0.18236663403500827
1.04916 0.1824827452750792
1.05668 0.18256407965336688
1.06426 0.18158197208110008
1.07189 0.1795986587826573
1.07957 0.17530299844174665
1.08731 0.1675215329005573
1.0951 0.15620575561600836
1.10295 0.13407186595425674
1.11086 0.10699242514900423
1.11882 0.06430048570974166
1.12684 0.05433521892505932
1.13492 0.06083663877337785
1.14306 0.06740741859587544
1.15125 0.07030694737578792
1.1595 0.09743817001138594
1.16782 0.12419302869544485
1.17619 0.13494499526241444
1.18462 0.13336167642116284
1.19311 0.14057693244283256
1.20166 0.13930354919169685
1.21028 0.14302228036691725
1.21895 0.14979998568851824
1.22769 0.15780971799318835
1.23649 0.1657558474483361
1.24536 0.1678456767790887
1.25428 0.16464485040258567
1.26327 0.1493977942516654
1.27233 0.14789638065743246
1.28145 0.16053175272857245
1.29064 0.15646961229673773
1.29989 0.14434205967673447
1.30921 0.1258369288183902
1.31859 0.11025025190334307
1.32804 0.08800748200544624
1.33756 0.07015032175486981
1.34715 0.044412934519374246
1.35681 0.026635540199663
1.36653 0.022328728312905454
1.37633 0.024122545484227285
1.3862 0.023763552087892298
1.39613 0.024186138530953274
1.40614 0.024085132823485112
1.41622 0.023767558548440634
1.42637 0.02245045770857837
1.4366 0.018370653790918023
1.4469 0.018846008686949463
1.45727 0.02491288844696134
1.46771 0.020070823695050526
1.47824 0.022714820098274482
1.48883 0.036560660496680365
1.49951 0.05918880599917462
1.51025 0.07462101390850957
1.52108 0.08699740763171218
1.53198 0.09526856321706648
1.54297 0.10165064497539633
1.55403 0.10722871867282363
1.56517 0.10564568814911295
1.57639 0.09991712422803783
1.58769 0.11111326126581521
1.59907 0.10740152467413704
1.61053 0.10744640994890423
1.62208 0.11779935080562005
1.6337 0.11657418578002435
1.64541 0.11465134420260976
1.65721 0.11763790451541808
1.66909 0.11772549538434329
1.68105 0.12099507396164917
1.6931 0.11759586781795499
1.70524 0.11291562647558963
1.71746 0.11157168615584505
1.72978 0.10484165125645634
1.74218 0.09996219402603121
1.75466 0.09624485254135795
1.76724 0.08315573785705235
1.77991 0.06281254807737036
1.79267 0.042525467774322756
