0.4 0.025192392053173685
0.402867 0.025418506540648596
0.405755 0.025089853001278306
0.408664 0.025217481913123778
0.411593 0.025432682126218627
0.414544 0.025611313034578236
0.417515 0.025749622277316427
0.420508 0.026118363538820792
0.423523 0.026288685978971302
0.426559 0.026308923248763025
0.429617 0.026200628260570014
0.432696 0.026454359660912814
0.435798 0.026791998019960583
0.438922 0.026932359479825415
0.442068 0.026976162502491238
0.445237 0.027307340778507175
0.448429 0.02741332644336468
0.451643 0.027509778332044692
0.454881 0.027597405223825713
0.458142 0.02770239489165787
0.461426 0.02781717312560424
0.464734 0.028118137947669933
0.468065 0.028089474079789355
0.47142 0.028143054087208626
0.4748 0.028308009724783034
0.478203 0.028172445264544925
0.481631 0.02830854709992229
0.485084 0.028269214482509755
0.488561 0.028386656429430883
0.492063 0.028567429889531065
0.49559 0.02843955776910963
0.499143 0.028292011233029404
0.502721 0.027961828954038814
0.506325 0.027765501726438185
0.509954 0.02793428847815194
0.51361 0.028096121780865495
0.517292 0.027968604050083314
0.521 0.02791835947456287
0.524735 0.02763629080071292
0.528496 0.027378637951616838
0.532285 0.027113684212697758
0.5361 0.02704972962230983
0.539943 0.026938187220559757
0.543814 0.026849805224057197
0.547712 0.026936037720002734
0.551638 0.026974353493940558
0.555593 0.026598922838461315
0.559575 0.026289089010325745
0.563587 0.025855777030041025
0.567627 0.025063862111461097
0.571696 0.024784128239940324
0.575794 0.025319020335449506
0.579921 0.02581723426143231
0.584078 0.026059889248344417
0.588265 0.024553378891889327
0.592482 0.023776644820993384
0.596729 0.024576729231453293
0.601007 0.025905264184567775
0.605315 0.026713399957027924
0.609654 0.027335995381299147
0.614025 0.028152034274341802
0.618426 0.029091217776343724
0.622859 0.029859349212467266
0.627324 0.02922871632382872
0.631821 0.029984532140920263
0.63635 0.031638239276360634
0.640912 0.032654950723561005
0.645506 0.032029200536618806
0.650134 0.03186755485194956
0.654794 0.03320208894993763
0.659488 0.035273324987219225
0.664215 0.036249763410513364
0.668977 0.037134558526114976
0.673772 0.03790429282256768
0.678602 0.03850060550673055
0.683467 0.037900843893333404
0.688366 0.028202762950742005
0.6933 0.03267633686434011
0.69827 0.03581589552491217
0.703276 0.036104470607236996
0.708317 0.03832289879095957
0.713395 0.03792494238880246
0.718509 0.027648022719162627
0.723659 0.028785905311448794
0.728847 0.03057539926925386
0.734071 0.036479387050298503
0.739333 0.04051865761913084
0.744633 0.04438025390000234
0.749971 0.04560127213236686
0.755347 0.043833810555271295
0.760762 0.017230601918447202
0.766215 0.02449439733781167
0.771708 0.04505392080895225
0.77724 0.04773325240683376
0.782811 0.047732219349453986
0.788423 0.04447021559411254
0.794075 0.04344296279234857
0.799767 0.04312917740392175
0.8055 0.04384586906809443
0.811274 0.03883445212826554
0.81709 0.03033198917762021
0.822947 0.034746729778558375
0.828846 0.03666996992296226
0.834788 0.04062343882246933
0.840772 0.04558770341010064
0.846799 0.0501725649355121
0.852869 0.05040423615987957
0.858983 0.05203505852645852
0.86514 0.053109257532198535
0.871342 0.05337876737844053
0.877588 0.05312283783582551
0.883879 0.05202188357045814
0.890215 0.04865844794130996
0.896596 0.03318024650354459
0.903024 0.030562620395791464
0.909497 0.029001080045549965
0.916017 0.02742146813997884
0.922583 0.03194732031604681
0.929196 0.02079893868819373
0.935857 0.013343825443011688
0.942566 0.014335699735553748
0.949323 0.014794456891936673
0.956128 0.01675394808528211
0.962982 0.021055208722815088
0.969885 0.03013335262668407
0.976837 0.030514184828821702
0.98384 0.040320713633568143
0.990892 0.04953636604489238
0.997995 0.05307451344991904
1.00515 0.05314369355028181
1.01235 0.05376123486871744
1.01961 0.054531460214866365
1.02692 0.054872864832433234
1.03428 0.05620806833307322
1.0417 0.05656474644921015
1.04916 0.05660819044969242
1.05668 0.05668473629549844
1.06426 0.05592731298553343
1.07189 0.05459240828400105
1.07957 0.05178123910777394
1.08731 0.04723354448531293
1.0951 0.04130285703517258
1.10295 0.03102686387439353
1.11086 0.022525488181896338
1.11882 0.013524355694535913
1.12684 0.011821537335539058
1.13492 0.012695273873005538
1.14306 0.013665537346369754
1.15125 0.014241782775116845
1.1595 0.020190819501617868
1.16782 0.028850172598577237
1.17619 0.03398683500620723
1.18462 0.032798082444919587
1.19311 0.03633515278339559
1.20166 0.03598973869873367
1.21028 0.03840912433808865
1.21895 0.0423266354287086
1.22769 0.04801625685463311
1.23649 0.054532534965144874
1.24536 0.0565663886861659
1.25428 0.05416124117172904
1.26327 0.04388565567484875
1.27233 0.04307801558462912
1.28145 0.050659707080608504
1.29064 0.04753207722161907
1.29989 0.04034764492987905
1.30921 0.031423277639297434
1.31859 0.025309238718151758
1.32804 0.01895488216032253
1.33756 0.01469832233254148
1.34715 0.011010064741416789
1.35681 0.00784424997786611
1.36653 0.006514557120302863
1.37633 0.007131513348392909
1.3862 0.007149954580758001
1.39613 0.007444697664196295
1.40614 0.007915547845857419
1.41622 0.008642174001289887
1.42637 0.00844546319902089
1.4366 0.007213674301149721
1.4469 0.0077192502665403345
1.45727 0.008679201233029567
1.46771 0.007562063405763623
1.47824 0.007672289006795302
1.48883 0.010618526729392775
1.49951 0.01851306367055971
1.51025 0.026660422180368158
1.52108 0.03430252668661512
1.53198 0.03939559685234511
1.54297 0.04434925754606473
1.55403 0.04937304801172942
1.56517 0.04623314422660671
1.57639 0.03915657609643944
1.58769 0.04835649870357968
1.59907 0.04325143256437466
1.61053 0.041879265992733596
1.62208 0.05007595090778145
1.6337 0.04824059012882316
1.64541 0.04537612584665147
1.65721 0.046640224424770414
1.66909 0.04641420258818158
1.68105 0.04890043352557014
1.6931 0.045488747631224354
1.70524 0.04124547139260762
1.71746 0.04074055417501703
1.72978 0.03570086713357339
1.74218 0.032244919594675694
1.75466 0.029655153608366406
1.76724 0.023242371170148775
1.77991 0.016219731183105223
1.79267 0.011800304531976417
