0.4 0.2719466933333333
0.402867 0.2714128
0.405755 0.2643523533333333
0.408664 0.2621627133333333
0.411593 0.26101666
0.414544 0.2591251
0.417515 0.25765760666666665
0.420508 0.25805288
0.423523 0.2566925133333333
0.426559 0.25401856666666667
0.429617 0.24907733999999998
0.432696 0.24825163333333333
0.435798 0.24810069999999998
0.438922 0.24600989333333334
0.442068 0.24310019333333333
0.445237 0.24333088666666663
0.448429 0.24129906
0.451643 0.23959182666666667
0.454881 0.23812006
0.458142 0.23683369333333332
0.461426 0.23513505333333332
0.464734 0.2350954733333333
0.468065 0.23193364
0.47142 0.2301619133333333
0.4748 0.22978061333333333
0.478203 0.22684144666666664
0.481631 0.22591366666666668
0.485084 0.22334738666666668
0.488561 0.22192477333333333
0.492063 0.22187505333333335
0.49559 0.21964321999999997
0.499143 0.21755205333333333
0.502721 0.21458046
0.506325 0.21240020666666665
0.509954 0.2126877133333333
0.51361 0.21267407333333332
0.517292 0.21075723333333332
0.521 0.20980349999999998
0.524735 0.20804999999999998
0.528496 0.20641481333333334
0.532285 0.20410038
0.5361 0.20306244666666665
0.539943 0.20180086
0.543814 0.20023597333333332
0.547712 0.19925579999999998
0.551638 0.19876812
0.555593 0.19633180666666666
0.559575 0.19455358666666667
0.563587 0.19206066
0.567627 0.18764829333333333
0.571696 0.18550734666666668
0.575794 0.18724564666666665
0.579921 0.18856126666666664
0.584078 0.18865148666666667
0.588265 0.18089832666666666
0.592482 0.17693058666666664
0.596729 0.17983183333333333
0.601007 0.18328321333333333
0.605315 0.18376093333333332
0.609654 0.18477525333333333
0.614025 0.18628077999999998
0.618426 0.18797086666666665
0.622859 0.18919461333333332
0.627324 0.18525112666666665
0.631821 0.18617873333333335
0.63635 0.18941028
0.640912 0.19095308666666666
0.645506 0.18761126666666667
0.650134 0.18541550666666665
0.654794 0.18822178666666667
0.659488 0.19264273333333332
0.664215 0.19291849333333333
0.668977 0.19399216666666666
0.673772 0.19523135333333333
0.678602 0.19571932666666664
0.683467 0.19275982666666663
0.688366 0.16240217333333332
0.6933 0.17746586
0.69827 0.18705765333333335
0.703276 0.18934104
0.708317 0.19743868
0.713395 0.19758262
0.718509 0.16374652666666667
0.723659 0.16955696
0.728847 0.17921389333333332
0.734071 0.20179040666666664
0.739333 0.21643974666666665
0.744633 0.22882828
0.749971 0.2326122533333333
0.755347 0.22715272
0.760762 0.11576338666666666
0.766215 0.1578590933333333
0.771708 0.23151627999999996
0.77724 0.23663348666666664
0.782811 0.2356387533333333
0.788423 0.22719905333333335
0.794075 0.22402272
0.799767 0.22369757333333332
0.8055 0.22494176
0.811274 0.20800598666666664
0.81709 0.17681852666666667
0.822947 0.19334138
0.828846 0.20072727333333332
0.834788 0.2123063533333333
0.840772 0.22480368666666664
0.846799 0.23393554
0.852869 0.23380872666666666
0.858983 0.23542817333333332
0.86514 0.23599119333333332
0.871342 0.23594858666666665
0.877588 0.23527678
0.883879 0.23309478666666666
0.890215 0.22529302666666665
0.896596 0.18058922
0.903024 0.17333455999999997
0.909497 0.16634702666666668
0.916017 0.16130809333333332
0.922583 0.17893138
0.929196 0.12858844
0.935857 0.08420288666666666
0.942566 0.09346252
0.949323 0.09596763999999999
0.956128 0.10823158
0.962982 0.1306976
0.969885 0.16694650666666666
0.976837 0.16743462666666667
0.98384 0.19523094666666665
0.990892 0.21440456
0.997995 0.21908294666666664
1.00515 0.21841346666666664
1.01235 0.21916834
1.01961 0.22035054666666667
1.02692 0.2210569933333333
1.03428 0.22346839333333335
1.0417 0.22431621333333332
1.04916 0.22480255999999998
1.05668 0.22536509333333332
1.06426 0.22459604666666666
1.07189 0.22246188
1.07957 0.21727862
1.08731 0.2076517
1.0951 0.19356069999999997
1.10295 0.1661173
1.11086 0.13297483333333332
1.11882 0.08162162666666667
1.12684 0.06970573333333333
1.13492 0.07732318666666665
1.14306 0.08500548
1.15125 0.08830906
1.1595 0.12015319333333332
1.16782 0.15149047999999998
1.17619 0.16375795333333332
1.18462 0.16139399333333332
1.19311 0.16935255999999999
1.20166 0.16743852666666664
1.21028 0.1712590333333333
1.21895 0.17863906
1.22769 0.18748775333333334
1.23649 0.19631695333333332
1.24536 0.19857198
1.25428 0.19483116666666667
1.26327 0.17736311999999999
1.27233 0.17571453333333334
1.28145 0.19030033333333332
1.29064 0.1856776
1.29989 0.1717768133333333
1.30921 0.15054082666666666
1.31859 0.13262454666666665
1.32804 0.10713049999999999
1.33756 0.08667271333333333
1.34715 0.05733731066666667
1.35681 0.035695608
1.36653 0.029787546666666664
1.37633 0.03232430733333333
1.3862 0.03187431533333333
1.39613 0.032501758666666665
1.40614 0.032426774
1.41622 0.03184052733333333
1.42637 0.029432459999999997
1.4366 0.023696255333333333
1.4469 0.023364255333333334
1.45727 0.029307799333333332
1.46771 0.02352070533333333
1.47824 0.026008905333333332
1.48883 0.04090527333333333
1.49951 0.065691448
1.51025 0.08262871999999999
1.52108 0.09620718666666667
1.53198 0.10533874666666666
1.54297 0.11241257333333333
1.55403 0.11863112666666666
1.56517 0.11711247333333333
1.57639 0.11114114
1.58769 0.12355455333333333
1.59907 0.11975845333333332
1.61053 0.12001405999999999
1.62208 0.13143747333333333
1.6337 0.13019706666666667
1.64541 0.12825922666666667
1.65721 0.13172857999999998
1.66909 0.13202997333333333
1.68105 0.13580906666666664
1.6931 0.13230296
1.70524 0.12734746666666666
1.71746 0.12603583333333332
1.72978 0.11874650666666665
1.74218 0.11353738
1.75466 0.10957955333333333
1.76724 0.09525237333333332
1.77991 0.07295448666666667
1.79267 0.05075361466666667
