0.4 0.14883629986649802
0.402867 0.1485672793901774
0.405755 0.1447136056002164
0.408664 0.1435505554804103
0.411593 0.1429152302402613
0.414544 0.1419938150443948
0.417515 0.14098869675919212
0.420508 0.14114104186280943
0.423523 0.14014552711727662
0.426559 0.13860784498990888
0.429617 0.13622774098910378
0.432696 0.1355642041277314
0.435798 0.13565570593334247
0.438922 0.13458784556630157
0.442068 0.13306952711900194
0.445237 0.13313921052812705
0.448429 0.13191265098291347
0.451643 0.1308554864456231
0.454881 0.12981027054391053
0.458142 0.1289372097379594
0.461426 0.12802392603491566
0.464734 0.12800916641626287
0.468065 0.12645782870537758
0.47142 0.1254840736310576
0.4748 0.12517619268398156
0.478203 0.1235005962101196
0.481631 0.12286573685713766
0.485084 0.12129525470720402
0.488561 0.12046745934180036
0.492063 0.12029994354261814
0.49559 0.11901716042088648
0.499143 0.1178705846977093
0.502721 0.11635689380193424
0.506325 0.11520870900627264
0.509954 0.11521606532548978
0.51361 0.11509414774340289
0.517292 0.11399543311784661
0.521 0.11341147291661675
0.524735 0.11241601689635707
0.528496 0.11144754709662098
0.532285 0.11005448574194165
0.5361 0.10934941053735801
0.539943 0.10863568705754782
0.543814 0.10778051788481775
0.547712 0.10712934856597171
0.551638 0.10670018426975883
0.555593 0.1052127396560656
0.559575 0.10409908140600062
0.563587 0.10264245581565887
0.567627 0.10026477129610777
0.571696 0.09909922730970168
0.575794 0.09994530581014743
0.579921 0.10058808524496882
0.584078 0.10069956930352528
0.588265 0.0971407668551275
0.592482 0.09527606325665355
0.596729 0.09652929190591567
0.601007 0.09781263879026961
0.605315 0.09779914763751693
0.609654 0.09832256599714274
0.614025 0.09920889871482676
0.618426 0.10030782866638463
0.622859 0.1009949378524012
0.627324 0.09891772315045405
0.631821 0.09946127644873544
0.63635 0.10127427048668777
0.640912 0.10218913194207024
0.645506 0.10084214643670791
0.650134 0.09997504037345464
0.654794 0.10139189329379796
0.659488 0.10350549025997342
0.664215 0.10354630040979756
0.668977 0.1040966031994735
0.673772 0.10478180185660345
0.678602 0.10509687469213183
0.683467 0.10364582017270334
0.688366 0.0877211782308952
0.6933 0.09659966435824578
0.69827 0.10185801144689786
0.703276 0.10316496589105989
0.708317 0.10728287209007033
0.713395 0.1075676465996692
0.718509 0.09099633369493865
0.723659 0.0940512224044343
0.728847 0.09909129156778941
0.734071 0.11058549140685903
0.739333 0.11806952634806561
0.744633 0.12441179320845724
0.749971 0.1264394320348074
0.755347 0.1235421815335494
0.760762 0.06285037907197148
0.766215 0.08586507592742927
0.771708 0.12633033613735922
0.77724 0.12934994270274366
0.782811 0.1290022186153414
0.788423 0.12473895170520082
0.794075 0.1231090591539259
0.799767 0.12297753803216914
0.8055 0.12371500609742479
0.811274 0.11496655729992927
0.81709 0.09865208916488533
0.822947 0.10724280187868794
0.828846 0.11109210650832624
0.834788 0.11711756618012235
0.840772 0.12366906727374516
0.846799 0.12853063509681995
0.852869 0.128535904711331
0.858983 0.12958039633467466
0.86514 0.13006374839793627
0.871342 0.13015032511063881
0.877588 0.1298616590729389
0.883879 0.12882360765455117
0.890215 0.12484140381674609
0.896596 0.10129831261351721
0.903024 0.09751516396159653
0.909497 0.09383081862424915
0.916017 0.09115453958081679
0.922583 0.10062808498602342
0.929196 0.07379086222548578
0.935857 0.04992432396277669
0.942566 0.054872910895611776
0.949323 0.05624532444425
0.956128 0.06294514208775176
0.962982 0.07526057572170455
0.969885 0.09514734528793536
0.976837 0.09557618072261859
0.98384 0.11099515891238462
0.990892 0.1217168904233985
0.997995 0.12457477933157017
1.00515 0.12450948857287701
1.01235 0.12506930094178578
1.01961 0.12589914386171341
1.02692 0.1263596870288818
1.03428 0.12766761239756003
1.0417 0.12797595531678488
1.04916 0.1280319909724289
1.05668 0.12808929900899124
1.06426 0.12744225611933885
1.07189 0.12614146782885802
1.07957 0.12321687484041931
1.08731 0.11788696121888298
1.0951 0.11013315020284116
1.10295 0.09502108986567145
1.11086 0.07687654255320543
1.11882 0.04862700046341198
1.12684 0.04202597047441068
1.13492 0.04625784285352289
1.14306 0.05056643784450232
1.15125 0.0524986285268854
1.1595 0.07049140624341102
1.16782 0.08840872589895135
1.17619 0.09572414883587681
1.18462 0.09456603555403388
1.19311 0.0994346543249054
1.20166 0.09849910199828149
1.21028 0.10094719420532662
1.21895 0.10547872990829149
1.22769 0.1109959888962452
1.23649 0.11649834732489052
1.24536 0.11794289508405352
1.25428 0.11565171289185892
1.26327 0.10480078186488699
1.27233 0.10377671880656468
1.28145 0.1128509754195212
1.29064 0.11017986420012646
1.29989 0.10197707106569123
1.30921 0.08942250811945342
1.31859 0.0788591782452282
1.32804 0.06397395014814496
1.33756 0.052092351427129924
1.34715 0.035330312146255545
1.35681 0.023004746836676315
1.36653 0.01954130131232133
1.37633 0.021009634373119146
1.3862 0.020722261465934092
1.39613 0.02107246258535801
1.40614 0.021018108038533514
1.41622 0.020616675382311458
1.42637 0.019060500666427362
1.4366 0.01537654526489372
1.4469 0.015118562007911554
1.45727 0.01856308977277256
1.46771 0.014921786145629189
1.47824 0.01628377713278796
1.48883 0.025330903061048952
1.49951 0.0407777373883849
1.51025 0.05149048001758794
1.52108 0.060100552496440474
1.53198 0.06587299237134144
1.54297 0.07036852948186259
1.55403 0.0743162968194899
1.56517 0.07317751589756942
1.57639 0.06911247027443443
1.58769 0.07714337453434651
1.59907 0.07450032616548317
1.61053 0.0745442839899484
1.62208 0.08191958321538216
1.6337 0.08107442474421583
1.64541 0.07970630988557251
1.65721 0.0818171076137276
1.66909 0.08193787026544246
1.68105 0.08431824831752226
1.6931 0.08203475522109271
1.70524 0.07889361866042419
1.71746 0.07807599842734911
1.72978 0.07350307315186497
1.74218 0.07022709161897915
1.75466 0.06774333751105643
1.76724 0.05885188092837514
1.77991 0.04516348564323467
1.79267 0.03175258763184378
