0.4 0.14085466328278462
0.402867 0.1407833959268107
0.405755 0.13725949191660536
0.408664 0.1363080892552916
0.411593 0.13591437637819037
0.414544 0.1349774655060584
0.417515 0.13435009179939728
0.420508 0.13445816033454783
0.423523 0.1336599460342768
0.426559 0.1324385952574599
0.429617 0.13010772650691133
0.432696 0.12985045870694228
0.435798 0.12996861239679822
0.438922 0.12904381655764355
0.442068 0.12763953906073383
0.445237 0.1278586470762905
0.448429 0.1267912008992104
0.451643 0.1258503202018504
0.454881 0.12494769885571679
0.458142 0.1241947264309809
0.461426 0.1234169843523953
0.464734 0.12354858919763541
0.468065 0.12208825558446025
0.47142 0.12120252847837452
0.4748 0.12093273131900872
0.478203 0.11928421321559655
0.481631 0.11882956223651267
0.485084 0.11746071767804561
0.488561 0.11673282324309946
0.492063 0.11674524340018409
0.49559 0.11550636244044299
0.499143 0.1143938317676305
0.502721 0.11284584723983418
0.506325 0.1116663402195466
0.509954 0.11178009048675888
0.51361 0.11174239320625655
0.517292 0.11070499693599932
0.521 0.11016994736055057
0.524735 0.10918124247415764
0.528496 0.1082212096183555
0.532285 0.10693332893881007
0.5361 0.10632285268402955
0.539943 0.1056111523096008
0.543814 0.10477677598486222
0.547712 0.10421642359133412
0.551638 0.10388018646055559
0.555593 0.10247631686639985
0.559575 0.10143265752236062
0.563587 0.10002804920668189
0.567627 0.09763396837659284
0.571696 0.09647513592345132
0.575794 0.09742363187616371
0.579921 0.0981581715929842
0.584078 0.09826805802544789
0.588265 0.09427729807186552
0.592482 0.09221746303627558
0.596729 0.09369464271200802
0.601007 0.09543027856581171
0.605315 0.09571763160276342
0.609654 0.09636700957531202
0.614025 0.09729289743758766
0.618426 0.09828810307338307
0.622859 0.09903957236041128
0.627324 0.09699709406877931
0.631821 0.09764833169246627
0.63635 0.09959594529321325
0.640912 0.10057243879164761
0.645506 0.09894799016255462
0.650134 0.09789406258934556
0.654794 0.09948819794133358
0.659488 0.10194101355616712
0.664215 0.10219790878354196
0.668977 0.10286618517974871
0.673772 0.10361846706045225
0.678602 0.10398993478421281
0.683467 0.10246879475419601
0.688366 0.0858372344443739
0.6933 0.09429742983928381
0.69827 0.09939565219366432
0.703276 0.10034706127864351
0.708317 0.10438027523696984
0.713395 0.10422040626389295
0.718509 0.08645720166480869
0.723659 0.08926134681231906
0.728847 0.0938377555538435
0.734071 0.10511152924892932
0.739333 0.11239357944062016
0.744633 0.1185800188942081
0.749971 0.12037258769460671
0.755347 0.11734166467503121
0.760762 0.05910286398474828
0.766215 0.08066715696863375
0.771708 0.11947157226482744
0.77724 0.12232528883836433
0.782811 0.12189202224145515
0.788423 0.117523467253676
0.794075 0.11586015866064013
0.799767 0.11566460301433656
0.8055 0.11634813240407707
0.811274 0.10773182266852674
0.81709 0.09192320134716742
0.822947 0.1002207495337074
0.828846 0.10388621185871716
0.834788 0.10974785472963504
0.840772 0.11618980511070036
0.846799 0.12099508905104867
0.852869 0.12097560607383753
0.858983 0.12191857125062547
0.86514 0.12228358319064149
0.871342 0.122178292890784
0.877588 0.12169223018780875
0.883879 0.12041259428282661
0.890215 0.1163760368066505
0.896596 0.09368997591908224
0.903024 0.08999134820952215
0.909497 0.08652943578242796
0.916017 0.08395249246890021
0.922583 0.09278135486944869
0.929196 0.06795848095176045
0.935857 0.04645893209161752
0.942566 0.05075263852995247
0.949323 0.05194332593989912
0.956128 0.057841628669354425
0.962982 0.06880997634483656
0.969885 0.08681126125528793
0.976837 0.08706189983254618
0.98384 0.10099725184486741
0.990892 0.11066329771194192
0.997995 0.11309862168584373
1.00515 0.1127835119906232
1.01235 0.11321591460453373
1.01961 0.11384701724896969
1.02692 0.11420931519034681
1.03428 0.11545104825753329
1.0417 0.11589115284627935
1.04916 0.11614839173975403
1.05668 0.11649081807216227
1.06426 0.11617231346976863
1.07189 0.11517072592238098
1.07957 0.11253519878024608
1.08731 0.1075896412581768
1.0951 0.10034529155882099
1.10295 0.08633532546084333
1.11086 0.06988992297481901
1.11882 0.04509344068649837
1.12684 0.039374416035178814
1.13492 0.04295099088997456
1.14306 0.04660018528231463
1.15125 0.048208292106585615
1.1595 0.06360483207958252
1.16782 0.0790563425693893
1.17619 0.08525599871457365
1.18462 0.08396892099320535
1.19311 0.08793373897399936
1.20166 0.08690776076902165
1.21028 0.08878657048948228
1.21895 0.09244874710963104
1.22769 0.0969988959069289
1.23649 0.10156354612890667
1.24536 0.10273783070920986
1.25428 0.100734254135346
1.26327 0.09141132835654485
1.27233 0.09058503942656683
1.28145 0.09845163032391521
1.29064 0.0962004310837066
1.29989 0.08922830347741167
1.30921 0.07857801717140939
1.31859 0.06964686111092065
1.32804 0.0571941553136021
1.33756 0.047294185246685584
1.34715 0.03351412534583131
1.35681 0.02245448004087052
1.36653 0.018941397979793977
1.37633 0.02047893280987245
1.3862 0.02024308793407061
1.39613 0.020666889581170442
1.40614 0.02077581663920403
1.41622 0.020550734614809132
1.42637 0.018852909419202372
1.4366 0.015138343953375035
1.4469 0.014487432330708015
1.45727 0.016782485613538314
1.46771 0.013499317457983679
1.47824 0.014241147392686454
1.48883 0.021218684367629408
1.49951 0.033548125806885896
1.51025 0.04217413206538386
1.52108 0.04912986647753343
1.53198 0.05381856410238767
1.54297 0.05751750657155322
1.55403 0.060803593640673545
1.56517 0.059974674219707085
1.57639 0.0567898819305546
1.58769 0.06344530356077276
1.59907 0.06139808460406271
1.61053 0.06152391457409251
1.62208 0.0675919819332003
1.6337 0.06694561987156519
1.64541 0.06590435655472665
1.65721 0.0677263842847297
1.66909 0.06793207647506201
1.68105 0.06999768959769494
1.6931 0.06826968827023987
1.70524 0.06582246445615222
1.71746 0.06529211700378905
1.72978 0.06165981363966418
1.74218 0.059133501656956834
1.75466 0.05720446529659712
1.76724 0.050087426222149845
1.77991 0.03918939198832717
1.79267 0.02858643139492143
