0.4 0.2776296466666667
0.402867 0.27724052
0.405755 0.27022044666666667
0.408664 0.26818618
0.411593 0.26725135333333333
0.414544 0.2653097933333333
0.417515 0.2639600733333333
0.420508 0.2642769133333333
0.423523 0.2627580333333333
0.426559 0.2602102733333333
0.429617 0.2553750933333333
0.432696 0.25468216666666665
0.435798 0.25470094
0.438922 0.25271150666666664
0.442068 0.24981359333333333
0.445237 0.2501283933333333
0.448429 0.24800951333333332
0.451643 0.2461816
0.454881 0.24453945333333332
0.458142 0.24313337333333332
0.461426 0.2414866
0.464734 0.24155607999999998
0.468065 0.23849637999999998
0.47142 0.23678529333333334
0.4748 0.23639958
0.478203 0.2333888733333333
0.481631 0.23249623999999997
0.485084 0.22986619999999996
0.488561 0.22841456
0.492063 0.22834674666666666
0.49559 0.22590671333333334
0.499143 0.22377443999999996
0.502721 0.22086008666666668
0.506325 0.21864880666666667
0.509954 0.21887789333333332
0.51361 0.21877702666666665
0.517292 0.21675414666666665
0.521 0.21583816666666666
0.524735 0.21413876666666667
0.528496 0.21244019333333333
0.532285 0.20998084666666667
0.5361 0.20881344000000002
0.539943 0.2074818533333333
0.543814 0.20587877333333332
0.547712 0.20486650666666664
0.551638 0.20432776666666666
0.555593 0.2017606933333333
0.559575 0.1998749
0.563587 0.19722240666666668
0.567627 0.19261681999999997
0.571696 0.19037583333333333
0.575794 0.19217728
0.579921 0.19355235333333332
0.584078 0.19369468
0.588265 0.18587862
0.592482 0.18186598666666667
0.596729 0.18476626
0.601007 0.18815626666666666
0.605315 0.18862775999999998
0.609654 0.18974414666666664
0.614025 0.19137052666666665
0.618426 0.19314405999999998
0.622859 0.19442650666666667
0.627324 0.19031542
0.631821 0.19134581333333334
0.63635 0.19493587999999998
0.640912 0.19671436
0.645506 0.19352633999999996
0.650134 0.19140929333333334
0.654794 0.19435685333333333
0.659488 0.19892569333333332
0.664215 0.19929297333333332
0.668977 0.20046330666666667
0.673772 0.20180456666666668
0.678602 0.20242686666666665
0.683467 0.19946608666666665
0.688366 0.16786212
0.6933 0.18386372666666664
0.69827 0.19379239333333334
0.703276 0.19599224666666665
0.708317 0.20411088666666666
0.713395 0.20414041333333333
0.718509 0.16978269333333332
0.723659 0.17555727333333332
0.728847 0.18504316666666668
0.734071 0.20762197999999998
0.739333 0.22226028666666667
0.744633 0.2346305
0.749971 0.23831678
0.755347 0.23258362
0.760762 0.11829742666666666
0.766215 0.16125846666666666
0.771708 0.23704260666666666
0.77724 0.24237515333333332
0.782811 0.24140898666666666
0.788423 0.2328796333333333
0.794075 0.22965832
0.799767 0.22932755999999999
0.8055 0.23064258666666665
0.811274 0.21363781333333332
0.81709 0.18230896
0.822947 0.19891760666666664
0.828846 0.20631919999999998
0.834788 0.21796646
0.840772 0.23058900666666665
0.846799 0.23984026666666663
0.852869 0.23972779333333333
0.858983 0.24135494000000002
0.86514 0.24190567333333335
0.871342 0.24169221333333335
0.877588 0.24079897333333333
0.883879 0.2384027933333333
0.890215 0.2305679333333333
0.896596 0.18579710666666666
0.903024 0.17859602
0.909497 0.17167920666666664
0.916017 0.16662078666666666
0.922583 0.1842539
0.929196 0.13412701999999999
0.935857 0.09021766666666665
0.942566 0.09920135999999999
0.949323 0.10163530666666666
0.956128 0.11371333333333333
0.962982 0.13596213333333332
0.969885 0.17207465333333333
0.976837 0.17257107333333332
0.98384 0.20030204666666665
0.990892 0.21942568666666665
0.997995 0.22410539333333335
1.00515 0.22341516666666666
1.01235 0.22418659333333335
1.01961 0.22538105999999997
1.02692 0.22610064
1.03428 0.2285379
1.0417 0.22940089999999996
1.04916 0.22990653333333333
1.05668 0.23054266666666667
1.06426 0.22987732666666666
1.07189 0.22785550666666665
1.07957 0.2227033333333333
1.08731 0.21303871333333335
1.0951 0.19886123333333333
1.10295 0.17127405333333334
1.11086 0.13823014
1.11882 0.08754457333333333
1.12684 0.07577162666666666
1.13492 0.08320272666666667
1.14306 0.09074922666666665
1.15125 0.09398257333333333
1.1595 0.12530748666666666
1.16782 0.15629468666666665
1.17619 0.16847745333333333
1.18462 0.16602
1.19311 0.17385520666666665
1.20166 0.17183753999999998
1.21028 0.17552866
1.21895 0.18276726
1.22769 0.19157883999999997
1.23649 0.20036649333333334
1.24536 0.20258162666666668
1.25428 0.19871916
1.26327 0.18085116666666667
1.27233 0.17922317999999998
1.28145 0.19425666666666666
1.29064 0.18978226666666667
1.29989 0.1760299933333333
1.30921 0.15497477999999998
1.31859 0.13720465999999998
1.32804 0.11211511333333332
1.33756 0.09203943999999999
1.34715 0.06335597533333333
1.35681 0.041000966666666666
1.36653 0.034377651999999995
1.37633 0.03725271199999999
1.3862 0.036778931333333334
1.39613 0.03753078933333333
1.40614 0.03757861933333333
1.41622 0.036989772666666663
1.42637 0.03393745333333333
1.4366 0.027181447333333334
1.4469 0.026201875333333333
1.45727 0.031300791999999994
1.46771 0.02513054333333333
1.47824 0.027059506666666667
1.48883 0.04119713
1.49951 0.06529632799999999
1.51025 0.08190432666666667
1.52108 0.09527174
1.53198 0.10434048666666665
1.54297 0.11145486
1.55403 0.11773
1.56517 0.11634998666666665
1.57639 0.11058143999999999
1.58769 0.12317121333333332
1.59907 0.1195152
1.61053 0.11989537333333333
1.62208 0.13142985999999998
1.6337 0.13027961333333332
1.64541 0.12845164666666664
1.65721 0.13205360666666666
1.66909 0.13245864666666665
1.68105 0.13634153999999998
1.6931 0.13300535333333333
1.70524 0.12823562666666666
1.71746 0.12711418666666666
1.72978 0.12005556
1.74218 0.11512457999999999
1.75466 0.11135053333333333
1.76724 0.09739190666666667
1.77991 0.07577116666666667
1.79267 0.05434691333333333
