0.4 0.3674238533333333
0.402867 0.36824946
0.405755 0.36017229999999995
0.408664 0.3588999
0.411593 0.3590088066666666
0.414544 0.3582638733333333
0.417515 0.35725494666666663
0.420508 0.35922013333333336
0.423523 0.3581515466666666
0.426559 0.3556282533333333
0.429617 0.35080654
0.432696 0.35035916666666667
0.435798 0.3515072933333333
0.438922 0.34951793333333336
0.442068 0.3467061066666666
0.445237 0.3483268066666666
0.448429 0.3468900066666667
0.451643 0.3455897333333333
0.454881 0.3440888933333333
0.458142 0.34286854
0.461426 0.34130666
0.464734 0.3421249066666666
0.468065 0.33857575999999995
0.47142 0.33637195333333336
0.4748 0.33581182
0.478203 0.33168852666666665
0.481631 0.33112899333333334
0.485084 0.3284047533333333
0.488561 0.32730235333333335
0.492063 0.32739264
0.49559 0.3242458733333333
0.499143 0.3211962466666667
0.502721 0.31687413999999997
0.506325 0.3136351133333333
0.509954 0.31376132
0.51361 0.31371682
0.517292 0.3108326733333333
0.521 0.30926545333333333
0.524735 0.3061924466666667
0.528496 0.30304196666666666
0.532285 0.29896488666666665
0.5361 0.29682418666666666
0.539943 0.29483048666666667
0.543814 0.2927505733333333
0.547712 0.2914190133333333
0.551638 0.2903048733333333
0.555593 0.28600307999999997
0.559575 0.28276988666666664
0.563587 0.27866398666666664
0.567627 0.2718463133333333
0.571696 0.2686085933333333
0.575794 0.27137904
0.579921 0.2735887933333333
0.584078 0.2743059
0.588265 0.26383661999999997
0.592482 0.2582637533333333
0.596729 0.2621022533333333
0.601007 0.26673704
0.605315 0.2679147066666666
0.609654 0.2703238
0.614025 0.27392215999999997
0.618426 0.27820922666666664
0.622859 0.28141624
0.627324 0.27589472666666665
0.631821 0.27878608
0.63635 0.28560529999999995
0.640912 0.28913740666666665
0.645506 0.28549107333333335
0.650134 0.28361168666666664
0.654794 0.2889954533333333
0.659488 0.29703852
0.664215 0.29910911333333334
0.668977 0.30210618
0.673772 0.30502496
0.678602 0.3068366533333333
0.683467 0.3024261466666667
0.688366 0.24882596666666668
0.6933 0.2782880466666666
0.69827 0.29479163999999997
0.703276 0.29729372666666665
0.708317 0.30831173999999995
0.713395 0.30728390666666666
0.718509 0.25604367333333333
0.723659 0.2632666733333333
0.728847 0.27567132666666666
0.734071 0.3063767533333333
0.739333 0.3253811133333333
0.744633 0.3414833533333333
0.749971 0.3457936533333333
0.755347 0.3357262733333333
0.760762 0.16013901333333333
0.766215 0.22238040666666664
0.771708 0.3417685466666667
0.77724 0.35150174
0.782811 0.35096290666666663
0.788423 0.33904660666666664
0.794075 0.33465967333333335
0.799767 0.33440180666666663
0.8055 0.33666409999999997
0.811274 0.3126589133333333
0.81709 0.26846408666666666
0.822947 0.29187364666666665
0.828846 0.30240528
0.834788 0.3190426333333333
0.840772 0.3374598466666666
0.846799 0.35169375999999997
0.852869 0.35185168
0.858983 0.3553988133333333
0.86514 0.35731530666666667
0.871342 0.35764230666666663
0.877588 0.3566061933333333
0.883879 0.35309423999999995
0.890215 0.34141311999999996
0.896596 0.2758592333333333
0.903024 0.26536844666666665
0.909497 0.25578318666666666
0.916017 0.24859822
0.922583 0.2744590933333333
0.929196 0.20358465333333334
0.935857 0.14152761333333333
0.942566 0.15376358666666667
0.949323 0.15772056666666667
0.956128 0.1756276933333333
0.962982 0.20831488666666667
0.969885 0.26161520666666666
0.976837 0.26294522666666664
0.98384 0.30631576666666666
0.990892 0.3379358733333333
0.997995 0.34670310666666665
1.00515 0.34639324666666665
1.01235 0.3478657266666666
1.01961 0.34971201999999996
1.02692 0.35048613333333334
1.03428 0.3538148533333333
1.0417 0.35452266
1.04916 0.35450378
1.05668 0.3546520266666667
1.06426 0.35255357333333337
1.07189 0.34883966
1.07957 0.3405022933333333
1.08731 0.32537158666666666
1.0951 0.30354418666666666
1.10295 0.26140489333333333
1.11086 0.21329299333333332
1.11882 0.13979306
1.12684 0.12270134666666667
1.13492 0.13315037999999998
1.14306 0.14416714666666666
1.15125 0.14957679333333332
1.1595 0.19779205333333333
1.16782 0.24718427333333332
1.17619 0.26839307999999995
1.18462 0.26484638666666666
1.19311 0.27899716666666663
1.20166 0.2763678
1.21028 0.2842287
1.21895 0.29778956666666667
1.22769 0.31537384
1.23649 0.33291914666666667
1.24536 0.33747756
1.25428 0.3293836533333333
1.26327 0.29306603999999997
1.27233 0.29013967333333335
1.28145 0.32065003999999997
1.29064 0.31348926666666665
1.29989 0.28970221333333335
1.30921 0.25380832666666664
1.31859 0.22430092666666668
1.32804 0.18373798666666666
1.33756 0.15155589333333333
1.34715 0.1086449
1.35681 0.07456930666666667
1.36653 0.06357175333333333
1.37633 0.06840162666666666
1.3862 0.06800252666666666
1.39613 0.06985156
1.40614 0.0718734
1.41622 0.07470221333333332
1.42637 0.07174246666666667
1.4366 0.060102337333333325
1.4469 0.061290325333333326
1.45727 0.07104076
1.46771 0.059185656
1.47824 0.06154864133333333
1.48883 0.08756468666666667
1.49951 0.13571893333333332
1.51025 0.17021151333333331
1.52108 0.1980334133333333
1.53198 0.21583464666666666
1.54297 0.23036972666666666
1.55403 0.24381239999999998
1.56517 0.23767605333333333
1.57639 0.21994941999999998
1.58769 0.24892326
1.59907 0.2367796533333333
1.61053 0.23490522666666663
1.62208 0.26070728666666665
1.6337 0.25662142666666665
1.64541 0.2503453133333333
1.65721 0.25668236666666666
1.66909 0.25646146
1.68105 0.2648191533333333
1.6931 0.2568533533333333
1.70524 0.24644382666666667
1.71746 0.24485061999999996
1.72978 0.23024214666666667
1.74218 0.22017044666666666
1.75466 0.21243725333333333
1.76724 0.18515702666666667
1.77991 0.14453648666666666
1.79267 0.10690646
