0.4 0.2530382866666666
0.402867 0.2522303733333333
0.405755 0.24528374
0.408664 0.24297344666666668
0.411593 0.24165409999999998
0.414544 0.23984116666666666
0.417515 0.23806945999999998
0.420508 0.23834593333333332
0.423523 0.23654008666666665
0.426559 0.23389509999999997
0.429617 0.22970031999999999
0.432696 0.22824510666666667
0.435798 0.22822728666666664
0.438922 0.2261709533333333
0.442068 0.22340917333333332
0.445237 0.22336818666666663
0.448429 0.22117927333333331
0.451643 0.21940041999999998
0.454881 0.21779313333333333
0.458142 0.21645125333333332
0.461426 0.21499572
0.464734 0.21491630666666664
0.468065 0.21230288
0.47142 0.21054508
0.4748 0.20985573999999999
0.478203 0.20689659999999999
0.481631 0.20577702666666667
0.485084 0.20313534
0.488561 0.20169370666666667
0.492063 0.20137002666666665
0.49559 0.19925036666666665
0.499143 0.19737746666666667
0.502721 0.19494064
0.506325 0.19312382666666666
0.509954 0.19322083333333331
0.51361 0.19310930666666665
0.517292 0.19136734
0.521 0.19050328
0.524735 0.18895652666666665
0.528496 0.18754858666666666
0.532285 0.18543197333333333
0.5361 0.18446286666666667
0.539943 0.18331913333333333
0.543814 0.18184663999999998
0.547712 0.18065942666666668
0.551638 0.18001051999999998
0.555593 0.17776618666666666
0.559575 0.17611548
0.563587 0.17371760666666664
0.567627 0.16974822666666667
0.571696 0.16779309999999997
0.575794 0.16915856666666665
0.579921 0.17017794666666666
0.584078 0.17032824666666668
0.588265 0.16449271333333332
0.592482 0.16148443333333332
0.596729 0.16361752
0.601007 0.16575778
0.605315 0.16559549333333332
0.609654 0.16632930666666665
0.614025 0.16763217999999996
0.618426 0.16930059999999997
0.622859 0.17036401999999998
0.627324 0.16699872666666665
0.631821 0.1677220133333333
0.63635 0.17024723999999997
0.640912 0.17139910666666663
0.645506 0.16885155333333335
0.650134 0.16716702666666666
0.654794 0.1693344933333333
0.659488 0.1727324
0.664215 0.17278037333333332
0.668977 0.17365202000000002
0.673772 0.17469405999999998
0.678602 0.1750799733333333
0.683467 0.1725792333333333
0.688366 0.14645654
0.6933 0.16061352666666667
0.69827 0.1694216733333333
0.703276 0.17208141333333332
0.708317 0.17948669333333334
0.713395 0.1803996
0.718509 0.15217593333333332
0.723659 0.15792454
0.728847 0.16769487333333333
0.734071 0.18840745333333334
0.739333 0.20186389333333332
0.744633 0.21309508666666666
0.749971 0.2167886933333333
0.755347 0.21203884666666664
0.760762 0.10827621333333333
0.766215 0.1482631133333333
0.771708 0.21678210666666667
0.77724 0.22172267333333331
0.782811 0.22106957333333332
0.788423 0.21388697999999998
0.794075 0.21119148666666665
0.799767 0.21105685333333335
0.8055 0.21216039999999997
0.811274 0.19669798
0.81709 0.16781487333333334
0.822947 0.18307868
0.828846 0.18993666
0.834788 0.20051172666666664
0.840772 0.2118779733333333
0.846799 0.22012854666666665
0.852869 0.22012451333333333
0.858983 0.2218804533333333
0.86514 0.222686
0.871342 0.22303244
0.877588 0.22280611333333333
0.883879 0.22126711333333332
0.890215 0.21431868666666667
0.896596 0.17272896
0.903024 0.16603653999999998
0.909497 0.15933154
0.916017 0.15470952
0.922583 0.17168520666666667
0.929196 0.12276129333333333
0.935857 0.07811892666666666
0.942566 0.08794137999999999
0.949323 0.09050834666666666
0.956128 0.10315155999999999
0.962982 0.12594971333333332
0.969885 0.16187801999999998
0.976837 0.16260899333333334
0.98384 0.1899411
0.990892 0.20882921333333332
0.997995 0.21378223333333335
1.00515 0.21368802666666667
1.01235 0.2146289
1.01961 0.21604263333333332
1.02692 0.21681328666666666
1.03428 0.2190574933333333
1.0417 0.21961030666666664
1.04916 0.21973807999999997
1.05668 0.21977626666666666
1.06426 0.21850012666666666
1.07189 0.21602405333333333
1.07957 0.21089748666666666
1.08731 0.2016699933333333
1.0951 0.1882832733333333
1.10295 0.16193796666666666
1.11086 0.12906198666666666
1.11882 0.07612911333333333
1.12684 0.06366600866666666
1.13492 0.07200208666666666
1.14306 0.08039954666666665
1.15125 0.08395312666666667
1.1595 0.11752264666666667
1.16782 0.15000835333333332
1.17619 0.16293685333333333
1.18462 0.16119261333333332
1.19311 0.16985845333333333
1.20166 0.16821032666666663
1.21028 0.17260328666666663
1.21895 0.18072823333333332
1.22769 0.19023228666666664
1.23649 0.19964520666666666
1.24536 0.20215065333333332
1.25428 0.19841124
1.26327 0.18032113333333333
1.27233 0.17853773333333334
1.28145 0.1935549
1.29064 0.18872603333333332
1.29989 0.17418659333333333
1.30921 0.15198711999999998
1.31859 0.13315025333333333
1.32804 0.10588458
1.33756 0.08381415333333332
1.34715 0.05097276866666667
1.35681 0.028858375333333332
1.36653 0.024058732666666666
1.37633 0.02600907
1.3862 0.025592428
1.39613 0.026046992666666664
1.40614 0.025901101333333332
1.41622 0.025737836666666666
1.42637 0.024850874
1.4366 0.020661244
1.4469 0.021947835333333332
1.45727 0.030376140666666666
1.46771 0.024561109333333334
1.47824 0.028348058666666665
1.48883 0.04609139466666666
1.49951 0.07415589333333333
1.51025 0.09298813333333333
1.52108 0.10804872666666666
1.53198 0.11804361999999999
1.54297 0.12566141333333333
1.55403 0.1322806933333333
1.56517 0.1302429333333333
1.57639 0.1231475
1.58769 0.13652980666666664
1.59907 0.13192370666666664
1.61053 0.1318788
1.62208 0.14430358666666665
1.6337 0.14276639333333332
1.64541 0.14031976
1.65721 0.14376504666666667
1.66909 0.14374798666666666
1.68105 0.14759324666666665
1.6931 0.14343344
1.70524 0.13768360666666665
1.71746 0.13588862666666665
1.72978 0.12764976666666666
1.74218 0.12161072
1.75466 0.11704053333333332
1.76724 0.10117582
1.77991 0.07618435999999999
1.79267 0.05080314133333333
