0.4 0.50610846
0.402867 0.5092053333333333
0.405755 0.5005589733333333
0.408664 0.5011134799999999
0.411593 0.5033989799999999
0.414544 0.5045753066666666
0.417515 0.50515678
0.420508 0.50981206
0.423523 0.5102271333333332
0.426559 0.5083500466666666
0.429617 0.5035238599999999
0.432696 0.5050996866666666
0.435798 0.5087351866666666
0.438922 0.508111
0.442068 0.5060541999999999
0.445237 0.5099380666666666
0.448429 0.5093697866666667
0.451643 0.5087870733333333
0.454881 0.5078940733333333
0.458142 0.50738378
0.461426 0.5067425
0.464734 0.50950538
0.468065 0.50600862
0.47142 0.50446634
0.4748 0.5053265866666666
0.478203 0.5010543866666666
0.481631 0.5016823466666667
0.485084 0.49922864666666666
0.488561 0.4992343066666667
0.492063 0.5008780733333333
0.49559 0.49743556666666666
0.499143 0.493687
0.502721 0.48754658666666667
0.506325 0.48319582
0.509954 0.48435016666666664
0.51361 0.48505182666666663
0.517292 0.48136797333333337
0.521 0.4797078733333333
0.524735 0.4755115133333333
0.528496 0.47123388
0.532285 0.4658328333333333
0.5361 0.46351663333333326
0.539943 0.46132723333333336
0.543814 0.45898860666666663
0.547712 0.45838625333333327
0.551638 0.45764432
0.555593 0.45137086
0.559575 0.44649222666666666
0.563587 0.43993500666666663
0.567627 0.42874692666666664
0.571696 0.42404386666666666
0.575794 0.4296827133333333
0.579921 0.4343160666666666
0.584078 0.43618334
0.588265 0.4173405933333333
0.592482 0.40740377333333333
0.596729 0.4157945133333333
0.601007 0.42768366666666663
0.605315 0.43232033999999997
0.609654 0.4372263133333333
0.614025 0.44417695999999995
0.618426 0.45234652666666664
0.622859 0.45845455999999996
0.627324 0.4489248733333333
0.631821 0.4546876266666667
0.63635 0.46863617333333335
0.640912 0.47600314
0.645506 0.4695032066666667
0.650134 0.4662218533333333
0.654794 0.47690504666666667
0.659488 0.49251301999999997
0.664215 0.49666967999999995
0.668977 0.5020336133333333
0.673772 0.50753194
0.678602 0.5109652933333333
0.683467 0.50296666
0.688366 0.40571311333333326
0.6933 0.45781944666666663
0.69827 0.4871329
0.703276 0.49044724
0.708317 0.5098108933333333
0.713395 0.50592648
0.718509 0.40977514666666665
0.723659 0.42218086
0.728847 0.44216048666666663
0.734071 0.4946395333333333
0.739333 0.5250196133333334
0.744633 0.5502408333333333
0.749971 0.5578619266666667
0.755347 0.5404340933333334
0.760762 0.24763606666666665
0.766215 0.34748068
0.771708 0.55654476
0.77724 0.58170042
0.782811 0.58060134
0.788423 0.5510455666666666
0.794075 0.5415414333333333
0.799767 0.53883348
0.8055 0.5443880466666666
0.811274 0.5014407666666666
0.81709 0.4257386733333333
0.822947 0.4658629799999999
0.828846 0.48501318
0.834788 0.5147781066666666
0.840772 0.55473704
0.846799 0.59271334
0.852869 0.5941936866666666
0.858983 0.60613694
0.86514 0.6133184199999999
0.871342 0.6146758066666667
0.877588 0.6119117733333332
0.883879 0.6023309666666666
0.890215 0.5745022733333334
0.896596 0.44183942666666665
0.903024 0.42155196
0.909497 0.4048267533333333
0.916017 0.39142384666666663
0.922583 0.43567062
0.929196 0.3141449333333333
0.935857 0.21175255333333332
0.942566 0.22984470666666668
0.949323 0.23669926
0.956128 0.26618477333333335
0.962982 0.32251082666666664
0.969885 0.4164168133333333
0.976837 0.41932144666666665
0.98384 0.5008120466666666
0.990892 0.5749673133333333
0.997995 0.60205614
1.00515 0.60201032
1.01235 0.60656276
1.01961 0.6121960133333333
1.02692 0.61439278
1.03428 0.62431688
1.0417 0.6267403466666666
1.04916 0.6267475866666666
1.05668 0.6269291866666666
1.06426 0.6206913733333332
1.07189 0.6100311466666666
1.07957 0.5872379733333333
1.08731 0.5495099533333333
1.0951 0.50213968
1.10295 0.41705944666666667
1.11086 0.33274955333333334
1.11882 0.2115797133333333
1.12684 0.18508077999999997
1.13492 0.20047279333333334
1.14306 0.21688504666666666
1.15125 0.22586267999999998
1.1595 0.30723098666666665
1.16782 0.39550642
1.17619 0.4348436866666666
1.18462 0.42705802666666665
1.19311 0.45568426
1.20166 0.4512534733333333
1.21028 0.47035526666666666
1.21895 0.5007132133333333
1.22769 0.5460139333333334
1.23649 0.5974540666666666
1.24536 0.6132815066666666
1.25428 0.59270006
1.26327 0.5048311066666666
1.27233 0.49853573333333334
1.28145 0.5647984399999999
1.29064 0.5415717733333333
1.29989 0.48341720666666665
1.30921 0.4116767533333333
1.31859 0.3589923666666666
1.32804 0.28726032
1.33756 0.2312850333333333
1.34715 0.16833589999999998
1.35681 0.11920727333333332
1.36653 0.10173545333333334
1.37633 0.10960319333333332
1.3862 0.10933924
1.39613 0.11273323333333332
1.40614 0.11734420666666667
1.41622 0.12404373999999999
1.42637 0.11986423999999998
1.4366 0.10154457333333333
1.4469 0.10468314000000001
1.45727 0.11877357333333333
1.46771 0.10044181999999999
1.47824 0.10302022666666666
1.48883 0.14658353999999998
1.49951 0.23657606666666667
1.51025 0.30421380666666664
1.52108 0.36577891999999995
1.53198 0.40765423999999995
1.54297 0.44769774
1.55403 0.4872855466666666
1.56517 0.4652921333333333
1.57639 0.41164588
1.58769 0.48686483999999997
1.59907 0.44925054
1.61053 0.44067459333333336
1.62208 0.5081885066666666
1.6337 0.49454930666666663
1.64541 0.4731129866666666
1.65721 0.4856968133333333
1.66909 0.48463158666666667
1.68105 0.5051493266666667
1.6931 0.48057443999999994
1.70524 0.44875512
1.71746 0.44484811333333335
1.72978 0.4072476733333333
1.74218 0.3807824466666666
1.75466 0.36318579999999995
1.76724 0.3121524333333333
1.77991 0.23652083999999998
1.79267 0.1726624
