0.4 0.26697849333333334
0.402867 0.2666746
0.405755 0.2597315866666666
0.408664 0.25773461999999997
0.411593 0.25671271333333334
0.414544 0.2550642133333333
0.417515 0.25335692666666665
0.420508 0.25364657999999995
0.423523 0.25180026
0.426559 0.24927956666666665
0.429617 0.2452896933333333
0.432696 0.24412902666666664
0.435798 0.24447908
0.438922 0.24256303999999998
0.442068 0.23989705333333333
0.445237 0.24016744
0.448429 0.23806213333333331
0.451643 0.23625642666666663
0.454881 0.23436635333333333
0.458142 0.23280459999999997
0.461426 0.23122834666666664
0.464734 0.23130614
0.468065 0.22856481333333334
0.47142 0.22666097333333335
0.4748 0.22585566
0.478203 0.2225528933333333
0.481631 0.22139432666666664
0.485084 0.21852254666666665
0.488561 0.21707452
0.492063 0.21684674666666665
0.49559 0.21465956666666666
0.499143 0.21247106666666665
0.502721 0.20941996666666665
0.506325 0.20714316
0.509954 0.20710728666666667
0.51361 0.20691663999999999
0.517292 0.20490451999999998
0.521 0.20373176666666665
0.524735 0.20165191999999998
0.528496 0.19965824
0.532285 0.19697958
0.5361 0.19556021999999998
0.539943 0.19411033333333333
0.543814 0.1924897733333333
0.547712 0.19118527333333335
0.551638 0.19026572666666666
0.555593 0.18739622
0.559575 0.18523307333333333
0.563587 0.18253395333333333
0.567627 0.17815239333333333
0.571696 0.17598561999999998
0.575794 0.17753412000000002
0.579921 0.17872502
0.584078 0.17897784
0.588265 0.17252223333333333
0.592482 0.1691320733333333
0.596729 0.1713606933333333
0.601007 0.17362810666666664
0.605315 0.17371838666666664
0.609654 0.17485037333333334
0.614025 0.17664939999999998
0.618426 0.17885410666666668
0.622859 0.18034712
0.627324 0.17667646666666664
0.631821 0.17788166666666666
0.63635 0.18131105333333333
0.640912 0.18303035999999998
0.645506 0.18052563333333332
0.650134 0.17901446666666665
0.654794 0.18176788
0.659488 0.18585390000000002
0.664215 0.18608270666666665
0.668977 0.18726802666666667
0.673772 0.18866706666666666
0.678602 0.18944151999999997
0.683467 0.18686072
0.688366 0.15686200666666666
0.6933 0.17371542666666664
0.69827 0.18341211333333332
0.703276 0.18545211333333333
0.708317 0.1927529
0.713395 0.19300012666666666
0.718509 0.16247564666666664
0.723659 0.16783875333333334
0.728847 0.17666906
0.734071 0.19735454666666666
0.739333 0.21082295333333334
0.744633 0.22233323333333332
0.749971 0.22594988666666665
0.755347 0.22045436666666665
0.760762 0.10963394666666666
0.766215 0.15056490666666666
0.771708 0.22523530666666663
0.77724 0.2310348733333333
0.782811 0.23048924666666665
0.788423 0.22267449333333333
0.794075 0.21972634666666668
0.799767 0.21949766666666665
0.8055 0.22092417999999997
0.811274 0.20495576666666665
0.81709 0.17527737333333332
0.822947 0.19080619333333332
0.828846 0.19770349999999998
0.834788 0.20872017999999998
0.840772 0.22083924
0.846799 0.23001352
0.852869 0.23010152666666664
0.858983 0.23228225333333333
0.86514 0.23337553333333333
0.871342 0.23358888
0.877588 0.23303518666666667
0.883879 0.23102093333333332
0.890215 0.2235364
0.896596 0.18023741999999998
0.903024 0.17318539333333333
0.909497 0.16659114
0.916017 0.16170361333333333
0.922583 0.17886071333333334
0.929196 0.13093616666666666
0.935857 0.08888705333333333
0.942566 0.09744235333333334
0.949323 0.09985174
0.956128 0.11163893999999999
0.962982 0.1334979533333333
0.969885 0.1693429333333333
0.976837 0.17014869999999999
0.98384 0.1984273933333333
0.990892 0.21840232666666665
0.997995 0.22393722
1.00515 0.22390852666666666
1.01235 0.22502625333333331
1.01961 0.2265849533333333
1.02692 0.2273814133333333
1.03428 0.22979208666666665
1.0417 0.23037972666666665
1.04916 0.23049762666666665
1.05668 0.23066500666666667
1.06426 0.22950267333333332
1.07189 0.22716252666666664
1.07957 0.22169956666666668
1.08731 0.21173050666666665
1.0951 0.19729075333333335
1.10295 0.16938790666666664
1.11086 0.13663898
1.11882 0.08679293333333334
1.12684 0.07526363333333333
1.13492 0.08263278666666667
1.14306 0.09020019333333332
1.15125 0.09367568666666666
1.1595 0.12565394
1.16782 0.15813310666666666
1.17619 0.17172862
1.18462 0.16947990666666668
1.19311 0.17854736666666665
1.20166 0.17690262
1.21028 0.1816642333333333
1.21895 0.19020552000000002
1.22769 0.20078279999999998
1.23649 0.21145008666666668
1.24536 0.2143505
1.25428 0.20995560666666668
1.26327 0.1889855133333333
1.27233 0.18705971333333332
1.28145 0.20455392666666666
1.29064 0.1995435733333333
1.29989 0.18418217333333334
1.30921 0.16086667333333332
1.31859 0.14146749333333333
1.32804 0.11467812666666666
1.33756 0.09348453333333334
1.34715 0.06416361733333333
1.35681 0.04217573
1.36653 0.035823336666666664
1.37633 0.03854405266666666
1.3862 0.038113954
1.39613 0.038895410666666665
1.40614 0.039200512666666666
1.41622 0.03923067533333333
1.42637 0.03678742733333333
1.4366 0.030067459999999997
1.4469 0.02986212
1.45727 0.03601574933333333
1.46771 0.029188636666666663
1.47824 0.031349180666666664
1.48883 0.047592640666666665
1.49951 0.07604658666666667
1.51025 0.09622455333333332
1.52108 0.11255194666666665
1.53198 0.12341377333333332
1.54297 0.13203374666666667
1.55403 0.13976345333333332
1.56517 0.13715749333333332
1.57639 0.12859030666666665
1.58769 0.14433294666666666
1.59907 0.13864282666666666
1.61053 0.13836741333333333
1.62208 0.15275838
1.6337 0.15088969333333332
1.64541 0.14789450666666665
1.65721 0.15176542666666665
1.66909 0.15190685999999998
1.68105 0.15659435333333332
1.6931 0.15213172
1.70524 0.14602358
1.71746 0.14457784666666665
1.72978 0.13582983999999998
1.74218 0.12961987333333333
1.75466 0.12487872
1.76724 0.10829065333333333
1.77991 0.08333557333333333
1.79267 0.05939482333333333
