0.4 0.3004989911133394
0.402867 0.2998598024374426
0.405755 0.29187770512495415
0.408664 0.28938671815754746
0.411593 0.28808853779308435
0.414544 0.2859727213604724
0.417515 0.28420536305624394
0.420508 0.28443615589800275
0.423523 0.2825925960122086
0.426559 0.279655560318944
0.429617 0.2745532263605206
0.432696 0.27342023263900256
0.435798 0.2734722329859527
0.438922 0.27121098886741957
0.442068 0.26800671162832096
0.445237 0.2681317048373201
0.448429 0.26565798034035676
0.451643 0.26360837954298855
0.454881 0.2617462795730304
0.458142 0.2602052791755766
0.461426 0.25860399596981154
0.464734 0.25873188950880854
0.468065 0.2557024030433823
0.47142 0.25372884229021286
0.4748 0.25301684431745675
0.478203 0.2494858063554022
0.481631 0.2483295732808628
0.485084 0.2453401774528762
0.488561 0.24367240693538655
0.492063 0.24352385129863216
0.49559 0.24103291572947863
0.499143 0.23883826171917627
0.502721 0.2358501361623027
0.506325 0.2336219264353155
0.509954 0.2339267694746163
0.51361 0.23387570163883006
0.517292 0.23178960808174115
0.521 0.23083013486278242
0.524735 0.22909108965341973
0.528496 0.22744496514310447
0.532285 0.22498853982962247
0.5361 0.22389933007716167
0.539943 0.22248395435295967
0.543814 0.22069851854884542
0.547712 0.21939617492587898
0.551638 0.2187621995013708
0.555593 0.21614133649091785
0.559575 0.21422990888317223
0.563587 0.21142772752089975
0.567627 0.20657547543437332
0.571696 0.20420871070216884
0.575794 0.2060119523296881
0.579921 0.20735598727854873
0.584078 0.20747737526722135
0.588265 0.19953273993865542
0.592482 0.19548141214540374
0.596729 0.19848268096986282
0.601007 0.20178028275142623
0.605315 0.2019164293813541
0.609654 0.20290329052662232
0.614025 0.20446571665302285
0.618426 0.20625419963928684
0.622859 0.20752858995515935
0.627324 0.20331219300068407
0.631821 0.2042237630477277
0.63635 0.2074344944388976
0.640912 0.20890288378989708
0.645506 0.20534279847221773
0.650134 0.20296084188491026
0.654794 0.20584285207689776
0.659488 0.21045300370597728
0.664215 0.21076381628524843
0.668977 0.2119129564008562
0.673772 0.2132143821978739
0.678602 0.21369503663330197
0.683467 0.2104737612576333
0.688366 0.1778091948281306
0.6933 0.19423164893538702
0.69827 0.2045970318471567
0.703276 0.20726723718061227
0.708317 0.21616808561036704
0.713395 0.21664065583483888
0.718509 0.18018270007410236
0.723659 0.1869481787072339
0.728847 0.19828506202919416
0.734071 0.22341051066209386
0.739333 0.23955948200706506
0.744633 0.2529656883703794
0.749971 0.2570017508824522
0.755347 0.2509442538157252
0.760762 0.12786004936383674
0.766215 0.17480474665458515
0.771708 0.2558432489421676
0.77724 0.2616827733599873
0.782811 0.26082878404166193
0.788423 0.2518737324826801
0.794075 0.24845958149084568
0.799767 0.24815094232342108
0.8055 0.24935411668828128
0.811274 0.23050222135043488
0.81709 0.195680183875464
0.822947 0.21406293064397533
0.828846 0.22225358738244103
0.834788 0.23500266707951697
0.840772 0.24878178245448845
0.846799 0.25880524215862943
0.852869 0.2587666053574926
0.858983 0.2607246291530023
0.86514 0.26149018410551755
0.871342 0.2614804918634992
0.877588 0.26074678180010036
0.883879 0.25836986224159936
0.890215 0.24981078282471383
0.896596 0.20011798247659093
0.903024 0.19207064609566815
0.909497 0.18413049710033957
0.916017 0.17861678620909677
0.922583 0.19858754809145865
0.929196 0.14122479936469975
0.935857 0.08958990867953673
0.942566 0.10073086186057399
0.949323 0.10356610698482281
0.956128 0.11790243816455996
0.962982 0.1440140797654372
0.969885 0.18544270918790656
0.976837 0.18602258427969395
0.98384 0.21725489433014603
0.990892 0.23863446764552468
0.997995 0.24395414278860264
1.00515 0.24344123962064065
1.01235 0.24438961815953136
1.01961 0.24582124307432932
1.02692 0.24663811551128884
1.03428 0.24926687182490068
1.0417 0.25012117687535246
1.04916 0.25056195360896094
1.05668 0.2510186491158239
1.06426 0.2499800739853015
1.07189 0.24744164643025793
1.07957 0.24165000315653054
1.08731 0.23098227369204058
1.0951 0.2153823825426257
1.10295 0.18474398664967256
1.11086 0.14683008725780108
1.11882 0.0867457055740285
1.12684 0.07272202776528525
1.13492 0.08197113093319328
1.14306 0.09125430159753513
1.15125 0.09508638647076656
1.1595 0.13238562883869828
1.16782 0.16848704226009512
1.17619 0.18256874649383734
1.18462 0.1801976936788005
1.19311 0.18937256088119456
1.20166 0.18716593842052107
1.21028 0.19156675964982633
1.21895 0.20013332852645335
1.22769 0.2102445030208607
1.23649 0.22030260514760983
1.24536 0.22292791043565452
1.25428 0.21884486992022298
1.26327 0.19931674245118983
1.27233 0.1974455303052129
1.28145 0.2137352888081086
1.29064 0.208428903784768
1.29989 0.19251509413307152
1.30921 0.16820678961361218
1.31859 0.14755865749588712
1.32804 0.11776695971192278
1.33756 0.09368468268189657
1.34715 0.05809204661725706
1.35681 0.03338848953124523
1.36653 0.02768114820377648
1.37633 0.03003992491318412
1.3862 0.02957258996792373
1.39613 0.030138616901797016
1.40614 0.029996930274442744
1.41622 0.029715046834814157
1.42637 0.02834140355510889
1.4366 0.02336548213173173
1.4469 0.024343905886618656
1.45727 0.03293133657992945
1.46771 0.02660552741518192
1.47824 0.030426597642768075
1.48883 0.04897642911828639
1.49951 0.07842006968024166
1.51025 0.09815804153158034
1.52108 0.11392261268401657
1.53198 0.12444594977025544
1.54297 0.13243740156481315
1.55403 0.13936943256590137
1.56517 0.1374153003524142
1.57639 0.13024929716048078
1.58769 0.1441886943165274
1.59907 0.13958359440146959
1.61053 0.139689900674153
1.62208 0.15263502065126577
1.6337 0.1511191833700218
1.64541 0.14869472042737764
1.65721 0.15238756009027837
1.66909 0.15249109819990045
1.68105 0.15658645961086748
1.6931 0.15236002531181708
1.70524 0.14645263317204596
1.71746 0.1446154613548548
1.72978 0.13602908946555842
1.74218 0.12972924963533408
1.75466 0.12496352283664444
1.76724 0.10830398327292481
1.77991 0.08202349106791529
1.79267 0.055325244875394676
