0.4 0.25817744666666664
0.402867 0.2578011533333333
0.405755 0.25091416666666666
0.408664 0.2488809933333333
0.411593 0.24782787333333334
0.414544 0.24613901333333332
0.417515 0.2444331733333333
0.420508 0.24459805333333332
0.423523 0.24269751333333334
0.426559 0.2401781533333333
0.429617 0.23620588666666667
0.432696 0.23500126666666665
0.435798 0.2352732933333333
0.438922 0.2333597733333333
0.442068 0.23070677333333334
0.445237 0.23090594
0.448429 0.22877549999999996
0.451643 0.22695340666666666
0.454881 0.22503098666666665
0.458142 0.22343978
0.461426 0.22185574666666666
0.464734 0.22190997999999998
0.468065 0.21922833999999997
0.47142 0.21737961333333333
0.4748 0.21661132666666666
0.478203 0.21341696666666665
0.481631 0.2122558933333333
0.485084 0.20939168
0.488561 0.20793103333333332
0.492063 0.20767972666666668
0.49559 0.20552252
0.499143 0.20341438
0.502721 0.2004868
0.506325 0.19832019999999997
0.509954 0.19830977333333333
0.51361 0.19813332666666666
0.517292 0.19618868
0.521 0.19508154666666666
0.524735 0.19308439333333333
0.528496 0.19120352666666665
0.532285 0.18865632666666665
0.5361 0.18733112666666665
0.539943 0.18594495333333333
0.543814 0.18439945333333332
0.547712 0.18315174666666667
0.551638 0.18228279333333333
0.555593 0.17953224666666667
0.559575 0.17744072666666666
0.563587 0.17482169333333333
0.567627 0.17054771999999999
0.571696 0.16842645999999997
0.575794 0.16993404666666667
0.579921 0.17109209333333333
0.584078 0.17132150000000002
0.588265 0.16499555999999999
0.592482 0.16167888666666666
0.596729 0.16389495999999998
0.601007 0.16611954666666667
0.605315 0.16612113333333334
0.609654 0.16715276666666667
0.614025 0.16883366666666666
0.618426 0.17088686
0.622859 0.17225482666666664
0.627324 0.16864736666666663
0.631821 0.16970116000000002
0.63635 0.17297376
0.640912 0.17460769999999998
0.645506 0.17211582666666664
0.650134 0.17057939333333333
0.654794 0.17321228
0.659488 0.1771352333333333
0.664215 0.17727832666666665
0.668977 0.1783714733333333
0.673772 0.17967418666666668
0.678602 0.18033263333333333
0.683467 0.17779515999999998
0.688366 0.14901033333333333
0.6933 0.16499152666666667
0.69827 0.17438067333333332
0.703276 0.17647962666666664
0.708317 0.18374217333333334
0.713395 0.18408298
0.718509 0.15413292
0.723659 0.15952861333333332
0.728847 0.16834766666666667
0.734071 0.18889595333333334
0.739333 0.20231924666666667
0.744633 0.21378503333333332
0.749971 0.2174397
0.755347 0.21221098666666666
0.760762 0.10491670666666666
0.766215 0.14447891999999998
0.771708 0.21692503333333335
0.77724 0.2225799533333333
0.782811 0.2220315533333333
0.788423 0.21430169999999998
0.794075 0.21135623333333334
0.799767 0.21110089333333332
0.8055 0.21246793999999997
0.811274 0.19666524
0.81709 0.16732286666666665
0.822947 0.18269748
0.828846 0.18953399333333332
0.834788 0.20041298666666665
0.840772 0.21242336666666664
0.846799 0.22149893999999998
0.852869 0.22159035333333332
0.858983 0.22371082
0.86514 0.22475622666666664
0.871342 0.22494992666666663
0.877588 0.22441742666666667
0.883879 0.22246234
0.890215 0.21510796
0.896596 0.17226213999999998
0.903024 0.16534218666666667
0.909497 0.15878322666666667
0.916017 0.15390266
0.922583 0.17092527333333332
0.929196 0.12329256666666666
0.935857 0.08159006666666666
0.942566 0.09009043333333333
0.949323 0.09245076666666666
0.956128 0.10408568666666665
0.962982 0.1258117933333333
0.969885 0.16147267999999998
0.976837 0.16228827333333332
0.98384 0.19026694666666666
0.990892 0.20995398666666668
0.997995 0.21537827999999998
1.00515 0.21536539333333332
1.01235 0.21647897333333332
1.01961 0.21806060666666666
1.02692 0.21890429333333333
1.03428 0.22132967333333334
1.0417 0.22194519999999998
1.04916 0.22208014
1.05668 0.22226792666666664
1.06426 0.22117138666666664
1.07189 0.21888138666666668
1.07957 0.21353739333333333
1.08731 0.20375064666666667
1.0951 0.18952700666666666
1.10295 0.16194040666666665
1.11086 0.12940189333333332
1.11882 0.07987700666666667
1.12684 0.06852293333333333
1.13492 0.07583811333333333
1.14306 0.08329923333333333
1.15125 0.08672878
1.1595 0.11843678666666665
1.16782 0.15065726
1.17619 0.1640724533333333
1.18462 0.16189832666666665
1.19311 0.17083025333333335
1.20166 0.16924201333333333
1.21028 0.17396557999999998
1.21895 0.18245626666666664
1.22769 0.19288078666666666
1.23649 0.20333499333333332
1.24536 0.20618261333333332
1.25428 0.20199820666666668
1.26327 0.18183039999999998
1.27233 0.17994670000000001
1.28145 0.19675834666666664
1.29064 0.1917721933333333
1.29989 0.17662760666666666
1.30921 0.15361882666666665
1.31859 0.13444029999999998
1.32804 0.10783289333333332
1.33756 0.08678614666666667
1.34715 0.05793699933333333
1.35681 0.037256411999999996
1.36653 0.03163463133333333
1.37633 0.03402273066666667
1.3862 0.033626102
1.39613 0.03429707333333333
1.40614 0.03451896266666667
1.41622 0.034538462666666665
1.42637 0.032559194666666666
1.4366 0.026696174666666662
1.4469 0.026799326666666665
1.45727 0.033153944
1.46771 0.026805342666666666
1.47824 0.029225794666666666
1.48883 0.04538289399999999
1.49951 0.073381
1.51025 0.09311204000000001
1.52108 0.10904666666666665
1.53198 0.11963954
1.54297 0.12796059333333332
1.55403 0.13536257999999998
1.56517 0.1328607
1.57639 0.12463083333333333
1.58769 0.13971858666666664
1.59907 0.13427873333333332
1.61053 0.13402757999999998
1.62208 0.14787060666666665
1.6337 0.14605769333333332
1.64541 0.14316729333333333
1.65721 0.14688284666666665
1.66909 0.14692134666666667
1.68105 0.15133535999999997
1.6931 0.1468763733333333
1.70524 0.14082428666666666
1.71746 0.13930134
1.72978 0.13068158666666665
1.74218 0.12453448666666667
1.75466 0.11984499333333333
1.76724 0.10347468
1.77991 0.07877667999999999
1.79267 0.05503885333333333
