0.4 1.1663603999999999
0.402867 1.1794506666666666
0.405755 1.169454
0.408664 1.1782704
0.411593 1.1901730666666666
0.414544 1.2018812666666667
0.417515 1.2100519333333333
0.420508 1.2303494666666666
0.423523 1.2418592
0.426559 1.2447098666666667
0.429617 1.2434212666666666
0.432696 1.2592482
0.435798 1.2783692
0.438922 1.2892174666666665
0.442068 1.2965110666666666
0.445237 1.3166913999999998
0.448429 1.3276117333333333
0.451643 1.3370604
0.454881 1.3469816
0.458142 1.3577876666666664
0.461426 1.3698061999999998
0.464734 1.3901490666666665
0.468065 1.3958898
0.47142 1.4050636
0.4748 1.4185721333333332
0.478203 1.4181396666666668
0.481631 1.4309714
0.485084 1.4379343999999998
0.488561 1.4531873333333334
0.492063 1.4681699333333331
0.49559 1.4670253333333332
0.499143 1.4650022666666667
0.502721 1.4519773333333332
0.506325 1.446312
0.509954 1.4638415999999999
0.51361 1.4846716666666666
0.517292 1.4896137999999999
0.521 1.4930189999999999
0.524735 1.4784989333333334
0.528496 1.4638924
0.532285 1.4512787999999999
0.5361 1.4510607333333332
0.539943 1.4448425999999999
0.543814 1.4415260666666667
0.547712 1.4543866666666665
0.551638 1.4622324
0.555593 1.4414273999999998
0.559575 1.4217816
0.563587 1.3943842666666666
0.567627 1.3417633999999998
0.571696 1.3267461333333332
0.575794 1.3704825999999999
0.579921 1.4144528666666665
0.584078 1.4380199333333332
0.588265 1.3336963333333334
0.592482 1.2816168666666665
0.596729 1.3421780666666667
0.601007 1.453888
0.605315 1.5374527999999998
0.609654 1.5980384
0.614025 1.6757284
0.618426 1.7665783333333334
0.622859 1.8450880666666667
0.627324 1.8118710666666664
0.631821 1.8942961333333335
0.63635 2.059983933333333
0.640912 2.170978
0.645506 2.120673
0.650134 2.1202831333333334
0.654794 2.2580457333333332
0.659488 2.4833462666666666
0.664215 2.6165912666666666
0.668977 2.729445133333333
0.673772 2.825658333333333
0.678602 2.907005933333333
0.683467 2.871980333333333
0.688366 1.9721760666666666
0.6933 2.348212733333333
0.69827 2.661920133333333
0.703276 2.6929586666666663
0.708317 2.9221064666666665
0.713395 2.8957924
0.718509 1.9319463999999997
0.723659 2.0264154
0.728847 2.179028933333333
0.734071 2.7716342
0.739333 3.2364516666666665
0.744633 3.7153713333333336
0.749971 3.8637008
0.755347 3.6929282666666663
0.760762 1.2852451999999999
0.766215 1.8350155333333333
0.771708 3.8186986666666667
0.77724 4.105592866666666
0.782811 4.1040848
0.788423 3.7520859333333334
0.794075 3.6427906
0.799767 3.6006656666666665
0.8055 3.680657933333333
0.811274 3.150022933333333
0.81709 2.277284133333333
0.822947 2.7118074666666665
0.828846 2.8825606666666665
0.834788 3.3405701333333333
0.840772 3.891616466666666
0.846799 4.399670666666666
0.852869 4.427618
0.858983 4.604291266666666
0.86514 4.7234712
0.871342 4.759999199999999
0.877588 4.736476266666666
0.883879 4.620185533333333
0.890215 4.2610808
0.896596 2.627182
0.903024 2.3313476
0.909497 2.1972696
0.916017 2.0471543999999997
0.922583 2.4716397333333333
0.929196 1.5287836
0.935857 1.0221891333333333
0.942566 1.0730628
0.949323 1.1027859333333332
0.956128 1.2223852
0.962982 1.5154704666666667
0.969885 2.3000596666666664
0.976837 2.3402794666666664
0.98384 3.3875476666666664
0.990892 4.400268266666666
0.997995 4.7977516
1.00515 4.808844799999999
1.01235 4.879331266666666
1.01961 4.9727022666666665
1.02692 5.0172526
1.03428 5.174703333333333
1.0417 5.222966733333333
1.04916 5.2299164
1.05668 5.241097933333333
1.06426 5.152273666666666
1.07189 5.0043159333333325
1.07957 4.696157066666666
1.08731 4.2018118
1.0951 3.551541333333333
1.10295 2.4513811333333333
1.11086 1.6666598
1.11882 1.0507132666666665
1.12684 0.9454248000000001
1.13492 0.9917829333333332
1.14306 1.0480748666666666
1.15125 1.0797438
1.1595 1.472708
1.16782 2.240413333333333
1.17619 2.8078280666666666
1.18462 2.6614823999999997
1.19311 3.0499778666666666
1.20166 3.024032
1.21028 3.2920336666666667
1.21895 3.728149066666666
1.22769 4.359558
1.23649 5.1012736
1.24536 5.350580866666666
1.25428 5.090432066666667
1.26327 3.9710203999999996
1.27233 3.878572933333333
1.28145 4.675750333333333
1.29064 4.319213066666666
1.29989 3.5340332666666665
1.30921 2.5516603333333334
1.31859 1.9136728666666667
1.32804 1.4043875333333333
1.33756 1.1170798
1.34715 0.9095008
1.35681 0.6576267333333333
1.36653 0.5263361
1.37633 0.5883397133333332
1.3862 0.59301136
1.39613 0.6248538666666666
1.40614 0.6794897999999999
1.41622 0.7688510666666667
1.42637 0.7553188666666666
1.4366 0.6435402533333333
1.4469 0.7126901999999999
1.45727 0.7842923333333333
1.46771 0.7099317333333334
1.47824 0.7106690666666666
1.48883 0.8890751333333333
1.49951 1.5148400666666666
1.51025 2.3673882666666666
1.52108 3.2005374
1.53198 3.7548849333333334
1.54297 4.306677266666666
1.55403 4.8865776
1.56517 4.521966533333333
1.57639 3.715063533333333
1.58769 4.7320313333333335
1.59907 4.1511118
1.61053 3.9885583333333328
1.62208 4.9037554
1.6337 4.686838933333333
1.64541 4.351974733333333
1.65721 4.486742466666667
1.66909 4.460607133333333
1.68105 4.73892
1.6931 4.3463364
1.70524 3.851148933333333
1.71746 3.7928555999999998
1.72978 3.2213965333333334
1.74218 2.8292364666666665
1.75466 2.5129828666666665
1.76724 1.8317305333333334
1.77991 1.2511856
1.79267 0.9748067999999999
