0.4 0.42842248810494765
0.402867 0.4260295150431017
0.405755 0.4122109997487492
0.408664 0.4073931675817182
0.411593 0.4051729330851676
0.414544 0.40232418657912977
0.417515 0.4000292613507688
0.420508 0.4009418781063955
0.423523 0.3979920441440519
0.426559 0.39358585089775755
0.429617 0.3860101709452895
0.432696 0.3829653187735224
0.435798 0.38196479292631913
0.438922 0.37719872433607293
0.442068 0.3714892128153444
0.445237 0.37098574528939404
0.448429 0.3670554029959228
0.451643 0.3645869592990428
0.454881 0.36364835576805127
0.458142 0.36263782116281024
0.461426 0.3596203255964291
0.464734 0.3585652565173616
0.468065 0.35273571989025393
0.47142 0.34998415132564387
0.4748 0.3497740973907211
0.478203 0.3456154734241624
0.481631 0.34287070401586167
0.485084 0.3368197848595687
0.488561 0.33366267661738186
0.492063 0.3336937327637009
0.49559 0.33159084370604286
0.499143 0.3298065351165164
0.502721 0.32722451551299186
0.506325 0.3250868307730446
0.509954 0.32565196064746554
0.51361 0.3257796248059335
0.517292 0.32289118322555993
0.521 0.32071428335172236
0.524735 0.3168595216796374
0.528496 0.31333347921759236
0.532285 0.30820494560474115
0.5361 0.30511469906584965
0.539943 0.30251041222541186
0.543814 0.29983191459360903
0.547712 0.2974379616533538
0.551638 0.29583895007077654
0.555593 0.2913830729896273
0.559575 0.2880672044476164
0.563587 0.2840163271110428
0.567627 0.27841099266323704
0.571696 0.27605780466456026
0.575794 0.2782306150458529
0.579921 0.2799809778476288
0.584078 0.28035209179700965
0.588265 0.2720530915995755
0.592482 0.267685953507023
0.596729 0.2707641015471875
0.601007 0.27325284272540296
0.605315 0.27221962093535895
0.609654 0.27316367379015727
0.614025 0.2749881973895018
0.618426 0.27724361751995347
0.622859 0.27854527600034734
0.627324 0.2719710117846583
0.631821 0.27210908465153516
0.63635 0.27577347994571677
0.640912 0.2775201532053189
0.645506 0.27321293767712246
0.650134 0.2700419111620199
0.654794 0.272930192762245
0.659488 0.2786448136489648
0.664215 0.280916661740911
0.668977 0.283233024309165
0.673772 0.2850604275511818
0.678602 0.28588915471646187
0.683467 0.2817727055165399
0.688366 0.24074683631595736
0.6933 0.26172824278472423
0.69827 0.27372519411247864
0.703276 0.2774923366570061
0.708317 0.28838854457330887
0.713395 0.28946111148111375
0.718509 0.24629303810139008
0.723659 0.2551247521956642
0.728847 0.27155354358726236
0.734071 0.3040430320463799
0.739333 0.32538814338390226
0.744633 0.3439565092809513
0.749971 0.35127359132219943
0.755347 0.3446532828200329
0.760762 0.17873330142329957
0.766215 0.24300679588312138
0.771708 0.3496796991043728
0.77724 0.35647731560482493
0.782811 0.35506667064829533
0.788423 0.3442234461574094
0.794075 0.3402149235651396
0.799767 0.3403154310934071
0.8055 0.34304781203896173
0.811274 0.3207974330338824
0.81709 0.27657300073514435
0.822947 0.30060371882231657
0.828846 0.3112729848992752
0.834788 0.3269844752989928
0.840772 0.3431427402595519
0.846799 0.354037848312334
0.852869 0.3534489613858673
0.858983 0.35506306109619584
0.86514 0.3555667085998132
0.871342 0.356414813360575
0.877588 0.35681819330614756
0.883879 0.35528606342438424
0.890215 0.3450071789059362
0.896596 0.28129005540740737
0.903024 0.27134734917342107
0.909497 0.26117772109760923
0.916017 0.25435559763816545
0.922583 0.2811310251410828
0.929196 0.20215983448230906
0.935857 0.12803075297809458
0.942566 0.14444362634492133
0.949323 0.1483938161755604
0.956128 0.16913688221940565
0.962982 0.20629673114495556
0.969885 0.2634562583595127
0.976837 0.2647352296551037
0.98384 0.3066970727129875
0.990892 0.3346593029484665
0.997995 0.34145093019211087
1.00515 0.340997746426572
1.01235 0.3423257716351833
1.01961 0.34511383567116
1.02692 0.3473419291925034
1.03428 0.35173773372790745
1.0417 0.35273440005402923
1.04916 0.35284354651031336
1.05668 0.35291450770491284
1.06426 0.3513942363516538
1.07189 0.34813871032188864
1.07957 0.3404779809229977
1.08731 0.3260706886885306
1.0951 0.3052438030456537
1.10295 0.264844166137443
1.11086 0.2126146171739845
1.11882 0.12522542108484397
1.12684 0.10413158856674959
1.13492 0.1182448872821509
1.14306 0.13265276944341542
1.15125 0.13879170767763702
1.1595 0.19456099740335203
1.16782 0.2465204598811796
1.17619 0.2660389378811497
1.18462 0.2632190977881859
1.19311 0.2762440715511595
1.20166 0.2732674309151903
1.21028 0.2796258619130935
1.21895 0.29180285090041663
1.22769 0.30574787049716073
1.23649 0.3194613688228112
1.24536 0.3233198400345885
1.25428 0.31832281010376823
1.26327 0.29144908479838394
1.27233 0.2889399961450368
1.28145 0.3121089011724764
1.29064 0.30508000337115326
1.29989 0.28282424503358206
1.30921 0.24840451609326838
1.31859 0.21867906465158124
1.32804 0.17473732727392427
1.33756 0.1386545646953731
1.34715 0.0814877153893963
1.35681 0.042341701922129625
1.36653 0.03477796348786791
1.37633 0.03775874960943396
1.3862 0.03712511523556826
1.39613 0.03790196183857994
1.40614 0.03784111438899062
1.41622 0.03857392945576756
1.42637 0.03893178105084143
1.4366 0.0334264971880041
1.4469 0.03723486861654059
1.45727 0.053637917202500295
1.46771 0.043794109696413626
1.47824 0.05116024665055803
1.48883 0.0818819264727105
1.49951 0.12746475321161643
1.51025 0.15681319143594838
1.52108 0.1798689505033925
1.53198 0.19483134385672415
1.54297 0.20573769051493526
1.55403 0.21501052987105831
1.56517 0.211802387961514
1.57639 0.201089917245713
1.58769 0.22125987440523312
1.59907 0.21456003577176544
1.61053 0.21459477146149894
1.62208 0.23326620456919075
1.6337 0.23103333164091217
1.64541 0.22744860646066165
1.65721 0.2326920358163821
1.66909 0.23259945730422243
1.68105 0.23840127737061007
1.6931 0.23237219550458138
1.70524 0.22367410482930516
1.71746 0.220589687567073
1.72978 0.20796155456110393
1.74218 0.19867888642461012
1.75466 0.1916755854470399
1.76724 0.1670951055784578
1.77991 0.12706420291491966
1.79267 0.08486652312143758
