0.4 0.005938695874747431
0.402867 0.00604126132789162
0.405755 0.006043392874383084
0.408664 0.006132387192387734
0.411593 0.006232988246448853
0.414544 0.006338544003428227
0.417515 0.0064243364977235986
0.420508 0.00657935571018132
0.423523 0.0066936743618815474
0.426559 0.006747923204290605
0.429617 0.006792491342556675
0.432696 0.006933594949417439
0.435798 0.007082936321217002
0.438922 0.007198045169797028
0.442068 0.007296345194565359
0.445237 0.007452308906650147
0.448429 0.007567352531041867
0.451643 0.007664684034998691
0.454881 0.007769026888977638
0.458142 0.007874647036076413
0.461426 0.007995854429669854
0.464734 0.008152548452487123
0.468065 0.00824459562949477
0.47142 0.008345637906006186
0.4748 0.008455270591789079
0.478203 0.008490424093892585
0.481631 0.008593441278755267
0.485084 0.008684585993208614
0.488561 0.008809828445346586
0.492063 0.008911828066146196
0.49559 0.008911418204686694
0.499143 0.00890604830226795
0.502721 0.00885725460411964
0.506325 0.008835089556619229
0.509954 0.008929935368427884
0.51361 0.00906064580948773
0.517292 0.009115525041174547
0.521 0.00913078199638317
0.524735 0.009012701527111413
0.528496 0.00888460789383147
0.532285 0.008790201636335307
0.5361 0.00878123572924318
0.539943 0.008746737638484561
0.543814 0.008727313508216991
0.547712 0.008797921110857062
0.551638 0.00880900238350391
0.555593 0.008627251429481737
0.559575 0.008456230438283982
0.563587 0.008237528897297407
0.567627 0.007891383629521008
0.571696 0.007799449051815424
0.575794 0.008077003662375785
0.579921 0.00836616584306152
0.584078 0.008551767192772841
0.588265 0.008073064188127671
0.592482 0.007821806268791353
0.596729 0.008105138141023248
0.601007 0.00870600938663945
0.605315 0.009263793299922022
0.609654 0.00971025637195969
0.614025 0.010314530785518632
0.618426 0.011024924119381035
0.622859 0.011663903139159267
0.627324 0.011601658411793617
0.631821 0.012316276304655576
0.63635 0.013591253882389926
0.640912 0.014504358655463529
0.645506 0.014398444082041585
0.650134 0.014605676174713316
0.654794 0.015666958793465188
0.659488 0.017344092535351914
0.664215 0.018467503278636627
0.668977 0.01944940922791768
0.673772 0.02029987592673043
0.678602 0.021046988143215664
0.683467 0.02094833614136978
0.688366 0.01444728699025524
0.6933 0.017650489415431805
0.69827 0.020146937716188584
0.703276 0.020520046763498574
0.708317 0.022192902065534537
0.713395 0.022186696592887606
0.718509 0.01602889765638314
0.723659 0.016687513493999502
0.728847 0.01778991570972631
0.734071 0.021888732149428745
0.739333 0.02530656135536751
0.744633 0.02898396614938242
0.749971 0.030256778651055354
0.755347 0.028944064293007547
0.760762 0.010008883566569798
0.766215 0.014517121744648719
0.771708 0.030239121412354353
0.77724 0.03266039508277946
0.782811 0.03275118681927257
0.788423 0.030150935307117828
0.794075 0.029426261212292228
0.799767 0.029127781314250593
0.8055 0.02991221310978343
0.811274 0.026218647396681578
0.81709 0.02001487124590436
0.822947 0.02305144922389076
0.828846 0.02424551227590881
0.834788 0.02778786963737603
0.840772 0.03215596021837214
0.846799 0.0362676046378205
0.852869 0.036563115250563334
0.858983 0.038096590966163434
0.86514 0.03918589162754374
0.871342 0.03956307093110601
0.877588 0.039404010654807656
0.883879 0.03845994307543259
0.890215 0.035622986144553705
0.896596 0.023179462119300782
0.903024 0.020910285917962134
0.909497 0.020023325368316892
0.916017 0.019074913958088982
0.922583 0.022087764343889926
0.929196 0.015692144838536454
0.935857 0.012123765027700873
0.942566 0.012553404929941692
0.949323 0.012832229327001742
0.956128 0.01377703806000504
0.962982 0.015764715172121788
0.969885 0.021093233927675554
0.976837 0.021433600766083954
0.98384 0.02938006380382878
0.990892 0.037539176044964054
0.997995 0.04099242482098676
1.00515 0.041144035193833195
1.01235 0.04179299251353941
1.01961 0.04267521221553343
1.02692 0.04313966348481326
1.03428 0.044587286819970665
1.0417 0.045078643483960804
1.04916 0.045184126510131734
1.05668 0.045347917625254475
1.06426 0.044559036906186865
1.07189 0.043340495599969615
1.07957 0.040780995026334185
1.08731 0.03666262634338051
1.0951 0.03143257392593455
1.10295 0.022892026961687996
1.11086 0.017286850386459617
1.11882 0.01274458886964232
1.12684 0.011786311591974694
1.13492 0.012194687241131591
1.14306 0.01275791362082757
1.15125 0.012977904632339972
1.1595 0.015832004014592213
1.16782 0.021322324297304747
1.17619 0.025721637413659064
1.18462 0.02458133844320298
1.19311 0.027685981448182018
1.20166 0.027352889358755676
1.21028 0.029578515486332668
1.21895 0.033216141866170515
1.22769 0.0386883745306275
1.23649 0.045278124407492425
1.24536 0.047593214433867104
1.25428 0.04517951744536736
1.26327 0.03475648030071401
1.27233 0.03405525355092207
1.28145 0.04157032947888565
1.29064 0.03869319378075572
1.29989 0.032159793599055644
1.30921 0.024349837614440772
1.31859 0.019393014493032004
1.32804 0.015751342378567654
1.33756 0.013643373013259108
1.34715 0.011682002100751912
1.35681 0.008330016129058888
1.36653 0.00642163011094339
1.37633 0.007333812570622776
1.3862 0.007436201034345504
1.39613 0.007933409525767206
1.40614 0.008817508885443626
1.41622 0.010345554312036313
1.42637 0.010335045544285278
1.4366 0.00888737466720034
1.4469 0.010380399875900405
1.45727 0.011658011443234082
1.46771 0.010977789384283093
1.47824 0.011154981984930267
1.48883 0.012813320150875598
1.49951 0.017599524469112195
1.51025 0.02429012662159217
1.52108 0.03117255461320141
1.53198 0.035517936834212935
1.54297 0.04046172846306315
1.55403 0.046069986088823484
1.56517 0.04241086908960113
1.57639 0.03437565945231619
1.58769 0.044462957172841405
1.59907 0.038661937882641335
1.61053 0.03694593452805552
1.62208 0.04585541185440224
1.6337 0.043652467396604895
1.64541 0.04044814982130347
1.65721 0.04195809812125511
1.66909 0.041774854851149616
1.68105 0.044638443602138235
1.6931 0.04092569764051639
1.70524 0.036000187133907485
1.71746 0.03601944745304228
1.72978 0.030842458499278802
1.74218 0.02790597713048028
1.75466 0.02550978224386537
1.76724 0.020075819997006732
1.77991 0.015622572148592662
1.79267 0.013241005996487759
