0.4 0.26840282666666665
0.402867 0.2680918866666666
0.405755 0.26109483333333333
0.408664 0.25909641333333333
0.411593 0.2580929733333333
0.414544 0.25639191333333333
0.417515 0.2547409333333333
0.420508 0.25501312666666665
0.423523 0.25312725999999997
0.426559 0.2506185333333333
0.429617 0.2466031333333333
0.432696 0.24538724666666667
0.435798 0.24572911999999997
0.438922 0.24375729333333332
0.442068 0.2410517
0.445237 0.24133677999999997
0.448429 0.23923951999999998
0.451643 0.2374451933333333
0.454881 0.23552589333333332
0.458142 0.23393772000000002
0.461426 0.23233342
0.464734 0.2324012533333333
0.468065 0.22963062666666667
0.47142 0.22769488
0.4748 0.22685877999999998
0.478203 0.22352131999999997
0.481631 0.22237174666666665
0.485084 0.21951661333333333
0.488561 0.21806248666666667
0.492063 0.21781742666666665
0.49559 0.21557484
0.499143 0.21334311333333333
0.502721 0.21023822666666664
0.506325 0.20792167333333333
0.509954 0.20786907333333332
0.51361 0.20764311333333332
0.517292 0.20558548666666665
0.521 0.20439392
0.524735 0.20228989999999997
0.528496 0.20026208
0.532285 0.1975737
0.5361 0.19614515999999999
0.539943 0.1946680533333333
0.543814 0.19302596666666666
0.547712 0.19170228
0.551638 0.19076411333333332
0.555593 0.18785634666666665
0.559575 0.18565695999999998
0.563587 0.18292599999999998
0.567627 0.17849704
0.571696 0.17629169333333333
0.575794 0.17784842
0.579921 0.17905381999999997
0.584078 0.17929739333333333
0.588265 0.17273271333333332
0.592482 0.16928296666666667
0.596729 0.17153581333333334
0.601007 0.17384974666666667
0.605315 0.1739721733333333
0.609654 0.1751317
0.614025 0.17695855333333332
0.618426 0.17918956666666666
0.622859 0.18070663999999997
0.627324 0.17701213333333332
0.631821 0.17822048000000001
0.63635 0.18166632
0.640912 0.18340824
0.645506 0.18086475999999999
0.650134 0.17934061999999998
0.654794 0.18213811333333332
0.659488 0.18630616
0.664215 0.18659089333333334
0.668977 0.18781128666666663
0.673772 0.18922848666666664
0.678602 0.19003140666666665
0.683467 0.18745080666666664
0.688366 0.15728039333333332
0.6933 0.17410948666666665
0.69827 0.18382922000000002
0.703276 0.18583183333333333
0.708317 0.19315198
0.713395 0.19333964666666664
0.718509 0.16256833333333331
0.723659 0.16789283333333332
0.728847 0.17665682
0.734071 0.19738278
0.739333 0.21090591333333333
0.744633 0.2224765333333333
0.749971 0.22607202666666665
0.755347 0.22052887999999998
0.760762 0.1096914
0.766215 0.15056512666666666
0.771708 0.22523158
0.77724 0.23102836
0.782811 0.23046183999999997
0.788423 0.22257559333333332
0.794075 0.21961262666666664
0.799767 0.21936912666666666
0.8055 0.22078654666666667
0.811274 0.20475996666666665
0.81709 0.17507542666666667
0.822947 0.19059758666666665
0.828846 0.19748452
0.834788 0.20850480666666665
0.840772 0.22065282666666666
0.846799 0.22988579999999997
0.852869 0.22997256
0.858983 0.23218864666666666
0.86514 0.23330294666666665
0.871342 0.23351674666666666
0.877588 0.23294479333333332
0.883879 0.23088880666666667
0.890215 0.22334047999999998
0.896596 0.17997282666666664
0.903024 0.17288289999999998
0.909497 0.16630430666666665
0.916017 0.16140346666666666
0.922583 0.17849310666666665
0.929196 0.13086461333333332
0.935857 0.08928064
0.942566 0.09767413999999999
0.949323 0.10006524
0.956128 0.11170525999999999
0.962982 0.13334036
0.969885 0.16898355999999998
0.976837 0.16978899333333333
0.98384 0.19805529333333333
0.990892 0.21810845999999998
0.997995 0.22368953333333333
1.00515 0.22364093333333335
1.01235 0.22475088666666665
1.01961 0.22630142666666667
1.02692 0.22709177333333333
1.03428 0.22952942666666667
1.0417 0.23013489999999998
1.04916 0.23026110666666666
1.05668 0.2304396333333333
1.06426 0.22925811333333335
1.07189 0.22688517999999996
1.07957 0.22137437999999998
1.08731 0.21135267333333332
1.0951 0.19686842666666665
1.10295 0.16893196666666666
1.11086 0.13638577333333332
1.11882 0.08714517333333333
1.12684 0.07578503333333333
1.13492 0.08299407333333333
1.14306 0.09039862666666666
1.15125 0.0938422
1.1595 0.12545212666666666
1.16782 0.15772362
1.17619 0.1713094533333333
1.18462 0.16902860666666666
1.19311 0.17807260666666663
1.20166 0.17643949333333334
1.21028 0.18119629333333334
1.21895 0.189735
1.22769 0.20036553333333332
1.23649 0.21113658000000002
1.24536 0.21407852666666666
1.25428 0.20964890666666663
1.26327 0.18860466666666667
1.27233 0.18667663999999998
1.28145 0.20417229333333334
1.29064 0.19910024666666665
1.29989 0.18370453999999997
1.30921 0.16042134
1.31859 0.14110763999999998
1.32804 0.11454651333333334
1.33756 0.09357876666666666
1.34715 0.06493746933333333
1.35681 0.043242164666666666
1.36653 0.036775256666666666
1.37633 0.03956141133333333
1.3862 0.039131344
1.39613 0.039940420666666664
1.40614 0.04028229333333333
1.41622 0.040287734
1.42637 0.037636508666666665
1.4366 0.030687587333333335
1.4469 0.030256776
1.45727 0.03600819533333333
1.46771 0.029172023999999998
1.47824 0.031113426666666666
1.48883 0.04696360866666666
1.49951 0.07513682666666666
1.51025 0.09524945333333332
1.52108 0.11158644666666667
1.53198 0.12248917999999999
1.54297 0.13119632666666664
1.55403 0.13902631333333332
1.56517 0.13641019333333332
1.57639 0.12782861333333334
1.58769 0.14363866666666666
1.59907 0.13792838666666665
1.61053 0.13765368666666666
1.62208 0.15209974666666665
1.6337 0.15021258666666665
1.64541 0.14718676666666666
1.65721 0.15105926666666666
1.66909 0.15123399333333332
1.68105 0.15595612666666664
1.6931 0.15146584
1.70524 0.14533094
1.71746 0.14391067333333332
1.72978 0.13513970666666666
1.74218 0.12892232666666664
1.75466 0.12417823333333333
1.76724 0.10765339333333332
1.77991 0.08294176666666667
1.79267 0.05941304866666666
