0.4 0.16281308820874685
0.402867 0.16244685290109942
0.405755 0.15811828799189834
0.408664 0.15675783311456376
0.411593 0.15598202358692567
0.414544 0.15490102089452648
0.417515 0.15373918003044026
0.420508 0.15392104727021075
0.423523 0.15280910889539287
0.426559 0.15108340587940025
0.429617 0.14836828751613562
0.432696 0.14754359338014267
0.435798 0.14755203915927417
0.438922 0.14628313214030716
0.442068 0.14454738632512912
0.445237 0.14459224328400722
0.448429 0.14323456125467843
0.451643 0.1420795472125811
0.454881 0.14094666769293482
0.458142 0.1399855950642027
0.461426 0.13890803649472208
0.464734 0.13882570660100663
0.468065 0.13702785250043367
0.47142 0.13593832944280157
0.4748 0.13562860407552477
0.478203 0.13383715560483855
0.481631 0.13313815221199302
0.485084 0.13141130407997273
0.488561 0.1304857432103524
0.492063 0.130260857339733
0.49559 0.12882933945741526
0.499143 0.12755937068335743
0.502721 0.12589154209464973
0.506325 0.1246435104092451
0.509954 0.12465106554257727
0.51361 0.1245117738044649
0.517292 0.12331365338316404
0.521 0.12270814586215843
0.524735 0.1216646248794321
0.528496 0.12064454586964062
0.532285 0.11913159312682448
0.5361 0.11836129419585602
0.539943 0.11757592887240056
0.543814 0.1166456515287198
0.547712 0.11594454217536354
0.551638 0.11550532217376693
0.555593 0.11393762761992558
0.559575 0.1127624446185205
0.563587 0.1111847994012661
0.567627 0.108582810604186
0.571696 0.10730205755734626
0.575794 0.10822534135716437
0.579921 0.10892809599216963
0.584078 0.10902545717903026
0.588265 0.10503069578561171
0.592482 0.10293864338911068
0.596729 0.10434728088796313
0.601007 0.10577327939877569
0.605315 0.10571623858085966
0.609654 0.10625380255088857
0.614025 0.10718630870277651
0.618426 0.1083470439375946
0.622859 0.1090552345831681
0.627324 0.10673557172963695
0.631821 0.10725877129401576
0.63635 0.10921322988306617
0.640912 0.11019433107373867
0.645506 0.10868596318245106
0.650134 0.10769553434168322
0.654794 0.10921667839340246
0.659488 0.11149946061348985
0.664215 0.11149769687156214
0.668977 0.1120754759125101
0.673772 0.11279688146028831
0.678602 0.11311000707630633
0.683467 0.11151438222119177
0.688366 0.09418215172136273
0.6933 0.10378048794101268
0.69827 0.1096334041042941
0.703276 0.11120689004953986
0.708317 0.11590396294877285
0.713395 0.11631506837755155
0.718509 0.09777661828329087
0.723659 0.10127616306261662
0.728847 0.10709487052985224
0.734071 0.12016991063212225
0.739333 0.1286809350526764
0.744633 0.13586443655338215
0.749971 0.13818886414256878
0.755347 0.1350536680812663
0.760762 0.06799411596603494
0.766215 0.0934055129717735
0.771708 0.13823213724364608
0.77724 0.14152657463148216
0.782811 0.14110288170123425
0.788423 0.13634627593081422
0.794075 0.13454033581936367
0.799767 0.1344206031894945
0.8055 0.1352281249724897
0.811274 0.12534031131838985
0.81709 0.10689497539062656
0.822947 0.11667292371733347
0.828846 0.12108119484444707
0.834788 0.12790615218078724
0.840772 0.13525827530713466
0.846799 0.14066213049084964
0.852869 0.14065311434741318
0.858983 0.1417716119117384
0.86514 0.14227797695428474
0.871342 0.1423943049479949
0.877588 0.1421129135244226
0.883879 0.14101345296563064
0.890215 0.1365860526972114
0.896596 0.1100290877597496
0.903024 0.10580025324298367
0.909497 0.10161006748900697
0.916017 0.09858068716853205
0.922583 0.10935653610840206
0.929196 0.07869054387014492
0.935857 0.05133054109060861
0.942566 0.05707002056846434
0.949323 0.05864804310364358
0.956128 0.06633412330539415
0.962982 0.08045057404246203
0.969885 0.10315782561668027
0.976837 0.10366331756309821
0.98384 0.12119745263947358
0.990892 0.13338035083297753
0.997995 0.13661054765040156
1.00515 0.13654138439729577
1.01235 0.1371650514402885
1.01961 0.1381238162872943
1.02692 0.13867701701411522
1.03428 0.14018521379611135
1.0417 0.14054928610681758
1.04916 0.1406146410813332
1.05668 0.14068125963215522
1.06426 0.13996972577427097
1.07189 0.13851238793860843
1.07957 0.1352375579206106
1.08731 0.1292488424037304
1.0951 0.12051997391801454
1.10295 0.1034429551201591
1.11086 0.08274205212449155
1.11882 0.05029794039061386
1.12684 0.04274779423618639
1.13492 0.04764954587619678
1.14306 0.0526246757615268
1.15125 0.05484439762657171
1.1595 0.07551151750571332
1.16782 0.09601050276258136
1.17619 0.10432590977619718
1.18462 0.10306256161549489
1.19311 0.10862838271215415
1.20166 0.10763658938447207
1.21028 0.110526656029746
1.21895 0.11578015440783192
1.22769 0.12208040290809392
1.23649 0.12832189072268949
1.24536 0.12996659761995671
1.25428 0.1274434507194962
1.26327 0.11540104202914506
1.27233 0.11424329462580154
1.28145 0.12428463718854967
1.29064 0.12121670901589335
1.29989 0.11189159046058353
1.30921 0.09760461395857886
1.31859 0.0855587655327269
1.32804 0.06848784963293478
1.33756 0.054839966334663766
1.34715 0.03541630952284387
1.35681 0.021807881394740963
1.36653 0.01838355582121462
1.37633 0.01981950016928078
1.3862 0.019550868672694482
1.39613 0.019915618839440093
1.40614 0.019916892945549075
1.41622 0.01976613074252173
1.42637 0.018643264187620343
1.4366 0.015251499834781941
1.4469 0.015476794173992073
1.45727 0.01990037695024385
1.46771 0.01604670832991609
1.47824 0.017917082935642346
1.48883 0.02847699589832169
1.49951 0.04605986597210722
1.51025 0.05815951291417228
1.52108 0.06786193184464621
1.53198 0.07436583550112906
1.54297 0.07939157863739975
1.55403 0.08377968519262335
1.56517 0.08250356525890716
1.57639 0.07793332821884924
1.58769 0.08683328844638913
1.59907 0.08385305159191511
1.61053 0.08386953950774687
1.62208 0.09207946422428262
1.6337 0.0911220287648492
1.64541 0.08957621426323058
1.65721 0.09190392364087972
1.66909 0.09197000692673862
1.68105 0.09455431004294652
1.6931 0.0919091183434728
1.70524 0.08828889325204807
1.71746 0.08726638361283379
1.72978 0.08204080676118565
1.74218 0.07824601070567648
1.75466 0.07536720656171712
1.76724 0.06520295049124511
1.77991 0.04947950709972256
1.79267 0.033940215037641074
