0.4 0.25602435999999995
0.402867 0.25524450666666665
0.405755 0.24826479999999998
0.408664 0.24596415333333332
0.411593 0.24464758
0.414544 0.2428231933333333
0.417515 0.24104414
0.420508 0.24129946666666668
0.423523 0.23945116666666666
0.426559 0.23679464666666666
0.429617 0.23264193333333333
0.432696 0.23119452666666665
0.435798 0.23123688666666667
0.438922 0.22918819333333332
0.442068 0.22641932
0.445237 0.22636448
0.448429 0.22413691333333333
0.451643 0.22232249333333332
0.454881 0.22065868
0.458142 0.21928145999999998
0.461426 0.21786331333333334
0.464734 0.2178201733333333
0.468065 0.21526669333333331
0.47142 0.21351475999999997
0.4748 0.21280371999999997
0.478203 0.20979357999999998
0.481631 0.20865302
0.485084 0.20598207333333332
0.488561 0.20451048666666666
0.492063 0.20417485333333332
0.49559 0.20203241333333333
0.499143 0.20016699999999998
0.502721 0.1977614
0.506325 0.19595102666666667
0.509954 0.19605022666666666
0.51361 0.19592155333333333
0.517292 0.19416419333333335
0.521 0.19331460666666667
0.524735 0.19182612666666665
0.528496 0.19043467333333333
0.532285 0.18830912666666666
0.5361 0.18733187333333334
0.539943 0.18617179333333334
0.543814 0.18467177333333332
0.547712 0.18345044666666666
0.551638 0.18278719333333332
0.555593 0.18052013333333333
0.559575 0.17885756
0.563587 0.17643140000000002
0.567627 0.17242278
0.571696 0.17044994666666669
0.575794 0.17181343333333332
0.579921 0.17282458666666667
0.584078 0.17297276666666667
0.588265 0.16713521999999997
0.592482 0.16412854666666665
0.596729 0.1662545933333333
0.601007 0.16835722
0.605315 0.16815515333333333
0.609654 0.16887874666666663
0.614025 0.17017636666666663
0.618426 0.17183742000000002
0.622859 0.1729015133333333
0.627324 0.16953206666666668
0.631821 0.17026128666666665
0.63635 0.17277715333333332
0.640912 0.1739202933333333
0.645506 0.17137602666666665
0.650134 0.16969484
0.654794 0.17187233999999998
0.659488 0.17527946
0.664215 0.17533042666666665
0.668977 0.17619834666666667
0.673772 0.17724129333333333
0.678602 0.17764348666666666
0.683467 0.1751419733333333
0.688366 0.14895249333333332
0.6933 0.1631674733333333
0.69827 0.1719517133333333
0.703276 0.17458646
0.708317 0.18198726666666667
0.713395 0.18291243999999998
0.718509 0.15471262666666666
0.723659 0.16049345999999998
0.728847 0.17030782
0.734071 0.19106529333333333
0.739333 0.20455925999999997
0.744633 0.21579186666666667
0.749971 0.21945130666666668
0.755347 0.21464798666666665
0.760762 0.11029583333333333
0.766215 0.1506705133333333
0.771708 0.21945100666666664
0.77724 0.22444410666666664
0.782811 0.2238266733333333
0.788423 0.21663983999999997
0.794075 0.2139335933333333
0.799767 0.21378034
0.8055 0.21484695999999998
0.811274 0.19931782
0.81709 0.17036518666666667
0.822947 0.18565523333333334
0.828846 0.1925156
0.834788 0.20311134666666666
0.840772 0.21450970666666663
0.846799 0.22278959999999998
0.852869 0.22278911999999998
0.858983 0.22454620666666664
0.86514 0.22534460666666667
0.871342 0.22564522666666667
0.877588 0.22535628666666666
0.883879 0.22374908
0.890215 0.21678074666666663
0.896596 0.17515584666666664
0.903024 0.16844084666666664
0.909497 0.16173201999999998
0.916017 0.15712435333333333
0.922583 0.17411176666666664
0.929196 0.12515734666666667
0.935857 0.08043954666666667
0.942566 0.09027895333333333
0.949323 0.09283145333333333
0.956128 0.10549374666666667
0.962982 0.12829938666666665
0.969885 0.16420357333333332
0.976837 0.1649046733333333
0.98384 0.19216605999999997
0.990892 0.21094866666666667
0.997995 0.21586079333333333
1.00515 0.21575782
1.01235 0.21669628666666665
1.01961 0.21809204
1.02692 0.21883882
1.03428 0.2210387133333333
1.0417 0.22156844666666667
1.04916 0.22168462
1.05668 0.2217031
1.06426 0.22040971999999998
1.07189 0.21792142666666664
1.07957 0.21279847333333335
1.08731 0.20358748666666665
1.0951 0.19021855999999998
1.10295 0.16389543333333334
1.11086 0.13101024
1.11882 0.07805914666666666
1.12684 0.065561836
1.13492 0.07389161333333333
1.14306 0.08229550666666666
1.15125 0.08582415333333333
1.1595 0.1193265
1.16782 0.15170698666666665
1.17619 0.16458715999999998
1.18462 0.16284326666666665
1.19311 0.17144884
1.20166 0.16974295333333334
1.21028 0.17400936
1.21895 0.18201782
1.22769 0.19140203333333333
1.23649 0.20071696
1.24536 0.20317673333333333
1.25428 0.19943924666666668
1.26327 0.18144164
1.27233 0.17967554666666666
1.28145 0.19462967999999997
1.29064 0.1898315
1.29989 0.17536770000000002
1.30921 0.15326436666666665
1.31859 0.13448662666666666
1.32804 0.10730839333333332
1.33756 0.08529746666666667
1.34715 0.05244771866666667
1.35681 0.030009097999999998
1.36653 0.025019219333333332
1.37633 0.027046042666666666
1.3862 0.026597451999999997
1.39613 0.02704416733333333
1.40614 0.026820906
1.41622 0.026478452
1.42637 0.025373094666666665
1.4366 0.02097859133333333
1.4469 0.022122535333333332
1.45727 0.03042553533333333
1.46771 0.024598954
1.47824 0.028329492666666668
1.48883 0.045920028
1.49951 0.07373154
1.51025 0.09240113999999999
1.52108 0.10734374666666666
1.53198 0.11728407999999999
1.54297 0.12484772
1.55403 0.13140259999999998
1.56517 0.12942183999999998
1.57639 0.12245496666666666
1.58769 0.13566554666666666
1.59907 0.13115260666666667
1.61053 0.13114827333333332
1.62208 0.14343
1.6337 0.14193729333333333
1.64541 0.13954242
1.65721 0.14295362
1.66909 0.14295847333333334
1.68105 0.14675934
1.6931 0.14266060666666666
1.70524 0.13699440666666665
1.71746 0.13520126
1.72978 0.12705242
1.74218 0.12106359333333333
1.75466 0.11652920666666666
1.76724 0.1008271
1.77991 0.07609112
1.79267 0.050959746
