0.4 0.11033268507042283
0.402867 0.11035905936834525
0.405755 0.10774179828917485
0.408664 0.1070981223697786
0.411593 0.10687423773384996
0.414544 0.10626687089609804
0.417515 0.10581182091450389
0.420508 0.10605476315117417
0.423523 0.1055807612819547
0.426559 0.10467560734308255
0.429617 0.10295984297880155
0.432696 0.10285007227815296
0.435798 0.10299767702837966
0.438922 0.10231887961298661
0.442068 0.10130272465272872
0.445237 0.10155930837983901
0.448429 0.10085866433680478
0.451643 0.10022773696939762
0.454881 0.09959737190580085
0.458142 0.09907783017558575
0.461426 0.09852611117212501
0.464734 0.09867434120418886
0.468065 0.09756941196756226
0.47142 0.09687197305624723
0.4748 0.09664347527985817
0.478203 0.09532355255515278
0.481631 0.09497879284292801
0.485084 0.09394847232507884
0.488561 0.0934266498906088
0.492063 0.09347420729767614
0.49559 0.09256728547562412
0.499143 0.09166985984032193
0.502721 0.09038148685780975
0.506325 0.08940740796707554
0.509954 0.08946466623947967
0.51361 0.08943990912731593
0.517292 0.08862034682524572
0.521 0.08817501345349506
0.524735 0.08733953345516039
0.528496 0.08650701567329885
0.532285 0.08541787142923743
0.5361 0.08486636610122464
0.539943 0.08426838523867572
0.543814 0.08358757027721099
0.547712 0.08310529129590262
0.551638 0.08278396840649481
0.555593 0.0816044012112926
0.559575 0.08073321941942882
0.563587 0.07961073730705714
0.567627 0.0777165539437402
0.571696 0.07680642698996898
0.575794 0.07756087676001158
0.579921 0.0781466286392922
0.584078 0.07827038271109751
0.588265 0.07523709778398908
0.592482 0.07365820491480211
0.596729 0.07475150795784516
0.601007 0.07604436362633375
0.605315 0.07633132300528116
0.609654 0.07691759670249783
0.614025 0.07774116710612848
0.618426 0.07866090045819636
0.622859 0.0793698103672433
0.627324 0.07780410464701754
0.631821 0.07843165369313188
0.63635 0.08008470768726322
0.640912 0.08092894163131802
0.645506 0.07973957235609314
0.650134 0.07901475149842747
0.654794 0.08034121719027054
0.659488 0.08234651178652005
0.664215 0.08264557644189749
0.668977 0.083257241529976
0.673772 0.08392129983789119
0.678602 0.08431569298285123
0.683467 0.08315129674445328
0.688366 0.0695304878385994
0.6933 0.0767702123753648
0.69827 0.08093300596325949
0.703276 0.08159273453183469
0.708317 0.08464505006910186
0.713395 0.08444895673669782
0.718509 0.07060359967641905
0.723659 0.07269363570610919
0.728847 0.07616344157965188
0.734071 0.08480030215114984
0.739333 0.09035298930069931
0.744633 0.09507652799281907
0.749971 0.09641002698072247
0.755347 0.09389405031309431
0.760762 0.04707171827571582
0.766215 0.06425027512184177
0.771708 0.09554038365208391
0.77724 0.0978974442660356
0.782811 0.09761112816264728
0.788423 0.09425216811463864
0.794075 0.0929974029062657
0.799767 0.0928666447781982
0.8055 0.0934357547139066
0.811274 0.0867892404541628
0.81709 0.07456386042867315
0.822947 0.08096268435837174
0.828846 0.08378915619323489
0.834788 0.08835489669165325
0.840772 0.09339909250546934
0.846799 0.0972329518595788
0.852869 0.09724567791941549
0.858983 0.09809534146906337
0.86514 0.09847951417996582
0.871342 0.09846665091799939
0.877588 0.09812536174489234
0.883879 0.09713408310520599
0.890215 0.09394145252430997
0.896596 0.07618813346457362
0.903024 0.0732600825709716
0.909497 0.07062070045990056
0.916017 0.06864371898511167
0.922583 0.07552127713289795
0.929196 0.056380628616882186
0.935857 0.039735385445895374
0.942566 0.04305876290878269
0.949323 0.04402375946837152
0.956128 0.04867704167320624
0.962982 0.05721712076207555
0.969885 0.07124727784503054
0.976837 0.071473805308868
0.98384 0.08253060780482567
0.990892 0.09032466268394723
0.997995 0.09238584128208828
1.00515 0.09219670477242636
1.01235 0.09257358102908521
1.01961 0.09308922037085625
1.02692 0.09336143389468006
1.03428 0.09433762479852609
1.0417 0.09464858780253133
1.04916 0.09479817411138583
1.05668 0.09501530885237458
1.06426 0.09467792881535735
1.07189 0.0938348937030263
1.07957 0.09169000381202524
1.08731 0.08771433593536654
1.0951 0.08196248752382355
1.10295 0.07091269808098903
1.11086 0.058111903569468916
1.11882 0.03875572850136212
1.12684 0.034229713642540016
1.13492 0.03704068613517366
1.14306 0.039962988034618285
1.15125 0.041290515356055366
1.1595 0.053528499983758665
1.16782 0.06583674109874703
1.17619 0.07088716274035173
1.18462 0.06987823001023445
1.19311 0.07316011395034566
1.20166 0.07237748601175693
1.21028 0.07401442212946734
1.21895 0.07705957616540542
1.22769 0.08092324211989592
1.23649 0.08485552713297562
1.24536 0.085896036595869
1.25428 0.084129300515784
1.26327 0.07596630686059101
1.27233 0.07527717430116303
1.28145 0.08215093802283681
1.29064 0.08035467649427597
1.29989 0.07464707914339525
1.30921 0.06600301208626336
1.31859 0.05879445492510012
1.32804 0.04882676743340573
1.33756 0.04089995037543644
1.34715 0.029720642122132518
1.35681 0.02027970284628717
1.36653 0.017145107866582757
1.37633 0.018535077901555744
1.3862 0.018367204123258284
1.39613 0.01881143695399126
1.40614 0.0190956682597722
1.41622 0.019235543581821325
1.42637 0.017874401288756232
1.4366 0.01454219295698754
1.4469 0.014033217365212649
1.45727 0.015881262801201206
1.46771 0.012895628173749587
1.47824 0.013338800049653123
1.48883 0.019095819631957955
1.49951 0.02948686318835631
1.51025 0.0368510233091452
1.52108 0.042846263800406785
1.53198 0.046861540357469186
1.54297 0.05013665640891857
1.55403 0.05312872896515608
1.56517 0.0522410964130156
1.57639 0.04913500663775345
1.58769 0.055208288150251084
1.59907 0.053153425348508296
1.61053 0.0531234680507061
1.62208 0.05860865400164142
1.6337 0.05795379273484893
1.64541 0.056902750196979365
1.65721 0.05846822649725049
1.66909 0.05864934230536105
1.68105 0.060541944470363186
1.6931 0.05903755235762208
1.70524 0.05690307633318939
1.71746 0.05652536336846068
1.72978 0.05340610893638973
1.74218 0.05127082319447009
1.75466 0.04964929869959479
1.76724 0.04371155264833771
1.77991 0.03471280908898107
1.79267 0.026015356908090995
