0.4 0.26833287333333333
0.402867 0.26775881999999995
0.405755 0.26054879999999997
0.408664 0.25829028666666665
0.411593 0.25712004
0.414544 0.25520837333333335
0.417515 0.25369018666666665
0.420508 0.25396544
0.423523 0.25241117999999996
0.426559 0.24978962666666665
0.429617 0.24499443333333332
0.432696 0.24402999333333333
0.435798 0.24393391999999997
0.438922 0.24182962666666666
0.442068 0.23891030666666668
0.445237 0.23908458
0.448429 0.23696788666666668
0.451643 0.23519990000000002
0.454881 0.23362592666666665
0.458142 0.23228302666666667
0.461426 0.23070198666666666
0.464734 0.23073935999999998
0.468065 0.22779482666666664
0.47142 0.22600666666666663
0.4748 0.22547692
0.478203 0.22242038666666666
0.481631 0.22145344666666666
0.485084 0.21885200666666665
0.488561 0.21739472666666665
0.492063 0.21729927333333332
0.49559 0.21506558666666667
0.499143 0.21302423333333334
0.502721 0.21016607999999998
0.506325 0.20806803333333335
0.509954 0.20838161333333333
0.51361 0.20838952
0.517292 0.20652128666666664
0.521 0.20559812666666666
0.524735 0.20388825333333332
0.528496 0.20232912666666664
0.532285 0.2001184133333333
0.5361 0.19916462666666668
0.539943 0.19790275333333332
0.543814 0.19633007333333333
0.547712 0.19525015999999998
0.551638 0.19472493333333332
0.555593 0.1923458
0.559575 0.1905923533333333
0.563587 0.1880913733333333
0.567627 0.18369029333333334
0.571696 0.18152564666666665
0.575794 0.18320174666666666
0.579921 0.18446790666666668
0.584078 0.18455825333333334
0.588265 0.17703270666666665
0.592482 0.17319321333333332
0.596729 0.17604720666666665
0.601007 0.17934833333333333
0.605315 0.1796717733333333
0.609654 0.18060716
0.614025 0.18204352666666668
0.618426 0.18365268
0.622859 0.18483523333333332
0.627324 0.18100382666666665
0.631821 0.18186863999999997
0.63635 0.18486787999999998
0.640912 0.186248
0.645506 0.18288213999999997
0.650134 0.18065138666666664
0.654794 0.18334834666666666
0.659488 0.18764799999999998
0.664215 0.18789970666666667
0.668977 0.18894186000000002
0.673772 0.19013508666666668
0.678602 0.19058452666666664
0.683467 0.18766682
0.688366 0.15800697333333333
0.6933 0.1726572733333333
0.69827 0.18210884666666666
0.703276 0.18451304000000002
0.708317 0.19270766666666667
0.713395 0.19303110666666667
0.718509 0.15940392666666664
0.723659 0.16547205999999998
0.728847 0.17553965333333332
0.734071 0.19845212666666667
0.739333 0.21327506
0.744633 0.22571429333333332
0.749971 0.22954607333333332
0.755347 0.22418356666666664
0.760762 0.11352805333333334
0.766215 0.15539918
0.771708 0.22859044666666664
0.77724 0.23377152
0.782811 0.23286858666666665
0.788423 0.22453523999999997
0.794075 0.22137684666666668
0.799767 0.22108238666666663
0.8055 0.2222654733333333
0.811274 0.20513467333333335
0.81709 0.17355433999999997
0.822947 0.19026426666666665
0.828846 0.19771757999999998
0.834788 0.20930258000000002
0.840772 0.22184735333333333
0.846799 0.23098893999999998
0.852869 0.23091282666666668
0.858983 0.23264589333333333
0.86514 0.23328627333333332
0.871342 0.23328289333333332
0.877588 0.23264527999999998
0.883879 0.23050902666666664
0.890215 0.22268589333333333
0.896596 0.17750778666666667
0.903024 0.17019117333333333
0.909497 0.16300121333333334
0.916017 0.15790404
0.922583 0.17588222666666667
0.929196 0.12440865333333334
0.935857 0.07873762666666666
0.942566 0.08840304666666667
0.949323 0.09093744666666666
0.956128 0.10352742
0.962982 0.12668290666666665
0.969885 0.16384845999999997
0.976837 0.16438595333333333
0.98384 0.19264156
0.990892 0.21209524666666668
0.997995 0.2169009133333333
1.00515 0.21635089333333335
1.01235 0.21717040666666665
1.01961 0.21842372
1.02692 0.2191614733333333
1.03428 0.22159348
1.0417 0.22244270666666666
1.04916 0.22292112666666666
1.05668 0.22344731333333334
1.06426 0.22261648
1.07189 0.22039713333333333
1.07957 0.215165
1.08731 0.20547789333333333
1.0951 0.19126923333333334
1.10295 0.16344866
1.11086 0.12948447333333332
1.11882 0.07650510666666666
1.12684 0.06427476533333333
1.13492 0.07223912666666665
1.14306 0.08019450666666667
1.15125 0.08359175333333332
1.1595 0.11644430666666666
1.16782 0.1486552
1.17619 0.16125309999999998
1.18462 0.15897754666666666
1.19311 0.1671709
1.20166 0.16526916
1.21028 0.16928963999999996
1.21895 0.17699605333333335
1.22769 0.18613205333333332
1.23649 0.19521027333333332
1.24536 0.19757947999999997
1.25428 0.19391225999999998
1.26327 0.1764264733333333
1.27233 0.17473889999999997
1.28145 0.18928474666666664
1.29064 0.18446157333333335
1.29989 0.17016233333333333
1.30921 0.14835338666666664
1.31859 0.12992147333333331
1.32804 0.10355398
1.33756 0.08237084666666666
1.34715 0.052106339333333335
1.35681 0.031123828666666666
1.36653 0.025942624666666667
1.37633 0.028135213333333332
1.3862 0.027726562666666666
1.39613 0.028268000666666668
1.40614 0.028188843999999998
1.41622 0.027808760666666668
1.42637 0.026106158666666664
1.4366 0.021263841999999998
1.4469 0.021577333999999997
1.45727 0.028314395333333332
1.46771 0.022774412666666664
1.47824 0.0257341
1.48883 0.04142271266666667
1.49951 0.06706320666666667
1.51025 0.08448604666666666
1.52108 0.09844333333333333
1.53198 0.1078094
1.54297 0.11499412666666665
1.55403 0.12125662666666666
1.56517 0.11961523333333332
1.57639 0.11340811333333334
1.58769 0.12587157999999998
1.59907 0.12191232666666665
1.61053 0.12208715333333332
1.62208 0.13362728
1.6337 0.132305
1.64541 0.13020732
1.65721 0.13356796666666665
1.66909 0.13372766666666666
1.68105 0.1374227
1.6931 0.13367088666666666
1.70524 0.12842944
1.71746 0.12688006
1.72978 0.11925987333333334
1.74218 0.11372595333333332
1.75466 0.10952345333333333
1.76724 0.09469867333333333
1.77991 0.07158375333333333
1.79267 0.048483644666666666
