0.4 0.2808782333333333
0.402867 0.28008202
0.405755 0.27277038
0.408664 0.2704520933333333
0.411593 0.2691415933333333
0.414544 0.26719365333333334
0.417515 0.2653688266666666
0.420508 0.26558229333333333
0.423523 0.2637162533333333
0.426559 0.26087431333333333
0.429617 0.25640275999999995
0.432696 0.25508084666666664
0.435798 0.2550439
0.438922 0.2526852533333333
0.442068 0.24941718000000002
0.445237 0.24918646
0.448429 0.24649682666666664
0.451643 0.24454078666666668
0.454881 0.24321354666666664
0.458142 0.24207546666666668
0.461426 0.24038326
0.464734 0.24012993333333332
0.468065 0.2369372133333333
0.47142 0.23507618
0.4748 0.23456278
0.478203 0.23152313333333333
0.481631 0.23016898666666666
0.485084 0.22701107999999998
0.488561 0.22527107999999998
0.492063 0.22503141333333332
0.49559 0.22285253333333332
0.499143 0.22108874
0.502721 0.21878524666666666
0.506325 0.21698434666666666
0.509954 0.21707810666666666
0.51361 0.21676621333333335
0.517292 0.21469398666666664
0.521 0.21382856666666666
0.524735 0.21244013333333334
0.528496 0.21099700666666665
0.532285 0.20864409333333334
0.5361 0.20747701333333335
0.539943 0.20594325333333333
0.543814 0.20405653999999998
0.547712 0.20239152
0.551638 0.20154610666666664
0.555593 0.19913040666666665
0.559575 0.19742309333333333
0.563587 0.19495412
0.567627 0.19085321333333333
0.571696 0.18890616666666665
0.575794 0.19042872666666666
0.579921 0.19157122666666665
0.584078 0.19167182666666666
0.588265 0.18500608
0.592482 0.18155922666666668
0.596729 0.18393014
0.601007 0.18616504666666667
0.605315 0.18578251999999998
0.609654 0.18649163333333332
0.614025 0.18777851999999998
0.618426 0.18937160666666666
0.622859 0.19036942666666667
0.627324 0.18650366666666665
0.631821 0.18715867999999997
0.63635 0.19008431333333334
0.640912 0.19148278
0.645506 0.18870381333333333
0.650134 0.18674016666666665
0.654794 0.18904702666666665
0.659488 0.19281934666666667
0.664215 0.19310412
0.668977 0.19409669333333335
0.673772 0.19516816666666664
0.678602 0.19538507333333333
0.683467 0.19244162
0.688366 0.16405867999999998
0.6933 0.17886922
0.69827 0.18771585999999998
0.703276 0.19007757333333333
0.708317 0.19761380666666664
0.713395 0.19826172666666667
0.718509 0.16773682666666667
0.723659 0.1738700933333333
0.728847 0.18432019333333333
0.734071 0.20617790666666663
0.739333 0.22012762666666666
0.744633 0.23157264666666666
0.749971 0.23508524666666666
0.755347 0.22974708
0.760762 0.11933259333333332
0.766215 0.16234822
0.771708 0.23422864
0.77724 0.23969423999999998
0.782811 0.2393110533333333
0.788423 0.2319830333333333
0.794075 0.22908962
0.799767 0.22886201333333334
0.8055 0.22970544666666665
0.811274 0.21326337333333334
0.81709 0.18277821333333333
0.822947 0.19901704
0.828846 0.20637787333333335
0.834788 0.21765005333333332
0.840772 0.22959691999999998
0.846799 0.23814254666666668
0.852869 0.23809569999999997
0.858983 0.23962509999999998
0.86514 0.24018624
0.871342 0.24022881333333335
0.877588 0.23968506
0.883879 0.23777079999999998
0.890215 0.23050705999999999
0.896596 0.18719439999999998
0.903024 0.18034634
0.909497 0.17350007999999997
0.916017 0.16887648
0.922583 0.18692316666666667
0.929196 0.13475304
0.935857 0.08637056
0.942566 0.09707682666666667
0.949323 0.09978021999999999
0.956128 0.11343574000000001
0.962982 0.13786959333333332
0.969885 0.17576928666666664
0.976837 0.17637048
0.98384 0.20431261999999997
0.990892 0.22307149333333331
0.997995 0.22783148666666667
1.00515 0.22764571333333333
1.01235 0.22863703333333332
1.01961 0.23023452666666666
1.02692 0.23122477999999996
1.03428 0.23367479333333332
1.0417 0.23426854
1.04916 0.23440638666666663
1.05668 0.23451948
1.06426 0.2334634733333333
1.07189 0.2311932
1.07957 0.2260323
1.08731 0.21650194666666667
1.0951 0.20264784666666663
1.10295 0.17540786
1.11086 0.14076220666666667
1.11882 0.08380794666666666
1.12684 0.07018645333333333
1.13492 0.07926220666666667
1.14306 0.0884739
1.15125 0.0923467
1.1595 0.12840918666666667
1.16782 0.16246992666666665
1.17619 0.17557476666666666
1.18462 0.17369342
1.19311 0.1823136333333333
1.20166 0.1802436733333333
1.21028 0.1842818533333333
1.21895 0.19227719999999998
1.22769 0.20160906
1.23649 0.21088582
1.24536 0.21340598
1.25428 0.2098464733333333
1.26327 0.19186624
1.27233 0.19017771333333333
1.28145 0.20542542666666666
1.29064 0.200688
1.29989 0.1860154533333333
1.30921 0.16341865333333333
1.31859 0.14393292666666666
1.32804 0.11521267333333332
1.33756 0.09174808666666667
1.34715 0.05554917399999999
1.35681 0.030611480666666666
1.36653 0.025307994
1.37633 0.027446534666666664
1.3862 0.026980667333333333
1.39613 0.027470809333333332
1.40614 0.02725615733333333
1.41622 0.02710053533333333
1.42637 0.026363936666666664
1.4366 0.02202494866666667
1.4469 0.023658712666666665
1.45727 0.03325545866666667
1.46771 0.02695379333333333
1.47824 0.031312207999999994
1.48883 0.05061507733333333
1.49951 0.08017083333333333
1.51025 0.0995412
1.52108 0.11490881333333333
1.53198 0.1250904333333333
1.54297 0.1326852533333333
1.55403 0.13918349333333332
1.56517 0.1372222733333333
1.57639 0.13017880666666665
1.58769 0.14338528666666667
1.59907 0.13883675333333334
1.61053 0.13886232666666665
1.62208 0.15122828
1.6337 0.14978162666666667
1.64541 0.14739252
1.65721 0.15081038666666666
1.66909 0.15082302666666667
1.68105 0.15465373999999998
1.6931 0.15063269333333332
1.70524 0.14499041333333332
1.71746 0.14304361999999998
1.72978 0.13476993999999998
1.74218 0.1285752533333333
1.75466 0.1239499
1.76724 0.10781303333333332
1.77991 0.08179056666666666
1.79267 0.05476978333333333
