0.4 0.31690670005338395
0.402867 0.3161375893593619
0.405755 0.3077809584925597
0.408664 0.3051449232331446
0.411593 0.30369350761859826
0.414544 0.30144147795708964
0.417515 0.299455955744452
0.420508 0.2996055420859006
0.423523 0.2976028333906193
0.426559 0.29442270247491575
0.429617 0.28923519194600733
0.432696 0.28794711029945264
0.435798 0.288029003421378
0.438922 0.2855732936661072
0.442068 0.2821297276582303
0.445237 0.282158587536753
0.448429 0.279438686296924
0.451643 0.277218799412846
0.454881 0.27516481199258075
0.458142 0.2734794839824531
0.461426 0.27178543016738976
0.464734 0.2718792774081412
0.468065 0.268743142016519
0.47142 0.2666269276763372
0.4748 0.26583076620722856
0.478203 0.2620745450171391
0.481631 0.2607242208549485
0.485084 0.25746840391359194
0.488561 0.2556503953217123
0.492063 0.25539815015812045
0.49559 0.2528005427510047
0.499143 0.25054208765315383
0.502721 0.24748660552377444
0.506325 0.24521473810734504
0.509954 0.2454386848383081
0.51361 0.24525729102739333
0.517292 0.24301590544429147
0.521 0.24207785412119753
0.524735 0.24042560463165719
0.528496 0.23877241939896013
0.532285 0.236192754866873
0.5361 0.23500647427790117
0.539943 0.23347736858777474
0.543814 0.2315502601416904
0.547712 0.2300889256496836
0.551638 0.2293660562633189
0.555593 0.22659679457197707
0.559575 0.22457618978882501
0.563587 0.2216260567431641
0.567627 0.21654476865825367
0.571696 0.21405064664640278
0.575794 0.21587709252241152
0.579921 0.21723355360013777
0.584078 0.2173488527527552
0.588265 0.20922574438855232
0.592482 0.20507502947934228
0.596729 0.20807798522619556
0.601007 0.2111828356049474
0.605315 0.2110781649350175
0.609654 0.21202150320694638
0.614025 0.21361462932470635
0.618426 0.21551950607296086
0.622859 0.21680758771951555
0.627324 0.21243193575116834
0.631821 0.21332302056565852
0.63635 0.216592218634155
0.640912 0.21810291357767458
0.645506 0.2145408902840266
0.650134 0.21216074178865457
0.654794 0.2150781004302541
0.659488 0.21974812939782087
0.664215 0.22004226466339166
0.668977 0.22119874183282442
0.673772 0.22251025604759336
0.678602 0.22297224024188655
0.683467 0.2196644193745997
0.688366 0.18625511358147304
0.6933 0.20330385483245247
0.69827 0.21397763528660593
0.703276 0.21686442631842184
0.708317 0.22611965133854628
0.713395 0.2268617034596221
0.718509 0.18986394742653198
0.723659 0.19710384681447973
0.728847 0.20919536392740004
0.734071 0.2354484959515194
0.739333 0.2523768382496777
0.744633 0.26633905409205627
0.749971 0.2705542728961974
0.755347 0.2642800526480434
0.760762 0.13566304472375704
0.766215 0.185095642033939
0.771708 0.2695970622319713
0.77724 0.27585249743625573
0.782811 0.27511804043046795
0.788423 0.265974574334685
0.794075 0.2624854376350797
0.799767 0.2622016423313898
0.8055 0.2633850533080146
0.811274 0.2436998323196206
0.81709 0.20738686872427958
0.822947 0.22655270547358003
0.828846 0.2351335092092748
0.834788 0.24846411401664006
0.840772 0.2628628618394511
0.846799 0.27335484299398854
0.852869 0.2733506399476433
0.858983 0.2754068419600459
0.86514 0.27624311561913584
0.871342 0.27627953942150807
0.877588 0.2755400995834112
0.883879 0.273112173602033
0.890215 0.2642681999013926
0.896596 0.2124665192586659
0.903024 0.2040905419021001
0.909497 0.19579189591957105
0.916017 0.19006712845727727
0.922583 0.2110681758768203
0.929196 0.1507402141329924
0.935857 0.09607430946424404
0.942566 0.10792564470243358
0.949323 0.110963191754644
0.956128 0.1262346838260751
0.962982 0.1539863227390988
0.969885 0.19785172393670566
0.976837 0.1985397212947662
0.98384 0.23149853693870706
0.990892 0.2540007581151508
0.997995 0.25971563789142277
1.00515 0.2593774135274549
1.01235 0.2604705486830428
1.01961 0.2620922929456767
1.02692 0.2629822860598175
1.03428 0.26569995711178984
1.0417 0.2664783004716241
1.04916 0.2667894272733475
1.05668 0.26707532799913986
1.06426 0.2658157943167223
1.07189 0.26303037546020913
1.07957 0.2568888981766843
1.08731 0.24567575536704309
1.0951 0.2292941210081522
1.10295 0.19705328549258255
1.11086 0.1569616428713926
1.11882 0.09297154111401576
1.12684 0.07797036028738732
1.13492 0.08787782324084127
1.14306 0.09783075395427639
1.15125 0.10200474547450787
1.1595 0.142030043905892
1.16782 0.18070398885761324
1.17619 0.1958793099261206
1.18462 0.19354191709514743
1.19311 0.20347830075042925
1.20166 0.2011747974174458
1.21028 0.20591078847969607
1.21895 0.21515423093390648
1.22769 0.22604470610955898
1.23649 0.23687714181592082
1.24536 0.23972352433908917
1.25428 0.23539676495067643
1.26327 0.21453068288575955
1.27233 0.21251874152466607
1.28145 0.22993067588617638
1.29064 0.22426185026893045
1.29989 0.2072203298359764
1.30921 0.18113701959906806
1.31859 0.15889794499399096
1.32804 0.1267040369977269
1.33756 0.10066182927897403
1.34715 0.062330163578232727
1.35681 0.03591294587245253
1.36653 0.02979097493481379
1.37633 0.032324459762334744
1.3862 0.031809598281831664
1.39613 0.032396275710249035
1.40614 0.03217993579136349
1.41622 0.03173095920673353
1.42637 0.030140736232117042
1.4366 0.02474666663966784
1.4469 0.02572506252896031
1.45727 0.034955931714289304
1.46771 0.02818811942758265
1.47824 0.03234403940810148
1.48883 0.052467654505809765
1.49951 0.08448559054296578
1.51025 0.10597115797115784
1.52108 0.12314552274091632
1.53198 0.13461324227418128
1.54297 0.14329872447766567
1.55403 0.15082116371390147
1.56517 0.14869404796594476
1.57639 0.14088030408718702
1.58769 0.1559010169926384
1.59907 0.15088746111654947
1.61053 0.15097897679726896
1.62208 0.16497044241115214
1.6337 0.16330457785868263
1.64541 0.16063863000969356
1.65721 0.16459344708906082
1.66909 0.16466213063675825
1.68105 0.16903541985363493
1.6931 0.16439088208922698
1.70524 0.1579345116377732
1.71746 0.15588621665504418
1.72978 0.14653065657494893
1.74218 0.1396560167303363
1.75466 0.13446967588037367
1.76724 0.11635413284580617
1.77991 0.0878206259403916
1.79267 0.05891322960037979
