0.4 0.24798897999999997
0.402867 0.24739169333333333
0.405755 0.24088540666666663
0.408664 0.23881746666666664
0.411593 0.23761274666666665
0.414544 0.23594761999999997
0.417515 0.2342206
0.420508 0.23454949333333333
0.423523 0.23296009333333334
0.426559 0.23031192666666667
0.429617 0.22611341333333335
0.432696 0.22487448
0.435798 0.22483215999999998
0.438922 0.22289055333333332
0.442068 0.2202498533333333
0.445237 0.22032401333333332
0.448429 0.21829453333333332
0.451643 0.21658474666666666
0.454881 0.21494919999999998
0.458142 0.21355270666666665
0.461426 0.21190318
0.464734 0.21175007999999998
0.468065 0.20896842666666665
0.47142 0.20732091999999996
0.4748 0.20689318
0.478203 0.20422288
0.481631 0.20317174
0.485084 0.20058488
0.488561 0.19919847999999998
0.492063 0.19887412
0.49559 0.19671338
0.499143 0.19478215999999998
0.502721 0.19223745333333334
0.506325 0.19032384666666669
0.509954 0.19033242666666667
0.51361 0.19012121333333332
0.517292 0.18830912
0.521 0.18739781333333333
0.524735 0.18584942
0.528496 0.18431235999999998
0.532285 0.18201072
0.5361 0.18083013333333334
0.539943 0.1796488333333333
0.543814 0.17823946666666668
0.547712 0.17721082
0.551638 0.17658829999999998
0.555593 0.17426766
0.559575 0.1725431733333333
0.563587 0.1701792
0.567627 0.1662571333333333
0.571696 0.16433221999999997
0.575794 0.16574011333333333
0.579921 0.16681201333333331
0.584078 0.1669531
0.588265 0.16085173333333333
0.592482 0.15765869333333332
0.596729 0.15981452
0.601007 0.16205493333333332
0.605315 0.16203067999999998
0.609654 0.16284187333333333
0.614025 0.16423238666666667
0.618426 0.16597669999999998
0.622859 0.16704946666666667
0.627324 0.16353325999999999
0.631821 0.16434138666666664
0.63635 0.16730684666666665
0.640912 0.1687925
0.645506 0.16646802
0.650134 0.16493986
0.654794 0.16724890666666664
0.659488 0.17071524
0.664215 0.17070761999999998
0.668977 0.17157742
0.673772 0.17266402666666664
0.678602 0.17313136666666665
0.683467 0.17070352666666666
0.688366 0.14443916666666667
0.6933 0.15888932666666666
0.69827 0.16769324
0.703276 0.1700324933333333
0.708317 0.17710134666666666
0.713395 0.1776522133333333
0.718509 0.14951364
0.723659 0.15473392
0.728847 0.16346794666666664
0.734071 0.18315832666666665
0.739333 0.19595435333333333
0.744633 0.20675686
0.749971 0.21024043333333334
0.755347 0.20550920666666667
0.760762 0.10424918666666666
0.766215 0.14286576666666667
0.771708 0.21029698
0.77724 0.21514176666666665
0.782811 0.21444752
0.788423 0.20726442
0.794075 0.20454585333333333
0.799767 0.20436298666666666
0.8055 0.20555486
0.811274 0.19066536666666667
0.81709 0.16292426666666665
0.822947 0.17767171333333334
0.828846 0.18434587333333333
0.834788 0.19464898
0.840772 0.20568952666666665
0.846799 0.21377826
0.852869 0.21373267333333335
0.858983 0.21535704666666666
0.86514 0.21607608
0.871342 0.21626044
0.877588 0.21586225333333334
0.883879 0.21423344
0.890215 0.20757825333333335
0.896596 0.16765474666666663
0.903024 0.16129278
0.909497 0.15500464
0.916017 0.15045773333333332
0.922583 0.16667016666666667
0.929196 0.12047994000000001
0.935857 0.07919638666666666
0.942566 0.08786495333333333
0.949323 0.09027379333333332
0.956128 0.10189431333333333
0.962982 0.1231515
0.969885 0.15729808
0.976837 0.15804922666666665
0.98384 0.18444465999999998
0.990892 0.20276428666666668
0.997995 0.20756935999999998
1.00515 0.20741962666666663
1.01235 0.20831675333333333
1.01961 0.20970075333333332
1.02692 0.21049270666666667
1.03428 0.21272755333333332
1.0417 0.2132537
1.04916 0.21333655333333335
1.05668 0.21341351999999997
1.06426 0.21231662666666665
1.07189 0.21010298666666666
1.07957 0.20516752
1.08731 0.19617445333333333
1.0951 0.18307637999999998
1.10295 0.15744232
1.11086 0.12633222666666666
1.11882 0.07741348666666667
1.12684 0.065977384
1.13492 0.0733552
1.14306 0.08085175333333333
1.15125 0.08422387999999999
1.1595 0.11543365333333333
1.16782 0.14632495333333334
1.17619 0.15881785333333331
1.18462 0.15691559333333333
1.19311 0.1652809
1.20166 0.16379149333333332
1.21028 0.1680902
1.21895 0.1759228
1.22769 0.18529940666666667
1.23649 0.19458634666666666
1.24536 0.19700555999999997
1.25428 0.19319650666666666
1.26327 0.1751906533333333
1.27233 0.17346466666666666
1.28145 0.18847914666666665
1.29064 0.18388056
1.29989 0.1698968
1.30921 0.14845513999999999
1.31859 0.13035802
1.32804 0.10463760666666666
1.33756 0.08404878
1.34715 0.05469898066666666
1.35681 0.03398658066666667
1.36653 0.02865346666666667
1.37633 0.030895756666666666
1.3862 0.030463730666666664
1.39613 0.031008709333333332
1.40614 0.030935690666666668
1.41622 0.030501908666666664
1.42637 0.028555055333333332
1.4366 0.02322541733333333
1.4469 0.023392076666666668
1.45727 0.029953048666666666
1.46771 0.024102236
1.47824 0.026893937333333333
1.48883 0.042821286666666666
1.49951 0.06941165999999999
1.51025 0.08769992
1.52108 0.10234506666666666
1.53198 0.11216468666666665
1.54297 0.11973432666666667
1.55403 0.12633598
1.56517 0.12446738666666665
1.57639 0.11768312666666667
1.58769 0.1310030133333333
1.59907 0.12658366
1.61053 0.12663410666666666
1.62208 0.13891301333333334
1.6337 0.13749530666666665
1.64541 0.13521578666666667
1.65721 0.13872840666666666
1.66909 0.13886776
1.68105 0.14275812666666665
1.6931 0.13881832666666666
1.70524 0.13342718666666664
1.71746 0.13189800666666665
1.72978 0.12405908666666667
1.74218 0.11833660666666665
1.75466 0.11400529999999999
1.76724 0.09867272666666667
1.77991 0.07490469999999999
1.79267 0.05141788866666667
