0.4 0.3660907533333333
0.402867 0.36661414000000003
0.405755 0.35794488
0.408664 0.35614914666666664
0.411593 0.35586962666666666
0.414544 0.3541859666666667
0.417515 0.35329126666666666
0.420508 0.3546406866666666
0.423523 0.35332594
0.426559 0.35068583333333336
0.429617 0.34519004
0.432696 0.34480221333333333
0.435798 0.3454373
0.438922 0.34311050666666665
0.442068 0.33982555999999997
0.445237 0.3410855533333333
0.448429 0.33919830666666667
0.451643 0.3375286866666667
0.454881 0.33574316666666665
0.458142 0.3342662733333333
0.461426 0.33247968
0.464734 0.3331432333333333
0.468065 0.32936735333333333
0.47142 0.3270226866666667
0.4748 0.32630548666666664
0.478203 0.3219541933333333
0.481631 0.3211686733333333
0.485084 0.31810198
0.488561 0.3166299266666667
0.492063 0.31678004
0.49559 0.31350888
0.499143 0.31033179333333333
0.502721 0.30576442666666664
0.506325 0.30237008666666665
0.509954 0.30251790666666667
0.51361 0.30234184666666664
0.517292 0.29942502
0.521 0.2979373733333333
0.524735 0.2949989066666666
0.528496 0.2920403733333333
0.532285 0.2882450466666666
0.5361 0.2862594666666667
0.539943 0.2841190733333333
0.543814 0.28184163333333334
0.547712 0.28029356666666666
0.551638 0.27920708666666666
0.555593 0.27511224666666667
0.559575 0.2720602733333333
0.563587 0.2682173333333333
0.567627 0.2616223133333333
0.571696 0.2584551333333333
0.575794 0.2611964866666666
0.579921 0.26336539999999997
0.584078 0.26386501333333334
0.588265 0.25301625333333333
0.592482 0.24736248
0.596729 0.25125238666666666
0.601007 0.2559799933333333
0.605315 0.2571865933333333
0.609654 0.25939924
0.614025 0.26250268666666665
0.618426 0.26595445333333334
0.622859 0.26868329999999996
0.627324 0.2631870066666666
0.631821 0.26553873333333333
0.63635 0.27147866666666665
0.640912 0.27451768
0.645506 0.2702553733333333
0.650134 0.26780474
0.654794 0.2727748133333333
0.659488 0.2804090533333333
0.664215 0.28210862666666664
0.668977 0.2846842533333333
0.673772 0.28724678666666664
0.678602 0.2888271
0.683467 0.28467796666666667
0.688366 0.23534075999999998
0.6933 0.26078186
0.69827 0.2755131333333333
0.703276 0.2774137466666666
0.708317 0.28791071999999995
0.713395 0.28663266
0.718509 0.23669930666666666
0.723659 0.24345271333333332
0.728847 0.2550220333333333
0.734071 0.28477434
0.739333 0.30368792666666666
0.744633 0.31993565999999996
0.749971 0.32429768666666664
0.755347 0.31507261999999997
0.760762 0.15386596666666666
0.766215 0.21127949333333332
0.771708 0.32018996
0.77724 0.3289851733333333
0.782811 0.32812140666666667
0.788423 0.3159915533333333
0.794075 0.31153470666666666
0.799767 0.31096784
0.8055 0.31289543999999997
0.811274 0.2894108933333333
0.81709 0.24693036666666668
0.822947 0.26913545333333333
0.828846 0.2789258
0.834788 0.29507424
0.840772 0.31316208
0.846799 0.3273197533333333
0.852869 0.32742498
0.858983 0.33079712666666666
0.86514 0.33250848666666666
0.871342 0.33258308666666664
0.877588 0.33130859999999995
0.883879 0.32755184666666665
0.890215 0.31585884666666664
0.896596 0.25288030666666667
0.903024 0.24253531333333334
0.909497 0.23349725333333332
0.916017 0.22664749333333334
0.922583 0.25048468
0.929196 0.18509009999999998
0.935857 0.12883112666666666
0.942566 0.13980568
0.949323 0.14319684666666666
0.956128 0.1590718133333333
0.962982 0.18829412666666667
0.969885 0.23657103999999998
0.976837 0.23749026666666664
0.98384 0.2768894866666667
0.990892 0.3058879533333333
0.997995 0.31401382666666666
1.00515 0.3133924
1.01235 0.31479636
1.01961 0.31663498
1.02692 0.31753382666666663
1.03428 0.32109017333333334
1.0417 0.32214509999999996
1.04916 0.3225279933333333
1.05668 0.32315634666666665
1.06426 0.3216652933333333
1.07189 0.31837132
1.07957 0.3103479066666667
1.08731 0.2957816
1.0951 0.2750487466666667
1.10295 0.23574075333333333
1.11086 0.19183166
1.11882 0.1262435
1.12684 0.11110513333333333
1.13492 0.12038077333333333
1.14306 0.13012224
1.15125 0.13481154
1.1595 0.17693770666666667
1.16782 0.22001913333333334
1.17619 0.2382414
1.18462 0.23453673999999997
1.19311 0.24651331333333332
1.20166 0.24396598666666663
1.21028 0.25040724666666664
1.21895 0.2619454333333333
1.22769 0.27693974666666665
1.23649 0.2924164933333333
1.24536 0.2966126
1.25428 0.2898154533333333
1.26327 0.2589552866666667
1.27233 0.25642930666666663
1.28145 0.2819775533333333
1.29064 0.27504181333333333
1.29989 0.25381720666666663
1.30921 0.2225856
1.31859 0.19712706666666668
1.32804 0.16238609999999998
1.33756 0.13488756666666665
1.34715 0.09735492666666667
1.35681 0.06626540866666666
1.36653 0.05605673533333333
1.37633 0.060596623999999995
1.3862 0.060161459333333334
1.39613 0.06177093733333333
1.40614 0.063220954
1.41622 0.06481824933333333
1.42637 0.061307112
1.4366 0.050717622
1.4469 0.05001654333333333
1.45727 0.057082106
1.46771 0.04681955933333333
1.47824 0.04848975266666666
1.48883 0.06944803999999999
1.49951 0.10800525333333333
1.51025 0.13574162
1.52108 0.15862785333333332
1.53198 0.1737072733333333
1.54297 0.18628706666666664
1.55403 0.19796687333333332
1.56517 0.19344222
1.57639 0.17968907999999997
1.58769 0.20354320666666664
1.59907 0.1942130933333333
1.61053 0.19321441333333333
1.62208 0.21461374
1.6337 0.21153891333333333
1.64541 0.20666658666666665
1.65721 0.21212825999999999
1.66909 0.21242991333333333
1.68105 0.21953773999999998
1.6931 0.21308851333333334
1.70524 0.20442463333333333
1.71746 0.20299823333333333
1.72978 0.19077873999999997
1.74218 0.18229012
1.75466 0.1759305733333333
1.76724 0.1539235
1.77991 0.12104828666666667
1.79267 0.09005892
