0.4 0.020196817460338835
0.402867 0.02040726409160932
0.405755 0.020185993468716152
0.408664 0.020310829808021385
0.411593 0.020504686842646145
0.414544 0.020667996956412436
0.417515 0.02080632369193661
0.420508 0.02111073343817279
0.423523 0.021285886047314354
0.426559 0.021325603597805724
0.429617 0.02124217366843147
0.432696 0.021494362570119708
0.435798 0.021777219903167735
0.438922 0.021915872942172964
0.442068 0.021994035596108224
0.445237 0.02231245727801843
0.448429 0.022448431624848615
0.451643 0.022563974458733108
0.454881 0.022676975129095722
0.458142 0.022801307677670787
0.461426 0.022938147616162023
0.464734 0.023245025800447374
0.468065 0.023268776324951442
0.47142 0.023368118668851728
0.4748 0.023547861371312602
0.478203 0.023476856914662624
0.481631 0.023636366070724887
0.485084 0.02366817861219817
0.488561 0.023822430049827162
0.492063 0.02402272304516198
0.49559 0.02394949863261159
0.499143 0.023855261095053034
0.502721 0.023591274752445063
0.506325 0.023440159377979206
0.509954 0.023636660972615717
0.51361 0.023843029493016248
0.517292 0.023800367019476177
0.521 0.023783755578245955
0.524735 0.023527600519183355
0.528496 0.023275804820016226
0.532285 0.023036565661080404
0.5361 0.022982497583855177
0.539943 0.022869141938994343
0.543814 0.022800424337284828
0.547712 0.022937523680217075
0.551638 0.023018733653690913
0.555593 0.0226998409479273
0.559575 0.022419469801653356
0.563587 0.022023651391552133
0.567627 0.021286863592470995
0.571696 0.021046715152705116
0.575794 0.021590545640985826
0.579921 0.02211578365727893
0.584078 0.022380404858124103
0.588265 0.020955811644856777
0.592482 0.020230635607727074
0.596729 0.021015998936316723
0.601007 0.022394804535173105
0.605315 0.0233319044436005
0.609654 0.0240285268782079
0.614025 0.024929920447973833
0.618426 0.02595767538210082
0.622859 0.026831510643225993
0.627324 0.026312402763459867
0.631821 0.027227547499172278
0.63635 0.029099199691359073
0.640912 0.030291979539136062
0.645506 0.02966131546215777
0.650134 0.029560018027944203
0.654794 0.03106321761326957
0.659488 0.03347307121736721
0.664215 0.034774764067631136
0.668977 0.0359158678201863
0.673772 0.036896108052439834
0.678602 0.037685055258175
0.683467 0.037156242921742105
0.688366 0.02676489012162905
0.6933 0.03134290884685077
0.69827 0.03481667699886535
0.703276 0.03513667285614651
0.708317 0.03763079467554881
0.713395 0.03726445689752486
0.718509 0.026249987324380313
0.723659 0.027387133111280312
0.728847 0.02918998032341957
0.734071 0.035691201729688996
0.739333 0.040465174569648044
0.744633 0.045147210379854315
0.749971 0.046497283523652747
0.755347 0.04460556161945114
0.760762 0.016740387081989303
0.766215 0.02383564056230712
0.771708 0.0457766784658309
0.77724 0.04850630538550505
0.782811 0.04845150141883928
0.788423 0.04503198975359128
0.794075 0.043926485847348117
0.799767 0.04360810102817427
0.8055 0.04436685901812224
0.811274 0.03881768467722839
0.81709 0.02948153180110095
0.822947 0.03426610199511843
0.828846 0.03623488203645123
0.834788 0.04076678138263481
0.840772 0.04606549117872986
0.846799 0.05086346575591479
0.852869 0.05110107612801839
0.858983 0.05277263465670398
0.86514 0.05391589556197911
0.871342 0.05425553652716375
0.877588 0.053989528195202446
0.883879 0.052828481702279904
0.890215 0.04931422188231053
0.896596 0.032796921254301455
0.903024 0.029863584027103846
0.909497 0.028301778152122148
0.916017 0.026611214834916408
0.922583 0.031389392757392845
0.929196 0.020207835322649012
0.935857 0.01346472009431168
0.942566 0.01425056864573467
0.949323 0.014658226820638106
0.956128 0.016350604603644372
0.962982 0.02024462842938965
0.969885 0.029461130324458948
0.976837 0.02986989847731259
0.98384 0.04063040973742392
0.990892 0.0504459693262645
0.997995 0.05420195312665725
1.00515 0.05427958741470477
1.01235 0.054944774126921614
1.01961 0.055818423709078496
1.02692 0.0562192240497336
1.03428 0.057714029853462565
1.0417 0.05815346780296252
1.04916 0.058212901456257016
1.05668 0.058317595723361246
1.06426 0.05748081706927732
1.07189 0.056048108592866026
1.07957 0.053033463091564315
1.08731 0.04820306978568606
1.0951 0.0417907585689288
1.10295 0.03068129645477371
1.11086 0.021852320219412573
1.11882 0.013673609479764197
1.12684 0.012191213174907086
1.13492 0.01289395714473631
1.14306 0.013705417925377886
1.15125 0.01418571890076924
1.1595 0.01951642418673281
1.16782 0.028385937144504287
1.17619 0.03415871401768732
1.18462 0.032778309668302405
1.19311 0.036642130625395175
1.20166 0.03634713043393492
1.21028 0.038927063242422615
1.21895 0.043156053292268265
1.22769 0.049275176052792725
1.23649 0.05640523887852073
1.24536 0.058750252294658654
1.25428 0.056142350226284186
1.26327 0.044980441995303426
1.27233 0.04407307666224819
1.28145 0.052180201333184115
1.29064 0.048853089529823125
1.29989 0.041241005467673925
1.30921 0.03142601929917662
1.31859 0.024686618196319912
1.32804 0.018464107747901977
1.33756 0.014613330738332304
1.34715 0.011550990999978228
1.35681 0.008394316515664545
1.36653 0.006879499707241621
1.37633 0.007591896525906706
1.3862 0.007625471515763658
1.39613 0.007975458212698962
1.40614 0.008551728045499623
1.41622 0.009445192577204518
1.42637 0.009204447370695666
1.4366 0.007834523779899396
1.4469 0.008455353971047732
1.45727 0.009264725453709967
1.46771 0.008199696422397259
1.47824 0.008177038127118489
1.48883 0.01064450654979319
1.49951 0.018305935207354174
1.51025 0.027286654848985716
1.52108 0.0355788236299848
1.53198 0.041012616240804885
1.54297 0.04633983731553976
1.55403 0.051922462541744846
1.56517 0.04851508008204377
1.57639 0.040763740889528895
1.58769 0.050706419576755576
1.59907 0.04515578847513249
1.61053 0.04362621428458928
1.62208 0.05257858511667826
1.6337 0.05049041486401487
1.64541 0.04729856063205497
1.65721 0.04869023678704493
1.66909 0.048459485614476196
1.68105 0.051155208373710605
1.6931 0.04743947458555656
1.70524 0.04281328991678581
1.71746 0.042264900736776016
1.72978 0.03682532613749452
1.74218 0.03313081026732838
1.75466 0.030138331558154045
1.76724 0.02294992184721072
1.77991 0.015984874378126998
1.79267 0.012146357778139927
