0.4 0.27964952
0.402867 0.27852536666666666
0.405755 0.27048874666666667
0.408664 0.2678589533333333
0.411593 0.26651374
0.414544 0.2646981333333333
0.417515 0.2628640133333333
0.420508 0.2630748333333333
0.423523 0.26096016
0.426559 0.2579830133333333
0.429617 0.2534337466666666
0.432696 0.25172784
0.435798 0.25143568
0.438922 0.24871122666666667
0.442068 0.24515389333333332
0.445237 0.24470332666666667
0.448429 0.24185633333333334
0.451643 0.24006291333333332
0.454881 0.23935618666666664
0.458142 0.23865603999999999
0.461426 0.2367336733333333
0.464734 0.23609312
0.468065 0.2323770533333333
0.47142 0.23049444666666666
0.4748 0.23022183333333335
0.478203 0.22747615333333332
0.481631 0.22595399333333333
0.485084 0.22249202
0.488561 0.22059652
0.492063 0.22030072666666667
0.49559 0.21828363333333334
0.499143 0.21672020666666664
0.502721 0.21471653333333332
0.506325 0.21314061333333334
0.509954 0.21331246666666664
0.51361 0.2131213733333333
0.517292 0.21109049333333332
0.521 0.2099416533333333
0.524735 0.20801351333333332
0.528496 0.20622169333333332
0.532285 0.20354132666666663
0.5361 0.2020954133333333
0.539943 0.20043219999999998
0.543814 0.19851946666666667
0.547712 0.19671684
0.551638 0.19567985999999998
0.555593 0.19302713333333332
0.559575 0.19113853333333333
0.563587 0.18875483333333332
0.567627 0.18503590666666664
0.571696 0.18334371333333332
0.575794 0.18478998666666668
0.579921 0.1859047133333333
0.584078 0.18604329999999997
0.588265 0.17989946666666667
0.592482 0.17669596666666665
0.596729 0.1789059733333333
0.601007 0.18102732
0.605315 0.18063582
0.609654 0.18127750666666667
0.614025 0.18251504666666665
0.618426 0.18410546666666666
0.622859 0.18506919333333333
0.627324 0.18119484
0.631821 0.18167424
0.63635 0.18428814
0.640912 0.18548887333333333
0.645506 0.18265795333333334
0.650134 0.18065722666666664
0.654794 0.18274257333333332
0.659488 0.18639300666666664
0.664215 0.18695472666666668
0.668977 0.18809679999999998
0.673772 0.18920116
0.678602 0.18943874666666666
0.683467 0.18656580666666667
0.688366 0.15910108
0.6933 0.17346108666666665
0.69827 0.18201708
0.703276 0.18455917333333333
0.708317 0.19198769333333332
0.713395 0.1928122733333333
0.718509 0.16366125999999998
0.723659 0.1696532733333333
0.728847 0.18019614666666664
0.734071 0.20168825999999998
0.739333 0.21558727333333333
0.744633 0.22729398
0.749971 0.23135652666666665
0.755347 0.226503
0.760762 0.11729131999999999
0.766215 0.15982211999999998
0.771708 0.23082782666666668
0.77724 0.2361258
0.782811 0.2356689133333333
0.788423 0.22843304666666667
0.794075 0.22554803999999998
0.799767 0.22533038
0.8055 0.22639637333333332
0.811274 0.21059293999999998
0.81709 0.18069704666666667
0.822947 0.19677988666666668
0.828846 0.20401290666666666
0.834788 0.21492471333333332
0.840772 0.22631256666666666
0.846799 0.23426997333333333
0.852869 0.23409874
0.858983 0.23546389999999998
0.86514 0.23598326666666664
0.871342 0.2362863533333333
0.877588 0.23613412666666667
0.883879 0.23468191333333333
0.890215 0.22772702666666667
0.896596 0.18509042666666667
0.903024 0.17843493333333332
0.909497 0.17168663333333334
0.916017 0.16713254
0.922583 0.18505575333333335
0.929196 0.13281725333333333
0.935857 0.08403945999999998
0.942566 0.09487693999999999
0.949323 0.09758946666666665
0.956128 0.11136016666666666
0.962982 0.13595688666666667
0.969885 0.17397161333333333
0.976837 0.1747422133333333
0.98384 0.2028529
0.990892 0.22169666666666665
0.997995 0.22641719999999999
1.00515 0.22623495999999998
1.01235 0.22718642666666666
1.01961 0.22893638666666666
1.02692 0.23018365333333335
1.03428 0.23286457333333332
1.0417 0.23344995333333332
1.04916 0.23348692666666665
1.05668 0.23347348666666667
1.06426 0.23233434666666666
1.07189 0.23002863333333334
1.07957 0.22489624
1.08731 0.21542007333333335
1.0951 0.20163894
1.10295 0.17454808
1.11086 0.13975949333333332
1.11882 0.08205683999999999
1.12684 0.06820269333333333
1.13492 0.07748835999999999
1.14306 0.08694424
1.15125 0.09098779333333332
1.1595 0.12783277333333332
1.16782 0.1624781733333333
1.17619 0.17574061333333335
1.18462 0.17392489333333333
1.19311 0.1827726533333333
1.20166 0.18085551333333333
1.21028 0.18518705333333332
1.21895 0.19344362666666665
1.22769 0.2029396
1.23649 0.21235571999999997
1.24536 0.21500688
1.25428 0.21157442666666665
1.26327 0.19346747999999997
1.27233 0.19180738666666666
1.28145 0.20734100666666666
1.29064 0.20256018
1.29989 0.18759152
1.30921 0.16448511999999998
1.31859 0.14454812666666667
1.32804 0.11517235999999999
1.33756 0.09113950666666666
1.34715 0.05361223999999999
1.35681 0.028213816666666662
1.36653 0.02324765933333333
1.37633 0.025213368666666666
1.3862 0.024787993999999997
1.39613 0.02527566333333333
1.40614 0.02517895
1.41622 0.025468279333333333
1.42637 0.02547185466666667
1.4366 0.02171119333333333
1.4469 0.024030356666666662
1.45727 0.03463848333333333
1.46771 0.028206593333333335
1.47824 0.03302991533333333
1.48883 0.05338854333333333
1.49951 0.08402724666666667
1.51025 0.10396693333333332
1.52108 0.11969263999999999
1.53198 0.12999844
1.54297 0.13760012666666666
1.55403 0.14408418
1.56517 0.14194044
1.57639 0.13460264
1.58769 0.14814772666666665
1.59907 0.14345226666666666
1.61053 0.14345848666666666
1.62208 0.15617785333333334
1.6337 0.15470196
1.64541 0.15220973999999998
1.65721 0.15566394666666666
1.66909 0.15562401999999997
1.68105 0.15954435333333333
1.6931 0.15542824666666666
1.70524 0.14958111999999998
1.71746 0.14745549333333333
1.72978 0.13890078
1.74218 0.13249552666666664
1.75466 0.1276873533333333
1.76724 0.11102981333333334
1.77991 0.08405061999999999
1.79267 0.05585209866666666
