0.4 19.00993933333333
0.402867 19.504173333333334
0.405755 19.779801999999997
0.408664 20.292769333333332
0.411593 20.823932
0.414544 21.39799933333333
0.417515 21.944277333333332
0.420508 22.748264
0.423523 23.43218533333333
0.426559 23.83871333333333
0.429617 24.28838066666667
0.432696 25.10813733333333
0.435798 25.905701333333333
0.438922 26.647437333333333
0.442068 27.348873333333334
0.445237 28.186737333333333
0.448429 28.944398666666665
0.451643 29.579848666666667
0.454881 30.26586933333333
0.458142 30.936136666666663
0.461426 31.695471333333334
0.464734 32.528071999999995
0.468065 33.19305
0.47142 33.81867133333333
0.4748 34.394388
0.478203 34.689296666666664
0.481631 35.20781133333333
0.485084 35.7968
0.488561 36.45187466666667
0.492063 36.89429666666666
0.49559 36.892754
0.499143 36.87001266666667
0.502721 36.81752
0.506325 36.727095999999996
0.509954 36.942704666666664
0.51361 37.385334
0.517292 37.641542666666666
0.521 37.55410533333333
0.524735 36.791009333333335
0.528496 35.900992
0.532285 35.263041333333334
0.5361 35.028768666666664
0.539943 34.859384666666664
0.543814 34.72254533333333
0.547712 34.841220666666665
0.551638 34.535972
0.555593 33.386426
0.559575 32.30549333333333
0.563587 31.045402666666664
0.567627 29.552900666666666
0.571696 29.154124666666664
0.575794 30.12544
0.579921 31.157159999999998
0.584078 32.035534
0.588265 31.564412666666662
0.592482 31.090998
0.596729 31.313443333333332
0.601007 32.52323733333333
0.605315 34.420317999999995
0.609654 36.297938
0.614025 39.09157
0.618426 42.463822666666665
0.622859 45.59546066666667
0.627324 46.47899266666667
0.631821 50.22727733333333
0.63635 55.93399666666666
0.640912 60.36165866666667
0.645506 62.12756533333334
0.650134 64.65738999999999
0.654794 69.42910666666666
0.659488 76.10322
0.664215 81.23071999999999
0.668977 86.04026666666665
0.673772 90.48089333333333
0.678602 94.54637333333332
0.683467 95.28483999999999
0.688366 69.28747999999999
0.6933 87.83897333333334
0.69827 99.72008
0.703276 102.62335333333334
0.708317 109.0507
0.713395 110.56399333333333
0.718509 93.71957333333333
0.723659 96.62725333333333
0.728847 101.45637333333333
0.734071 114.95419333333332
0.739333 126.70679333333334
0.744633 139.62144666666666
0.749971 144.8484
0.755347 139.41721333333334
0.760762 50.25868799999999
0.766215 75.48084
0.771708 147.09375999999997
0.77724 157.25809999999998
0.782811 158.43166
0.788423 150.65668
0.794075 149.12908666666667
0.799767 148.87985333333333
0.8055 153.38624
0.811274 143.0068
0.81709 122.95615333333333
0.822947 132.90872
0.828846 137.22125333333332
0.834788 149.77913999999998
0.840772 165.37097999999997
0.846799 180.26909333333333
0.852869 181.82201999999998
0.858983 187.93074000000001
0.86514 192.54795333333334
0.871342 194.42637333333334
0.877588 194.07772666666665
0.883879 190.71493999999998
0.890215 180.91975333333335
0.896596 138.21956666666665
0.903024 130.45954
0.909497 127.9436
0.916017 125.72211999999999
0.922583 136.39274
0.929196 114.49271999999999
0.935857 98.61082666666665
0.942566 101.29008666666665
0.949323 103.23129999999999
0.956128 108.78589333333333
0.962982 117.17703999999999
0.969885 135.41026
0.976837 137.05874
0.98384 165.64861333333332
0.990892 195.99869999999999
0.997995 209.92442
1.00515 211.17729999999997
1.01235 214.37654
1.01961 218.62624
1.02692 221.20037333333335
1.03428 227.66897333333333
1.0417 230.26032666666666
1.04916 231.19779333333332
1.05668 232.68092666666666
1.06426 229.63132
1.07189 225.66891999999999
1.07957 216.62244666666666
1.08731 201.20725999999996
1.0951 181.8614
1.10295 150.18180666666666
1.11086 129.27193333333332
1.11882 106.22711999999999
1.12684 99.49669999999999
1.13492 102.24471333333334
1.14306 106.67530666666666
1.15125 107.68307333333333
1.1595 122.56412666666667
1.16782 145.28449999999998
1.17619 163.36885333333333
1.18462 159.80032666666665
1.19311 173.18146000000002
1.20166 170.8599933333333
1.21028 180.79318
1.21895 196.47580666666664
1.22769 221.77739999999997
1.23649 251.77185333333333
1.24536 262.77302
1.25428 250.56949333333333
1.26327 195.64824666666667
1.27233 193.75639333333334
1.28145 237.21975999999998
1.29064 228.42858
1.29989 202.00457999999998
1.30921 169.07399999999998
1.31859 146.62524666666667
1.32804 128.67919999999998
1.33756 116.07479333333333
1.34715 100.68343999999999
1.35681 68.75015333333333
1.36653 50.22884133333333
1.37633 59.12629199999999
1.3862 60.38114399999999
1.39613 65.40843333333333
1.40614 74.46691999999999
1.41622 91.02662666666666
1.42637 92.61285999999998
1.4366 79.84770666666665
1.4469 97.93136666666666
1.45727 113.50230666666666
1.46771 109.63339333333332
1.47824 113.72770666666665
1.48883 128.77849333333333
1.49951 157.5716733333333
1.51025 190.39929333333333
1.52108 222.67219333333333
1.53198 238.86040666666668
1.54297 262.62978666666663
1.55403 293.0107733333333
1.56517 270.32388
1.57639 220.44886
1.58769 281.7445
1.59907 246.0186333333333
1.61053 234.24034666666665
1.62208 286.5029666666667
1.6337 272.5989666666667
1.64541 255.16670666666667
1.65721 266.7636
1.66909 265.65202
1.68105 284.2178333333333
1.6931 263.80820666666665
1.70524 234.55295999999998
1.71746 240.91879333333333
1.72978 213.74003333333332
1.74218 205.04771999999997
1.75466 196.72802666666666
1.76724 168.0836733333333
1.77991 141.35010666666665
1.79267 122.5301
