0.4 0.30277532979734917
0.402867 0.30209518806797975
0.405755 0.2940314789398654
0.408664 0.29150543048993577
0.411593 0.29016661313783687
0.414544 0.2880153032776385
0.417515 0.2862089679528312
0.420508 0.28638736639294754
0.423523 0.28447146990383754
0.426559 0.28150111691553614
0.429617 0.2763851793535321
0.432696 0.2751991974091184
0.435798 0.2752557067303739
0.438922 0.2729538069644665
0.442068 0.26969921209024983
0.445237 0.2698010478355019
0.448429 0.2672751332234384
0.451643 0.26518289791026306
0.454881 0.2632733587197943
0.458142 0.2616936034669107
0.461426 0.26006301956664507
0.464734 0.2601719041061801
0.468065 0.25711412524954674
0.47142 0.2551090332580971
0.4748 0.2543727762856335
0.478203 0.25080317912260214
0.481631 0.2496073006115318
0.485084 0.24656323270074
0.488561 0.24485617533085424
0.492063 0.24467498116642314
0.49559 0.24215169126362318
0.499143 0.23993165565916624
0.502721 0.2369089571943334
0.506325 0.2346604364307015
0.509954 0.23494572671323488
0.51361 0.23486652443823303
0.517292 0.2327575742626653
0.521 0.2318010647751712
0.524735 0.2300784747773772
0.528496 0.22842098203058214
0.532285 0.22593937518764515
0.5361 0.22482071368989567
0.539943 0.22338299759016267
0.543814 0.2215791828785008
0.547712 0.22026324436607342
0.551638 0.2196148891299102
0.555593 0.21695785802165976
0.559575 0.21501707512488633
0.563587 0.2121913413863771
0.567627 0.207304370671576
0.571696 0.20491149089844718
0.575794 0.20670669537405456
0.579921 0.20804310364456305
0.584078 0.20814983190736597
0.588265 0.20016639575718256
0.592482 0.1960976948850357
0.596729 0.19909278557226034
0.601007 0.2023542061776498
0.605315 0.20245262905731556
0.609654 0.2034248942358281
0.614025 0.20497994153153648
0.618426 0.20677554008530524
0.622859 0.20804637523684624
0.627324 0.2038233072569907
0.631821 0.20471913614306814
0.63635 0.20788113752023285
0.640912 0.20932690619824482
0.645506 0.20574605178358443
0.650134 0.2033592616333646
0.654794 0.20623202451094505
0.659488 0.2108326342402837
0.664215 0.21113057963660356
0.668977 0.21226954731281994
0.673772 0.21356040609622165
0.678602 0.21404249009002743
0.683467 0.21083728138841326
0.688366 0.17830520717170162
0.6933 0.19465087037496867
0.69827 0.20498472251753216
0.703276 0.20768155552008272
0.708317 0.21661300245326087
0.713395 0.21714058388611437
0.718509 0.18084310027278394
0.723659 0.1876574180496863
0.728847 0.1990317703761784
0.734071 0.2242053717940449
0.739333 0.24041498880638928
0.744633 0.2538478939164136
0.749971 0.25787803461224057
0.755347 0.2518176478415682
0.760762 0.12874270318053485
0.766215 0.1757358175594563
0.771708 0.25670812808263677
0.77724 0.2625551252466364
0.782811 0.2617069054637167
0.788423 0.25274676517912736
0.794075 0.2493373570709815
0.799767 0.24902871951624517
0.8055 0.2502192593835443
0.811274 0.23134406051039103
0.81709 0.19653097267032552
0.822947 0.21490684477125296
0.828846 0.22309175152258637
0.834788 0.23582936891805736
0.840772 0.2496219484224362
0.846799 0.25966704536882085
0.852869 0.25962581587061534
0.858983 0.2615782798389273
0.86514 0.2623416761564676
0.871342 0.2623306345325117
0.877588 0.2615857375822456
0.883879 0.2591986277082345
0.890215 0.25063460289477246
0.896596 0.20095287167119352
0.903024 0.19290568408410946
0.909497 0.1849634105131985
0.916017 0.1794402117599931
0.922583 0.19938645559230098
0.929196 0.14211576789352437
0.935857 0.0906179460517845
0.942566 0.10169527497614567
0.949323 0.1045255740729774
0.956128 0.11880806708633074
0.962982 0.14486682753816918
0.969885 0.18627089493374854
0.976837 0.18685764013886924
0.98384 0.21807996212674363
0.990892 0.2394584941897692
0.997995 0.24479260234444175
1.00515 0.2442974542878141
1.01235 0.24525615722922534
1.01961 0.24669281749690333
1.02692 0.24749926499471595
1.03428 0.25011192141490673
1.0417 0.2509481032253116
1.04916 0.25137122420364943
1.05668 0.25180082888305766
1.06426 0.25073070591809193
1.07189 0.24816745054137765
1.07957 0.24235794285076886
1.08731 0.23168306438986525
1.0951 0.2160696281522038
1.10295 0.18540034653349594
1.11086 0.1475080806490901
1.11882 0.08758151433479917
1.12684 0.0735982010003089
1.13492 0.08278414063593616
1.14306 0.09198971726069971
1.15125 0.09582040979424265
1.1595 0.13302922517981078
1.16782 0.16911709638846822
1.17619 0.18322464843991362
1.18462 0.18086067764586922
1.19311 0.1900432118513471
1.20166 0.18782545149061444
1.21028 0.19219310154307712
1.21895 0.20074400281022123
1.22769 0.21086288903346645
1.23649 0.2209441891226397
1.24536 0.22357347861541585
1.25428 0.21947832245839696
1.26327 0.19993204565358622
1.27233 0.19805785453065022
1.28145 0.21435149198117714
1.29064 0.20901846196487067
1.29989 0.19306788070698686
1.30921 0.16871923358964416
1.31859 0.14803933518782525
1.32804 0.118243650498543
1.33756 0.09418618252984348
1.34715 0.05898152673192431
1.35681 0.03449839263479933
1.36653 0.02866217462382919
1.37633 0.031090810669982434
1.3862 0.030600204178278852
1.39613 0.031160328288282264
1.40614 0.03095145050478557
1.41622 0.030451524436337026
1.42637 0.028755510921038226
1.4366 0.023519178763011774
1.4469 0.024232875132507818
1.45727 0.03251618097010854
1.46771 0.026194922635578488
1.47824 0.02988610332100961
1.48883 0.04824209231983582
1.49951 0.0776362158239266
1.51025 0.09740815814190915
1.52108 0.11321662589227227
1.53198 0.12377233660425978
1.54297 0.13179425857639301
1.55403 0.1387646833532638
1.56517 0.13680916342034186
1.57639 0.1296345912849984
1.58769 0.14358560508112897
1.59907 0.13898773159260902
1.61053 0.13910464640411194
1.62208 0.15206942383559316
1.6337 0.15053597648439104
1.64541 0.1481067522951705
1.65721 0.15182001697205702
1.66909 0.1519341286238082
1.68105 0.15604863178792006
1.6931 0.1517962681862557
1.70524 0.14585626857616865
1.71746 0.14404343467941694
1.72978 0.13543201639047034
1.74218 0.12914957772901173
1.75466 0.12439148544385832
1.76724 0.10769847580079484
1.77991 0.08146516846520982
1.79267 0.054954366159249875
