0.4 0.1515686343045177
0.402867 0.15148611209613827
0.405755 0.1477004044835866
0.408664 0.1466718115655404
0.411593 0.14624989779269498
0.414544 0.14523292199439497
0.417515 0.14454884287668252
0.420508 0.1446955285606806
0.423523 0.14385921409093697
0.426559 0.1425232348949525
0.429617 0.13997349082675065
0.432696 0.1397047263462575
0.435798 0.13980563856292189
0.438922 0.13880798061346092
0.442068 0.13729004736724928
0.445237 0.1375144040783029
0.448429 0.13637465794691508
0.451643 0.13536687715275758
0.454881 0.13439745057655952
0.458142 0.13359008681713752
0.461426 0.13274503952599928
0.464734 0.13288288813685514
0.468065 0.13130150032690882
0.47142 0.13037324624091495
0.4748 0.13012709743954476
0.478203 0.1283921815558964
0.481631 0.12790498533867425
0.485084 0.12642304327080872
0.488561 0.1256305979364751
0.492063 0.12563804498631537
0.49559 0.12430443230500252
0.499143 0.1231181968442805
0.502721 0.12145400187117787
0.506325 0.12020116691900044
0.509954 0.12034568069158921
0.51361 0.12031387348338202
0.517292 0.11918540391603138
0.521 0.11862673965073871
0.524735 0.11757830415005696
0.528496 0.116565609623527
0.532285 0.11517727519987404
0.5361 0.11451408465733187
0.539943 0.11373823967628194
0.543814 0.11283632305680205
0.547712 0.11225497708627956
0.551638 0.11191755935490236
0.555593 0.11042215143629906
0.559575 0.10930908680219246
0.563587 0.10779973347481221
0.567627 0.10521076989914539
0.571696 0.10396875280331551
0.575794 0.10500560245977539
0.579921 0.10580540796749292
0.584078 0.10591334675194874
0.588265 0.10151022553924684
0.592482 0.09924655869176406
0.596729 0.10090290350826886
0.601007 0.10285616077713158
0.605315 0.10317517807504903
0.609654 0.10385700883007055
0.614025 0.10483012244307709
0.618426 0.10587654588502923
0.622859 0.10665719687164571
0.627324 0.10440620703667687
0.631821 0.10504768541524237
0.63635 0.10715472443705971
0.640912 0.10821387701739961
0.645506 0.10640559222881531
0.650134 0.10522265459837718
0.654794 0.10694746501262024
0.659488 0.10961539233701344
0.664215 0.10987943421333816
0.668977 0.11057767419343939
0.673772 0.1113650806933034
0.678602 0.11173345424361537
0.683467 0.11006057509993372
0.688366 0.09211414410094548
0.6933 0.1010858340498657
0.69827 0.10654174153618451
0.703276 0.10753129217473675
0.708317 0.111876807346747
0.713395 0.11163103732672659
0.718509 0.09216918207358676
0.723659 0.09514475283022905
0.728847 0.10006688094341863
0.734071 0.11227250180505907
0.739333 0.12012780496418102
0.744633 0.1268018037702446
0.749971 0.12870256680910866
0.755347 0.12543118866863348
0.760762 0.06307442363713157
0.766215 0.08615390141009126
0.771708 0.1276951960718252
0.77724 0.13071692255220924
0.782811 0.1302190579061445
0.788423 0.12545277920557124
0.794075 0.12363210235924992
0.799767 0.12340307864495993
0.8055 0.12413081491952886
0.811274 0.11480251449248957
0.81709 0.09768640001269699
0.822947 0.1066669235597012
0.828846 0.1106394711543865
0.834788 0.11700775518553247
0.840772 0.1239842265371619
0.846799 0.129185294101415
0.852869 0.12915235749927495
0.858983 0.13015129774523196
0.86514 0.13053262631271825
0.871342 0.13041790073949056
0.877588 0.12989416080965976
0.883879 0.12850993042980585
0.890215 0.1241410246406818
0.896596 0.09960929569758656
0.903024 0.0955975216453198
0.909497 0.09187020891168367
0.916017 0.08909456868162122
0.922583 0.0986364079633666
0.929196 0.07178122032045461
0.935857 0.04845776218247579
0.942566 0.053137053224812096
0.949323 0.0544386223939564
0.956128 0.06085772567702222
0.962982 0.0727367709890408
0.969885 0.09216074463214384
0.976837 0.09242075196583463
0.98384 0.10745040324373717
0.990892 0.11785497091302179
0.997995 0.12045687908068817
1.00515 0.12010039022960801
1.01235 0.12055936202368377
1.01961 0.12124063329432626
1.02692 0.12163302992235443
1.03428 0.12297552137750857
1.0417 0.12345025951088687
1.04916 0.12373076968828163
1.05668 0.12410050198637126
1.06426 0.12376298000324641
1.07189 0.12268497870693187
1.07957 0.11984972385250643
1.08731 0.11453021587775117
1.0951 0.10674819474710884
1.10295 0.09169857578447356
1.11086 0.07400174084464436
1.11882 0.04713824781250313
1.12684 0.040921076689572
1.13492 0.04482655565993749
1.14306 0.04883173405163642
1.15125 0.0505850364685115
1.1595 0.06727299944589112
1.16782 0.0839043710995895
1.17619 0.0905350324541561
1.18462 0.08914884214144644
1.19311 0.09339420960960837
1.20166 0.09230107095953545
1.21028 0.09432072269141653
1.21895 0.09824289236658038
1.22769 0.10309034842798837
1.23649 0.10795124601472637
1.24536 0.10919823939397727
1.25428 0.10707633754800366
1.26327 0.0972119850597364
1.27233 0.09633513751050746
1.28145 0.1046561679769527
1.29064 0.10224607259978272
1.29989 0.09480515623732604
1.30921 0.0834248373858194
1.31859 0.07385413427020872
1.32804 0.06044861749384618
1.33756 0.049765892261605375
1.34715 0.03458479933497705
1.35681 0.022479486724876287
1.36653 0.018801496883075402
1.37633 0.020414675915960974
1.3862 0.02019098641609228
1.39613 0.020658508243498436
1.40614 0.020827486426201792
1.41622 0.020757193295327256
1.42637 0.019203953804751536
1.4366 0.015492724335730765
1.4469 0.014974266494447412
1.45727 0.01767517316419719
1.46771 0.014228639577464725
1.47824 0.015174935123400611
1.48883 0.022824513096302613
1.49951 0.03602383346854587
1.51025 0.0451615686510023
1.52108 0.05250426596694214
1.53198 0.057464970701819475
1.54297 0.06135117699910322
1.55403 0.06478830151810469
1.56517 0.06394161747452838
1.57639 0.06061776247934578
1.58769 0.06762393862893817
1.59907 0.06548909219096502
1.61053 0.06564005219661666
1.62208 0.07203060787611837
1.6337 0.07138611662204587
1.64541 0.07031662574339761
1.65721 0.07223484747493432
1.66909 0.07245954821675518
1.68105 0.0746136047767615
1.6931 0.07281209635177428
1.70524 0.0702671304886729
1.71746 0.06966389860126096
1.72978 0.06583514196704743
1.74218 0.06310786064766033
1.75466 0.0610437351202329
1.76724 0.053481167393446515
1.77991 0.04177521125804684
1.79267 0.03023895576996172
