0.4 0.19147730664418505
0.402867 0.1912327443274232
0.405755 0.18618569588903935
0.408664 0.18469321472339037
0.411593 0.18398897213164556
0.414544 0.1825581959775343
0.417515 0.1816201540076749
0.420508 0.18183157792633414
0.423523 0.1807107913030289
0.426559 0.17896287692401666
0.429617 0.17554528482598858
0.432696 0.1749706152483545
0.435798 0.17494279964677434
0.438922 0.17349991812032503
0.442068 0.1714445394878693
0.445237 0.1716666981822312
0.448429 0.17018296161086902
0.451643 0.16891791969168748
0.454881 0.16776790931957394
0.458142 0.16677417982066509
0.461426 0.1655702139405927
0.464734 0.16560413151349487
0.468065 0.16340944487575781
0.47142 0.16219736337382715
0.4748 0.16192420628068557
0.478203 0.1598298266638341
0.481631 0.15922307949234266
0.485084 0.15735650054641384
0.488561 0.15633194670468067
0.492063 0.1562991368742647
0.49559 0.15459625034978478
0.499143 0.15309711803539477
0.502721 0.151033534598423
0.506325 0.14949545293170224
0.509954 0.14968312140662257
0.51361 0.14963414135220324
0.517292 0.14824016008516364
0.521 0.14761885267133307
0.524735 0.14640954052561783
0.528496 0.1452369763287333
0.532285 0.1435230123793919
0.5361 0.1427093614418436
0.539943 0.1417700005074138
0.543814 0.14067347156702556
0.547712 0.13997442973237673
0.551638 0.13960994490384115
0.555593 0.13786337765234388
0.559575 0.13657627475992123
0.563587 0.13475959116411007
0.567627 0.13156149636218264
0.571696 0.12999274524883267
0.575794 0.13126339628780634
0.579921 0.13223916721573215
0.584078 0.13232775845167943
0.588265 0.1267494160641128
0.592482 0.12389009801615894
0.596729 0.12598144072882173
0.601007 0.12841196855815423
0.605315 0.1287123216680956
0.609654 0.12948464817832167
0.614025 0.13061098290170586
0.618426 0.1318080957986012
0.622859 0.13268798128793782
0.627324 0.12978233050235358
0.631821 0.13045339714540305
0.63635 0.1329183964188808
0.640912 0.13412642715061845
0.645506 0.13181132514957777
0.650134 0.13026174830765117
0.654794 0.13232539276433614
0.659488 0.13551802864884244
0.664215 0.13569639865823283
0.668977 0.13648114502701122
0.673772 0.13740097026556242
0.678602 0.137819021014657
0.683467 0.1357273966725486
0.688366 0.11357566834260187
0.6933 0.12461789891103077
0.69827 0.13162990415452638
0.703276 0.13322042991784772
0.708317 0.13905560427835753
0.713395 0.13907809238959118
0.718509 0.1143293322082308
0.723659 0.11851952305828242
0.728847 0.1253934500784093
0.734071 0.14163885506223164
0.739333 0.15210549606350407
0.744633 0.16092078403502294
0.749971 0.16355742706796458
0.755347 0.15956177175748254
0.760762 0.0797227012352739
0.766215 0.1094592315505369
0.771708 0.1626894122597613
0.77724 0.16643388226768507
0.782811 0.16572638685584326
0.788423 0.15965988676251627
0.794075 0.15736749348244164
0.799767 0.15715458631536872
0.8055 0.1580853481640586
0.811274 0.14587364662882302
0.81709 0.12334961825322446
0.822947 0.13534950628240094
0.828846 0.14070498590199165
0.834788 0.1490519475745467
0.840772 0.1580671689833431
0.846799 0.1646167996968259
0.852869 0.16453085108384344
0.858983 0.1656408090549642
0.86514 0.16599944537867886
0.871342 0.16585782801194332
0.877588 0.16525007166827171
0.883879 0.16357895294525898
0.890215 0.1579999346470228
0.896596 0.12585999741804155
0.903024 0.1207410724513086
0.909497 0.11572288633727784
0.916017 0.1120755221622076
0.922583 0.12482486369680085
0.929196 0.08850352245647167
0.935857 0.05667194130751175
0.942566 0.06324477828731456
0.949323 0.0649846474518299
0.956128 0.07369309459932458
0.962982 0.08984965957452264
0.969885 0.11602687246706782
0.976837 0.11638760693015242
0.98384 0.13635154384995596
0.990892 0.150081659928959
0.997995 0.1534080791877882
1.00515 0.15291529806529544
1.01235 0.15346566302177156
1.01961 0.1543300495039503
1.02692 0.15487080620250632
1.03428 0.1566394250395965
1.0417 0.15729728795546993
1.04916 0.15769502852771045
1.05668 0.1581973803575306
1.06426 0.15777865369776647
1.07189 0.1563812365514902
1.07957 0.15273540256307455
1.08731 0.1458448875686
1.0951 0.13570159002768062
1.10295 0.11589822883012768
1.11086 0.09198297446223262
1.11882 0.05521808562033102
1.12684 0.046775007103658985
1.13492 0.0522055752354262
1.14306 0.05766138534502292
1.15125 0.06000147726553925
1.1595 0.0827105831251583
1.16782 0.10515192040169553
1.17619 0.11391514917018954
1.18462 0.11217719977972856
1.19311 0.1178108870471858
1.20166 0.11640778098610778
1.21028 0.11916020657797241
1.21895 0.12446917978844123
1.22769 0.13084375902616802
1.23649 0.13716528866398614
1.24536 0.13878770426820108
1.25428 0.13611654754669736
1.26327 0.12359297425719418
1.27233 0.12243911494932365
1.28145 0.13295593762398342
1.29064 0.1297079052275215
1.29989 0.11980181478100888
1.30921 0.10464061744932843
1.31859 0.0918397424200088
1.32804 0.07366227964414845
1.33756 0.05910555767309803
1.34715 0.03839399502297991
1.35681 0.02355067800978964
1.36653 0.01969070519485886
1.37633 0.021328432992032766
1.3862 0.02104179852177053
1.39613 0.021463980774832535
1.40614 0.021475345931110976
1.41622 0.021274400505358827
1.42637 0.01992577847683257
1.4366 0.016212908700855802
1.4469 0.016256439225502163
1.45727 0.020665252442843382
1.46771 0.016643383532944415
1.47824 0.018482930745916743
1.48883 0.02913767017639644
1.49951 0.0468046063583948
1.51025 0.05887551804808257
1.52108 0.06854134572070335
1.53198 0.07502830918870917
1.54297 0.08005047097174742
1.55403 0.08445695323604363
1.56517 0.08330980140280321
1.57639 0.07893527938676202
1.58769 0.08781853862498394
1.59907 0.08500921919127777
1.61053 0.0851224342284214
1.62208 0.09330304208126636
1.6337 0.09238099197009467
1.64541 0.09095127192640452
1.65721 0.0934084841457106
1.66909 0.09354723827974887
1.68105 0.09620015949464798
1.6931 0.09363375953927079
1.70524 0.09004676732969566
1.71746 0.08911687383846315
1.72978 0.08391281229031596
1.74218 0.08021729886769101
1.75466 0.07738844373810624
1.76724 0.06715785045668941
1.77991 0.051276418674576434
1.79267 0.03546387580177684
