0.4 0.3364760061527801
0.402867 0.3356704827468769
0.405755 0.32682387589074124
0.408664 0.32402899901929877
0.411593 0.32244882850680867
0.414544 0.31998176036072096
0.417515 0.31780980645198303
0.420508 0.3179858910334555
0.423523 0.31567466880741785
0.426559 0.31235214699682046
0.429617 0.3070320775309371
0.432696 0.3054912078662577
0.435798 0.3056047829560688
0.438922 0.30293392136197606
0.442068 0.29920447082321955
0.445237 0.29913386586698926
0.448429 0.2961430853346571
0.451643 0.29373568833137276
0.454881 0.29153533447985847
0.458142 0.2897323083329748
0.461426 0.2878928361413347
0.464734 0.2879279000336038
0.468065 0.28457028964944286
0.47142 0.2822973316568505
0.4748 0.2814117668131514
0.478203 0.2774054497407178
0.481631 0.27591025692490706
0.485084 0.2723446654997882
0.488561 0.2703714700549942
0.492063 0.2700756071517138
0.49559 0.26732906448183885
0.499143 0.2649747980783371
0.502721 0.2618197388503623
0.506325 0.2594510914793134
0.509954 0.25961241664672413
0.51361 0.259310128379797
0.517292 0.2568677579823231
0.521 0.25592211064091375
0.524735 0.2543018412520934
0.528496 0.25261784476108706
0.532285 0.24987517705443568
0.5361 0.24855991910202654
0.539943 0.246861187878253
0.543814 0.24475309270527124
0.547712 0.2430623829021834
0.551638 0.24221612713339322
0.555593 0.23928499306257
0.559575 0.23715959630220154
0.563587 0.2340424722237464
0.567627 0.22872335710124717
0.571696 0.2261116812511675
0.575794 0.22800504093561907
0.579921 0.2294140878068147
0.584078 0.22952484100196402
0.588265 0.22103765138223383
0.592482 0.2166871536591485
0.596729 0.21977939076573275
0.601007 0.22279755930777012
0.605315 0.22245945025554514
0.609654 0.22338566519114977
0.614025 0.22502632955625712
0.618426 0.22701378256212626
0.622859 0.22832232720245388
0.627324 0.22368279506754363
0.631821 0.22454821174789988
0.63635 0.2280177106667534
0.640912 0.22964627297049803
0.645506 0.22603907711008941
0.650134 0.22359613081574573
0.654794 0.22661241535230925
0.659488 0.231415206022693
0.664215 0.2316520312697268
0.668977 0.2328207481500813
0.673772 0.23416188855323627
0.678602 0.23457776836417074
0.683467 0.2310847975343262
0.688366 0.196159466052091
0.6933 0.21408382008658192
0.69827 0.2251841993424494
0.703276 0.22815219081293606
0.708317 0.2377592530313686
0.713395 0.23853876235295576
0.718509 0.1998260944694569
0.723659 0.20744911792774798
0.728847 0.22022813783373316
0.734071 0.24774379919372014
0.739333 0.2654029280384008
0.744633 0.2798939083419673
0.749971 0.2841903787115728
0.755347 0.2775331672122301
0.760762 0.14256321251472687
0.766215 0.19453706584485259
0.771708 0.2830760182686237
0.77724 0.2897912143556512
0.782811 0.2891454282872179
0.788423 0.2795912004930351
0.794075 0.27591542354253845
0.799767 0.2755899595401533
0.8055 0.2767481868703804
0.811274 0.2559489803434362
0.81709 0.2176725790200607
0.822947 0.2378682291733199
0.828846 0.24694331077187812
0.834788 0.26107529342104424
0.840772 0.276329411120901
0.846799 0.2874814647801805
0.852869 0.28749712917503745
0.858983 0.28967837147757447
0.86514 0.2905588684288198
0.871342 0.29057013955327043
0.877588 0.28975225081886413
0.883879 0.28716465568503774
0.890215 0.27784215233704246
0.896596 0.22319700960372071
0.903024 0.2143667993541764
0.909497 0.20567870399788796
0.916017 0.1996880190813874
0.922583 0.22193062061425814
0.929196 0.15813448484784812
0.935857 0.10010352923794438
0.942566 0.1127299200192519
0.949323 0.11596696228018348
0.956128 0.13223663297433794
0.962982 0.16174134339723306
0.969885 0.20824026859320205
0.976837 0.20898134091228304
0.98384 0.24387565623453367
0.990892 0.26766422823293007
0.997995 0.27377811394406454
1.00515 0.273514583536471
1.01235 0.27473195547522045
1.01961 0.27655257938502376
1.02692 0.27754818989343216
1.03428 0.2804515821893302
1.0417 0.2812382326321021
1.04916 0.28151868618056797
1.05668 0.2817588434023481
1.06426 0.28040667868768665
1.07189 0.2774540883449165
1.07957 0.2709342776115959
1.08731 0.25903308907705896
1.0951 0.2416721020418432
1.10295 0.2075455148366445
1.11086 0.16507730005909171
1.11882 0.09697335698184048
1.12684 0.08096887939181348
1.13492 0.09157905440944751
1.14306 0.10228009032164025
1.15125 0.10679276060324468
1.1595 0.14959812186254018
1.16782 0.19085866445004956
1.17619 0.20708556246097856
1.18462 0.2046573097639114
1.19311 0.21529372182022102
1.20166 0.21286669496077662
1.21028 0.21794445993226547
1.21895 0.22786448919100968
1.22769 0.23952232016259034
1.23649 0.2511190484762914
1.24536 0.2542136303058453
1.25428 0.2497022516786487
1.26327 0.22765970849122788
1.27233 0.2255115391232103
1.28145 0.24389554935783414
1.29064 0.23781376578363866
1.29989 0.21965188719877207
1.30921 0.19182775079405737
1.31859 0.1680852999078291
1.32804 0.13365310068805505
1.33756 0.10577674689145111
1.34715 0.06431569840435304
1.35681 0.0360362571117112
1.36653 0.029803369716833023
1.37633 0.032351885311788585
1.3862 0.03182429878503042
1.39613 0.032418815223280086
1.40614 0.032197937383279196
1.41622 0.031908844559057487
1.42637 0.030702434405868628
1.4366 0.02543638077552775
1.4469 0.026937437044182257
1.45727 0.03742394972697679
1.46771 0.030246076449379676
1.47824 0.03502435119001852
1.48883 0.057113933633759814
1.49951 0.09183269584507778
1.51025 0.11500482783410326
1.52108 0.13349247482398613
1.53198 0.1458261536806005
1.54297 0.15507557571582564
1.55403 0.16302737046995378
1.56517 0.16069952127857695
1.57639 0.15227255401722536
1.58769 0.1681695289385778
1.59907 0.16271367121790767
1.61053 0.16274416084361137
1.62208 0.177591111229463
1.6337 0.1758132435486889
1.64541 0.17292020094224997
1.65721 0.17701792930210777
1.66909 0.17705014661842072
1.68105 0.18164892170914962
1.6931 0.176681901705712
1.70524 0.16981651994215416
1.71746 0.16749653585659835
1.72978 0.15746894551678273
1.74218 0.1499402868741478
1.75466 0.144277706858535
1.76724 0.12479521448037065
1.77991 0.09395457140744265
1.79267 0.0625513363278842
